72.99840545654297
80.38513946533203
83.45675659179688
63.44287109375
86.61611938476562
83.86204528808594
80.57524108886719
86.44432830810547
75.68777465820312
79.68343353271484
79.97478485107422
63.40370559692383
75.99226379394531
72.01610565185547
69.27714538574219
71.56883239746094
65.09040069580078
64.71197509765625
69.4548110961914
60.26887130737305
70.05656433105469
71.57372283935547
67.31743621826172
72.49465942382812
68.45150756835938
78.02918243408203
81.50436401367188
56.59774398803711
83.69670867919922
80.34002685546875
76.60647583007812
81.43301391601562
72.04995727539062
71.27021789550781
72.91342163085938
59.620784759521484
72.98200988769531
70.25454711914062
57.07537078857422
68.27571105957031
56.13789749145508
64.4468002319336
52.68031311035156
56.09506607055664
67.81023406982422
65.22089385986328
62.04574203491211
66.33287048339844
64.9007797241211
64.79425048828125
66.62008666992188
63.2219123840332
70.78878021240234
71.88026428222656
62.2103385925293
71.01779174804688
66.09679412841797
69.96922302246094
73.15552520751953
61.49945068359375
76.59477233886719
74.29407501220703
64.06459045410156
76.4552993774414
66.19788360595703
75.35923767089844
77.85916900634766
62.547794342041016
78.31295776367188
76.67621612548828
64.2611312866211
79.3371810913086
69.8407974243164
78.89305877685547
82.07820129394531
60.561363220214844
83.06366729736328
82.31785583496094
78.36283111572266
87.40999603271484
79.97720336914062
88.16240692138672
91.08222198486328
56.98308563232422
91.57672882080078
88.32418823242188
83.32801818847656
90.30901336669922
81.8343734741211
85.33979034423828
87.27102661132812
62.08210372924805
87.13420104980469
84.32049560546875
78.82286834716797
87.0127182006836
78.5204849243164
83.08076477050781
85.39878845214844
60.96443557739258
85.54365539550781
82.65575408935547
75.78001403808594
83.10344696044922
73.53840637207031
78.64173126220703
79.95427703857422
52.608272552490234
83.60729217529297
82.21980285644531
76.17322540283203
85.16919708251953
77.15181732177734
83.81444549560547
86.04556274414062
49.10615158081055
86.72715759277344
84.89424896240234
79.50255584716797
88.21708679199219
79.86033630371094
86.25798034667969
89.01365661621094
62.553619384765625
89.16605377197266
87.64751434326172
82.24901580810547
91.84163665771484
84.7396011352539
89.73409271240234
93.3718490600586
73.54539489746094
94.38031005859375
93.85004425048828
84.95967102050781
95.53482055664062
88.33768463134766
87.09388732910156
88.98330688476562
75.36940002441406
84.82292938232422
84.66780090332031
81.30004119873047
88.03411865234375
76.31816864013672
87.73333740234375
90.4976806640625
71.50257873535156
92.6389389038086
89.41606140136719
83.23023986816406
90.4752426147461
80.93221282958984
86.84159088134766
88.72549438476562
63.33139419555664
87.63172912597656
85.8326644897461
81.40266418457031
90.16516876220703
82.88931274414062
88.12511444091797
91.88379669189453
69.65619659423828
94.06822967529297
93.51901245117188
88.23477172851562
98.97682189941406
93.28083801269531
97.06871795654297
100.81302642822266
78.6750717163086
100.20287322998047
98.05178833007812
91.09622192382812
99.52617645263672
90.85377502441406
96.46785736083984
98.5867691040039
59.24885559082031
98.0938949584961
95.5780258178711
90.14010620117188
98.53396606445312
90.20751953125
95.40008544921875
97.85359954833984
66.91055297851562
97.79328155517578
95.62837219238281
90.52593994140625
99.2673110961914
91.41944885253906
96.41593170166016
99.35755157470703
71.77349853515625
100.101806640625
98.53055572509766
92.7667007446289
102.40658569335938
95.60797119140625
99.7804946899414
103.20697021484375
80.99888610839844
102.46571350097656
100.29448699951172
92.11329650878906
100.76016235351562
92.26777648925781
96.08596801757812
98.22093200683594
74.83837127685547
96.364990234375
93.64869689941406
86.7451171875
94.69456481933594
86.07376098632812
90.0047607421875
91.77943420410156
61.887237548828125
89.79700469970703
86.74038696289062
81.2757339477539
89.13873291015625
80.53602600097656
84.23826599121094
86.43122100830078
52.75991439819336
85.02684783935547
82.43888092041016
77.15373229980469
84.71851348876953
76.57627868652344
79.85246276855469
81.96220397949219
41.66484832763672
81.7634506225586
79.35394287109375
72.91631317138672
81.42728424072266
73.65524291992188
76.85022735595703
79.2855453491211
60.01897048950195
78.93170166015625
76.55567169189453
69.12303924560547
78.45503234863281
70.01210021972656
75.83855438232422
77.07144927978516
57.662872314453125
78.26201629638672
75.97566986083984
68.19295501708984
77.18927764892578
68.157470703125
75.44119262695312
77.3200454711914
60.533870697021484
77.55506896972656
76.55474853515625
64.631591796875
76.87496948242188
67.43468475341797
75.52225494384766
77.93409729003906
61.29838562011719
79.94725799560547
79.6125259399414
73.34452056884766
83.99109649658203
77.38589477539062
81.3470458984375
85.64736938476562
71.99011993408203
84.02607727050781
83.92516326904297
71.6422348022461
82.02281951904297
75.17530059814453
67.63518524169922
68.76390075683594
58.578678131103516
61.06896209716797
60.13935089111328
71.68621063232422
77.58837890625
70.83523559570312
77.72413635253906
81.14716339111328
65.8939208984375
84.22257232666016
80.64410400390625
81.45789337158203
87.96598052978516
80.7287826538086
88.5591049194336
91.23932647705078
64.86355590820312
91.55722045898438
88.96337127685547
82.71199035644531
90.9166259765625
81.86319732666016
87.0751953125
89.13762664794922
56.69203186035156
87.92227172851562
84.94094848632812
80.74491882324219
88.16156005859375
80.29643249511719
85.0111312866211
87.26535034179688
57.4172477722168
87.23133087158203
84.76703643798828
80.6834716796875
89.13709259033203
80.95906066894531
86.27182006835938
89.29842376708984
53.30169677734375
90.5529556274414
88.83604431152344
84.47982025146484
93.56919860839844
86.40190887451172
92.4277572631836
96.1808090209961
60.273109436035156
98.20177459716797
96.26398468017578
89.54121398925781
97.15754699707031
87.44805145263672
90.85569763183594
91.8775405883789
60.882564544677734
88.7457504272461
85.4817886352539
78.99302673339844
86.42425537109375
77.48880767822266
80.97021484375
82.69194030761719
52.182796478271484
80.14796447753906
77.45010375976562
72.71741485595703
79.68831634521484
70.87672424316406
73.50303649902344
74.8788070678711
56.532508850097656
73.29020690917969
69.20935821533203
65.90628051757812
73.4269027709961
65.77985382080078
69.52031707763672
72.6865005493164
60.527462005615234
73.73767852783203
70.75438690185547
68.85758209228516
75.9161376953125
68.79751586914062
71.4336929321289
74.20897674560547
52.50320053100586
76.86139678955078
74.82035064697266
73.28253173828125
82.7057876586914
76.19757080078125
81.12779235839844
85.77576446533203
64.58956146240234
88.92167663574219
88.54071807861328
82.1802978515625
93.3078384399414
87.14701080322266
89.79179382324219
92.48562622070312
73.68339538574219
90.79020690917969
87.46722412109375
83.2936019897461
89.54049682617188
79.71382141113281
86.29967498779297
88.28861236572266
51.27870559692383
87.33304595947266
84.56424713134766
78.95824432373047
86.73665618896484
77.44623565673828
83.20957946777344
84.91283416748047
44.57123947143555
84.21420288085938
81.51226806640625
77.48380279541016
84.67314910888672
76.34951782226562
81.2590560913086
83.06098175048828
56.508384704589844
82.64325714111328
77.91973876953125
76.98690032958984
83.98065948486328
78.13785552978516
84.05352783203125
88.74246978759766
69.25244140625
88.56836700439453
86.43855285644531
79.64540100097656
88.96873474121094
81.20965576171875
84.63382720947266
87.43663024902344
51.303157806396484
87.70856475830078
85.58614349365234
79.95000457763672
88.28084564208984
80.32750701904297
85.3575439453125
87.58372497558594
64.50261688232422
87.7623291015625
85.20453643798828
79.34417724609375
88.13311767578125
79.10990142822266
85.64983367919922
88.0308837890625
53.747196197509766
88.62945556640625
86.81910705566406
81.2099838256836
89.8141860961914
81.60043334960938
87.47814178466797
90.405029296875
55.81621551513672
90.94257354736328
89.07909393310547
83.67328643798828
92.80990600585938
84.89680480957031
90.50357055664062
93.47162628173828
67.1089859008789
93.48758697509766
91.37105560302734
85.29904174804688
93.33411407470703
85.41500091552734
89.88956451416016
92.91285705566406
62.39994812011719
94.36492919921875
93.22540283203125
88.09085083007812
97.87006378173828
90.83442687988281
95.28985595703125
97.95691680908203
65.90739440917969
97.2749252319336
94.74540710449219
87.92683410644531
95.94020080566406
87.09649658203125
91.29496765136719
92.88404846191406
62.788509368896484
91.30390930175781
88.35067749023438
82.03325653076172
89.91595458984375
81.52458190917969
88.91525268554688
92.49613952636719
60.905357360839844
94.25298309326172
92.52171325683594
86.32911682128906
94.98078155517578
86.58255004882812
91.50582122802734
93.82508850097656
61.2214469909668
93.12451934814453
90.91482543945312
85.17176818847656
93.98497772216797
86.52737426757812
90.64319610595703
93.65264892578125
68.9356460571289
92.75746154785156
90.32838439941406
81.5960922241211
89.08642578125
79.42929077148438
79.37995147705078
79.93397521972656
61.41685104370117
76.19499969482422
74.10665893554688
69.82849884033203
77.97955322265625
72.24172973632812
75.7352294921875
78.39411926269531
52.036949157714844
80.04208374023438
77.66171264648438
72.86740112304688
82.91749572753906
74.942138671875
80.41253662109375
83.02659606933594
55.2437629699707
83.55470275878906
81.75669860839844
73.96878814697266
84.28710174560547
76.61875915527344
82.37088775634766
85.36741638183594
65.14949035644531
86.02417755126953
84.31639862060547
76.73050689697266
86.08951568603516
78.17560577392578
81.53257751464844
83.45872497558594
59.83572769165039
80.08626556396484
76.34772491455078
67.90127563476562
73.0389404296875
62.57426452636719
59.554039001464844
55.89609146118164
51.38362121582031
62.60346984863281
58.12734603881836
55.01553726196289
62.217708587646484
58.62318801879883
69.07594299316406
75.12828063964844
66.16580963134766
78.0613021850586
78.97769165039062
69.91796875
81.3619613647461
75.58116149902344
78.0950927734375
81.83773040771484
63.57868957519531
80.70914459228516
79.2108383178711
74.9122543334961
82.60919952392578
