73.9270248413086
79.28205871582031
83.05760955810547
61.02839660644531
83.54756164550781
79.04302215576172
76.39437866210938
80.70997619628906
69.608642578125
74.1537094116211
75.793212890625
60.66255569458008
67.6780776977539
65.91095733642578
63.68498611450195
60.02969741821289
32.628971099853516
63.117610931396484
58.47575378417969
62.17477798461914
71.15467834472656
70.15211486816406
68.25727844238281
75.74307250976562
71.81294250488281
75.16458892822266
79.93843078613281
64.92820739746094
79.47738647460938
73.04625701904297
70.45825958251953
75.66243743896484
67.17654418945312
68.99592590332031
68.83053588867188
48.90755081176758
58.56007385253906
58.596435546875
57.96677780151367
65.14539337158203
47.4034538269043
58.31084442138672
57.388912200927734
50.1110954284668
59.28183364868164
55.14736557006836
59.0311393737793
65.84294891357422
60.1739616394043
65.70338439941406
69.76123809814453
55.95774459838867
68.32246398925781
64.95702362060547
62.642005920410156
71.05168914794922
62.170284271240234
70.29116821289062
73.35155487060547
46.397178649902344
73.34567260742188
70.91963958740234
64.43191528320312
74.29949188232422
65.9192123413086
72.8989028930664
75.91486358642578
53.4122314453125
77.7614517211914
75.91995239257812
67.89335632324219
79.7121810913086
72.20533752441406
78.65769958496094
81.69425201416016
56.25277328491211
85.01941680908203
83.99156188964844
79.99938201904297
88.95223236083984
80.09590148925781
86.72105407714844
88.03361511230469
65.3752670288086
86.51663208007812
83.46533203125
76.93466186523438
84.87332153320312
76.73136138916016
81.0992660522461
83.35426330566406
53.10652160644531
82.71724700927734
80.52825164794922
74.74851989746094
83.02732849121094
75.40182495117188
79.51124572753906
81.97384643554688
53.039093017578125
82.03248596191406
79.17581939697266
72.89520263671875
81.70793151855469
72.824462890625
77.5152359008789
79.050537109375
51.49101257324219
78.67347717285156
77.08657836914062
73.16004180908203
81.67803955078125
74.99823760986328
80.05831146240234
82.65177917480469
53.53752517700195
83.431640625
81.32146453857422
76.87901306152344
85.0082778930664
77.04280090332031
82.65231323242188
85.42543029785156
56.16498947143555
85.90322875976562
84.20796203613281
78.74132537841797
87.86138153076172
79.99605560302734
86.11260223388672
89.01297760009766
66.05967712402344
90.09099578857422
88.63356018066406
81.89710998535156
91.82351684570312
83.41922760009766
88.2566146850586
90.74766540527344
70.30013275146484
91.35537719726562
91.17229461669922
85.29656219482422
94.55416107177734
85.32411193847656
91.3256607055664
92.92164611816406
62.020851135253906
91.7916259765625
88.50624084472656
81.50617980957031
89.49153137207031
80.817138671875
84.71360778808594
86.42257690429688
56.006900787353516
86.48324584960938
83.77332305908203
78.73456573486328
87.11913299560547
80.06937408447266
83.95512390136719
87.2202377319336
60.11812973022461
88.92801666259766
87.57845306396484
84.16068267822266
93.50321960449219
86.93218994140625
92.77335357666016
96.48748016357422
68.392822265625
97.49961853027344
95.49256896972656
90.05613708496094
98.09709930419922
89.52548217773438
94.14755249023438
96.4591064453125
66.41033935546875
95.59919738769531
93.2027816772461
87.2611312866211
95.53311920166016
87.11763000488281
92.04586791992188
94.41259002685547
55.842918395996094
94.1896743774414
91.93807983398438
86.70670318603516
95.04783630371094
87.1044692993164
92.24901580810547
94.87445068359375
65.47879791259766
95.23030090332031
93.29090118408203
88.22994232177734
97.15016174316406
89.47663879394531
95.12196350097656
98.18248748779297
75.60765838623047
98.6368408203125
97.13877868652344
90.28802490234375
99.3316650390625
90.82878112792969
94.85796356201172
96.40044403076172
66.12295532226562
94.49787902832031
92.02082824707031
85.22248077392578
94.09046173095703
85.95893859863281
90.4622573852539
92.3040771484375
58.72699737548828
90.6169662475586
87.6373291015625
80.46920776367188
88.4579849243164
79.46022033691406
83.99506378173828
85.4539794921875
50.9055061340332
84.614990234375
82.07852935791016
75.14156341552734
83.33238983154297
75.46831512451172
78.86593627929688
80.99008178710938
47.928348541259766
80.46092987060547
77.57575225830078
71.94466400146484
79.94352722167969
72.0325698852539
75.11832427978516
77.85189056396484
51.088951110839844
76.0245590209961
73.32878112792969
69.61199188232422
76.87757110595703
67.92295837402344
73.1316909790039
75.11133575439453
44.59788131713867
74.2568130493164
72.41586303710938
66.67616271972656
74.54431915283203
65.1392593383789
71.54017639160156
73.5184097290039
54.03995132446289
72.1325912475586
68.8947982788086
62.535709381103516
72.06500244140625
64.0372085571289
72.01164245605469
76.35828399658203
58.92436981201172
79.04402923583984
78.7657699584961
73.10108184814453
82.21009063720703
74.18163299560547
79.66476440429688
82.19759368896484
59.36302185058594
82.03121948242188
81.24132537841797
73.29159545898438
83.2242202758789
75.53350830078125
77.92469787597656
80.1404800415039
62.11381912231445
77.0860824584961
74.54933166503906
69.60227966308594
77.81619262695312
69.80718994140625
78.67938232421875
81.46063995361328
57.534324645996094
83.76416015625
81.39703369140625
78.72428131103516
85.49290466308594
74.46734619140625
83.32970428466797
85.60639190673828
59.469329833984375
86.57665252685547
84.11466217041016
79.29451751708984
86.87841796875
78.31340789794922
83.06974792480469
85.09925842285156
48.69377136230469
84.40853881835938
81.86271667480469
76.78324127197266
84.58423614501953
75.33214569091797
80.83255004882812
83.53656768798828
49.91087341308594
83.54996490478516
80.78628540039062
77.05728912353516
85.26127624511719
77.72669219970703
82.58190155029297
85.58892059326172
60.39066696166992
86.00142669677734
84.08872985839844
80.51374816894531
89.20117950439453
81.72247314453125
88.48751068115234
92.1129379272461
72.0162124633789
93.4892578125
92.69373321533203
86.57676696777344
94.9635009765625
84.7989273071289
90.21182250976562
90.78034973144531
67.68392181396484
87.34191131591797
84.22459411621094
74.84539031982422
83.55089569091797
72.62609100341797
79.87488555908203
81.29705047607422
62.381202697753906
79.4402847290039
76.2801742553711
65.57996368408203
75.6541976928711
67.77559661865234
71.83309173583984
72.82229614257812
58.42593002319336
73.62516021728516
70.37930297851562
61.89535903930664
69.2920150756836
60.4282112121582
66.32707977294922
67.69515228271484
56.5191535949707
71.36864471435547
70.80992889404297
59.88380813598633
71.94893646240234
64.63418579101562
70.26329040527344
71.1581039428711
58.24520492553711
74.63284301757812
73.31294250488281
67.64309692382812
77.25621032714844
70.57210540771484
76.81710052490234
80.79811096191406
61.85747528076172
84.49525451660156
83.90591430664062
79.08724975585938
89.39449310302734
83.97035217285156
87.60602569580078
91.01277160644531
62.4596061706543
90.58875274658203
87.87992095947266
81.25629425048828
89.32916259765625
80.67425537109375
84.74726867675781
85.87744140625
59.12563705444336
83.84232330322266
80.26998901367188
76.4929428100586
83.53179168701172
74.6593017578125
80.58155059814453
82.3458023071289
60.85730743408203
82.07096099853516
79.95092010498047
74.0543441772461
82.52062225341797
73.65540313720703
79.77607727050781
81.38751220703125
44.660804748535156
81.02987670898438
78.98175811767578
72.50048065185547
80.8348388671875
71.62572479248047
78.13571166992188
80.82457733154297
47.40353012084961
82.50674438476562
80.3113784790039
75.6406021118164
83.32474517822266
74.8203353881836
79.46673583984375
81.35353088378906
58.46846389770508
81.3370590209961
78.31451416015625
75.54769134521484
83.71430969238281
78.1564712524414
82.78050994873047
86.54371643066406
58.1223030090332
86.84542083740234
84.27986907958984
78.7476577758789
86.81969451904297
78.67749786376953
83.13357543945312
85.94136810302734
54.184852600097656
86.19586181640625
83.82012939453125
78.88025665283203
87.53237915039062
79.80973052978516
85.07255554199219
87.72051239013672
57.68376541137695
87.99105834960938
86.09123992919922
80.85462951660156
89.90182495117188
81.78565216064453
87.67243957519531
90.48705291748047
62.71522521972656
90.92595672607422
89.15745544433594
83.10189819335938
91.52281951904297
82.96800994873047
87.82490539550781
90.38658905029297
57.770362854003906
91.51532745361328
90.14434051513672
85.27306365966797
94.66114044189453
87.61908721923828
92.50479125976562
95.50523376464844
56.55197525024414
95.03375244140625
92.37423706054688
85.89959716796875
93.98820495605469
85.23460388183594
89.12482452392578
90.7245864868164
49.38030242919922
89.19950866699219
86.01717376708984
80.13740539550781
87.56913757324219
78.98875427246094
84.73387145996094
88.00672912597656
63.71139144897461
89.88531494140625
88.57060241699219
83.73856353759766
92.09135437011719
83.66502380371094
88.58332824707031
90.71333312988281
63.346031188964844
89.8011474609375
87.37242889404297
81.24280548095703
89.99832916259766
81.14845275878906
87.34905242919922
89.6878662109375
66.536865234375
89.5091323852539
87.91072845458984
80.0907211303711
89.60464477539062
81.00248718261719
84.35914611816406
84.46036529541016
57.18246841430664
79.27864074707031
74.97806549072266
64.53843688964844
75.60344696044922
66.60094451904297
74.9260482788086
76.97273254394531
56.09357833862305
78.56324768066406
76.68717956542969
70.46691131591797
79.29942321777344
71.6667709350586
77.98722839355469
80.88764190673828
49.98880386352539
82.01524353027344
80.00617218017578
74.16497802734375
83.36921691894531
76.56340026855469
80.05117797851562
83.04071807861328
37.65542984008789
83.51302337646484
81.7995376586914
76.2791976928711
85.24471282958984
77.36151123046875
81.25936126708984
83.45645904541016
57.03716278076172
80.61470794677734
76.85257720947266
67.69126892089844
74.70531463623047
65.39205169677734
69.07706451416016
71.2699203491211
43.34634017944336
70.25196075439453
67.13955688476562
56.27383804321289
65.69866943359375
57.35939025878906
65.35492706298828
65.16702270507812
50.911773681640625
67.11614990234375
68.9889144897461
60.17866897583008
73.31310272216797
70.6703109741211
71.39591979980469
79.17117309570312
62.199684143066406
80.34065246582031
78.54054260253906
72.56205749511719
81.241943359375
