77.68362426757812
85.42984771728516
87.64553833007812
59.275352478027344
84.83499145507812
79.00947570800781
76.206298828125
80.99787139892578
72.22974395751953
73.04228210449219
73.03926086425781
64.49024963378906
72.91309356689453
70.40006256103516
61.75030517578125
69.23677062988281
65.81209564208984
69.31752014160156
71.6662826538086
59.945613861083984
73.85543060302734
72.9301528930664
71.50224304199219
80.84931182861328
74.27452087402344
81.07630157470703
82.52217102050781
61.928855895996094
80.91439056396484
73.94742584228516
68.75160217285156
75.90489196777344
67.03551483154297
64.45890808105469
64.79644012451172
56.9154052734375
68.30685424804688
64.57950592041016
58.674869537353516
63.02462387084961
61.0496940612793
56.12522888183594
57.2588005065918
58.961673736572266
67.51036834716797
65.62857818603516
64.86986541748047
70.7546615600586
62.84284591674805
64.41749572753906
70.02742767333984
60.52317428588867
74.6187973022461
72.52728271484375
67.19854736328125
75.24427032470703
69.70248413085938
72.68689727783203
75.79815673828125
59.966407775878906
78.09404754638672
77.37940979003906
66.88842010498047
79.29804992675781
70.75640106201172
77.931884765625
80.11579895019531
60.381465911865234
81.68508911132812
80.84786987304688
73.7420883178711
84.2002182006836
76.8638687133789
84.37755584716797
87.7317123413086
60.539756774902344
89.8123779296875
88.02417755126953
84.48140716552734
91.91773986816406
82.40191650390625
87.33501434326172
88.67083740234375
63.06596755981445
87.28840637207031
84.19646453857422
79.29316711425781
86.63903045654297
79.22679901123047
82.19811248779297
84.2405014038086
62.928462982177734
84.41056060791016
82.74528503417969
75.51691436767578
85.2940902709961
76.38651275634766
81.44634246826172
83.64833068847656
62.94978332519531
84.15020751953125
81.6758041381836
75.89794921875
83.77972412109375
75.20506286621094
80.27782440185547
82.19627380371094
49.15597915649414
82.23648834228516
79.51585388183594
73.63926696777344
83.81416320800781
77.38493347167969
83.71162414550781
86.64901733398438
61.47435760498047
87.05370330810547
85.327880859375
79.59313201904297
88.09014129638672
79.50305938720703
86.1374740600586
88.27845001220703
57.55904006958008
88.2196273803711
86.35121154785156
81.1312484741211
89.87892150878906
81.88760375976562
87.47021484375
90.18400573730469
61.15621566772461
90.62387084960938
88.86039733886719
84.48526000976562
92.96479797363281
85.78518676757812
91.16976165771484
94.52581787109375
64.218505859375
96.53868103027344
95.24948120117188
90.86564636230469
99.8106689453125
91.84458923339844
96.44342041015625
98.76948547363281
73.0172348022461
98.71879577636719
96.44060516357422
89.02075958251953
97.11779022216797
87.8814697265625
92.319580078125
93.95056915283203
63.887393951416016
92.5581283569336
89.84627532958984
84.72284698486328
92.55022430419922
84.61204528808594
89.7243423461914
92.34923553466797
60.573753356933594
93.35950469970703
92.04483032226562
87.90438079833984
97.13182067871094
90.0783462524414
96.08502197265625
99.37728881835938
65.21785736083984
100.29991912841797
97.7066879272461
91.61351776123047
99.26850891113281
89.9364013671875
95.12744140625
96.4526138305664
66.77705383300781
96.04524993896484
94.45301818847656
89.12173461914062
98.41126251220703
90.2559585571289
94.83538055419922
97.10272216796875
63.753822326660156
96.51116943359375
93.90204620361328
88.68939208984375
96.99310302734375
88.88036346435547
93.68866729736328
96.25597381591797
67.41211700439453
96.53973388671875
94.3977279663086
89.10277557373047
97.88374328613281
90.21731567382812
95.32211303710938
98.19408416748047
66.70072937011719
99.1443099975586
97.42127227783203
91.95494842529297
101.19600677490234
93.71097564697266
98.68672943115234
101.2224349975586
69.78337097167969
100.03555297851562
97.10913848876953
90.45951843261719
98.16565704345703
89.1849365234375
94.38794708251953
96.78533172607422
72.4400863647461
96.04669189453125
93.55848693847656
87.10977935791016
94.89339447021484
85.86353302001953
89.77619171142578
91.4900131225586
55.4331169128418
89.8405532836914
86.40896606445312
81.31114196777344
88.67060852050781
80.28079986572266
83.5914535522461
85.45362854003906
55.0486946105957
84.87638854980469
82.40294647216797
75.57703399658203
84.36664581298828
75.09650421142578
79.54035186767578
81.00639343261719
60.12580490112305
81.15098571777344
78.07252502441406
71.53705596923828
79.5703125
71.80731201171875
75.79216003417969
78.12179565429688
48.01786804199219
77.96953582763672
76.67221069335938
68.27127838134766
76.1213150024414
67.47299194335938
74.16217803955078
76.63427734375
58.157508850097656
76.18141174316406
73.59500885009766
64.530029296875
75.0552978515625
64.34988403320312
73.83326721191406
77.87249755859375
54.19798278808594
82.6603012084961
81.91663360595703
76.81919860839844
85.47090148925781
75.84119415283203
82.97982788085938
84.92001342773438
56.75260543823242
84.43437194824219
81.68370056152344
78.14955139160156
85.87100982666016
77.51600646972656
82.46685791015625
84.92131042480469
47.61869430541992
85.63911437988281
83.77626037597656
80.47126770019531
89.32182312011719
82.34879302978516
87.24468231201172
90.5205078125
58.656654357910156
92.50423431396484
91.10862731933594
85.89613342285156
95.0556411743164
87.07904052734375
92.18096160888672
94.4757080078125
58.07527542114258
93.4943618774414
90.78112030029297
83.32868957519531
91.32855224609375
81.14608764648438
86.10466766357422
87.69658660888672
58.49248123168945
86.63280487060547
84.37896728515625
79.55005645751953
87.45489501953125
79.2516860961914
84.14627075195312
86.7745132446289
56.709510803222656
86.5593490600586
84.28108978271484
80.1072006225586
88.40341186523438
80.60576629638672
85.40972137451172
88.20655822753906
61.228370666503906
89.27488708496094
87.47362518310547
82.64351654052734
91.88202667236328
84.54010009765625
90.27378845214844
93.47987365722656
55.37413787841797
95.90238952636719
94.65232849121094
89.48155975341797
98.03939819335938
88.7166976928711
93.00424194335938
93.5715103149414
51.313514709472656
89.83636474609375
86.19493103027344
80.02042388916016
86.91947937011719
77.97783660888672
83.55570983886719
86.35430145263672
63.90854263305664
84.04570770263672
80.60763549804688
76.16641998291016
82.38517761230469
74.34269714355469
77.33708190917969
78.89446258544922
55.197715759277344
75.88956451416016
71.7607421875
70.3113784790039
76.14940643310547
68.0376205444336
69.59347534179688
72.2670669555664
53.000762939453125
72.97179412841797
70.15022277832031
69.4486312866211
76.600830078125
68.83755493164062
72.55205535888672
75.41102600097656
40.877113342285156
75.39676666259766
72.71588134765625
70.0880126953125
80.06539916992188
72.21418762207031
77.15186309814453
81.22086334228516
61.160438537597656
84.2466812133789
82.96226501464844
79.62434387207031
89.02491760253906
82.25865936279297
88.6697769165039
92.53145599365234
60.5285758972168
94.93191528320312
93.39620971679688
87.34461975097656
95.96160888671875
87.25955200195312
91.85601806640625
93.76036834716797
56.180904388427734
92.5632095336914
89.94364166259766
83.74290466308594
92.19324493408203
83.74406433105469
88.45503997802734
90.58294677734375
65.36085510253906
88.35563659667969
85.01973724365234
79.371826171875
85.499267578125
75.94467163085938
81.70629119873047
83.68877410888672
60.038089752197266
83.59107971191406
81.32584381103516
77.49435424804688
84.55462646484375
76.76709747314453
80.78996276855469
83.56221008300781
53.71366882324219
83.79230499267578
81.680419921875
77.60186767578125
85.4869384765625
77.45523071289062
81.31890869140625
83.88822174072266
44.94602584838867
83.84681701660156
81.7150650024414
77.16073608398438
86.5610580444336
79.98930358886719
85.99423217773438
89.78900146484375
49.9554557800293
90.98265075683594
88.91661071777344
82.91583251953125
91.56707763671875
83.11874389648438
87.86243438720703
89.1634750366211
61.00468063354492
86.6400146484375
83.64617919921875
78.04541015625
86.86698150634766
78.13890075683594
84.82432556152344
87.65701293945312
51.60750961303711
88.01185607910156
86.35869598388672
80.91524505615234
89.98336029052734
81.66563415527344
87.9715805053711
90.75166320800781
60.457679748535156
91.38274383544922
89.53091430664062
84.8785400390625
93.38145446777344
85.48651123046875
90.64947509765625
93.25853729248047
62.99593734741211
94.08352661132812
92.38993835449219
88.05231475830078
96.6627426147461
88.75762176513672
94.02093505859375
96.12201690673828
61.515403747558594
95.00848388671875
91.2938003540039
85.48356628417969
91.99209594726562
82.13117980957031
89.01068115234375
92.07504272460938
69.24384307861328
93.49132537841797
91.36285400390625
84.03267669677734
92.06551361083984
82.88019561767578
87.56509399414062
89.19514465332031
49.50104904174805
89.6270751953125
88.6627197265625
84.09034729003906
93.82199096679688
86.73274230957031
92.12899017333984
94.48272705078125
66.47374725341797
93.616943359375
91.01236724853516
85.2884521484375
93.27784729003906
84.95954132080078
89.70479583740234
91.94694519042969
56.05791473388672
91.33658599853516
89.0465316772461
84.13280487060547
92.05915832519531
83.75958251953125
87.88410186767578
88.78070068359375
41.141780853271484
84.23816680908203
79.67892456054688
73.92855834960938
81.86127471923828
75.18673706054688
78.52384948730469
81.96964263916016
58.03844451904297
82.463623046875
80.43672180175781
74.47172546386719
83.64844512939453
75.18798828125
80.0119400024414
82.7272720336914
53.74071502685547
83.60897827148438
81.76836395263672
75.5382080078125
85.19475555419922
77.29890441894531
83.10173034667969
86.19281005859375
44.62447738647461
88.08677673339844
86.41259002685547
80.40851593017578
89.43833923339844
80.91473388671875
86.22452545166016
87.79930877685547
59.457096099853516
84.83506774902344
79.99303436279297
72.835693359375
80.23328399658203
71.89532470703125
75.28888702392578
78.52582550048828
54.56278991699219
77.44383239746094
73.50143432617188
69.9123306274414
77.84369659423828
69.5999755859375
70.04224395751953
72.64854431152344
50.62433624267578
72.99434661865234
70.64934539794922
61.54850769042969
71.8638687133789
66.45772552490234
73.05689239501953
76.51529693603516
53.00845718383789
79.99763488769531
80.35955810546875
75.53440856933594
85.33812713623047
