76.1334228515625
78.57471466064453
78.80906677246094
81.18519592285156
80.89118194580078
80.21568298339844
79.33519744873047
76.67910766601562
73.87519836425781
72.87382507324219
73.0270004272461
71.77369689941406
68.40899658203125
70.33094024658203
64.50916290283203
65.538818359375
64.62806701660156
67.24710083007812
63.03656005859375
66.28730773925781
64.84384155273438
67.55178833007812
70.3451919555664
73.17900848388672
73.75991821289062
75.58763122558594
77.96449279785156
78.48426055908203
78.84317779541016
77.13648986816406
75.11805725097656
71.85938262939453
68.39423370361328
66.41950225830078
63.5511474609375
62.10929489135742
63.09891891479492
60.69467544555664
61.183258056640625
46.39820861816406
54.32711410522461
59.560523986816406
62.42771911621094
55.406681060791016
63.06466293334961
57.71778106689453
59.85126495361328
57.96492004394531
61.4167594909668
67.52971649169922
59.68442916870117
66.33627319335938
63.3945198059082
65.59616088867188
67.62445068359375
69.58741760253906
69.15264129638672
67.46028900146484
69.44925689697266
69.5273666381836
70.75533294677734
69.52705383300781
71.89176940917969
71.45048522949219
72.3785171508789
72.8142318725586
73.59574127197266
73.95341491699219
74.15113067626953
74.33353424072266
75.12144470214844
75.09383392333984
76.97789001464844
77.60244750976562
78.81996154785156
79.36017608642578
80.3886489868164
81.98871612548828
83.15139770507812
84.54664611816406
85.42218017578125
85.91448211669922
85.99468994140625
85.29634094238281
84.53170013427734
83.74835968017578
82.85763549804688
82.09436798095703
81.57610321044922
81.63654327392578
80.3662109375
80.21097564697266
80.52450561523438
80.28815460205078
79.83685302734375
79.4954605102539
79.609619140625
79.71564483642578
79.06187438964844
79.12294006347656
79.2975082397461
78.87718200683594
79.05476379394531
78.17789459228516
78.08733367919922
78.21821594238281
76.96717834472656
76.81339263916016
76.11066436767578
76.96136474609375
78.62870788574219
78.6661376953125
80.08466339111328
80.75076293945312
80.7577133178711
81.35094451904297
81.1268081665039
81.9677963256836
82.52213287353516
81.92561340332031
82.81334686279297
83.16551208496094
83.11778259277344
83.19642639160156
83.74517059326172
84.23795318603516
84.43024444580078
85.09850311279297
85.33550262451172
85.91381072998047
86.21723175048828
86.58499908447266
87.50603485107422
88.16616821289062
88.43054962158203
88.61920928955078
87.88493347167969
86.92377471923828
85.90030670166016
86.09806060791016
87.72994232177734
88.85225677490234
90.53077697753906
91.36479949951172
91.42820739746094
90.70557403564453
89.47676086425781
88.47482299804688
87.90460205078125
86.73269653320312
86.58838653564453
85.42793273925781
85.09405517578125
84.36773681640625
83.61798858642578
83.66264343261719
83.07052612304688
83.56208038330078
83.59320831298828
84.40362548828125
84.99651336669922
85.2850570678711
86.10752868652344
87.02915954589844
88.02672576904297
89.54309844970703
90.66358947753906
91.89114379882812
93.2461929321289
94.43187713623047
95.22124481201172
95.80815124511719
95.87052154541016
95.61360168457031
95.33690643310547
94.85795593261719
94.27960968017578
93.71391296386719
93.34313201904297
92.90426635742188
92.5888442993164
92.15840148925781
92.10465240478516
91.9980239868164
91.78174591064453
91.77330017089844
91.7157974243164
91.64378356933594
91.66218566894531
91.66818237304688
91.71288299560547
91.9566421508789
92.0665054321289
92.19966888427734
92.35946655273438
92.54486846923828
92.98728942871094
93.29339599609375
93.70894622802734
94.1401596069336
94.69026184082031
95.21859741210938
95.65998840332031
96.26253509521484
96.69644165039062
96.92635345458984
96.89356231689453
96.5692138671875
96.05547332763672
95.33333587646484
94.68199157714844
94.08165740966797
93.63067626953125
93.05768585205078
92.22457122802734
91.37527465820312
90.34052276611328
89.25299835205078
88.47183227539062
87.56255340576172
86.63606262207031
85.94596099853516
85.2177734375
84.43189239501953
83.74522399902344
83.05097961425781
82.7821273803711
81.99523162841797
81.47333526611328
80.79865264892578
80.02638244628906
79.39737701416016
78.96932220458984
78.80011749267578
77.78129577636719
77.66825103759766
77.36885833740234
77.45153045654297
75.9406967163086
76.0930404663086
76.07645416259766
75.8454818725586
74.99859619140625
73.71373748779297
74.25888061523438
72.69607543945312
73.23954772949219
71.8106460571289
73.59217834472656
72.16815948486328
71.35833740234375
73.11532592773438
70.52222442626953
71.29054260253906
71.95702362060547
70.85137939453125
72.58885192871094
71.3387451171875
69.82404327392578
72.03526306152344
72.02566528320312
71.70108032226562
71.04441833496094
71.06648254394531
72.13371276855469
70.77179718017578
69.37024688720703
71.75970458984375
73.86625671386719
75.11763000488281
76.3377456665039
75.88186645507812
77.1864242553711
76.5773696899414
77.22542572021484
77.30399322509766
76.76344299316406
76.97705841064453
76.22481536865234
74.99018096923828
74.38241577148438
73.64398956298828
75.04888153076172
76.47067260742188
77.53846740722656
78.4759750366211
78.82301330566406
79.6314926147461
80.86087799072266
81.78327178955078
83.0306167602539
84.093505859375
85.60358428955078
86.7341079711914
87.41755676269531
87.68843841552734
87.93474578857422
87.80902099609375
86.7675552368164
85.8462905883789
84.65057373046875
83.66349792480469
82.76699829101562
82.0587158203125
82.53284454345703
82.30424499511719
82.3147964477539
81.9497299194336
81.91610717773438
81.64710998535156
81.53375244140625
81.56925964355469
81.00479125976562
81.47197723388672
81.39968872070312
81.80876159667969
81.6766357421875
81.83576965332031
82.3959732055664
82.14977264404297
82.84404754638672
82.89297485351562
83.701171875
84.04534149169922
84.3959732055664
85.01190948486328
85.52770233154297
86.3681869506836
87.11751556396484
88.15206146240234
89.22406768798828
90.35753631591797
91.10702514648438
92.21929168701172
92.30835723876953
91.54547882080078
90.50669860839844
88.69062042236328
87.06101989746094
85.9996566772461
85.23319244384766
85.17322540283203
84.00801086425781
83.26555633544922
82.3772201538086
81.05335235595703
80.12492370605469
78.62016296386719
78.2689208984375
77.37779998779297
75.79094696044922
75.73128509521484
74.44395446777344
73.82376861572266
72.35880279541016
71.04694366455078
70.81741333007812
68.8682861328125
67.32227325439453
67.85736846923828
65.4275894165039
67.26399993896484
67.75270080566406
66.888916015625
69.42749786376953
71.6397933959961
70.4011459350586
71.92847442626953
71.52552795410156
68.692626953125
67.3616943359375
67.78960418701172
69.36273956298828
69.92662811279297
71.900390625
74.88167572021484
74.7235336303711
75.94978332519531
77.44142150878906
78.95674133300781
80.94668579101562
81.6664047241211
83.38787841796875
85.09161376953125
86.32545471191406
88.06930541992188
89.15135955810547
89.82393646240234
90.09645080566406
89.64106750488281
89.1222152709961
88.47122192382812
87.83660888671875
86.8401107788086
86.01708984375
85.29081726074219
84.69866943359375
83.9248275756836
84.12532043457031
84.2279052734375
83.58597564697266
83.23168182373047
82.86506652832031
82.18883514404297
80.50457000732422
79.69512939453125
79.79934692382812
79.27556610107422
79.01889038085938
79.57321166992188
79.44943237304688
78.76482391357422
79.37580871582031
79.19918823242188
78.64974212646484
78.43115234375
78.02275085449219
78.11131286621094
77.56707763671875
78.85305786132812
79.41136169433594
80.43306732177734
80.07791137695312
80.1949691772461
80.47015380859375
80.67884826660156
81.12474822998047
81.8917465209961
82.9500503540039
83.29877471923828
83.37002563476562
83.65873718261719
83.7158203125
84.1768798828125
83.70043182373047
83.91158294677734
83.91792297363281
83.6186752319336
83.27766418457031
82.2650146484375
81.66050720214844
80.4446029663086
80.4622802734375
81.02034759521484
80.63811492919922
81.27435302734375
81.44377899169922
81.74981689453125
82.08792114257812
82.2852554321289
82.61327362060547
82.97856903076172
83.27982330322266
83.86063385009766
84.18606567382812
84.61779022216797
84.7289047241211
85.31752014160156
85.7826919555664
86.18700408935547
86.49811553955078
86.9580307006836
87.1386947631836
87.02456665039062
86.99534606933594
86.75715637207031
87.5
87.86060333251953
88.49938201904297
89.3420181274414
89.86260223388672
90.18681335449219
89.99466705322266
90.01798248291016
89.90760803222656
90.12999725341797
90.67569732666016
91.21932220458984
91.451904296875
91.07760620117188
90.3183822631836
89.63426208496094
88.59634399414062
87.94879913330078
86.88063049316406
85.73444366455078
85.07667541503906
84.09534454345703
83.37220001220703
83.20458221435547
83.8615951538086
84.71747589111328
86.11505889892578
87.67996215820312
88.61643981933594
89.22150421142578
89.43208312988281
89.02908325195312
89.00211334228516
88.76669311523438
88.269287109375
87.86753845214844
87.66236877441406
87.5837173461914
87.0412368774414
86.96379089355469
86.98326110839844
87.02471160888672
87.08834075927734
87.01249694824219
87.01136779785156
86.47431945800781
85.64974975585938
83.6713638305664
81.22228240966797
77.3868179321289
75.32893371582031
73.62579345703125
72.60957336425781
73.95332336425781
74.18071746826172
75.53958892822266
75.2707748413086
76.20867919921875
76.01605987548828
76.59477233886719
76.51618194580078
77.17188262939453
77.56411743164062
77.59442138671875
77.41754150390625
77.6052017211914
77.49883270263672
77.6833724975586
78.43206787109375
77.8792495727539
78.6003189086914
79.72557830810547
80.31025695800781
82.12018585205078
83.05509948730469
83.10708618164062
83.25968170166016
83.07728576660156
82.5764389038086
81.52545928955078
80.6290054321289
79.7314682006836
77.50236511230469
76.02290344238281
73.65898895263672
70.67399597167969
65.55531311035156
61.29230499267578
59.35416793823242
60.37104797363281
58.584197998046875
58.45336151123047
53.79825973510742
54.475284576416016
57.842647552490234
59.43307113647461
58.97107696533203
66.94831848144531
68.4314193725586
72.19386291503906
75.13783264160156
75.19361114501953
76.80725860595703
77.38166046142578
77.22410583496094
77.34599304199219
77.05154418945312
77.20671081542969
77.1136703491211
77.4592056274414
