79.08409118652344
84.00006103515625
85.82431030273438
69.49039459228516
85.40443420410156
80.23110961914062
76.73854064941406
80.73143768310547
73.51468658447266
69.62434387207031
73.24330139160156
63.319332122802734
64.52793884277344
54.37921142578125
70.32111358642578
67.9497299194336
63.90672302246094
70.64004516601562
73.48051452636719
63.215782165527344
76.75335693359375
76.12248229980469
69.18741607666016
79.33502197265625
76.85519409179688
78.35651397705078
80.58191680908203
62.49353790283203
78.8260726928711
73.67076873779297
71.37409973144531
75.49494171142578
67.50334930419922
68.94027709960938
67.8363265991211
62.14664840698242
54.36707305908203
55.84128189086914
63.728519439697266
64.7771987915039
59.731136322021484
58.1114501953125
60.808895111083984
61.49114990234375
61.23030090332031
59.329444885253906
61.15499496459961
70.95799255371094
63.42732620239258
68.93429565429688
70.59815979003906
61.06697082519531
70.4207534790039
65.9552001953125
69.04559326171875
76.3795166015625
69.06134796142578
74.6069564819336
77.8252182006836
55.83719253540039
75.55841827392578
75.26642608642578
71.35238647460938
79.40235900878906
70.163818359375
78.96678161621094
81.631103515625
64.17041015625
81.62696838378906
79.89214324951172
75.0721664428711
84.66207122802734
77.03829193115234
85.2203598022461
88.53390502929688
68.41503143310547
90.33817291259766
88.636962890625
83.09329223632812
90.8493423461914
81.7623291015625
86.56963348388672
87.84227752685547
63.224124908447266
86.06681060791016
83.23619842529297
77.73187255859375
85.83052825927734
77.38883209228516
81.80591583251953
83.9157485961914
60.83793640136719
83.58674621582031
81.36701202392578
76.78063201904297
84.6966552734375
76.35739135742188
81.52599334716797
83.66632843017578
60.682640075683594
83.15631103515625
80.01136779785156
75.76953887939453
83.63845825195312
75.67670440673828
80.57598114013672
82.45046997070312
55.734920501708984
81.46399688720703
77.9758529663086
74.40618896484375
83.50601959228516
77.60588073730469
84.63854217529297
87.00263977050781
67.93511199951172
87.1300048828125
85.29871368408203
79.49817657470703
88.14170837402344
79.90690612792969
86.0714111328125
88.05367279052734
65.46893310546875
88.91236877441406
86.75212097167969
80.86664581298828
90.08657836914062
82.22174072265625
87.40478515625
90.39862823486328
65.3788833618164
91.26774597167969
89.62104034423828
84.16516876220703
93.29560852050781
85.69293212890625
91.31930541992188
94.34390258789062
69.50096893310547
96.41583251953125
95.10111236572266
90.62897491455078
99.50373840332031
90.95818328857422
96.65779876708984
98.79900360107422
77.8732681274414
97.97354888916016
95.362548828125
88.28868865966797
96.00640869140625
86.88799285888672
91.18195343017578
92.58100128173828
65.86174011230469
92.0418472290039
89.47254943847656
83.48201751708984
92.01966094970703
84.43707275390625
88.39240264892578
91.38663482666016
55.8947639465332
92.85836029052734
91.07369232177734
88.01434326171875
96.72196960449219
89.90450286865234
95.44956970214844
98.91016387939453
69.36834716796875
99.35093688964844
96.6690444946289
91.52149963378906
98.64151763916016
89.33391571044922
94.36801147460938
95.95038604736328
74.48127746582031
95.63069915771484
94.45866394042969
88.83643341064453
97.84040832519531
89.0678939819336
94.78239440917969
96.73868560791016
73.78826904296875
96.14649963378906
93.8126449584961
87.62429809570312
96.22921752929688
87.59600830078125
93.34608459472656
95.7053451538086
72.33076477050781
96.05259704589844
93.91839599609375
88.46407318115234
97.1084976196289
88.99376678466797
94.51577758789062
97.26336669921875
72.91498565673828
98.39614868164062
96.49932861328125
91.68121337890625
100.47307586669922
93.08821868896484
97.70653533935547
100.3150405883789
70.63379669189453
99.55377960205078
96.46918487548828
90.66954803466797
98.1565933227539
89.86869812011719
94.08850860595703
96.80421447753906
67.14210510253906
96.40794372558594
93.73888397216797
88.17520141601562
95.3096923828125
86.51101684570312
90.07062530517578
91.71923828125
64.80921936035156
89.66027069091797
86.47002410888672
81.25916290283203
88.5833740234375
79.54888916015625
84.3878402709961
86.40247344970703
61.001224517822266
84.37811279296875
81.57426452636719
76.10087585449219
83.60084533691406
74.5634536743164
80.44065856933594
82.15398406982422
60.86404037475586
80.1691665649414
77.36833953857422
70.04557037353516
79.2121810913086
67.36333465576172
77.01493835449219
78.65328979492188
58.0931510925293
77.49768829345703
75.96390533447266
66.81285095214844
76.24626159667969
65.23682403564453
74.66970825195312
75.98409271240234
60.76520919799805
76.01702117919922
75.11771392822266
65.70305633544922
73.89909362792969
63.106597900390625
75.60179138183594
78.76789855957031
65.23685455322266
82.71170043945312
82.17962646484375
76.11848449707031
85.80541229248047
77.4279556274414
82.6237564086914
84.38079833984375
62.06156921386719
84.72762298583984
82.43647003173828
76.94512939453125
85.63372802734375
76.56565856933594
82.33589172363281
84.9112548828125
57.048561096191406
85.9822006225586
84.35205841064453
80.15164947509766
89.13565826416016
81.47138214111328
87.93053436279297
90.78245544433594
68.2234878540039
92.21492004394531
90.83436584472656
85.4030532836914
94.72502899169922
86.55113220214844
92.03292083740234
94.07166290283203
68.43917846679688
93.23796844482422
90.49400329589844
83.75341033935547
91.30288696289062
81.95126342773438
85.19445037841797
86.79988098144531
47.1345100402832
86.34198760986328
83.63873291015625
79.5761947631836
87.20030212402344
79.56079864501953
83.30046081542969
86.34082794189453
57.58304977416992
86.01852416992188
83.65801239013672
80.1473159790039
87.6974105834961
79.81282806396484
85.50519561767578
88.0424575805664
67.53189849853516
87.93850708007812
86.36168670654297
81.81163787841797
90.63662719726562
81.65644073486328
90.06947326660156
93.00080871582031
75.53893280029297
94.7180404663086
93.97344207763672
87.40013122558594
97.079345703125
87.5605697631836
93.24723815917969
93.59660339355469
74.03009796142578
90.59097290039062
86.98251342773438
77.41026306152344
86.34873962402344
78.29428100585938
82.81947326660156
85.30725860595703
63.20064163208008
85.28944396972656
82.12397766113281
75.94715118408203
83.09207153320312
74.47144317626953
74.55892944335938
77.28384399414062
62.825103759765625
77.12516784667969
73.536376953125
69.98975372314453
76.75216674804688
69.35553741455078
63.969486236572266
68.16354370117188
61.64792251586914
73.603515625
70.830322265625
69.15907287597656
77.34387969970703
71.82354736328125
72.21369171142578
75.24422454833984
56.764766693115234
75.46514892578125
72.34059143066406
72.04635620117188
79.95892333984375
73.0888442993164
76.57050323486328
81.38097381591797
55.83479309082031
83.06863403320312
81.97564697265625
80.59495544433594
89.14469909667969
82.39722442626953
88.81468200683594
92.65309143066406
71.36700439453125
94.26355743408203
92.59831237792969
87.453369140625
95.49091339111328
86.41460418701172
91.86542510986328
93.6820068359375
71.25042724609375
92.32129669189453
89.85816955566406
83.0914077758789
91.59833526611328
82.97247314453125
87.69853973388672
89.06224822998047
65.6332778930664
87.7649154663086
84.52056121826172
77.47083282470703
85.05506896972656
76.92672729492188
81.61458587646484
83.81031036376953
63.00039291381836
84.7699966430664
82.00232696533203
76.67639923095703
85.1357650756836
77.89038848876953
81.44805145263672
83.7822494506836
58.1949462890625
84.25511169433594
81.8367691040039
77.93311309814453
85.47940063476562
77.70601654052734
82.04873657226562
84.0988998413086
55.19309616088867
83.34908294677734
80.88211059570312
77.41439819335938
85.462646484375
79.32215881347656
84.71660614013672
88.66781616210938
56.309139251708984
90.1562728881836
88.15247344970703
83.47225952148438
91.72663879394531
83.597900390625
88.33057403564453
90.40220642089844
59.50328826904297
88.1777114868164
84.4831314086914
77.1139907836914
85.71478271484375
76.19734191894531
83.7785415649414
86.32373809814453
65.72354888916016
87.76657104492188
85.80162811279297
80.49424743652344
88.92398834228516
80.8300552368164
87.18112182617188
89.86316680908203
68.387939453125
91.27642059326172
89.5595474243164
84.1418685913086
92.98295593261719
84.9136734008789
90.3511734008789
92.75385284423828
66.39574432373047
94.05199432373047
92.30388641357422
87.92878723144531
96.41842651367188
88.76688385009766
93.71556854248047
95.96855926513672
67.7557373046875
94.63934326171875
91.30645751953125
85.38735961914062
92.05499267578125
82.0893325805664
87.8868408203125
90.55500030517578
69.53947448730469
91.6208724975586
89.3774185180664
83.9337387084961
91.23902893066406
82.21939849853516
86.46430206298828
88.08631896972656
59.52217102050781
88.83184814453125
87.85456848144531
83.17530059814453
93.28427124023438
85.91905975341797
91.54295349121094
93.98041534423828
69.95950317382812
93.42950439453125
90.9258804321289
84.3911361694336
92.722412109375
84.19733428955078
89.02726745605469
90.94084930419922
64.65008544921875
91.08831024169922
88.70027160644531
83.14314270019531
91.47157287597656
83.80658721923828
87.18489837646484
88.98037719726562
54.956756591796875
85.79753112792969
80.94097900390625
73.47846984863281
82.5289535522461
74.72247314453125
79.31682586669922
81.81317138671875
59.04863357543945
82.8214111328125
80.24308776855469
75.87470245361328
84.29810333251953
76.05455780029297
81.48583221435547
83.949462890625
59.51811218261719
83.43414306640625
80.85691833496094
75.63904571533203
83.4664535522461
74.33134460449219
81.81668090820312
84.85894012451172
61.57669448852539
87.24420166015625
85.60165405273438
80.0154800415039
88.86837768554688
80.05428314208984
85.50050354003906
86.56330108642578
64.09410095214844
83.42819213867188
80.09500122070312
69.9559555053711
78.63799285888672
70.22055053710938
75.9356918334961
78.74459838867188
57.726463317871094
79.66604614257812
76.86253356933594
70.69003295898438
78.12301635742188
71.10221099853516
71.35562896728516
73.58087158203125
57.894229888916016
70.95342254638672
67.56478118896484
66.22615814208984
74.0727310180664
65.2542953491211
74.41715240478516
78.36972045898438
67.32032775878906
80.82722473144531
80.7796401977539
74.5278091430664
84.95916748046875
