90.43575286865234
73.33749389648438
62.143856048583984
62.6307258605957
50.33451843261719
54.556095123291016
56.29811096191406
53.41133117675781
52.4404182434082
51.27333068847656
55.162864685058594
57.55611801147461
66.09784698486328
61.06601333618164
51.577545166015625
51.27823257446289
51.712799072265625
50.589683532714844
51.6016960144043
48.585750579833984
52.18105697631836
48.48150634765625
51.42066955566406
51.939029693603516
59.53010177612305
64.66044616699219
75.50089263916016
79.38309478759766
69.09406280517578
60.392723083496094
60.49655532836914
54.44929885864258
65.72551727294922
59.168331146240234
55.82814407348633
63.99032974243164
72.75801849365234
73.5147933959961
75.98675537109375
83.226806640625
83.64060974121094
73.33404541015625
66.57976531982422
62.863887786865234
65.29840087890625
64.21196746826172
67.95301818847656
69.54939270019531
71.00772094726562
69.96533966064453
93.07544708251953
100.80699157714844
97.85989379882812
91.04151153564453
89.9656753540039
89.98921966552734
92.71587371826172
97.87969970703125
87.39398193359375
80.54661560058594
64.29425048828125
79.76079559326172
82.4425277709961
79.12030792236328
79.5356216430664
83.30207824707031
90.3340072631836
83.35072326660156
78.31080627441406
77.9579849243164
82.43803405761719
65.33689880371094
77.94615173339844
79.48572540283203
88.28133392333984
90.58045959472656
83.876953125
81.25049591064453
79.28936767578125
82.99006652832031
85.6778335571289
92.10900115966797
79.83432006835938
68.17971801757812
71.52228546142578
86.44794464111328
89.64057159423828
90.5572738647461
81.45580291748047
79.30782318115234
83.22557067871094
86.5331039428711
81.62579345703125
89.00079345703125
84.85995483398438
82.64791870117188
83.26618957519531
76.41050720214844
79.5776596069336
75.05797576904297
72.41758728027344
70.27538299560547
73.92605590820312
79.79784393310547
82.26892852783203
81.57646942138672
83.370361328125
82.7669448852539
82.58067321777344
79.28128051757812
67.78284454345703
71.83863067626953
73.01226806640625
76.94745635986328
71.48809814453125
76.6025161743164
67.33490753173828
67.76215362548828
71.19941711425781
74.50003814697266
77.85469055175781
80.10185241699219
79.84921264648438
75.5623779296875
78.54658508300781
78.0906753540039
79.3524398803711
73.51570129394531
67.72665405273438
62.642494201660156
66.29139709472656
76.44416809082031
80.43102264404297
77.60234069824219
73.57614135742188
74.52523803710938
76.3235092163086
78.81452178955078
74.65697479248047
72.4939193725586
69.51747131347656
66.84916687011719
64.15411376953125
67.15652465820312
69.86222839355469
68.79939270019531
64.84725952148438
65.2222671508789
67.27862548828125
67.23688507080078
70.04723358154297
64.80919647216797
