73.15634155273438
48.17702865600586
63.471290588378906
67.7232894897461
52.702484130859375
55.89329147338867
53.66901779174805
49.70981979370117
47.349403381347656
44.02445602416992
48.26309585571289
48.804725646972656
55.612735748291016
66.93878173828125
63.71564865112305
52.955955505371094
52.86747741699219
50.035369873046875
40.69194793701172
50.58153533935547
46.1667594909668
48.06855773925781
41.158565521240234
47.297420501708984
52.332096099853516
68.7572250366211
77.75538635253906
78.70459747314453
69.47944641113281
61.60935592651367
61.725791931152344
57.56494903564453
57.192073822021484
59.84731674194336
62.89979553222656
54.92217254638672
78.42721557617188
75.51934814453125
76.4052505493164
83.80512237548828
84.1699447631836
72.72040557861328
66.26786804199219
67.14961242675781
67.48180389404297
68.18470001220703
69.33609008789062
68.44942474365234
70.1322021484375
65.48713684082031
90.12960815429688
95.17532348632812
99.46299743652344
89.45667266845703
88.91952514648438
88.32283782958984
88.50617218017578
91.6466064453125
75.89353942871094
78.79276275634766
83.12615203857422
91.5308837890625
88.05332946777344
83.7586669921875
83.49193572998047
87.57948303222656
89.12035369873047
84.6572265625
81.31498718261719
80.98783111572266
85.9356689453125
65.3582763671875
76.74774169921875
77.99273681640625
88.43373107910156
89.42837524414062
83.43506622314453
80.35154724121094
78.19202423095703
80.37926483154297
79.82275390625
80.59724426269531
82.8149642944336
87.49644470214844
90.55149841308594
84.93378448486328
85.50760650634766
89.45015716552734
80.18941497802734
76.70623779296875
80.34530639648438
88.95738220214844
86.11778259277344
82.34233856201172
81.86637115478516
81.87349700927734
74.94129180908203
84.59010314941406
87.14342498779297
84.81968688964844
85.13025665283203
68.02239990234375
69.7402572631836
75.0427474975586
72.50218200683594
78.9714126586914
80.11941528320312
75.29279327392578
80.76020812988281
75.92269897460938
74.20436096191406
74.56621551513672
79.38697814941406
75.05844116210938
60.870643615722656
73.73613739013672
79.33524322509766
77.55878448486328
76.32058715820312
76.62112426757812
77.99335479736328
79.83704376220703
80.50071716308594
78.74716186523438
71.65093994140625
77.8588638305664
75.1830825805664
74.8753662109375
72.6127700805664
62.90923309326172
68.27667999267578
67.40940856933594
67.44874572753906
68.22476959228516
73.67382049560547
76.86182403564453
70.15768432617188
68.5094223022461
61.95880889892578
62.0427360534668
61.85646057128906
62.329593658447266
56.22962951660156
59.694740295410156
64.13448333740234
65.14534759521484
67.6565170288086
67.23545837402344
63.21006774902344
54.43775177001953
61.62882614135742
66.98171997070312
