97.45667266845703
81.64057159423828
78.1434097290039
76.23484802246094
76.56097412109375
76.77009582519531
75.70233917236328
75.13126373291016
73.98428344726562
74.3724136352539
72.82166290283203
73.76007843017578
79.15276336669922
71.07785034179688
72.66915130615234
71.4458236694336
70.51815032958984
71.3287124633789
70.43566131591797
70.16433715820312
69.33458709716797
69.8669204711914
68.75542449951172
68.6452407836914
72.08657836914062
74.28438568115234
82.63763427734375
71.5105209350586
71.90355682373047
69.65058898925781
65.89483642578125
64.55541229248047
72.38890075683594
63.54579544067383
69.54007720947266
69.14108276367188
71.00225067138672
65.96488952636719
76.6136474609375
84.66773986816406
81.65079498291016
68.46968078613281
51.18184280395508
49.29928970336914
78.51862335205078
79.04790496826172
75.96490478515625
78.82105255126953
90.49134063720703
95.90422058105469
95.2686538696289
98.77212524414062
105.71260070800781
97.13398742675781
92.54192352294922
90.05442810058594
88.04375457763672
92.635986328125
88.77811431884766
94.14454650878906
96.53414916992188
90.07901000976562
80.35720825195312
80.5849380493164
87.09033203125
91.69892883300781
85.33386993408203
90.20951080322266
92.36820220947266
92.26200866699219
88.43314361572266
79.9586410522461
78.83220672607422
77.61521911621094
70.31562805175781
81.42646026611328
85.3552017211914
82.64067077636719
68.10971069335938
75.77515411376953
82.67342376708984
83.16130065917969
77.52416229248047
80.55047607421875
95.63172149658203
92.87519836425781
82.80464935302734
81.87979125976562
90.2696762084961
91.69754028320312
86.96870422363281
90.10196685791016
94.08717346191406
92.50090789794922
83.27473449707031
78.9832763671875
93.6849136352539
92.51710510253906
81.66858673095703
72.3671875
71.31285095214844
73.486083984375
52.098331451416016
64.4229965209961
84.0347900390625
89.86954498291016
83.1050033569336
85.0821304321289
85.4151382446289
90.43453216552734
78.73358154296875
74.75668334960938
81.15924835205078
84.115478515625
77.85176849365234
78.10057830810547
81.14759826660156
81.98780822753906
73.69602966308594
75.50381469726562
79.988037109375
79.39019012451172
79.36133575439453
79.9070816040039
85.18663787841797
85.07323455810547
73.92089080810547
77.2344741821289
73.81957244873047
70.20132446289062
67.98265075683594
62.54294967651367
76.57975769042969
77.266845703125
74.11393737792969
68.02603912353516
74.95802307128906
67.35452270507812
61.84506607055664
63.0220832824707
70.99365997314453
73.31830596923828
53.10880661010742
55.168487548828125
71.5223159790039
71.1915512084961
66.48854064941406
64.25861358642578
65.59204864501953
71.69198608398438
65.85635375976562
61.643028259277344
