73.92327117919922
77.19487762451172
77.11675262451172
73.86992645263672
73.33985900878906
73.53937530517578
72.10017395019531
72.02274322509766
71.53524780273438
71.09347534179688
70.04631805419922
67.597900390625
69.42345428466797
70.78560638427734
66.62869262695312
69.0003662109375
68.69011688232422
68.00170135498047
67.31836700439453
66.5147705078125
65.30435180664062
65.04669952392578
64.14910888671875
63.50791549682617
64.63558197021484
65.67536926269531
74.78428649902344
75.72352600097656
74.73393249511719
67.65618896484375
66.60411071777344
62.616455078125
55.098976135253906
56.155860900878906
58.066158294677734
67.92792510986328
76.44692993164062
77.01103210449219
73.64105224609375
80.53880310058594
90.68221282958984
76.79750061035156
64.52871704101562
66.9757308959961
76.67406463623047
77.4374771118164
71.17684173583984
70.9838638305664
75.16954803466797
72.65652465820312
91.03762817382812
100.25638580322266
106.26580047607422
98.0445785522461
88.8474349975586
89.0196304321289
99.59761047363281
103.79975128173828
84.47003173828125
77.81088256835938
75.05570220947266
92.18109893798828
79.21978759765625
77.21913146972656
86.60336303710938
91.14468383789062
90.11572265625
86.7898941040039
89.56195831298828
88.96284484863281
84.50444793701172
70.74659729003906
91.1641616821289
86.08394622802734
86.82305908203125
88.6906967163086
91.30609893798828
89.12574768066406
81.2191162109375
82.33177947998047
93.86605072021484
96.94645690917969
76.8951644897461
65.78054809570312
81.14053344726562
94.11760711669922
88.40862274169922
86.55957794189453
85.6929702758789
84.2686767578125
82.10020446777344
86.31414031982422
78.90250396728516
89.46703338623047
84.69393157958984
86.2160415649414
87.56053161621094
66.9058609008789
75.81861877441406
77.29114532470703
74.13399505615234
81.6679458618164
73.6639175415039
74.77204132080078
88.17208862304688
88.84381866455078
81.39864349365234
82.22003173828125
86.82547760009766
87.10649871826172
49.17778396606445
73.267822265625
80.92807006835938
82.78005981445312
70.69303894042969
70.53013610839844
73.72521209716797
76.91944122314453
69.54485321044922
74.56063079833984
85.67816162109375
85.7322006225586
78.66458129882812
75.89775085449219
85.99297332763672
83.16954803466797
76.85731506347656
75.95945739746094
76.36275482177734
59.912654876708984
70.70833587646484
77.93258666992188
86.06973266601562
84.50508880615234
71.49324798583984
75.01879119873047
83.40277862548828
85.2564697265625
72.72986602783203
70.18284606933594
73.31249237060547
76.48524475097656
69.58746337890625
68.7856216430664
78.84229278564453
76.21630859375
68.5015640258789
60.42262649536133
70.28181457519531
70.59864044189453
64.38467407226562
60.72517013549805
