89.22978973388672
64.86510467529297
67.7976303100586
63.7686767578125
63.023189544677734
65.15596008300781
61.050174713134766
61.34745407104492
61.21945571899414
58.64947509765625
58.486637115478516
59.3266487121582
60.439613342285156
67.09305572509766
64.97651672363281
57.50245666503906
60.21405029296875
59.104366302490234
55.62969207763672
56.707401275634766
56.05632400512695
50.677696228027344
52.83005905151367
54.22207260131836
57.49260711669922
67.19023132324219
70.06356048583984
78.38308715820312
70.7559814453125
63.39964294433594
55.17295837402344
44.127655029296875
63.7557373046875
65.95355224609375
56.42997360229492
60.90092086791992
78.57400512695312
77.30684661865234
69.36225891113281
77.36094665527344
91.36071014404297
79.1866455078125
63.065059661865234
59.72138595581055
67.63367462158203
72.73115539550781
65.8655014038086
68.73222351074219
78.5134048461914
83.71668243408203
81.6170425415039
78.88761901855469
103.7550277709961
95.53115844726562
83.36111450195312
82.60431671142578
91.42781829833984
95.94685363769531
73.67665100097656
71.43424224853516
83.76344299316406
90.8506851196289
85.23776245117188
79.47205352783203
86.96075439453125
90.4451904296875
79.96149444580078
83.55331420898438
85.45649719238281
85.11957550048828
81.19793701171875
73.40169525146484
79.83830261230469
85.23455047607422
73.56269836425781
83.54850006103516
88.51354217529297
84.88937377929688
73.58687591552734
75.60694885253906
83.32794952392578
84.24880981445312
79.14787292480469
82.48957061767578
95.30146789550781
90.46662902832031
80.5723876953125
82.63139343261719
81.82796478271484
78.82014465332031
74.81520080566406
82.88270568847656
89.77721405029297
86.93428802490234
78.86324310302734
79.29969024658203
84.68848419189453
86.14947509765625
81.71053314208984
77.90579986572266
87.75320434570312
70.66908264160156
62.97517776489258
68.66107940673828
76.48292541503906
72.6797866821289
72.72356414794922
63.66714096069336
83.37996673583984
84.3683090209961
68.08307647705078
69.63609313964844
83.4907455444336
80.10311889648438
73.08724975585938
69.9312515258789
76.21776580810547
78.05157470703125
71.86314392089844
72.6373291015625
82.03614044189453
82.46073913574219
74.71267700195312
71.28585052490234
79.6197738647461
79.0943603515625
67.38545227050781
55.25027084350586
70.0518569946289
65.21846008300781
54.367950439453125
49.730525970458984
70.80133056640625
72.42169189453125
72.86048126220703
70.76924133300781
75.39617919921875
76.46452331542969
54.233551025390625
54.079627990722656
63.44538116455078
64.16085052490234
39.63576126098633
57.28776168823242
63.945674896240234
62.75052261352539
63.43946838378906
60.593223571777344
66.20030212402344
59.592193603515625
55.989593505859375
60.56437301635742
