94.5517349243164
83.51630401611328
76.08848571777344
72.96769714355469
67.78545379638672
71.26809692382812
72.01825714111328
70.32386016845703
70.49144744873047
70.38054656982422
70.58784484863281
68.08370971679688
75.72661590576172
74.85299682617188
68.70637512207031
69.17337036132812
68.61408996582031
68.3616943359375
67.35519409179688
67.38487243652344
66.03308868408203
66.6937026977539
66.61380767822266
66.6360855102539
67.22724151611328
67.82270050048828
80.18365478515625
76.216064453125
71.96442413330078
69.2691650390625
67.41912078857422
68.21057891845703
67.2244644165039
68.00736999511719
61.959327697753906
61.510704040527344
73.25611114501953
75.0449447631836
77.3917465209961
83.71685028076172
83.22389221191406
72.78841400146484
69.95389556884766
68.59776306152344
68.62007141113281
70.8006820678711
70.40060424804688
68.20343017578125
70.30304718017578
76.78834533691406
82.99748229980469
99.96435546875
99.09468078613281
90.27365112304688
90.02682495117188
90.13668823242188
89.64530944824219
94.81098175048828
89.84034729003906
77.32777404785156
90.49329376220703
83.6821517944336
79.7575454711914
79.33966827392578
80.66204071044922
84.19609832763672
88.40886688232422
84.61165618896484
79.95956420898438
78.73906707763672
82.38106536865234
76.18013763427734
75.2541732788086
83.43148040771484
82.4098892211914
90.5556869506836
84.58661651611328
81.29573059082031
78.6444091796875
81.67152404785156
82.22559356689453
86.2884750366211
89.33524322509766
72.72057342529297
75.70983123779297
86.4398193359375
89.9637680053711
92.75016021728516
85.7576675415039
80.59242248535156
82.16284942626953
87.6770248413086
76.45574188232422
76.5184555053711
84.30247497558594
83.5202865600586
84.0549087524414
77.9286117553711
60.78682327270508
77.7144775390625
78.58979034423828
72.6517333984375
65.84708404541016
63.884796142578125
71.63203430175781
78.4171371459961
80.15452575683594
82.71906280517578
82.93183135986328
76.3453369140625
75.25223541259766
72.8980484008789
66.95423126220703
73.23444366455078
65.07109832763672
74.36930847167969
61.834896087646484
52.43759536743164
67.3251953125
70.84627532958984
74.83052062988281
78.95162963867188
76.24517822265625
77.37120056152344
75.51380157470703
79.09089660644531
79.11274719238281
75.69440460205078
73.10081481933594
62.50815200805664
71.982666015625
76.2607650756836
73.83226013183594
75.3489761352539
77.08667755126953
76.70097351074219
77.24394226074219
77.30517578125
77.54684448242188
73.5960922241211
68.37875366210938
59.239009857177734
58.58657455444336
54.4014892578125
63.91567611694336
68.75341033935547
66.79782104492188
59.367549896240234
60.66120147705078
66.14976501464844
64.74024200439453
64.20120239257812
