92.92340850830078
79.81587219238281
80.16484832763672
81.18608856201172
78.93297576904297
79.10780334472656
78.16909790039062
77.56504821777344
77.62023162841797
76.81462860107422
75.99327850341797
75.82178497314453
76.62544250488281
77.13123321533203
74.62281799316406
73.8841552734375
73.73260498046875
73.6932601928711
73.18882751464844
73.0307846069336
73.01101684570312
72.36009979248047
72.3182601928711
72.19902038574219
71.25547790527344
68.72489929199219
78.99702453613281
75.71875762939453
74.34831237792969
64.14987182617188
70.6689682006836
69.46086120605469
69.60102844238281
69.3812484741211
69.7463150024414
67.06051635742188
67.34967041015625
74.35948181152344
72.5126953125
80.13549041748047
79.54239654541016
74.4869613647461
72.68055725097656
71.25881958007812
61.4487419128418
74.81620788574219
70.97154235839844
68.25309753417969
72.85454559326172
76.07246398925781
94.33637237548828
100.9295654296875
98.93338012695312
91.8805160522461
90.50244903564453
89.54566955566406
92.94025421142578
96.5615463256836
84.86624145507812
73.87989807128906
62.18000030517578
87.07184600830078
79.04898071289062
77.54801940917969
81.83800506591797
83.30968475341797
90.86300659179688
85.78768920898438
82.1233901977539
82.79866790771484
83.02241516113281
78.88903045654297
87.30106353759766
76.58187866210938
89.2470932006836
87.52921295166016
84.0408706665039
80.73268127441406
79.4002456665039
85.42481994628906
88.59393310546875
84.74551391601562
72.04283905029297
63.791324615478516
68.30880737304688
85.72682189941406
87.7123794555664
82.33372497558594
74.8498306274414
75.20909118652344
80.82303619384766
86.76519012451172
71.15447998046875
84.07244110107422
81.39777374267578
85.82872009277344
75.62018585205078
45.90643310546875
76.58509826660156
66.96016693115234
76.83206176757812
74.81448364257812
72.37252044677734
80.15797424316406
83.53472900390625
84.04962921142578
83.01883697509766
81.52651977539062
78.71321868896484
78.488525390625
71.45733642578125
70.40591430664062
72.17781829833984
74.6990737915039
71.44701385498047
72.42483520507812
67.98975372314453
65.34315490722656
71.74500274658203
74.71286010742188
76.70284271240234
79.23677062988281
77.02657318115234
76.71145629882812
76.84866333007812
77.09278106689453
77.52349090576172
74.01451873779297
71.06656646728516
69.22307586669922
76.84992980957031
81.47080993652344
76.48238372802734
77.82770538330078
75.0759048461914
75.31951904296875
79.21783447265625
75.95016479492188
74.083740234375
63.364131927490234
66.94233703613281
67.21637725830078
65.91056823730469
72.55482482910156
68.40526580810547
66.1639404296875
49.269161224365234
57.57778549194336
64.7702865600586
60.39194869995117
57.29169464111328
60.1508903503418
