95.1142578125
74.0194320678711
75.54373168945312
77.83195495605469
76.129150390625
76.96623229980469
75.56812286376953
75.01704406738281
74.68038177490234
74.06149291992188
73.4886703491211
73.19269561767578
73.02214813232422
71.39550018310547
71.88057708740234
71.3442153930664
71.39176940917969
71.25855255126953
70.12551879882812
70.2741470336914
69.63973999023438
68.64117431640625
69.53192901611328
69.0989990234375
67.77532196044922
73.6265869140625
76.9026107788086
74.30455780029297
61.46131896972656
67.12257385253906
68.24168395996094
65.58151245117188
67.6295166015625
70.8717041015625
67.68092346191406
68.67290496826172
82.81338500976562
77.54348754882812
70.18348693847656
77.63815307617188
88.88011169433594
78.08767700195312
64.42338562011719
69.99657440185547
73.17145538330078
73.7013931274414
59.70159149169922
72.30633544921875
81.77879333496094
87.48556518554688
86.74862670898438
90.31254577636719
100.83271789550781
90.26604461669922
82.13729095458984
81.99039459228516
90.73884582519531
94.32132720947266
86.04380798339844
72.38813018798828
81.05400848388672
88.5469741821289
87.22592163085938
80.72093963623047
88.41996765136719
91.73748779296875
82.30201721191406
85.5844497680664
86.7490005493164
85.5839614868164
80.08660125732422
80.1383056640625
76.87896728515625
87.94605255126953
77.08744812011719
72.0426025390625
84.64799499511719
85.4861068725586
77.36248016357422
78.25668334960938
82.97589874267578
83.21949005126953
77.29679870605469
79.94746398925781
93.08233642578125
89.75128936767578
78.89500427246094
76.51021575927734
86.47604370117188
90.85234832763672
78.62995910644531
82.53314208984375
89.72235870361328
86.6857681274414
76.99273681640625
78.55415344238281
79.33428192138672
83.4574203491211
82.04483795166016
81.48157501220703
75.69923400878906
79.24876403808594
64.4625015258789
61.411808013916016
67.93869018554688
75.95274353027344
61.81822967529297
62.20781326293945
80.81117248535156
83.54412078857422
74.83605194091797
66.04859924316406
73.08550262451172
82.15971374511719
65.5514144897461
71.80303192138672
76.88646697998047
76.91353607177734
71.17041778564453
72.19377136230469
81.25564575195312
81.94710540771484
74.94097900390625
71.8687515258789
80.97919464111328
82.51615142822266
70.90032196044922
68.43148040771484
78.39692687988281
68.06847381591797
61.115421295166016
58.22148132324219
69.96638488769531
78.58601379394531
71.28662109375
62.631046295166016
80.40933227539062
77.67163848876953
68.26141357421875
48.94692611694336
66.71951293945312
69.07057189941406
60.452003479003906
64.82144927978516
71.4585952758789
71.38601684570312
65.87969207763672
67.00348663330078
72.41949462890625
67.2953109741211
64.67390441894531
60.85529708862305
