82.00725555419922
74.62306213378906
71.17741394042969
69.82481384277344
66.93069458007812
65.95095825195312
63.571773529052734
64.86128997802734
63.44704055786133
63.230262756347656
62.85535430908203
61.06767654418945
64.11068725585938
67.0562973022461
66.3403091430664
59.9459114074707
62.542396545410156
59.59394073486328
60.02936935424805
60.5869026184082
58.0681037902832
59.103214263916016
56.79123306274414
60.36212921142578
57.995147705078125
62.04185485839844
74.04871368408203
82.09002685546875
67.13816833496094
65.74095916748047
56.38649368286133
56.213680267333984
62.963897705078125
54.24844741821289
62.1820068359375
57.376914978027344
72.62467193603516
70.83515930175781
73.91548919677734
79.7062759399414
89.84735107421875
75.95390319824219
68.96278381347656
68.60669708251953
67.1194076538086
69.96257019042969
70.20389556884766
71.9934310913086
74.29658508300781
85.46842193603516
89.10395050048828
91.1163330078125
97.33380889892578
95.05577087402344
87.60358428955078
86.68756866455078
88.3376235961914
78.86607360839844
74.58014678955078
78.42142486572266
82.45004272460938
90.67316436767578
84.79471588134766
80.08889770507812
80.29021453857422
84.22003173828125
85.46955108642578
79.3030014038086
78.43809509277344
81.34779357910156
66.52227783203125
78.30279541015625
78.78711700439453
80.46641540527344
90.87549591064453
84.61480712890625
80.28543090820312
78.76689147949219
77.7975082397461
79.50772857666016
78.68256378173828
80.72705078125
84.01025390625
90.17593383789062
90.33606719970703
82.04217529296875
81.30245971679688
60.064453125
24.90201187133789
56.429752349853516
71.83448028564453
86.37725830078125
84.14550018310547
82.1556396484375
83.63671112060547
77.57485961914062
85.38130950927734
86.50708770751953
83.95674896240234
82.94985961914062
66.78317260742188
73.41931915283203
77.40605926513672
75.949951171875
81.74698638916016
83.84370422363281
83.35789489746094
80.0917739868164
78.4410400390625
71.16425323486328
75.95570373535156
78.47948455810547
67.96975708007812
72.72915649414062
66.09439849853516
79.55340576171875
77.72848510742188
77.3791275024414
76.45755004882812
78.13094329833984
78.21112823486328
80.7967758178711
69.3341293334961
74.44721984863281
73.54185485839844
68.60856628417969
68.03053283691406
76.79476928710938
71.7905044555664
69.25238037109375
69.20753479003906
74.4789810180664
75.28254699707031
73.60299682617188
68.28627014160156
72.2320327758789
72.48100280761719
66.78627014160156
57.50031661987305
60.772064208984375
61.20998001098633
59.163516998291016
54.48310470581055
50.88860321044922
57.66791915893555
60.31174850463867
65.27948760986328
62.42228698730469
68.73524475097656
64.37565612792969
66.94811248779297
60.22249984741211
