77.91509246826172
78.79530334472656
67.11104583740234
71.66279602050781
68.0811996459961
62.48135757446289
63.43910598754883
62.2706413269043
62.191959381103516
61.0660514831543
60.50394058227539
62.61452865600586
72.95195770263672
64.7120132446289
55.90116882324219
59.17136001586914
57.64767074584961
55.85239028930664
57.42879104614258
57.41987228393555
57.89891052246094
57.67729949951172
58.795143127441406
55.77358627319336
57.29492950439453
67.30160522460938
76.05345916748047
76.00408935546875
67.97075653076172
64.99798583984375
59.08393478393555
57.135772705078125
59.553035736083984
60.85597610473633
59.65043640136719
59.928802490234375
61.583106994628906
72.96248626708984
74.90451049804688
82.01466369628906
80.33930206298828
65.45409393310547
65.19900512695312
68.1867904663086
70.91290283203125
70.36465454101562
71.06262969970703
69.9725341796875
74.8728256225586
81.20509338378906
88.97870635986328
95.33728790283203
95.2837905883789
86.42756652832031
86.64595794677734
86.96543884277344
89.8227310180664
94.77267456054688
90.844970703125
80.13480377197266
73.5801010131836
74.93560028076172
81.95571899414062
78.57066345214844
79.4301986694336
82.68012237548828
88.37504577636719
87.26531219482422
81.39688873291016
79.72450256347656
84.60643768310547
76.0256118774414
63.88896179199219
71.25301361083984
77.87298583984375
83.41961669921875
79.70255279541016
69.99186706542969
83.45773315429688
86.08833312988281
82.93651580810547
82.98951721191406
87.75322723388672
76.76032257080078
76.97671508789062
87.62535095214844
88.82889556884766
88.91204071044922
90.5153579711914
84.87336730957031
83.94094848632812
84.63433074951172
83.30043029785156
80.5179443359375
86.27498626708984
85.07667541503906
79.8468017578125
78.7481460571289
81.07907104492188
82.44660186767578
71.30902862548828
61.76129913330078
57.35514450073242
41.15752029418945
70.94252014160156
81.57414245605469
82.60224151611328
83.4265365600586
85.27684783935547
80.91609954833984
79.49455261230469
77.95923614501953
66.0937271118164
72.96322631835938
70.23054504394531
67.70742797851562
48.306095123291016
69.93507385253906
70.88572692871094
74.13316345214844
76.1508560180664
79.6363525390625
79.78213500976562
78.59972381591797
75.3360824584961
78.72916412353516
80.1334457397461
78.720947265625
69.72408294677734
67.37637329101562
76.26177978515625
66.90009307861328
70.35026550292969
71.02489471435547
67.36817169189453
67.75079345703125
75.1404037475586
72.866455078125
71.91496276855469
71.9509048461914
73.70790100097656
68.59012603759766
67.54683685302734
64.63590240478516
67.03439331054688
68.613037109375
65.54827117919922
66.01631927490234
63.41674041748047
65.43663787841797
64.44593811035156
65.60372924804688
