92.62273406982422
71.40343475341797
70.35685729980469
61.1832389831543
66.4867935180664
66.81073760986328
65.42172241210938
63.9720344543457
64.0264663696289
65.0289535522461
64.27152252197266
56.61373519897461
67.204833984375
72.60028839111328
61.946651458740234
59.393367767333984
62.054771423339844
61.02845001220703
58.37681579589844
56.74375534057617
56.41000747680664
58.977725982666016
57.360591888427734
55.397701263427734
55.317283630371094
70.3211669921875
73.63655853271484
76.85676574707031
74.78141021728516
66.08490753173828
60.65071105957031
61.430477142333984
56.35578918457031
59.758628845214844
57.84238052368164
64.37296295166016
75.18061828613281
75.53229522705078
73.26473999023438
78.12966918945312
91.65762329101562
77.36309814453125
66.76988983154297
62.56515884399414
74.0396499633789
75.86707305908203
66.42587280273438
72.05111694335938
75.88614654541016
85.25692749023438
95.13973236083984
99.50336456298828
105.74186706542969
99.38147735595703
88.68140411376953
89.07852935791016
100.32624053955078
100.69192504882812
81.43942260742188
71.74198913574219
85.21796417236328
90.18074035644531
78.74880981445312
74.40000915527344
85.80674743652344
90.64820098876953
89.84345245361328
85.79724884033203
88.90338897705078
88.85891723632812
80.35697937011719
81.91098022460938
93.68769073486328
82.48806762695312
88.3715591430664
84.71368408203125
89.38170623779297
87.82661437988281
79.84526062011719
84.34598541259766
97.9388198852539
86.93867492675781
66.51934814453125
66.33819580078125
65.22501373291016
92.54562377929688
83.46802520751953
64.93499755859375
66.95899200439453
73.0848388671875
77.61103820800781
85.04912567138672
67.844970703125
90.57177734375
87.55220031738281
77.85020446777344
71.85774993896484
65.68209838867188
73.06873321533203
67.07614135742188
86.57649230957031
83.3097152709961
77.15264892578125
80.41523742675781
89.32955169677734
87.51676940917969
70.2960433959961
80.16239166259766
85.66510772705078
71.92240142822266
72.16363525390625
70.48663330078125
75.3765640258789
76.419921875
71.68561553955078
64.58038330078125
75.9188461303711
75.35941314697266
71.39783477783203
72.91535949707031
82.212158203125
84.92718505859375
75.70733642578125
74.64456176757812
83.94095611572266
85.21549224853516
76.17770385742188
73.36353302001953
74.84734344482422
80.68582153320312
80.37506103515625
77.01858520507812
84.42164611816406
81.75811004638672
76.2248764038086
75.33502197265625
85.57244110107422
82.86306762695312
70.08551788330078
66.5062255859375
71.90873718261719
73.59308624267578
69.30258178710938
66.08861541748047
71.1402816772461
71.59870910644531
61.75661087036133
58.93838119506836
72.12950897216797
68.54894256591797
46.892372131347656
61.9291877746582
