88.1119613647461
82.91911315917969
79.15077209472656
78.52444458007812
80.0172348022461
78.14717102050781
77.3721923828125
76.7205581665039
75.93494415283203
75.6347427368164
75.2331314086914
74.73593139648438
75.97219848632812
70.18521118164062
77.35308837890625
74.33822631835938
74.10079193115234
71.98545837402344
72.54651641845703
71.89378356933594
72.16047668457031
72.55796813964844
71.35980224609375
71.4649658203125
71.28140258789062
68.10676574707031
78.95936584472656
78.75111389160156
74.55037689208984
74.70565795898438
70.56625366210938
71.37287902832031
74.03917694091797
61.66814422607422
72.5888442993164
72.12613677978516
81.47967529296875
83.51534271240234
74.9708023071289
85.83180236816406
92.62733459472656
79.5692367553711
65.36588287353516
69.57269287109375
69.77075958251953
77.86543273925781
75.11775970458984
76.6676025390625
78.25692749023438
86.15904235839844
91.18587493896484
94.36953735351562
106.06916809082031
99.220947265625
89.77581024169922
88.48479461669922
96.08644104003906
96.18407440185547
72.95379638671875
80.69935607910156
87.55528259277344
95.38858795166016
90.9605712890625
84.48899841308594
91.14977264404297
93.36760711669922
86.03551483154297
83.82115173339844
86.38011932373047
87.11021423339844
86.22026824951172
70.13257598876953
86.28230285644531
89.7298812866211
88.30247497558594
86.62914276123047
89.10150146484375
86.21829986572266
77.53614044189453
76.72982788085938
86.62364196777344
88.51891326904297
80.73458862304688
87.876708984375
97.93531799316406
93.50178527832031
85.01306915283203
79.34709167480469
80.33724212646484
81.19095611572266
80.42030334472656
88.7945785522461
92.97789764404297
88.39327239990234
79.79035949707031
74.43492126464844
88.57049560546875
93.41554260253906
88.1641845703125
87.41219329833984
88.7698745727539
72.13887786865234
71.6539535522461
68.07131958007812
82.87561798095703
87.55687713623047
76.80958557128906
77.56428527832031
87.87242889404297
73.96722412109375
75.58268737792969
80.5083999633789
85.24076843261719
76.392333984375
62.19325637817383
75.45950317382812
85.14588165283203
84.42992401123047
74.28657531738281
75.20547485351562
85.00988006591797
87.11199951171875
78.32124328613281
71.37100219726562
83.88241577148438
82.45670318603516
68.04271697998047
74.67024993896484
81.48210144042969
67.7064208984375
66.81806182861328
53.1277961730957
64.49288177490234
77.03841400146484
71.93075561523438
64.63268280029297
78.60661315917969
77.18924713134766
61.85847473144531
59.26737976074219
68.18733215332031
65.4462890625
49.23393249511719
56.74876022338867
68.95941925048828
73.17301177978516
66.97281646728516
64.53312683105469
70.81046295166016
70.64408111572266
65.253662109375
62.96994400024414
