92.00386047363281
76.95629119873047
79.84838104248047
73.51712036132812
73.76676177978516
75.45942687988281
74.46745300292969
73.78323364257812
73.6439208984375
72.49109649658203
72.71154022216797
72.02587890625
71.80162811279297
70.39490509033203
66.70619201660156
72.13504028320312
70.87191772460938
69.91422271728516
70.13304138183594
69.06627655029297
69.72534942626953
68.80462646484375
68.47136688232422
69.56074523925781
66.02153778076172
72.26070404052734
74.84607696533203
77.2926025390625
68.71593475341797
70.07328033447266
65.31494140625
68.56104278564453
59.21724319458008
68.94965362548828
66.80448150634766
67.624267578125
77.54393005371094
68.95588684082031
78.1034927368164
84.30681610107422
82.22265625
68.6423568725586
69.98028564453125
65.36136627197266
71.99652099609375
60.67947006225586
73.56619262695312
72.07899475097656
77.88375854492188
84.19783020019531
89.65750885009766
93.75384521484375
97.40962982177734
84.24537658691406
86.542724609375
86.60334014892578
85.87013244628906
89.36243438720703
92.36499786376953
74.67212677001953
76.93839263916016
81.72225952148438
91.17113494873047
87.45093536376953
85.28702545166016
88.3294677734375
84.08011627197266
89.32172393798828
82.33033752441406
81.36682891845703
82.3824462890625
82.46427917480469
69.85865020751953
76.54952239990234
76.7630615234375
87.57878112792969
86.937255859375
82.1611328125
80.49114990234375
79.1507568359375
80.46659088134766
79.607666015625
81.54635620117188
86.05854034423828
88.69596099853516
86.64897918701172
84.83993530273438
83.79656219482422
85.85858154296875
87.38700103759766
85.53649139404297
88.42129516601562
86.45642852783203
82.98588562011719
81.52725219726562
80.54080200195312
75.60087585449219
70.5232162475586
75.0921859741211
85.55687713623047
86.84234619140625
82.49864196777344
67.81991577148438
63.722164154052734
55.53076171875
72.07210540771484
73.99372100830078
80.81126403808594
78.44209289550781
76.47293853759766
69.9886474609375
68.03458404541016
76.57238006591797
79.62861633300781
76.02330017089844
69.71110534667969
71.77532958984375
73.17074584960938
70.37442779541016
74.04936981201172
75.29544830322266
76.64871978759766
78.4693374633789
77.8745346069336
76.23946380615234
75.8871841430664
72.5028305053711
71.55095672607422
71.3353271484375
58.45104217529297
59.25778579711914
64.77969360351562
71.17744445800781
78.6236343383789
76.54373168945312
70.08148956298828
68.71885681152344
73.14112091064453
69.55753326416016
61.81432342529297
47.340389251708984
62.50263977050781
54.357139587402344
66.22003936767578
69.52680969238281
64.48616790771484
62.86875915527344
70.51097106933594
68.12963104248047
64.2239990234375
68.5048828125
69.75601959228516
