84.3069839477539
78.04812622070312
67.79441833496094
71.08915710449219
72.52729034423828
69.29573822021484
68.27256774902344
69.15888214111328
67.45927429199219
69.11612701416016
66.38030242919922
71.40013122558594
69.64351654052734
41.79014587402344
67.70130920410156
66.18600463867188
69.12004852294922
68.39096069335938
67.77118682861328
67.23043823242188
66.38671112060547
68.50631713867188
67.68278503417969
67.77113342285156
64.03592681884766
66.77058410644531
81.8594741821289
72.24809265136719
70.26978302001953
73.73953247070312
71.51741790771484
72.09523010253906
70.16632843017578
70.37147521972656
72.6664047241211
71.48303985595703
74.29611206054688
66.13218688964844
81.2921142578125
81.98881530761719
78.26722717285156
79.33970642089844
79.0155029296875
80.20044708251953
78.03923797607422
78.5088119506836
83.75299835205078
83.23274993896484
92.561767578125
93.40910339355469
80.8235092163086
99.98230743408203
102.52283477783203
101.32306671142578
93.35529327392578
90.41070556640625
94.48128509521484
91.93571472167969
90.11809539794922
89.74176025390625
88.32420349121094
89.42674255371094
83.40409851074219
83.9630355834961
89.45352172851562
88.01757049560547
88.34405517578125
83.34241485595703
90.83527374267578
91.8576431274414
90.70665740966797
75.69482421875
83.26731872558594
77.11809539794922
70.72500610351562
80.33816528320312
81.85578918457031
81.43939971923828
70.93388366699219
74.0130615234375
81.96695709228516
85.84352111816406
78.99482727050781
88.08815002441406
95.55148315429688
94.38341522216797
85.10746765136719
88.59356689453125
91.23956298828125
89.31124877929688
79.46915435791016
73.7190170288086
73.2677230834961
83.0972900390625
83.44825744628906
71.2101821899414
90.31427001953125
89.40179443359375
80.69439697265625
80.8635025024414
82.72356414794922
85.87860870361328
79.1409912109375
83.12647247314453
89.94322967529297
89.5495376586914
77.48136901855469
86.77245330810547
89.9570083618164
84.70951080322266
76.73576354980469
54.19748306274414
75.11526489257812
76.28349304199219
71.7020263671875
74.52304077148438
77.92711639404297
79.4415512084961
76.0258560180664
75.59832763671875
84.72905731201172
84.91034698486328
79.20951080322266
78.20979309082031
83.55400085449219
81.80409240722656
74.317138671875
76.5955810546875
71.70707702636719
67.99113464355469
63.89097213745117
68.34260559082031
73.74290466308594
71.9367904663086
66.18588256835938
62.3547248840332
59.17167663574219
57.34043884277344
61.27812194824219
67.09188842773438
63.10932922363281
60.52314376831055
58.5692138671875
63.40999984741211
66.56031036376953
62.94038009643555
57.31067657470703
62.52457809448242
65.82737731933594
58.76769256591797
63.745704650878906
64.55662536621094
