76.82891845703125
73.79646301269531
71.98970794677734
70.98703002929688
68.74281311035156
68.0876235961914
66.66618347167969
66.15643310546875
64.935791015625
65.25700378417969
65.31488037109375
64.92672729492188
67.7970962524414
70.23839569091797
62.236358642578125
63.45561599731445
60.48149108886719
61.92014694213867
61.372154235839844
61.27486801147461
59.798770904541016
60.30967330932617
59.786258697509766
60.619319915771484
63.166351318359375
65.93339538574219
73.73511505126953
72.34598541259766
65.99759674072266
64.9179916381836
55.980350494384766
59.64581298828125
57.715171813964844
56.191654205322266
61.181575775146484
54.4998779296875
75.17822265625
72.30836486816406
71.28811645507812
76.84284210205078
85.28006744384766
75.61873626708984
62.668479919433594
62.53923034667969
68.20003509521484
65.68118286132812
64.47521209716797
61.82466125488281
74.41694641113281
74.54431915283203
84.12786865234375
94.26831817626953
101.22980499267578
91.2026596069336
84.097900390625
84.14251708984375
93.54376983642578
99.12985229492188
82.47439575195312
72.13182067871094
80.4610366821289
79.20588684082031
74.16289520263672
72.86141967773438
80.42575073242188
85.01595306396484
81.8951644897461
79.26531982421875
82.71697235107422
81.53395080566406
77.42139434814453
66.29291534423828
83.15857696533203
85.3652114868164
79.2220458984375
83.96748352050781
85.2962646484375
82.19963836669922
72.6053695678711
75.84037017822266
85.98185729980469
92.50653076171875
75.44508361816406
63.951446533203125
74.99440002441406
88.52715301513672
84.0222396850586
88.30134582519531
85.85986328125
82.61349487304688
76.54248809814453
81.43246459960938
76.28083801269531
84.71026611328125
79.39591979980469
80.00191497802734
86.31321716308594
64.1473388671875
70.17935943603516
76.14620971679688
83.10445404052734
60.02276611328125
57.91778564453125
63.11593246459961
78.476318359375
85.58267211914062
78.98027038574219
76.40579986572266
84.18822479248047
79.28031921386719
63.507606506347656
65.90640258789062
74.47346496582031
79.27159118652344
66.73493194580078
72.08872985839844
73.20349884033203
63.24654769897461
60.565181732177734
65.27487182617188
78.95013427734375
81.11774444580078
73.64976501464844
71.71577453613281
80.74415588378906
79.11531829833984
75.20046997070312
66.99490356445312
72.37093353271484
70.30748748779297
65.30926513671875
69.75325775146484
79.3886947631836
78.32473754882812
70.51013946533203
67.93656158447266
77.47106170654297
79.74382781982422
68.59571838378906
63.0803108215332
69.1305923461914
65.38505554199219
58.43669128417969
63.62272262573242
73.08679962158203
70.70516204833984
59.35940170288086
55.79043197631836
64.65188598632812
64.78980255126953
58.40584182739258
46.696067810058594
