41.58142852783203
37.72120666503906
33.06060028076172
35.16399002075195
35.772891998291016
36.633060455322266
36.57676696777344
30.247488021850586
38.64985656738281
30.197988510131836
26.611778259277344
37.55049133300781
36.00468444824219
31.99297523498535
38.787689208984375
6.647227764129639
42.72994613647461
28.95104217529297
42.751007080078125
32.23468017578125
40.859004974365234
23.485355377197266
42.4849853515625
34.10338592529297
45.22943115234375
40.191829681396484
49.42656707763672
39.89888381958008
54.05107498168945
40.69387435913086
63.15100860595703
66.05188751220703
62.088966369628906
50.669307708740234
50.392860412597656
43.08076858520508
48.84455108642578
34.96473693847656
41.0977668762207
40.551177978515625
43.22367477416992
16.573698043823242
42.6723747253418
37.88574981689453
38.08955001831055
34.511356353759766
37.86193084716797
35.89991760253906
39.19348907470703
29.313358306884766
32.83333206176758
31.415346145629883
32.51488494873047
39.13865661621094
24.850502014160156
32.92787170410156
40.01652908325195
33.31733322143555
39.161014556884766
29.609027862548828
27.74205207824707
33.751041412353516
30.317657470703125
36.58296585083008
24.978313446044922
23.411949157714844
34.983726501464844
28.90654182434082
31.223012924194336
38.57502365112305
32.89962387084961
34.2087287902832
20.2833194732666
22.76092529296875
36.05228805541992
27.79621696472168
32.34321594238281
31.319326400756836
27.835594177246094
29.30588150024414
31.798370361328125
31.808353424072266
22.7111873626709
35.14622497558594
36.33814239501953
38.174278259277344
35.600730895996094
37.58799362182617
33.286128997802734
28.584924697875977
19.274749755859375
30.60149383544922
25.962053298950195
34.22789764404297
24.909034729003906
32.78974914550781
24.758895874023438
27.81769371032715
36.482452392578125
22.559450149536133
27.04729461669922
24.401973724365234
37.1587028503418
34.689300537109375
30.47321128845215
26.981334686279297
34.24030303955078
33.772918701171875
27.04897689819336
36.880760192871094
36.11422348022461
31.83748435974121
35.324119567871094
35.838809967041016
37.10205078125
26.91606330871582
40.66575622558594
36.270389556884766
38.77201461791992
39.79359817504883
42.6064453125
32.368980407714844
31.52573013305664
37.60211181640625
31.52359390258789
36.25448226928711
39.33708572387695
39.21644973754883
36.18083190917969
33.94773864746094
33.3672981262207
37.425418853759766
29.146310806274414
25.958786010742188
32.1107063293457
20.10657501220703
38.1393928527832
39.75873947143555
35.4037971496582
37.140846252441406
31.993154525756836
36.02500534057617
36.308387756347656
37.63465118408203
35.71323013305664
32.33439636230469
33.25585174560547
29.07270050048828
27.11515998840332
29.440690994262695
39.54090881347656
30.015100479125977
29.98271942138672
33.1065559387207
25.370769500732422
25.67470932006836
32.80182647705078
28.286161422729492
32.58201217651367
21.36918067932129
21.694820404052734
37.22010803222656
35.502864837646484
30.241374969482422
34.0728759765625
26.41498374938965
35.79825973510742
33.25380325317383
35.458335876464844
29.90447998046875
37.229225158691406
32.362674713134766
32.74489974975586
29.418317794799805
35.1297607421875
27.02155303955078
27.620189666748047
12.771492958068848
19.651220321655273
31.58807373046875
37.46170425415039
36.93885803222656
39.80978775024414
39.53013610839844
38.32444763183594
38.59572982788086
38.64341354370117
36.88302230834961
27.532604217529297
32.73616409301758
32.86423110961914
16.81241226196289
26.364479064941406
32.965599060058594
31.99821662902832
27.786806106567383
35.96201705932617
41.88833999633789
42.88224792480469
34.522090911865234
22.26718521118164
39.62908935546875
39.09700012207031
36.56676483154297
38.169677734375
39.103858947753906
31.880630493164062
17.379119873046875
32.98329544067383
38.21920394897461
32.74187088012695
37.046165466308594
33.1113166809082
30.160114288330078
32.2446174621582
36.115745544433594
35.03814697265625
38.64630126953125
29.297407150268555
28.686809539794922
35.8772087097168
36.638648986816406
38.08469009399414
27.444852828979492
20.818498611450195
32.638851165771484
36.92106246948242
33.23171615600586
31.069538116455078
30.48284339904785
29.710590362548828
29.248924255371094
24.709407806396484
33.26813507080078
40.44965362548828
32.8809928894043
28.69719696044922
36.20063400268555
29.082050323486328
29.658056259155273
36.936649322509766
31.821887969970703
36.352718353271484
37.447486877441406
31.89511489868164
32.73507308959961
37.544857025146484
40.291961669921875
38.769805908203125
35.630409240722656
32.5834846496582
33.58570098876953
37.704078674316406
37.586299896240234
33.483436584472656
32.78880310058594
40.12420654296875
32.15324401855469
36.893882751464844
30.583044052124023
35.649715423583984
40.04121398925781
32.43132019042969
33.17449951171875
40.02273941040039
38.06995391845703
41.148406982421875
27.844125747680664
43.6032600402832
35.445701599121094
55.32441711425781
56.87803268432617
54.5178337097168
30.76419448852539
43.54386520385742
39.56382369995117
38.506797790527344
32.60544204711914
41.33517837524414
31.506006240844727
35.62857437133789
39.65122604370117
34.352500915527344
24.313720703125
38.11760711669922
29.933958053588867
39.51285934448242
38.755409240722656
36.710609436035156
28.08925437927246
30.36887550354004
19.135791778564453
33.66789245605469
23.88856315612793
27.235736846923828
37.29867172241211
36.0947265625
11.01786994934082
29.008211135864258
34.46988296508789
37.23207473754883
37.806976318359375
32.882781982421875
15.61645793914795
29.18857192993164
38.75529861450195
41.62553405761719
32.740299224853516
37.31731414794922
39.86116027832031
36.06375503540039
36.835960388183594
37.6546745300293
41.85408020019531
40.43669509887695
32.22602462768555
30.25243377685547
37.13875961303711
38.88001251220703
38.25406265258789
40.17885971069336
37.30134582519531
27.124177932739258
37.25188064575195
39.49675750732422
37.755401611328125
40.840248107910156
37.4867057800293
35.94527816772461
38.69686508178711
41.94207000732422
37.56776809692383
33.447505950927734
35.807132720947266
41.21316909790039
41.96990203857422
32.30298614501953
34.44821548461914
30.487163543701172
32.000091552734375
30.380897521972656
37.35191345214844
31.87885284423828
23.951356887817383
23.758516311645508
32.154510498046875
38.07550811767578
39.410614013671875
38.24018859863281
29.351882934570312
33.713897705078125
21.025545120239258
22.588144302368164
19.67146110534668
33.34456253051758
36.24197006225586
36.05550003051758
26.0399112701416
33.964210510253906
29.888019561767578
32.858154296875
13.780736923217773
35.04206848144531
21.916580200195312
30.696683883666992
34.483341217041016
34.2367057800293
34.63877868652344
24.041078567504883
35.82036209106445
39.541893005371094
38.179954528808594
38.81577682495117
15.92362117767334
18.22746467590332
28.259918212890625
34.758506774902344
36.8875846862793
36.422950744628906
32.8151969909668
38.339195251464844
36.3248291015625
33.1686897277832
35.22377395629883
28.522632598876953
22.647342681884766
29.709226608276367
32.18192672729492
31.982410430908203
31.816669464111328
39.19746398925781
28.27247428894043
27.590940475463867
35.38442611694336
32.73240661621094
36.57701110839844
23.295997619628906
37.54589080810547
28.51496696472168
34.33675765991211
38.81712341308594
28.238956451416016
34.362945556640625
35.49345397949219
34.2335090637207
29.624460220336914
29.155155181884766
26.2650146484375
34.059478759765625
32.436920166015625
27.508726119995117
14.673772811889648
25.812288284301758
32.829742431640625
33.03575897216797
25.720272064208984
32.77981185913086
35.0174674987793
29.386980056762695
39.41206741333008
39.16513442993164
24.44780731201172
29.356029510498047
33.402400970458984
31.231557846069336
21.948698043823242
29.31879425048828
39.64049530029297
27.856019973754883
35.5174674987793
21.66231346130371
29.902137756347656
21.16654396057129
37.09609603881836
37.722354888916016
33.96729278564453
32.00551986694336
17.932371139526367
30.073637008666992
21.152257919311523
29.520687103271484
26.494218826293945
24.222572326660156
23.204605102539062
34.14175033569336
23.08401107788086
29.670528411865234
28.606637954711914
31.345468521118164
36.278446197509766
42.22077560424805
41.93697738647461
29.480335235595703
30.709468841552734
41.658409118652344
39.15134048461914
27.479286193847656
34.936553955078125
35.40436553955078
29.76490592956543
26.337146759033203
36.931053161621094
34.60519027709961
32.51852798461914
33.46522521972656
30.048404693603516
9.47115421295166
19.0267391204834
33.80537796020508
23.723636627197266
33.75898361206055
31.498844146728516
34.60637664794922
40.171119689941406
38.472373962402344
30.55123519897461
35.592994689941406
25.766826629638672
25.31035804748535
26.951866149902344
35.38016128540039
33.70566177368164
37.210628509521484
36.81403350830078
28.43804359436035
31.31209945678711
34.77046203613281
27.705615997314453
33.378570556640625
35.63115692138672
31.04369354248047
29.89208221435547
37.36132049560547
24.49542999267578
37.923954010009766
24.47268295288086
33.91645812988281
38.52833938598633
34.970699310302734
33.768096923828125
35.02452850341797
31.453227996826172
42.557090759277344
33.10682678222656
42.71092224121094
43.643699645996094
46.479736328125
43.143592834472656
47.56295394897461
46.74863815307617
59.312686920166016
62.62385940551758
60.27245330810547
46.03274154663086
49.18645477294922
42.37928771972656
44.54927062988281
37.74445343017578
35.74729537963867
39.95762252807617
42.459442138671875
32.891868591308594
36.32579803466797
30.567306518554688
36.634422302246094
29.087799072265625
40.59743118286133
34.508583068847656
41.13675308227539
33.897254943847656
40.53889846801758
28.080427169799805
37.441654205322266
32.27996826171875
32.23497772216797
34.37405776977539
40.73234176635742
34.81586837768555
33.1512336730957
34.6577262878418
34.486793518066406
35.65165328979492
32.287864685058594
31.058055877685547
28.503704071044922
33.74307632446289
36.81475830078125
28.73349952697754
31.887874603271484
26.50138282775879
31.114850997924805
37.978248596191406
30.331789016723633
42.46249008178711
32.86321258544922
37.8391227722168
40.30937957763672
38.85276794433594
39.88199234008789
3.773832082748413
36.86261749267578
35.50270080566406
26.458324432373047
33.95182418823242
27.84200668334961
36.212886810302734
28.30496597290039
20.101957321166992
33.583702087402344
34.98760986328125
29.288814544677734
29.075159072875977
31.619144439697266
30.444040298461914
27.169166564941406
36.09366989135742
