69.5903549194336
70.40816497802734
75.39130401611328
65.38410949707031
76.2167739868164
76.157958984375
76.38312530517578
79.62469482421875
72.31831359863281
77.6207046508789
71.33348083496094
69.91099548339844
72.69313049316406
60.49488067626953
70.75033569335938
67.5467758178711
64.035400390625
68.1603012084961
68.49616241455078
67.07168579101562
66.41123962402344
68.7316665649414
67.25173950195312
63.05895233154297
71.37773132324219
63.49357604980469
71.90494537353516
72.8613052368164
70.24781036376953
75.38681030273438
64.42779541015625
72.34937286376953
65.0938491821289
63.81913757324219
70.12163543701172
60.76811218261719
63.12196350097656
65.31057739257812
55.5649299621582
62.346744537353516
61.35039520263672
56.78986740112305
64.57996368408203
65.13594818115234
64.04615020751953
63.89735412597656
66.56636810302734
65.48983764648438
62.76203918457031
67.3916015625
68.86670684814453
63.61695098876953
71.82322692871094
69.097900390625
69.06100463867188
71.8218994140625
68.42315673828125
72.82929992675781
73.44245147705078
69.20106506347656
74.54403686523438
73.85525512695312
71.77474212646484
77.01548767089844
72.99772644042969
74.07354736328125
78.35162353515625
69.892822265625
77.49813842773438
78.47279357910156
70.68353271484375
80.00175476074219
77.33036041259766
74.13016510009766
81.39905548095703
74.8261947631836
78.59646606445312
82.5134506225586
66.91885375976562
82.62078094482422
83.22671508789062
73.53189849853516
86.48123168945312
82.79381561279297
85.4933090209961
89.48652648925781
84.49365997314453
90.91730499267578
86.93515014648438
87.65238952636719
89.27818298339844
80.97946166992188
88.63684844970703
85.7241439819336
82.75365447998047
88.78813171386719
81.95708465576172
86.80538177490234
88.26029205322266
80.8932113647461
89.18206787109375
85.6541976928711
86.07539367675781
89.1402359008789
80.47644805908203
88.29901123046875
84.94059753417969
82.06049346923828
86.67918395996094
70.81849670410156
83.88409423828125
82.39497375488281
73.4959487915039
83.04226684570312
76.18408966064453
78.81317138671875
80.55104064941406
75.09272766113281
79.08821868896484
77.27635955810547
78.73734283447266
77.79903411865234
77.4578628540039
80.407470703125
71.52045440673828
81.35458374023438
79.66162872314453
77.18717193603516
85.22882843017578
78.76384735107422
87.07289123535156
88.31623077392578
87.58277130126953
91.3806381225586
87.41393280029297
91.09131622314453
89.53356170654297
88.70845794677734
91.47679138183594
87.1938705444336
91.48458862304688
88.83831024169922
87.50032806396484
88.31975555419922
74.36063385009766
84.9842758178711
83.16277313232422
68.88289642333984
83.83765411376953
84.49935913085938
68.37646484375
88.07427978515625
86.49940490722656
87.47166442871094
92.03614807128906
85.57282257080078
92.11319732666016
88.39958953857422
87.51006317138672
90.87195587158203
80.01298522949219
89.18608856201172
88.43879699707031
79.25218200683594
90.01852416992188
84.62321472167969
85.48548889160156
89.79376983642578
74.74237060546875
89.13507843017578
88.43920135498047
78.81929779052734
90.37220001220703
84.20417022705078
86.87598419189453
89.91791534423828
64.44698333740234
89.55339813232422
85.35347747802734
83.28324127197266
87.82430267333984
80.92188262939453
84.59449005126953
86.25535583496094
81.21858978271484
84.69478607177734
86.28014373779297
80.05325317382812
86.25141143798828
85.3828353881836
80.04092407226562
87.18890380859375
82.9263687133789
83.3326416015625
87.27972412109375
77.8201675415039
85.73082733154297
86.25254821777344
76.36870574951172
87.1190185546875
83.98017120361328
80.80167388916016
87.66077423095703
78.9001693725586
85.18721771240234
87.13511657714844
63.45233917236328
87.37267303466797
84.99652862548828
79.73898315429688
88.07157135009766
80.36183166503906
85.79435729980469
88.19126892089844
76.5877456665039
88.92092895507812
86.91498565673828
85.72222900390625
90.264404296875
83.5200424194336
89.48477172851562
87.39583587646484
84.3817138671875
88.57630920410156
79.77788543701172
85.39170837402344
84.47286987304688
75.69783020019531
84.45288848876953
78.2669906616211
78.66497039794922
82.25471496582031
66.6329116821289
80.1346664428711
79.31897735595703
65.79654693603516
79.71865844726562
74.79713439941406
73.96292114257812
79.02059936523438
69.45919036865234
75.167236328125
78.27095031738281
60.4678840637207
79.04403686523438
75.34257507324219
73.6047592163086
78.76741027832031
63.16256332397461
77.2495346069336
76.75901794433594
65.58380126953125
78.28646087646484
72.32745361328125
72.87944030761719
78.00315856933594
65.48101043701172
77.05966186523438
77.0103759765625
65.68414306640625
78.1764907836914
75.38775634765625
72.07404327392578
80.40530395507812
63.56298065185547
79.52435302734375
76.26014709472656
74.15225982666016
77.504150390625
72.93154907226562
75.706298828125
75.8882064819336
75.95989990234375
74.57765197753906
76.7213363647461
77.42948913574219
72.17068481445312
80.46841430664062
71.44466400146484
79.20924377441406
80.8134765625
66.52412414550781
81.89492797851562
77.33667755126953
78.54827880859375
83.2748031616211
70.6197280883789
82.8315200805664
82.95835876464844
75.62242889404297
85.6998519897461
81.80718231201172
84.43920135498047
87.6753921508789
82.9058837890625
89.41966247558594
87.16281127929688
87.73451232910156
88.92816925048828
82.61226654052734
87.92831420898438
83.47871398925781
82.80445861816406
86.07051849365234
74.51779174804688
83.81400299072266
83.45616149902344
71.83546447753906
84.22146606445312
79.11298370361328
78.62157440185547
83.72159576416016
71.88204193115234
81.51885223388672
82.36298370361328
61.33769607543945
83.09366607666016
80.346923828125
75.46600341796875
83.57473754882812
75.86050415039062
80.40048217773438
83.4963607788086
63.12354278564453
82.93379974365234
82.01688385009766
72.59033203125
84.73110961914062
79.75851440429688
80.60481262207031
85.43023681640625
74.52577209472656
85.22705841064453
85.58465576171875
81.6422348022461
88.99653625488281
84.77410888671875
88.88951110839844
87.06553649902344
83.18460845947266
86.50921630859375
75.593017578125
82.76887512207031
81.68500518798828
68.35404205322266
81.76898956298828
77.10860443115234
75.31028747558594
80.22314453125
73.58919525146484
76.80989837646484
78.57254791259766
73.02947235107422
76.84644317626953
78.00775146484375
72.68682861328125
76.96095275878906
77.44473266601562
69.60430908203125
78.3564224243164
75.1736068725586
72.28334045410156
78.63184356689453
70.91029357910156
76.29558563232422
79.67292022705078
64.31594848632812
80.78076934814453
78.25253295898438
78.6856918334961
81.47753143310547
71.63247680664062
80.7475357055664
74.75446319580078
74.22169494628906
78.2464828491211
63.95941162109375
74.6136703491211
74.17371368408203
65.9399185180664
74.14144897460938
73.73060607910156
64.17150115966797
76.40033721923828
76.11499786376953
71.46580505371094
81.42850494384766
75.53999328613281
82.14688873291016
80.56761932373047
77.59809875488281
82.02287292480469
72.50846099853516
79.81355285644531
78.87930297851562
69.25838470458984
80.1039810180664
73.95240020751953
74.80059814453125
79.10282897949219
68.29729461669922
76.51820373535156
79.0494384765625
62.80209732055664
80.51506042480469
79.63737487792969
74.40663146972656
82.52425384521484
71.95642852783203
80.30294799804688
81.32967376708984
63.05428695678711
81.97988891601562
78.1448745727539
75.82948303222656
82.22674560546875
71.24491882324219
80.08312225341797
81.29399108886719
62.71651840209961
82.199462890625
79.6576919555664
75.15298461914062
82.87635803222656
74.3454818725586
80.57257080078125
82.54193115234375
62.52399444580078
82.32860565185547
80.28199768066406
74.97628021240234
83.479736328125
75.95698547363281
80.50482177734375
83.25508880615234
66.41018676757812
82.20472717285156
81.7712173461914
72.56938934326172
84.15961456298828
79.60591125488281
79.8490219116211
85.34253692626953
71.94123840332031
84.83879852294922
84.55729675292969
77.08170318603516
87.02936553955078
81.12842559814453
85.05892944335938
87.26204681396484
77.41191864013672
87.74860382080078
80.8268814086914
83.18146514892578
84.91146850585938
66.40617370605469
83.15097045898438
81.53173828125
75.512451171875
82.50843048095703
81.06844329833984
76.05634307861328
83.15375518798828
80.10842895507812
78.25067138671875
84.61841583251953
76.26996612548828
83.05235290527344
85.6258316040039
67.89973449707031
87.18553161621094
84.99275970458984
83.72956848144531
89.441650390625
81.71764373779297
89.32329559326172
87.52191925048828
84.76812744140625
89.32976531982422
79.65227508544922
86.98998260498047
86.11951446533203
76.84980773925781
86.95901489257812
80.45010375976562
81.73119354248047
85.55670928955078
69.63866424560547
83.70506286621094
83.20951843261719
71.60486602783203
83.6517562866211
81.40139770507812
75.25765991210938
84.94387817382812
78.06124877929688
82.5050277709961
84.4537124633789
64.24292755126953
83.67964935302734
80.91731262207031
75.5621109008789
84.17398834228516
77.77984619140625
80.6552963256836
84.0110092163086
62.69639587402344
83.40643310546875
81.68856048583984
75.27738189697266
84.24171447753906
76.98937225341797
81.01921081542969
83.36996459960938
38.25840377807617
82.94231414794922
79.7237777709961
74.686279296875
82.49714660644531
76.13945007324219
78.5047607421875
82.82910919189453
62.077476501464844
82.51657104492188
78.26811981201172
73.68089294433594
80.64875030517578
75.11371612548828
75.58981323242188
80.86360168457031
68.6281967163086
79.7055435180664
79.90691375732422
70.79326629638672
82.02356719970703
75.42134094238281
79.25104522705078
79.62255096435547
61.24416732788086
78.41105651855469
75.36161804199219
68.89462280273438
78.07757568359375
72.89786529541016
74.02423858642578
78.51978302001953
63.98396301269531
76.64520263671875
77.23371887207031
68.7054214477539
80.30632019042969
76.53065490722656
79.10454559326172
81.14788818359375
73.65596008300781
80.18424224853516
74.87098693847656
75.80009460449219
78.16397094726562
57.03446960449219
76.07182312011719
76.08904266357422
59.734840393066406
77.63356018066406
75.3971939086914
70.75250244140625
79.18126678466797
69.15413665771484
78.44403839111328
77.87761688232422
69.90184783935547
79.4638900756836
71.8126449584961
75.32905578613281
77.86802673339844
