69.22188568115234
70.30453491210938
75.07803344726562
66.3413314819336
76.78654479980469
76.90318298339844
76.15706634521484
79.18212890625
71.33330535888672
77.55770111083984
70.82231140136719
71.10681915283203
73.71830749511719
65.00027465820312
71.65547943115234
69.36678314208984
69.3062744140625
70.28152465820312
65.06314086914062
68.585693359375
67.41675567626953
67.81283569335938
69.2101821899414
68.2336654663086
71.53571319580078
64.75767517089844
70.49164581298828
72.64007568359375
67.76459503173828
75.97026062011719
63.77762222290039
72.88540649414062
69.8690185546875
64.15565490722656
69.85897827148438
62.383811950683594
66.53662109375
65.59341430664062
61.50233840942383
66.21300506591797
64.136474609375
64.0882339477539
63.6883430480957
65.6810531616211
65.28836059570312
63.63587951660156
66.91439056396484
67.83202362060547
64.72948455810547
67.91954040527344
68.7702407836914
67.08335876464844
71.20341491699219
69.67247009277344
69.70225524902344
73.33061218261719
68.76638793945312
72.4433364868164
73.9553451538086
67.72676849365234
74.87171173095703
74.25004577636719
71.25469970703125
76.70918273925781
73.40763854980469
74.34576416015625
77.67205810546875
72.34718322753906
77.00778198242188
78.16902160644531
70.73603057861328
79.69071960449219
77.41787719726562
73.33051300048828
80.96028900146484
75.0634994506836
78.21406555175781
82.50492858886719
70.30268859863281
82.29843139648438
82.65677642822266
71.760009765625
86.08008575439453
82.63848114013672
84.72005462646484
89.11512756347656
83.86903381347656
90.61212921142578
86.96115112304688
87.64460754394531
89.3075180053711
80.93392181396484
88.33393096923828
86.1881332397461
83.09117126464844
88.74107360839844
82.25653076171875
86.77129364013672
88.03694915771484
80.95978546142578
89.31646728515625
85.69483947753906
85.93395233154297
88.70997619628906
79.92254638671875
87.7776870727539
84.22821807861328
81.90729522705078
86.07038879394531
70.26091003417969
83.28327178955078
81.84748077392578
73.23086547851562
82.44462585449219
76.22305297851562
77.9656753540039
80.02951049804688
75.58463287353516
78.97998046875
77.15757751464844
78.17741394042969
76.66253662109375
78.07573699951172
79.7056655883789
68.34461212158203
81.93751525878906
78.89469909667969
79.64947509765625
85.82709503173828
81.08915710449219
88.71730041503906
87.86787414550781
88.6620101928711
90.483642578125
86.28755187988281
90.65415954589844
87.91769409179688
88.50631713867188
90.89433288574219
87.04548645019531
91.35623931884766
87.74371337890625
87.43842315673828
87.81998443603516
73.63371276855469
84.79077911376953
82.60734558105469
71.25885772705078
83.63221740722656
83.70723724365234
70.6944808959961
87.5998764038086
85.59388732910156
87.06116485595703
91.22357177734375
84.54657745361328
91.39932250976562
87.24456787109375
86.86946105957031
90.08547973632812
79.07963562011719
88.87586975097656
87.8570327758789
79.04985046386719
89.57208251953125
83.81334686279297
85.10308074951172
89.4038314819336
73.8945541381836
88.23497772216797
87.85282897949219
78.2442855834961
89.83106994628906
83.53910064697266
86.3435287475586
89.2835922241211
60.42708969116211
88.9019546508789
84.75101470947266
82.4687728881836
87.06912994384766
80.84503936767578
83.73490142822266
86.01237487792969
80.84016418457031
84.44146728515625
85.9223861694336
78.39171600341797
86.03073120117188
85.18860626220703
78.86731719970703
86.90849304199219
82.61470794677734
82.99198913574219
87.22964477539062
77.91542053222656
85.62582397460938
86.21189880371094
74.93623352050781
87.04312133789062
83.84228515625
80.69975280761719
87.63539123535156
78.38632202148438
85.23629760742188
87.158935546875
62.35519027709961
87.65824890136719
85.30844116210938
81.12093353271484
88.70974731445312
80.7336654663086
86.93196868896484
88.66631317138672
80.40866088867188
90.0203628540039
87.0777816772461
87.56491088867188
90.26861572265625
83.17906188964844
89.43192291259766
85.82470703125
84.05974578857422
87.4630126953125
76.87593078613281
84.78831481933594
83.3703842163086
74.25982666015625
84.0721664428711
77.1951675415039
78.20785522460938
81.95059204101562
64.84239959716797
79.57862091064453
79.0917739868164
66.43384552001953
79.73763275146484
74.67665100097656
72.82050323486328
78.40863037109375
68.98868560791016
75.87218475341797
77.97014617919922
60.36955261230469
78.65572357177734
74.24308013916016
72.98474884033203
78.0411605834961
62.60306167602539
76.43893432617188
75.57856750488281
64.28467559814453
77.80638885498047
71.8155288696289
72.80160522460938
76.97100067138672
64.65755462646484
76.328857421875
76.02758026123047
61.876522064208984
77.64918518066406
74.9294204711914
74.55244445800781
80.10062408447266
59.872406005859375
79.80896759033203
73.54498291015625
74.3049087524414
76.61833953857422
72.60469818115234
75.09828186035156
73.91878509521484
75.51315307617188
73.92349243164062
75.69213104248047
77.46961975097656
70.6404800415039
80.40461730957031
70.71378326416016
79.0472183227539
80.21886444091797
68.17707061767578
81.75955200195312
77.49177551269531
78.29911804199219
82.71211242675781
69.66366577148438
82.6474380493164
82.3876953125
75.67367553710938
85.326416015625
81.33494567871094
83.95975494384766
87.2857437133789
82.7169189453125
89.0147705078125
86.9249038696289
87.62450408935547
88.81486511230469
83.00357055664062
87.80840301513672
83.72657775878906
82.92279815673828
85.74403381347656
74.93431854248047
83.80230712890625
82.99327850341797
72.59132385253906
84.04875946044922
78.7496566772461
78.63066101074219
83.60297393798828
71.2271957397461
81.32636260986328
82.13929748535156
64.24323272705078
82.7373046875
79.80372619628906
75.64514923095703
83.11610412597656
75.342529296875
79.86559295654297
82.9531021118164
62.11027908325195
82.6802749633789
82.1152572631836
72.34598541259766
84.44815063476562
79.75013732910156
80.5667724609375
85.43083190917969
75.30780792236328
85.4643325805664
85.82231140136719
83.02481842041016
89.3060073852539
84.30282592773438
88.73805236816406
85.6826400756836
82.44539642333984
85.72542572021484
72.17797088623047
82.14824676513672
81.32960510253906
68.51321411132812
81.470703125
76.85212707519531
75.11227416992188
79.53579711914062
74.04682159423828
76.2886734008789
78.37458038330078
73.64730072021484
75.59615325927734
77.27361297607422
71.78317260742188
76.07372283935547
76.83763885498047
68.14600372314453
77.61849975585938
75.40261840820312
71.05009460449219
78.69542694091797
72.10296630859375
76.34625244140625
79.54540252685547
65.59532928466797
81.27291107177734
77.54098510742188
77.73478698730469
81.14573669433594
71.37540435791016
79.877197265625
74.6758804321289
73.5555191040039
77.51734161376953
63.76644515991211
73.9999008178711
74.43660736083984
63.43061065673828
73.88688659667969
74.50012969970703
60.62204360961914
76.85405731201172
76.04000091552734
73.8176040649414
81.40827178955078
74.51927947998047
81.92603302001953
79.88632202148438
77.43379974365234
81.58415222167969
69.6338882446289
79.5931167602539
78.61265563964844
68.86882781982422
80.0013656616211
74.30885314941406
74.50172424316406
79.20879364013672
69.04071044921875
75.86282348632812
79.15535736083984
64.02806854248047
80.88109588623047
79.28267669677734
74.41366577148438
82.30786895751953
72.25819396972656
80.05886840820312
80.88897705078125
64.52095794677734
81.47562408447266
78.05216217041016
75.41881561279297
81.89266204833984
71.83087921142578
79.32559967041016
81.01457214355469
61.86271667480469
81.69483184814453
79.18264770507812
74.24291229248047
82.56546783447266
74.2481918334961
79.79837799072266
81.76348114013672
61.74260711669922
81.91726684570312
79.97212219238281
74.6072769165039
82.70286560058594
75.7597427368164
79.0575180053711
82.7056655883789
65.89170837402344
82.0395278930664
81.48887634277344
69.98845672607422
83.8320083618164
79.42301940917969
80.04073333740234
84.9569320678711
71.74546813964844
84.4482421875
84.09758758544922
77.58805084228516
86.69239044189453
80.26248168945312
84.81594848632812
86.5977783203125
78.06979370117188
86.94107055664062
79.47959899902344
82.54020690917969
84.0224838256836
67.56718444824219
82.36580657958984
81.0765609741211
74.56912231445312
81.84954071044922
80.63292694091797
75.40486145019531
83.14656066894531
79.31497192382812
77.69493865966797
84.46402740478516
75.7418212890625
82.83515930175781
85.34351348876953
66.84663391113281
86.93400573730469
84.4520492553711
83.80509948730469
89.1520767211914
81.0293960571289
89.22145080566406
87.07762145996094
84.3839111328125
88.80876922607422
78.6938705444336
86.59712982177734
85.41929626464844
76.72897338867188
86.48921966552734
79.55117797851562
81.66402435302734
84.98103332519531
69.20734405517578
83.01947021484375
82.74848175048828
70.6236801147461
83.49335479736328
81.2037582397461
75.13542938232422
85.07758331298828
77.04865264892578
82.67424011230469
83.75822448730469
66.48060607910156
83.6151123046875
80.79901123046875
75.57372283935547
83.66587829589844
76.27743530273438
80.4381332397461
83.10081481933594
63.62925338745117
83.1457748413086
81.27513885498047
74.84590148925781
83.73236083984375
76.04794311523438
80.5604476928711
82.78449249267578
46.39255142211914
82.26846313476562
79.26761627197266
74.614990234375
81.68220520019531
75.65328216552734
77.43354797363281
82.06341552734375
58.28196334838867
81.2680435180664
77.52701568603516
72.29305267333984
79.98668670654297
74.36190795898438
75.37132263183594
80.29617309570312
68.5701904296875
79.5168685913086
79.65104675292969
71.48011016845703
81.53364562988281
74.27449798583984
78.94332122802734
79.04407501220703
62.78668975830078
78.00354766845703
73.83881378173828
68.07147979736328
77.2767105102539
71.16702270507812
73.97521209716797
77.52506256103516
61.064334869384766
76.66365051269531
77.31822204589844
67.16653442382812
79.73290252685547
75.0371322631836
78.41295623779297
80.20658874511719
71.44113159179688
79.94489288330078
73.8224105834961
73.69225311279297
77.51546478271484
62.62077331542969
75.41169738769531
76.18187713623047
57.631683349609375
77.65486907958984
75.48648834228516
70.1338119506836
79.2254638671875
69.58756256103516
78.18270111083984
77.9059066772461
67.25623321533203
78.8824234008789
71.7818832397461
73.48609924316406
77.83739471435547
