76.53176879882812
61.965946197509766
70.2952651977539
60.90431213378906
58.2679443359375
66.59874725341797
74.5601577758789
83.16191101074219
70.85681915283203
66.3567123413086
64.94841766357422
61.832237243652344
65.719970703125
62.3682746887207
58.221588134765625
60.07539367675781
49.881168365478516
71.38964080810547
68.21236419677734
63.879241943359375
62.62883377075195
61.15626525878906
60.8516960144043
61.5378303527832
61.05966567993164
61.78403091430664
64.56332397460938
74.22013854980469
85.8037338256836
68.3398208618164
63.4943962097168
60.27744674682617
57.40081024169922
57.714202880859375
58.064388275146484
61.98827362060547
47.308712005615234
61.130943298339844
69.07022094726562
68.10614776611328
67.31797790527344
65.6339340209961
65.52735137939453
60.30766296386719
61.45064163208008
62.94120407104492
63.18006134033203
65.23089599609375
71.53730010986328
95.07792663574219
70.50206756591797
66.52757263183594
70.09196472167969
59.55402374267578
66.8124008178711
76.7220230102539
53.77755355834961
57.455772399902344
66.1934814453125
56.6451301574707
55.39285659790039
68.26953125
53.00004196166992
54.91597366333008
78.87397003173828
62.493858337402344
63.00243377685547
61.675235748291016
65.40401458740234
73.6244888305664
97.8223648071289
72.1972427368164
67.91960906982422
64.20902252197266
57.312843322753906
57.889190673828125
47.84156799316406
58.31599044799805
48.675025939941406
55.02485656738281
64.7396011352539
58.764156341552734
55.09886169433594
51.789363861083984
48.65012741088867
64.86834716796875
49.19447326660156
48.855594635009766
59.1415901184082
61.07283020019531
65.45320129394531
83.11393737792969
68.3484878540039
62.76595687866211
56.68301773071289
58.98094940185547
53.615882873535156
54.82886505126953
57.31110382080078
58.54844284057617
60.2552604675293
57.8682975769043
62.80699920654297
53.37200927734375
53.66093444824219
46.905582427978516
59.77703094482422
67.89537811279297
53.26556396484375
54.255619049072266
55.024288177490234
58.42148971557617
72.1808090209961
59.64478302001953
54.446163177490234
45.15304946899414
45.96237564086914
56.88093566894531
59.972103118896484
48.57044219970703
41.7642707824707
54.957435607910156
55.71465301513672
70.32733917236328
61.978858947753906
60.60649871826172
57.71873092651367
56.82749938964844
52.334632873535156
52.98973083496094
40.77981948852539
54.75175857543945
51.30637741088867
52.20906066894531
50.6236686706543
48.12998962402344
29.08531951904297
39.52845764160156
48.253257751464844
49.57426834106445
44.76239776611328
40.520172119140625
46.78184509277344
44.525901794433594
56.887916564941406
46.37269973754883
38.740684509277344
38.62514877319336
45.17741394042969
39.51237106323242
49.17559814453125
43.74909210205078
