89.88941192626953
77.82854461669922
71.08557891845703
75.3307876586914
71.97100830078125
73.55779266357422
74.65145874023438
80.21488189697266
69.44113159179688
67.69450378417969
67.96987915039062
66.78693389892578
63.39921951293945
65.64875030517578
65.31688690185547
65.07219696044922
58.845157623291016
70.87498474121094
68.57646179199219
66.93278503417969
66.92831420898438
63.86129379272461
64.27342987060547
65.0501937866211
63.32421875
66.9221420288086
63.0013313293457
66.33899688720703
76.52308654785156
62.192562103271484
61.86802291870117
60.07624435424805
61.10352325439453
61.50241470336914
60.9439697265625
64.31363677978516
60.87687683105469
65.59261322021484
69.90548706054688
68.27940368652344
63.16341781616211
63.182098388671875
59.446144104003906
62.989349365234375
66.22516632080078
61.53628158569336
63.27422332763672
66.41447448730469
71.35335540771484
93.14598083496094
63.11075973510742
57.77109909057617
67.19235229492188
53.813194274902344
60.65517044067383
74.8668212890625
58.33222198486328
57.50203323364258
77.33296203613281
58.62073516845703
61.765506744384766
66.61544036865234
56.75186538696289
59.585025787353516
74.9587631225586
57.504661560058594
55.07474899291992
58.41021728515625
51.84792709350586
64.5992431640625
90.41490936279297
68.47071075439453
63.251121520996094
62.93506622314453
60.74123001098633
61.536067962646484
60.83399200439453
59.98919677734375
56.48348617553711
56.883487701416016
64.1812515258789
58.506492614746094
56.67089080810547
55.772491455078125
59.1898193359375
68.55522918701172
52.84250259399414
59.240169525146484
60.86356735229492
65.05079650878906
65.36319732666016
82.4044189453125
66.59658813476562
57.69478988647461
59.2150764465332
55.4243049621582
58.632530212402344
60.84117126464844
57.485069274902344
55.01729965209961
52.106204986572266
55.355167388916016
59.51630783081055
51.88005065917969
53.01671600341797
52.63283157348633
53.572330474853516
66.55648040771484
49.29985809326172
55.09184646606445
53.059593200683594
52.30937194824219
60.268165588378906
60.72282028198242
56.0471305847168
61.137969970703125
51.535972595214844
57.94736099243164
54.50864791870117
54.104820251464844
49.1375617980957
49.21197509765625
60.22548294067383
61.745018005371094
28.557811737060547
50.92929458618164
53.29514694213867
53.00019073486328
46.11095428466797
55.807212829589844
50.604095458984375
42.7906379699707
59.081703186035156
49.66923141479492
52.969566345214844
52.81275177001953
54.090824127197266
53.24906921386719
52.74056625366211
53.3937873840332
52.53901672363281
52.794708251953125
52.63412094116211
50.34550094604492
57.85760498046875
49.03761291503906
55.672325134277344
52.65135955810547
53.30419158935547
53.463836669921875
55.69969177246094
54.60615539550781
