90.88277435302734
77.78598022460938
63.87077331542969
58.267974853515625
62.31666946411133
66.92475128173828
70.40573120117188
76.35615539550781
64.1475601196289
59.1185188293457
58.47346115112305
59.59347152709961
62.08314895629883
58.9874382019043
58.60052490234375
55.54973220825195
60.406368255615234
69.27269744873047
54.64474868774414
48.880088806152344
55.41035842895508
48.06501388549805
51.41835021972656
53.00364303588867
50.80528259277344
51.79141616821289
59.24034881591797
65.61048889160156
80.22586822509766
63.147621154785156
61.356101989746094
54.9951057434082
57.14115905761719
56.751502990722656
49.70203399658203
50.34150314331055
51.430843353271484
45.817134857177734
62.026859283447266
63.3683967590332
59.132530212402344
58.841182708740234
54.533626556396484
50.95913314819336
57.814788818359375
56.86176681518555
57.01799774169922
59.09807586669922
64.00531768798828
89.33343505859375
63.91862869262695
57.6101188659668
63.34060287475586
56.46763610839844
51.42136764526367
68.7564697265625
54.46726608276367
33.98670959472656
65.86441040039062
45.076324462890625
59.225730895996094
57.28748321533203
53.05060577392578
50.892269134521484
73.09213256835938
56.75463104248047
55.982261657714844
58.369075775146484
57.70161819458008
64.02996063232422
88.68799591064453
62.20366668701172
53.42376708984375
48.16382598876953
52.86731719970703
51.315425872802734
57.155296325683594
38.56211853027344
45.23738479614258
43.703636169433594
48.10314178466797
51.01923370361328
48.07622146606445
45.05402374267578
37.226802825927734
55.58118438720703
56.81718063354492
50.8088493347168
54.354339599609375
53.54985809326172
62.39289474487305
77.74102783203125
63.30077362060547
55.46330261230469
53.4443359375
55.74176788330078
45.493167877197266
46.399600982666016
48.32833480834961
39.767024993896484
43.84076690673828
41.3591194152832
56.977935791015625
50.65446853637695
45.360958099365234
35.652008056640625
51.250431060791016
51.80821228027344
48.8723258972168
47.83732986450195
51.145408630371094
51.57193374633789
67.25464630126953
56.87767028808594
48.14457321166992
34.327274322509766
44.41345977783203
45.53144073486328
35.25689697265625
50.749454498291016
45.12120819091797
47.067020416259766
45.17828369140625
57.41382598876953
45.565975189208984
54.8891487121582
47.16644287109375
47.98986053466797
44.75862503051758
31.779327392578125
50.24787521362305
41.27872848510742
50.63840866088867
50.721073150634766
42.060447692871094
35.261199951171875
30.433822631835938
37.92393112182617
30.65329933166504
18.854150772094727
36.150184631347656
37.44540023803711
35.19758987426758
39.22672653198242
39.68804931640625
36.2984733581543
39.89421844482422
33.82847595214844
35.792442321777344
39.08210372924805
41.85444641113281
39.2967414855957
