87.67312622070312
73.39286804199219
76.0259017944336
71.8692626953125
64.30559539794922
55.04628372192383
67.98916625976562
81.81156921386719
70.81785583496094
69.22879791259766
67.13512420654297
66.20677185058594
69.45220947265625
61.690406799316406
60.46682357788086
63.39583206176758
56.96610641479492
69.48056030273438
70.21363830566406
67.07269287109375
65.5308609008789
65.53919219970703
64.32978057861328
63.87836837768555
65.5242691040039
65.17719268798828
66.123779296875
68.60808563232422
80.37513732910156
52.90446472167969
48.14751052856445
52.459144592285156
51.6179313659668
53.349327087402344
42.29312515258789
54.63650131225586
39.79987335205078
46.609336853027344
58.638031005859375
63.89744186401367
64.16875457763672
62.14408493041992
61.385128021240234
63.27896499633789
62.11636734008789
62.701969146728516
66.4467544555664
65.52235412597656
71.80107116699219
95.1796875
69.15863037109375
62.40349197387695
66.1822738647461
57.48016357421875
54.34468078613281
70.28106689453125
45.82886505126953
47.90701675415039
70.01776123046875
56.48472595214844
59.29067611694336
52.09380340576172
57.53166961669922
56.2298583984375
79.31497955322266
51.796512603759766
58.579532623291016
58.43473434448242
59.12415313720703
67.9953384399414
93.07137298583984
68.89215850830078
65.51764678955078
62.258846282958984
59.41004180908203
58.32314682006836
50.95193862915039
52.64773178100586
55.647544860839844
60.0502815246582
53.96162796020508
49.06243133544922
54.23244094848633
52.282047271728516
50.254486083984375
59.8863639831543
50.46785354614258
59.71809768676758
57.36729049682617
54.82759475708008
59.04188919067383
70.0035171508789
46.806800842285156
47.79939651489258
51.3546257019043
39.287044525146484
49.48427963256836
46.779449462890625
47.80675506591797
53.02482223510742
40.687469482421875
53.93686294555664
65.89739990234375
55.46533966064453
53.274681091308594
52.29266357421875
56.09553527832031
63.53071594238281
53.857295989990234
56.72278594970703
55.34132385253906
59.00571823120117
65.07365417480469
55.57875442504883
55.58738327026367
48.38749313354492
51.57164001464844
49.11616516113281
39.0577278137207
51.03302764892578
48.315147399902344
45.48403549194336
48.47345733642578
65.32719421386719
57.72233581542969
55.228328704833984
38.699275970458984
59.04037857055664
44.32381820678711
52.062625885009766
48.341800689697266
47.230709075927734
49.368141174316406
23.950706481933594
46.38848876953125
51.18470764160156
50.31956100463867
47.62251663208008
50.21114730834961
47.462738037109375
45.33113098144531
49.064544677734375
50.2733268737793
47.46684265136719
53.195674896240234
44.091339111328125
49.900638580322266
49.672298431396484
47.89679718017578
46.248897552490234
47.010074615478516
48.063209533691406
