87.36956787109375
68.27259826660156
72.78729248046875
68.79289245605469
54.52216339111328
64.58338928222656
70.66969299316406
84.18264770507812
70.40116882324219
67.82545471191406
67.0689926147461
62.19429397583008
79.60333251953125
63.55681228637695
59.64012145996094
62.25603103637695
66.56998443603516
74.62381744384766
59.03419876098633
49.39542007446289
55.35136413574219
50.39750671386719
56.11470413208008
53.948883056640625
62.92634201049805
61.03410339355469
56.477298736572266
72.71478271484375
87.28833770751953
72.89707946777344
68.08425903320312
59.33804702758789
61.547786712646484
57.841339111328125
68.32979583740234
49.73260498046875
49.305992126464844
57.71707534790039
63.522300720214844
66.04219055175781
61.915557861328125
63.140254974365234
61.38064956665039
61.57915496826172
57.15533447265625
60.604976654052734
64.72682189941406
67.06417083740234
70.92948913574219
95.56632995605469
70.17887115478516
65.23458862304688
68.04006958007812
59.7589225769043
62.276512145996094
74.93435668945312
59.61405944824219
51.95429611206055
73.94406127929688
61.965694427490234
58.100311279296875
69.90083312988281
48.75173568725586
58.7325439453125
75.68473052978516
60.77523422241211
49.646324157714844
59.41887283325195
54.1181640625
63.70311737060547
91.78937530517578
64.76518249511719
58.90272521972656
41.29627990722656
54.815128326416016
47.52541732788086
54.33789825439453
50.69056701660156
54.40911102294922
57.64863967895508
54.97834014892578
63.85903549194336
58.43275451660156
56.874420166015625
53.24798583984375
68.89295196533203
60.013267517089844
52.535221099853516
58.33876419067383
56.6529541015625
66.79257202148438
82.40206909179688
69.75108337402344
64.74822998046875
61.44583511352539
48.174076080322266
56.228607177734375
48.49722671508789
61.771728515625
48.49388885498047
47.51068878173828
54.67087173461914
56.66739273071289
47.818817138671875
53.41737365722656
51.72685623168945
56.646156311035156
67.18549346923828
52.96858215332031
49.32014846801758
51.30113983154297
55.43867111206055
64.71926879882812
55.69357681274414
60.6690788269043
57.00030517578125
53.05979919433594
55.20284652709961
45.99449920654297
50.73490524291992
56.428470611572266
58.17765426635742
55.12369155883789
66.9478530883789
55.95606994628906
46.09872817993164
51.86109161376953
48.86198425292969
59.3143424987793
49.10670852661133
54.78238296508789
42.19232177734375
58.109100341796875
51.59183120727539
54.28678894042969
56.81731414794922
52.3329963684082
42.501312255859375
49.42400360107422
48.04258728027344
50.84575653076172
44.3847770690918
48.25019454956055
44.38460922241211
60.22785186767578
48.73482131958008
52.12358474731445
51.354698181152344
46.14198684692383
39.00944137573242
43.57988739013672
44.012569427490234
