81.98894500732422
85.03584289550781
83.72119140625
83.23819732666016
80.82565307617188
80.62232971191406
82.19960021972656
81.53478240966797
74.76012420654297
73.3994140625
75.59553527832031
72.50483703613281
84.52781677246094
74.13481140136719
73.34081268310547
73.01102447509766
72.9327163696289
77.93559265136719
75.8832778930664
71.33737182617188
70.93997955322266
70.29627227783203
70.20947265625
69.97923278808594
68.72478485107422
69.51095581054688
67.45441436767578
73.52142333984375
88.08219909667969
74.61212158203125
69.470703125
70.44234466552734
69.66376495361328
66.87886047363281
65.54380798339844
68.25981903076172
66.79964447021484
70.10492706298828
70.62882232666016
64.3919906616211
64.53401947021484
66.60743713378906
62.66365432739258
62.9420280456543
64.1583480834961
64.10790252685547
63.77325439453125
54.84463882446289
66.72735595703125
97.5249252319336
75.16642761230469
71.93595886230469
64.15086364746094
67.49600219726562
72.25216674804688
71.67782592773438
66.17205047607422
66.62403106689453
79.43391418457031
67.65824890136719
65.25637817382812
67.98213958740234
66.38237762451172
67.77091217041016
77.67029571533203
63.02791976928711
67.24161529541016
65.28961944580078
69.11236572265625
71.22091674804688
97.52593994140625
73.47671508789062
71.46957397460938
62.991878509521484
65.37694549560547
66.16197204589844
67.9576644897461
67.26654052734375
65.75933074951172
66.58551025390625
67.27621459960938
68.23682403564453
64.52974700927734
67.35142517089844
67.82262420654297
72.94637298583984
62.4300537109375
64.3207778930664
64.96192169189453
69.18570709228516
70.8922348022461
85.1584243774414
65.93712615966797
56.64508056640625
59.335548400878906
59.75587844848633
56.942779541015625
60.92799758911133
56.48995590209961
60.37691879272461
56.25612258911133
59.40380859375
61.19840621948242
58.53688430786133
61.70973205566406
60.6243896484375
65.6861801147461
70.23573303222656
57.32684326171875
56.55196762084961
56.51199722290039
58.66014099121094
59.863609313964844
57.02793502807617
57.473304748535156
60.97733688354492
56.43113327026367
59.81186294555664
57.01863479614258
60.227561950683594
57.83783721923828
58.22454071044922
58.53416061401367
67.33621215820312
62.896907806396484
60.2213020324707
59.14748764038086
50.65022659301758
62.8187255859375
59.00463104248047
55.45061492919922
62.49405288696289
59.36601638793945
64.08325958251953
59.35272979736328
59.98909378051758
59.63618850708008
59.57420349121094
58.4924201965332
57.60486602783203
57.84965515136719
58.88441467285156
58.964786529541016
56.96238708496094
63.615753173828125
60.52073669433594
59.58494186401367
59.246925354003906
59.046592712402344
60.2571907043457
58.27141189575195
59.477176666259766
