88.01813507080078
75.43212890625
75.310791015625
73.85037994384766
72.56790924072266
74.95122528076172
81.82160949707031
89.64795684814453
75.60304260253906
71.82177734375
67.5152587890625
65.44007110595703
69.12232971191406
63.51199722290039
63.457130432128906
64.18351745605469
66.12069702148438
75.8435287475586
64.37455749511719
46.51338577270508
49.90638732910156
52.6996955871582
54.75624465942383
56.529685974121094
60.4542236328125
63.62509536743164
67.53366088867188
70.51097106933594
86.74811553955078
67.65814208984375
65.24554443359375
59.825706481933594
58.32981872558594
53.380271911621094
62.6560173034668
60.59113311767578
52.42349624633789
44.82047653198242
60.47772216796875
63.20269775390625
59.22575759887695
57.58694839477539
52.53367233276367
61.1773567199707
55.31511306762695
50.568572998046875
59.69294738769531
63.105106353759766
65.04570770263672
91.8310775756836
64.51152801513672
62.368385314941406
67.45054626464844
61.843414306640625
55.887874603271484
74.88019561767578
53.9164924621582
56.74446105957031
59.16310501098633
54.596439361572266
51.98798751831055
57.24243927001953
55.84929275512695
57.05435562133789
71.28855895996094
58.079246520996094
55.45597457885742
66.79236602783203
66.97779083251953
71.19647979736328
96.71983337402344
72.71212005615234
66.83179473876953
59.99795913696289
63.20796585083008
51.84451675415039
59.71288299560547
53.8445930480957
55.492218017578125
60.128231048583984
62.58576202392578
65.43191528320312
51.52031326293945
58.28002166748047
59.57172775268555
66.91133117675781
58.456703186035156
47.24048614501953
56.655250549316406
58.150177001953125
62.658912658691406
78.41058349609375
65.78614807128906
55.87416458129883
56.175724029541016
43.470951080322266
52.971004486083984
53.42904281616211
51.229618072509766
53.50761413574219
50.34709548950195
51.84134292602539
49.09423065185547
46.84501266479492
46.064239501953125
51.54566192626953
57.905128479003906
68.69134521484375
48.31637191772461
57.58002471923828
56.405181884765625
48.07394790649414
65.49859619140625
47.08917236328125
51.38571548461914
47.88948440551758
36.26549530029297
34.221900939941406
42.239280700683594
55.79532241821289
47.82628631591797
57.689483642578125
56.02100372314453
65.12431335449219
48.915523529052734
53.7188720703125
52.209129333496094
51.9403190612793
50.05851745605469
37.57564926147461
43.36245346069336
41.08393859863281
43.72575759887695
57.7210693359375
50.09511947631836
55.02225112915039
45.850826263427734
48.047515869140625
54.601837158203125
47.14578628540039
50.9800910949707
47.27821731567383
51.38257598876953
47.08739471435547
67.64879608154297
51.08666229248047
49.32719039916992
52.243404388427734
47.71952819824219
41.898868560791016
44.94839859008789
46.856407165527344
