89.71041870117188
67.38426971435547
73.18675994873047
74.40835571289062
76.43802642822266
78.14596557617188
83.95320892333984
89.10839080810547
73.00179290771484
63.231910705566406
49.978233337402344
50.08669662475586
60.06311798095703
59.696983337402344
57.778263092041016
56.34804153442383
57.59888458251953
67.7164306640625
66.17679595947266
62.45338821411133
64.9276351928711
62.76586151123047
62.640052795410156
62.703521728515625
64.30931091308594
63.55329513549805
65.06095886230469
68.04627990722656
79.65789794921875
63.61931228637695
62.984012603759766
62.43880081176758
61.57991409301758
62.17413330078125
61.24765396118164
63.80665969848633
61.18878173828125
66.5284652709961
68.29737854003906
44.77696990966797
57.940277099609375
64.6686019897461
63.371856689453125
60.45082092285156
66.85059356689453
64.96746063232422
69.64222717285156
71.457763671875
76.45377349853516
100.5517807006836
74.78813934326172
66.5475082397461
66.35794830322266
55.84604263305664
56.44434356689453
73.91813659667969
56.50433349609375
49.949790954589844
70.11911010742188
63.72747039794922
56.65297317504883
58.49223327636719
51.01055908203125
55.70341110229492
70.47543334960938
58.71213912963867
58.54454040527344
67.91861724853516
65.9110336303711
71.2533950805664
96.96665954589844
72.014892578125
65.73306274414062
61.79853439331055
59.311553955078125
54.81218719482422
49.443992614746094
54.44287109375
52.79469299316406
54.64221954345703
57.3560905456543
52.6304931640625
50.1057243347168
47.68977737426758
44.06315994262695
59.79292678833008
49.86055374145508
39.0240364074707
47.98529815673828
44.870147705078125
56.394779205322266
75.12870025634766
61.70454025268555
57.39278793334961
56.125972747802734
56.77714157104492
56.394161224365234
59.22636413574219
54.587589263916016
56.73911666870117
56.95807647705078
56.68241882324219
56.695526123046875
48.06303024291992
36.807044982910156
48.52071762084961
61.69773864746094
65.48258972167969
45.03426742553711
53.95895767211914
59.66583251953125
52.282527923583984
67.71366119384766
57.56108856201172
50.49956130981445
52.83753204345703
38.40645217895508
54.99862289428711
52.76300811767578
51.32634353637695
44.555076599121094
50.46320724487305
54.967586517333984
65.96986389160156
56.22738265991211
47.07889938354492
50.37189865112305
52.15331268310547
54.817928314208984
41.05691146850586
51.18295669555664
41.69800567626953
52.29336929321289
54.09160614013672
35.12320327758789
46.77830505371094
47.20177459716797
48.31390380859375
47.78615951538086
47.59379959106445
40.917972564697266
47.76244354248047
47.22819137573242
47.055789947509766
59.46981430053711
49.99769973754883
45.98301696777344
45.273475646972656
47.073951721191406
50.469364166259766
42.951419830322266
50.840206146240234
