81.60862731933594
82.43619537353516
81.28231048583984
72.36371612548828
73.15520477294922
73.07632446289062
77.89155578613281
85.92851257324219
72.74763488769531
69.61441040039062
65.06324768066406
70.77000427246094
89.90375518798828
67.67018127441406
68.49176788330078
64.9623794555664
65.34331512451172
72.8499526977539
68.90238952636719
67.3998794555664
64.24737548828125
66.00918579101562
63.940956115722656
67.14855194091797
66.73722076416016
61.26879119873047
66.4691162109375
71.27398681640625
80.63479614257812
60.28541564941406
56.467811584472656
56.599342346191406
61.39612579345703
59.723018646240234
65.75556945800781
50.14500427246094
63.340911865234375
64.059814453125
70.0481185913086
38.555870056152344
57.46894073486328
63.0401496887207
61.29826736450195
54.36688232421875
66.61540985107422
58.028011322021484
63.97700881958008
65.00570678710938
71.08470153808594
95.0499038696289
70.28358459472656
69.42366790771484
69.2181396484375
51.459564208984375
67.88336944580078
76.10887908935547
63.95211410522461
63.858970642089844
79.55756378173828
52.43098449707031
59.83763885498047
64.01376342773438
54.48231506347656
60.76235580444336
75.39891052246094
58.2035026550293
55.14110565185547
63.405025482177734
62.63043212890625
66.47206115722656
92.25847625732422
68.37052917480469
59.647762298583984
55.55389404296875
54.12361526489258
50.19488525390625
64.04261016845703
51.136722564697266
51.15634536743164
49.95358657836914
47.37088394165039
60.12622833251953
50.7096061706543
55.078086853027344
51.95197677612305
68.78919982910156
59.7037239074707
62.984806060791016
60.36728286743164
63.47259521484375
61.866416931152344
83.60680389404297
69.78922271728516
63.35737991333008
61.455078125
56.428531646728516
53.54007339477539
53.34416580200195
47.58709716796875
36.8054084777832
54.17538070678711
49.66295623779297
49.39675521850586
52.3381462097168
54.17374038696289
56.41163635253906
67.63360595703125
67.75550079345703
51.49864959716797
35.786399841308594
52.0982780456543
58.11880111694336
67.04525756835938
59.321529388427734
49.34614562988281
55.37727355957031
56.18683624267578
58.198036193847656
51.99757766723633
56.328514099121094
52.88489532470703
49.0582275390625
53.07921600341797
68.41276550292969
58.05461120605469
54.18458557128906
45.75603485107422
58.07208251953125
52.556488037109375
61.61394119262695
52.54802322387695
57.378849029541016
53.212703704833984
58.167789459228516
49.78019332885742
51.14771270751953
38.129905700683594
50.5242919921875
52.19486618041992
43.83051300048828
50.58047866821289
48.655029296875
45.83161544799805
50.00914764404297
59.76627731323242
55.025901794433594
49.20962905883789
52.00592041015625
43.6875114440918
55.09248733520508
50.591796875
53.38587951660156
