87.85086822509766
64.50823211669922
75.10193634033203
70.41264343261719
61.00719451904297
68.7961654663086
77.47653198242188
86.84548950195312
73.75584411621094
69.46324157714844
66.40816497802734
64.89012145996094
65.63004302978516
65.79793548583984
60.705326080322266
63.91553497314453
64.9310302734375
72.9892807006836
64.0011215209961
55.538753509521484
56.96061325073242
49.598121643066406
50.94886779785156
34.85197830200195
46.76487731933594
36.53514862060547
59.68567657470703
68.625
83.56331634521484
68.97542572021484
63.93431091308594
61.83445739746094
60.488285064697266
57.28532791137695
59.241275787353516
56.163414001464844
66.01428985595703
66.2625961303711
72.52285766601562
64.94306182861328
62.18892288208008
64.9677734375
58.81602478027344
58.96549606323242
61.309818267822266
64.26590728759766
66.32378387451172
67.40447235107422
72.7388687133789
96.15079498291016
69.32892608642578
64.03561401367188
69.66777038574219
63.032188415527344
62.932762145996094
74.02590942382812
58.016380310058594
57.110923767089844
71.61290740966797
63.26778030395508
60.97674560546875
65.26683807373047
60.707454681396484
60.725555419921875
81.5333023071289
62.74953079223633
61.4863166809082
67.13687133789062
64.30628204345703
68.7713623046875
95.51251983642578
70.50006103515625
66.16474151611328
63.47417068481445
62.610984802246094
38.93840408325195
62.10275650024414
58.15863800048828
47.15938949584961
58.05439758300781
59.56788635253906
56.02545928955078
49.852806091308594
53.95051193237305
56.60763168334961
63.68210220336914
50.85958480834961
55.20515823364258
57.3302001953125
59.33348083496094
66.02812957763672
82.40449523925781
67.92053985595703
59.60835266113281
51.06055450439453
56.20368957519531
52.194984436035156
52.273258209228516
50.938232421875
47.68001174926758
49.60483932495117
42.19626235961914
43.67705535888672
45.34111785888672
54.86197280883789
52.55079650878906
57.03255844116211
62.91135787963867
56.421234130859375
45.8216552734375
50.43841552734375
41.887813568115234
52.019447326660156
56.23191833496094
56.01286697387695
48.778709411621094
47.99031448364258
53.7938117980957
49.03981399536133
52.028255462646484
45.111080169677734
52.432273864746094
60.87685012817383
67.18870544433594
50.42621612548828
39.20185089111328
60.270748138427734
58.50703048706055
55.68246078491211
53.79464340209961
48.37221145629883
46.922203063964844
55.02334213256836
54.54243087768555
42.110477447509766
45.510589599609375
43.64000701904297
41.86312484741211
39.66148376464844
32.98500061035156
46.407196044921875
42.04301834106445
41.7547492980957
43.027976989746094
45.51578140258789
40.60259246826172
32.743961334228516
24.381620407104492
42.032875061035156
36.505794525146484
45.98860168457031
38.00909423828125
