80.42108917236328
74.58355712890625
77.07501983642578
79.00151824951172
77.98262786865234
79.42278289794922
84.87669372558594
91.62416076660156
75.26568603515625
69.39593505859375
63.42398452758789
55.20790481567383
64.23616790771484
49.08390426635742
42.6848258972168
40.511512756347656
55.72679138183594
70.18310546875
66.40283203125
62.81492614746094
63.3602294921875
60.32318115234375
60.2659912109375
62.00326919555664
63.446842193603516
63.372100830078125
57.82010269165039
66.02664947509766
80.3399429321289
63.135498046875
62.933685302734375
61.17717361450195
60.861351013183594
60.672306060791016
61.635005950927734
62.05330276489258
64.4919662475586
64.67023468017578
68.65977478027344
60.2159423828125
63.383941650390625
59.261138916015625
63.38296127319336
64.36614990234375
61.719085693359375
66.46329498291016
67.48812866210938
72.23186492919922
77.07083129882812
101.38945007324219
75.25931549072266
68.13333129882812
64.865966796875
59.8188591003418
62.969337463378906
76.32105255126953
45.55250930786133
55.533836364746094
70.82267761230469
66.86527252197266
63.24839782714844
65.53214263916016
64.37317657470703
37.95641326904297
74.18814086914062
60.7392578125
64.34132385253906
61.45167922973633
67.92295837402344
74.39680480957031
100.56168365478516
75.60340118408203
67.9831314086914
66.30069732666016
63.24361801147461
62.85084533691406
58.4530143737793
53.9955940246582
59.02565383911133
57.775184631347656
57.328182220458984
47.63080596923828
60.6288948059082
55.46611785888672
52.510826110839844
66.41539001464844
50.90775680541992
38.970760345458984
52.6259651184082
48.8696403503418
62.30410385131836
78.01985931396484
62.97069549560547
61.95785903930664
53.06926727294922
51.401824951171875
50.43242645263672
44.46088790893555
50.75124740600586
53.149375915527344
49.08820343017578
55.665077209472656
61.107452392578125
50.417762756347656
53.329322814941406
51.63957595825195
62.21725082397461
67.50875091552734
50.2881965637207
56.61637878417969
56.45207214355469
51.7427978515625
70.71422576904297
63.58457565307617
59.577266693115234
55.062225341796875
51.08161163330078
50.62042999267578
60.05242919921875
46.89402389526367
51.66228103637695
49.357784271240234
52.50676727294922
67.33321380615234
58.39921569824219
53.10472106933594
58.97871398925781
57.81348419189453
49.022544860839844
52.634918212890625
54.963050842285156
55.21462631225586
55.45814514160156
54.40524673461914
51.11734390258789
45.45343780517578
46.283233642578125
48.99118423461914
34.31438064575195
40.31355285644531
44.47808837890625
46.17564392089844
39.692466735839844
47.18819808959961
59.47214889526367
49.74258804321289
47.90192413330078
41.40968704223633
49.1121711730957
39.90314865112305
45.90412139892578
46.450706481933594
