86.80064392089844
85.0410385131836
81.40653228759766
81.76136779785156
82.9048843383789
71.4434585571289
67.36493682861328
60.742122650146484
58.66179656982422
60.2470588684082
60.52436447143555
70.6484146118164
78.94218444824219
85.44906616210938
80.49140167236328
71.0352783203125
67.65355682373047
67.43370056152344
60.739261627197266
57.8873405456543
58.53049850463867
61.05769729614258
58.599910736083984
63.01792907714844
69.33314514160156
75.57550048828125
74.99120330810547
74.2239990234375
74.80086517333984
66.7098617553711
61.53840255737305
59.32218551635742
63.276817321777344
60.04014205932617
61.094688415527344
60.853424072265625
72.50061798095703
72.7115707397461
68.65778350830078
75.0739974975586
81.68965911865234
56.893123626708984
57.26902389526367
64.34690856933594
73.70402526855469
77.33731842041016
71.14014434814453
70.14166259765625
81.2801513671875
84.08943939208984
76.13392639160156
89.50811767578125
98.34888458251953
87.93135070800781
82.2408218383789
81.63197326660156
90.24469757080078
92.21463775634766
77.54984283447266
80.27787780761719
89.22441864013672
94.48577117919922
84.06495666503906
77.52904510498047
84.57376861572266
88.3238296508789
81.51554870605469
82.16273498535156
85.65914154052734
86.03797149658203
83.48597717285156
75.6927719116211
75.81053924560547
84.73347473144531
86.99752044677734
81.91437530517578
86.95460510253906
84.6792984008789
74.78961944580078
77.42829132080078
85.57500457763672
86.78337860107422
79.34911346435547
84.47504425048828
96.02776336669922
91.2087173461914
83.1624526977539
81.48249053955078
79.37150573730469
78.52008056640625
79.16917419433594
85.66956329345703
89.7247314453125
89.77332305908203
80.33580017089844
70.58518981933594
78.2664566040039
85.79401397705078
84.26476287841797
82.50287628173828
90.89942169189453
83.51595306396484
59.20632553100586
67.41765594482422
65.51273345947266
79.86558532714844
70.00884246826172
70.93826293945312
66.67666625976562
69.73727416992188
70.27619171142578
77.83218383789062
69.77456665039062
85.14899444580078
76.97990417480469
62.04365921020508
65.61260986328125
72.19408416748047
67.23185729980469
72.78925323486328
82.37906646728516
77.16193389892578
62.083404541015625
57.832237243652344
76.9587631225586
78.34823608398438
71.37036895751953
78.3039779663086
82.55946350097656
69.96206665039062
59.63791275024414
48.12443923950195
79.81718444824219
81.66015625
66.13410949707031
58.01358413696289
59.77947235107422
58.16002655029297
60.34748077392578
44.371891021728516
60.596412658691406
62.10728073120117
45.31582260131836
56.93327713012695
53.570003509521484
51.17835235595703
59.60581970214844
59.81458282470703
62.598297119140625
62.78850173950195
56.59559631347656
52.14763259887695
