89.9647445678711
84.83905029296875
70.24676513671875
83.4881591796875
83.42819213867188
71.54287719726562
69.11053466796875
68.0998306274414
64.66963958740234
60.733245849609375
63.72161102294922
69.92259216308594
77.31340026855469
84.09577941894531
80.70211791992188
64.02233123779297
68.12423706054688
69.68608093261719
64.98210906982422
60.6187744140625
59.52062225341797
66.61268615722656
64.1572036743164
57.94855880737305
60.063167572021484
75.67816162109375
75.09273529052734
79.22550201416016
78.15553283691406
70.60570526123047
37.390777587890625
59.010963439941406
63.11717224121094
62.79682159423828
64.885498046875
59.83473587036133
73.98815155029297
77.14198303222656
75.06279754638672
77.21393585205078
86.06710815429688
64.01586151123047
63.967708587646484
55.68395233154297
73.96739959716797
77.58811950683594
73.03449249267578
73.05595397949219
84.14215850830078
87.17301940917969
81.34951782226562
91.6656265258789
98.5027847290039
89.0027084350586
84.2620620727539
82.98410034179688
91.37140655517578
93.87120819091797
74.79582977294922
82.31329345703125
84.82418060302734
94.51058197021484
80.17890930175781
75.26665496826172
84.4344482421875
90.31871795654297
83.07351684570312
79.61951446533203
84.72645568847656
86.48391723632812
81.94886016845703
76.15655517578125
76.71392822265625
86.9322280883789
87.70289611816406
83.7909164428711
87.88743591308594
84.90743255615234
75.646240234375
76.35722351074219
86.1991195678711
81.68367767333984
78.54266357421875
84.22633361816406
93.90238952636719
89.34687805175781
82.38826751708984
81.41319274902344
79.33130645751953
78.89668273925781
78.33841705322266
83.26573944091797
86.77274322509766
87.57190704345703
80.6726303100586
62.42243957519531
79.91246032714844
87.18006134033203
83.823486328125
80.5639419555664
80.11808776855469
79.89281463623047
63.232421875
68.26832580566406
82.85326385498047
89.1069564819336
79.4085693359375
70.9598159790039
68.9130859375
79.11182403564453
72.5140380859375
78.87582397460938
80.5911865234375
78.81300354003906
65.13581085205078
65.18230438232422
77.5802001953125
78.83635711669922
73.95065307617188
74.98191833496094
85.30426788330078
85.52919006347656
75.284423828125
69.54124450683594
77.72303009033203
77.27912139892578
72.9413070678711
73.60232543945312
72.77867126464844
63.27337646484375
57.56035232543945
67.75052642822266
75.62904357910156
78.59070587158203
66.83489227294922
59.89614486694336
71.40614318847656
62.3535270690918
56.02806854248047
56.341487884521484
62.35942840576172
63.0638427734375
60.0154914855957
57.545387268066406
63.67478942871094
65.44303894042969
53.323890686035156
56.043888092041016
68.3085708618164
70.21931457519531
61.62139892578125
57.195640563964844
