93.38749694824219
65.09705352783203
68.9120101928711
69.43472290039062
68.2989501953125
66.7586898803711
66.81751251220703
66.5422592163086
66.11468505859375
63.457706451416016
62.744232177734375
66.72110748291016
71.02252197265625
65.38888549804688
64.18907928466797
61.85232925415039
61.069976806640625
62.8617057800293
62.400577545166016
61.130252838134766
60.13322067260742
60.33489227294922
60.53459167480469
58.98964309692383
55.66213607788086
72.03223419189453
83.16718292236328
73.26044464111328
69.93598175048828
63.630821228027344
56.84869384765625
60.342979431152344
63.44804000854492
61.88640213012695
58.63158416748047
56.76887893676758
64.78096008300781
62.57050323486328
66.25948333740234
80.52657318115234
76.86257934570312
58.015323638916016
65.53691101074219
65.697021484375
71.23429107666016
75.97847747802734
79.99290466308594
83.10466766357422
86.29524230957031
89.97539520263672
94.24270629882812
98.04622650146484
96.7126693725586
93.78746032714844
77.21701049804688
80.5286636352539
83.49808502197266
86.51640319824219
92.06971740722656
90.65666198730469
82.3588638305664
76.69132232666016
73.53663635253906
74.15605163574219
77.05119323730469
82.06509399414062
89.47185516357422
85.56986999511719
83.47421264648438
87.6286849975586
83.05622863769531
72.6092529296875
72.5665054321289
62.50942611694336
73.33622741699219
79.6662368774414
74.74958038330078
72.0691146850586
68.39017486572266
74.14090728759766
72.65150451660156
73.733154296875
78.18350982666016
84.92412567138672
84.8524398803711
86.72747802734375
84.3194351196289
86.41767120361328
90.36540222167969
85.73954010009766
81.71282958984375
80.17582702636719
77.58016967773438
72.31985473632812
84.41331481933594
81.4815902709961
76.3163070678711
77.77375030517578
78.71099090576172
84.62471008300781
75.52127838134766
73.18828582763672
77.46817779541016
84.5831298828125
81.99567413330078
77.38702392578125
79.88502502441406
83.47620391845703
79.08536529541016
72.37512969970703
64.10797119140625
57.781917572021484
68.26263427734375
71.30939483642578
72.95549774169922
71.26048278808594
71.8218002319336
70.9976806640625
70.80469512939453
72.65219116210938
75.65747833251953
78.79733276367188
78.12156677246094
72.996826171875
74.8772964477539
75.69530487060547
77.15084838867188
74.67406463623047
71.49703979492188
65.98677062988281
64.60814666748047
66.65939331054688
70.8895492553711
66.39632415771484
53.54728698730469
55.81047439575195
55.508514404296875
55.08341598510742
56.955726623535156
62.3517951965332
65.35083770751953
60.87959289550781
59.66386032104492
53.932777404785156
52.51707077026367
55.585357666015625
54.231563568115234
51.63154602050781
52.67257308959961
59.556175231933594
62.79119873046875
41.36579132080078
