84.82138061523438
76.0296630859375
81.08462524414062
86.08313751220703
80.50994110107422
70.5631103515625
66.39769744873047
46.53449630737305
57.73406219482422
63.27341842651367
65.05720520019531
66.5816421508789
71.81498718261719
84.47210693359375
83.79957580566406
73.69271087646484
53.43281173706055
65.37115478515625
64.41895294189453
59.842830657958984
56.42818069458008
62.56865310668945
64.06495666503906
57.93954086303711
65.03575134277344
75.22591400146484
78.8042984008789
78.7535171508789
75.14952087402344
70.06523895263672
64.55805206298828
61.227691650390625
61.57855987548828
52.89860153198242
63.70829391479492
62.298057556152344
72.76827239990234
69.04608154296875
77.52919006347656
84.40328979492188
82.30616760253906
60.38856506347656
61.02168655395508
66.91967010498047
71.20079040527344
71.88153839111328
74.68273162841797
77.98629760742188
80.181396484375
80.6219253540039
76.47905731201172
93.01348114013672
96.76566314697266
79.68882751464844
87.70901489257812
88.15848541259766
89.4844970703125
95.91870880126953
73.86660766601562
80.47567749023438
82.30683898925781
88.15231323242188
88.78546142578125
80.61849212646484
77.843505859375
86.47462463378906
84.57829284667969
84.08954620361328
81.76844787597656
79.05537414550781
85.93096160888672
71.17816162109375
76.2257080078125
82.05931091308594
89.86347961425781
88.5719985961914
84.92395782470703
80.5848617553711
77.15542602539062
80.21229553222656
80.71432495117188
81.02734375
84.61278533935547
90.14055633544922
89.19407653808594
85.59268951416016
87.62751770019531
88.03434753417969
80.0162353515625
79.9825210571289
83.3267593383789
88.50052642822266
82.66570281982422
82.91333770751953
83.5200424194336
82.1456069946289
83.59698486328125
87.64028930664062
88.925537109375
87.6349105834961
87.42558288574219
75.30316925048828
54.39451217651367
68.54147338867188
65.27288818359375
66.87202453613281
56.40782165527344
82.08132934570312
84.14112854003906
67.86177062988281
79.07073974609375
83.7853012084961
76.72599792480469
68.38311004638672
70.3879623413086
64.36384582519531
79.4073486328125
78.28641510009766
77.30242156982422
78.92868041992188
80.82688903808594
81.2997055053711
81.5618896484375
73.08516693115234
75.17544555664062
80.52384948730469
76.69940948486328
76.29365539550781
74.46369934082031
69.36103820800781
55.8574333190918
70.94157409667969
72.90369415283203
68.01713562011719
76.89622497558594
74.07945251464844
69.1249008178711
71.50004577636719
68.64997100830078
62.49467468261719
58.767452239990234
63.80345153808594
60.92927169799805
65.4205322265625
55.88641357421875
70.17289733886719
64.93170166015625
65.82782745361328
47.437931060791016
62.697914123535156
65.9334716796875
68.71544647216797
