89.94892883300781
79.5868148803711
74.31334686279297
82.98423767089844
85.68974304199219
71.40460968017578
61.589691162109375
61.144962310791016
64.70516204833984
66.99974822998047
62.7120361328125
67.9299545288086
76.73593139648438
83.49024200439453
85.41356658935547
69.76620483398438
68.85166931152344
67.07083129882812
57.861995697021484
53.41041946411133
61.75041961669922
64.27754211425781
58.463096618652344
54.63328552246094
66.98633575439453
74.13096618652344
69.05917358398438
79.13423156738281
80.93557739257812
70.54579162597656
57.417964935302734
60.68979263305664
66.53077697753906
60.658870697021484
58.72714614868164
59.396575927734375
73.75587463378906
76.9840087890625
72.99188995361328
77.28593444824219
92.7831802368164
77.95269012451172
49.310523986816406
54.959190368652344
73.0392837524414
76.92501831054688
71.14850616455078
70.91165161132812
83.35691833496094
78.39430236816406
80.11797332763672
88.86034393310547
100.98300170898438
91.57269287109375
83.06434631347656
86.07512664794922
98.64260864257812
80.06876373291016
72.19217681884766
75.71671295166016
86.56482696533203
91.97772216796875
85.47315979003906
78.42214965820312
84.49623107910156
90.30410766601562
81.9285888671875
74.63017272949219
83.70349884033203
77.54326629638672
74.5239028930664
81.95256805419922
77.89056396484375
89.42582702636719
87.27217102050781
81.82525634765625
85.95523834228516
84.68598937988281
76.25704193115234
77.82981872558594
87.21261596679688
90.7620849609375
89.7846908569336
87.14815521240234
86.97333526611328
82.86309051513672
76.92706298828125
61.744930267333984
65.63777923583984
48.230125427246094
70.33113861083984
80.0254135131836
85.62731170654297
85.92650604248047
80.80833435058594
83.53387451171875
92.3265151977539
93.66942596435547
84.2731704711914
84.52937316894531
81.55107116699219
71.06903839111328
59.973724365234375
61.315773010253906
77.18840026855469
81.59436798095703
76.7110366821289
79.57294464111328
74.79679870605469
81.77567291259766
72.1560287475586
71.78205871582031
83.76348876953125
68.79764556884766
69.63887786865234
59.91457748413086
58.99925994873047
78.93141174316406
76.53610229492188
73.3872299194336
80.88561248779297
84.20625305175781
75.18450164794922
71.61943054199219
76.01939392089844
82.47918701171875
76.89329528808594
75.9464340209961
78.11022186279297
81.4369125366211
74.8218994140625
73.65548706054688
63.83988952636719
76.54773712158203
74.56937408447266
72.05201721191406
79.4675521850586
70.16384887695312
58.113311767578125
64.22596740722656
63.24616241455078
67.2799072265625
55.4882926940918
59.74496078491211
70.56482696533203
70.80581665039062
64.37447357177734
58.655860900878906
72.25210571289062
71.18540954589844
67.09896850585938
59.388763427734375
