86.07697296142578
70.31610870361328
65.18145751953125
66.87876892089844
65.48221588134766
61.3000373840332
63.14362716674805
62.7274169921875
58.953941345214844
62.296180725097656
62.17171859741211
64.6524887084961
74.36105346679688
61.41471481323242
57.83534622192383
54.11095428466797
61.83211898803711
53.907901763916016
57.30000305175781
56.66316604614258
58.0527229309082
52.633056640625
56.38145446777344
58.02873229980469
65.14505004882812
76.8306884765625
81.13731384277344
70.9386215209961
73.99100494384766
68.6029281616211
49.78726577758789
43.73577117919922
64.5868148803711
63.42728805541992
55.65591812133789
56.27841567993164
65.56845092773438
66.06427001953125
79.76536560058594
80.23644256591797
89.74177551269531
70.39427947998047
53.87519073486328
62.744293212890625
76.6856460571289
81.41864776611328
78.65773010253906
82.24586486816406
93.30769348144531
97.04131317138672
93.24293518066406
97.44644927978516
105.27103424072266
99.02001953125
79.7294692993164
82.56140899658203
92.62748718261719
96.4181137084961
85.52300262451172
89.9067611694336
89.44339752197266
84.93029022216797
74.25603485107422
74.16400909423828
84.6546859741211
90.08528900146484
90.6647720336914
84.76849365234375
90.22272491455078
92.96998596191406
87.07655334472656
73.79010009765625
77.80205535888672
71.22146606445312
74.25778198242188
79.38191986083984
81.79071807861328
78.26317596435547
68.0481185913086
74.40937805175781
79.91529083251953
81.15078735351562
77.25240325927734
79.738037109375
92.18091583251953
94.43376922607422
91.2193832397461
81.09708404541016
81.59735870361328
77.9737319946289
68.57858276367188
65.97201538085938
84.13153076171875
86.31781768798828
86.18560791015625
78.11811828613281
82.01725769042969
81.94500732421875
76.51261901855469
84.4696273803711
84.589111328125
84.69842529296875
82.10755157470703
83.4366683959961
88.67030334472656
84.27371978759766
79.42166137695312
81.11787414550781
78.76600646972656
76.5431137084961
76.10612487792969
63.897987365722656
77.46028900146484
81.52503967285156
70.08012390136719
70.77236938476562
78.64025115966797
77.05818939208984
72.02075958251953
73.02400970458984
83.49362182617188
86.44367980957031
76.13807678222656
76.2484359741211
83.48946380615234
84.11058044433594
78.80573272705078
76.13658905029297
80.63867950439453
74.95223999023438
65.02252960205078
69.05561065673828
80.15937805175781
78.5057144165039
68.18739318847656
48.85967254638672
56.78512954711914
61.08189392089844
56.84624099731445
54.89563751220703
59.775577545166016
67.27278900146484
64.18434143066406
53.70234680175781
65.15657043457031
68.46554565429688
69.60478210449219
62.94314193725586
70.49097442626953
69.524169921875
63.42648696899414
59.8519287109375
