83.75859832763672
84.8215103149414
79.73018646240234
84.73159790039062
84.09345245361328
67.49868774414062
65.5473403930664
69.2801513671875
64.3078842163086
55.67943572998047
70.2434310913086
73.39505767822266
91.54275512695312
84.22628021240234
67.2279052734375
68.24287414550781
65.63652038574219
64.10798645019531
62.73441696166992
63.13965606689453
63.71552658081055
62.01760482788086
60.3465576171875
62.91959762573242
58.43008804321289
64.12459564208984
68.90431213378906
71.83196258544922
71.29077911376953
61.78876876831055
60.86506271362305
56.17417526245117
66.39376831054688
65.16121673583984
60.16802978515625
60.21836853027344
72.72595977783203
71.91827392578125
66.09081268310547
75.58740234375
72.25009155273438
70.92806243896484
66.63617706298828
66.73957824707031
75.19933319091797
77.0817642211914
71.7901382446289
69.86441802978516
82.0768814086914
86.49839782714844
85.22864532470703
94.57459259033203
97.82020568847656
86.79766845703125
82.4871826171875
85.98912811279297
96.08586120605469
99.39341735839844
89.97342681884766
79.26066589355469
73.8995590209961
80.76724243164062
76.59317016601562
74.82234191894531
82.00912475585938
86.35603332519531
86.21590423583984
82.08513641357422
85.87908935546875
84.95110321044922
80.08515930175781
80.1785888671875
70.56477355957031
77.95143127441406
77.25934600830078
82.965087890625
85.25967407226562
91.79400634765625
78.77919006347656
78.93043518066406
86.10624694824219
87.42586517333984
84.74789428710938
82.32195281982422
80.27196502685547
94.5519790649414
85.97317504882812
85.45597076416016
97.36115264892578
94.96269989013672
85.07756042480469
82.16815948486328
83.91287231445312
87.09111022949219
85.69837951660156
83.23556518554688
86.96531677246094
86.06114959716797
83.08673095703125
79.62574005126953
84.57568359375
73.67667388916016
67.39264678955078
60.862030029296875
69.6046371459961
84.85735321044922
80.3882064819336
83.11099243164062
87.79784393310547
87.64372253417969
76.18009948730469
73.32011413574219
77.0189437866211
82.33064270019531
65.0501937866211
72.90742492675781
84.36996459960938
72.71273040771484
69.44867706298828
69.55524444580078
82.09385681152344
86.10488891601562
79.55583190917969
77.0735092163086
81.85740661621094
84.8341293334961
72.21372985839844
75.9884262084961
71.72576141357422
69.27601623535156
74.46026611328125
72.86248016357422
76.75749206542969
76.74773406982422
73.22931671142578
68.38179016113281
74.68623352050781
72.1876449584961
66.97735595703125
67.48210906982422
70.87935638427734
68.2550277709961
57.563262939453125
58.347198486328125
70.08384704589844
69.17981719970703
27.714635848999023
63.789859771728516
73.02593231201172
67.91817474365234
64.22232818603516
65.95429992675781
