71.46484375
72.74894714355469
68.8168716430664
66.57454681396484
65.63711547851562
65.95548248291016
64.87425231933594
63.94579315185547
63.960540771484375
63.736446380615234
64.60147857666016
60.33750534057617
62.79267501831055
57.67031478881836
62.037418365478516
62.37301254272461
60.6226692199707
59.9036750793457
58.625221252441406
59.837608337402344
60.21537399291992
58.78236770629883
57.80221176147461
59.69438934326172
61.05199432373047
70.67902374267578
81.19287109375
70.27267456054688
57.72483825683594
56.116180419921875
57.47990417480469
55.439205169677734
54.88991928100586
40.523841857910156
59.660987854003906
56.32847213745117
55.7559928894043
62.840362548828125
78.52104187011719
81.6131591796875
73.72815704345703
55.5516471862793
60.00873565673828
65.60147094726562
68.78775787353516
71.54744720458984
75.46612548828125
79.94351196289062
83.84313201904297
87.3754653930664
91.29331970214844
95.53433990478516
97.32054901123047
92.07112121582031
76.89102172851562
79.93721771240234
81.24497985839844
83.08628845214844
87.47771453857422
84.35462951660156
84.82231903076172
76.9287338256836
74.73564910888672
73.8643569946289
74.29517364501953
79.19002532958984
84.02193450927734
84.73910522460938
80.68404388427734
81.76312255859375
86.9267807006836
82.44703674316406
76.00440979003906
64.53236389160156
68.51941680908203
78.9219970703125
74.40825653076172
70.87493896484375
65.43534851074219
72.5843505859375
72.33190155029297
72.44483184814453
74.41240692138672
77.60772705078125
72.28068542480469
77.49251556396484
77.30267333984375
79.0114517211914
79.0365982055664
69.36730194091797
62.798030853271484
60.26837158203125
59.136924743652344
66.35295104980469
72.0556869506836
65.84517669677734
69.16606140136719
74.55599975585938
79.039306640625
80.620361328125
72.38778686523438
72.66458129882812
76.36710357666016
81.14823150634766
80.3193588256836
76.64173126220703
73.68241882324219
75.94622039794922
77.63742065429688
80.4278564453125
73.86693572998047
62.13227844238281
68.7354507446289
60.539024353027344
75.62317657470703
72.55965423583984
68.27417755126953
71.12557220458984
71.20072174072266
70.6265640258789
74.85399627685547
77.45124053955078
78.11430358886719
76.82856750488281
74.05426788330078
74.67524719238281
68.4037094116211
73.68756866455078
65.50254821777344
57.161842346191406
56.376651763916016
59.66707229614258
62.48268508911133
59.984981536865234
57.42922592163086
40.5224609375
49.96561813354492
56.44978332519531
58.201942443847656
61.05125427246094
62.97808837890625
61.21230697631836
57.25210952758789
51.4103889465332
57.00986862182617
59.579891204833984
56.653419494628906
56.42770767211914
50.49684143066406
47.160709381103516
61.286808013916016
61.18962097167969
