83.04270935058594
79.31108856201172
82.09928894042969
84.84947204589844
79.3225326538086
45.70746994018555
59.08477020263672
61.553897857666016
62.42161178588867
65.51432037353516
66.7459487915039
70.28746032714844
70.88021087646484
80.70181274414062
83.39928436279297
69.39552307128906
54.094844818115234
48.67340850830078
56.2049674987793
58.91476821899414
57.53092956542969
58.12801742553711
58.9510612487793
62.06023406982422
57.14820098876953
65.25872802734375
73.84990692138672
79.39191436767578
67.23450469970703
59.14808654785156
61.480979919433594
60.63267135620117
46.91104507446289
55.21712112426758
52.67628860473633
64.91365814208984
69.9647216796875
67.24556732177734
70.91150665283203
78.47759246826172
82.53536224365234
59.673099517822266
59.62995147705078
64.65133666992188
67.8442153930664
70.44166564941406
73.41942596435547
74.39657592773438
77.18537902832031
79.62737274169922
79.23208618164062
88.66585540771484
94.02918243408203
83.07097625732422
83.24654388427734
85.14415740966797
87.13813018798828
85.95033264160156
78.79319763183594
83.29007720947266
79.90645599365234
89.69815826416016
86.72014617919922
81.20956420898438
79.8190689086914
83.94146728515625
85.30593872070312
84.26345825195312
81.06101989746094
82.10336303710938
88.29779052734375
78.10506439208984
72.6200180053711
80.41844177246094
89.72759246826172
83.22357940673828
81.62104797363281
79.56356048583984
76.97355651855469
78.54938507080078
79.59650421142578
79.06377410888672
83.74606323242188
89.65324401855469
89.08631896972656
82.87548828125
84.58499145507812
81.4918441772461
72.37403106689453
73.54629516601562
80.71000671386719
86.49612426757812
84.38101959228516
85.38655853271484
72.46232604980469
78.09416198730469
78.11257934570312
85.04718780517578
83.07974243164062
81.26921844482422
81.9388198852539
69.01119995117188
69.73648071289062
75.09447479248047
71.95360565185547
78.07514190673828
73.51058959960938
72.56658935546875
69.33245086669922
56.98835372924805
70.87469482421875
79.91986083984375
69.83357238769531
82.80352020263672
73.43960571289062
66.50104522705078
69.2168960571289
71.29532623291016
74.25911712646484
77.43852996826172
78.35857391357422
72.28333282470703
68.0440902709961
67.09209442138672
68.11872863769531
71.70823669433594
69.26063537597656
77.62700653076172
73.23489379882812
71.16937255859375
67.52556610107422
71.27810668945312
73.76083374023438
69.3390121459961
65.99222564697266
60.4931755065918
51.481693267822266
47.94807052612305
63.72370910644531
62.000144958496094
49.963478088378906
48.900672912597656
54.04738998413086
56.797576904296875
55.9000129699707
51.059993743896484
42.4885368347168
58.57656478881836
48.40643310546875
56.450592041015625
46.603187561035156
56.311424255371094
