76.75453186035156
78.12305450439453
74.05736541748047
79.6650390625
80.59581756591797
66.57350158691406
56.72744369506836
44.88127899169922
55.30989456176758
57.89079284667969
50.28123474121094
58.235557556152344
69.03636169433594
81.0940170288086
80.04859924316406
70.08838653564453
61.42063522338867
64.0143051147461
55.90304183959961
54.37181091308594
54.61745834350586
55.44659423828125
56.16330337524414
56.370113372802734
61.162071228027344
69.54409790039062
66.96870422363281
76.02410125732422
77.7824935913086
66.33934020996094
60.73196029663086
58.48100662231445
58.599056243896484
57.81242370605469
38.72587966918945
62.28097152709961
67.74984741210938
73.67438507080078
66.11267852783203
73.39798736572266
86.9862060546875
79.61588287353516
53.49647903442383
51.906349182128906
68.16594696044922
73.80928039550781
66.07957458496094
71.16024780273438
80.66859436035156
74.99794006347656
75.94546508789062
84.87022399902344
95.82461547851562
92.56919860839844
80.31912994384766
85.3061294555664
87.77692413330078
69.68230438232422
71.44564056396484
72.90315246582031
85.84329986572266
89.9944839477539
78.27882385253906
72.37909698486328
79.27415466308594
84.56018829345703
82.4439468383789
73.81978607177734
66.3187255859375
76.19591522216797
75.7133560180664
77.32997131347656
71.45487213134766
86.61882781982422
82.27664947509766
76.4765853881836
82.33756256103516
80.35874938964844
73.91852569580078
74.13497161865234
88.8498764038086
92.78986358642578
76.92666625976562
53.913177490234375
83.62351989746094
82.16574096679688
71.27896881103516
65.32535552978516
76.2872543334961
74.5400161743164
67.33831787109375
44.14595413208008
81.43457794189453
84.18751525878906
80.88685607910156
83.23888397216797
87.08290100097656
85.31583404541016
76.7347412109375
74.08826446533203
70.64038848876953
73.51498413085938
58.049800872802734
71.90184020996094
85.32546997070312
82.93267822265625
74.41102600097656
72.87889862060547
61.42255401611328
75.883544921875
69.64151763916016
72.1934814453125
76.55652618408203
78.86856079101562
65.47442626953125
52.7906379699707
78.74952697753906
79.87505340576172
63.87654113769531
68.13665771484375
79.2411880493164
79.23603820800781
70.91930389404297
66.48601531982422
77.95021057128906
79.09293365478516
73.84090423583984
69.63522338867188
75.01593780517578
72.50503540039062
65.62474822998047
63.51165008544922
71.52106475830078
75.42749786376953
68.65530395507812
69.11038970947266
71.8153076171875
66.3538589477539
59.75596237182617
60.865028381347656
61.781829833984375
62.34204864501953
52.17265319824219
57.133121490478516
68.02909088134766
69.13130950927734
56.109107971191406
60.98621368408203
69.44664001464844
67.95125579833984
64.67787170410156
63.069496154785156
