81.76377868652344
87.88385009765625
90.8040771484375
58.40842819213867
92.43379974365234
90.98048400878906
86.62957000732422
95.13233184814453
86.72802734375
91.48652648925781
92.66923522949219
60.85570526123047
89.56324768066406
85.80187225341797
78.906005859375
85.79733276367188
76.5115737915039
79.47087097167969
80.05537414550781
52.39691162109375
77.72787475585938
74.11334991455078
64.24645233154297
73.05445098876953
66.41388702392578
73.26225280761719
77.79627227783203
55.6500244140625
83.19646453857422
82.58427429199219
78.31148529052734
87.813232421875
79.01199340820312
84.20924377441406
85.36224365234375
54.115753173828125
82.9132080078125
79.822509765625
73.71297454833984
81.25627899169922
72.85989379882812
76.28211212158203
78.50038146972656
50.606815338134766
77.63288879394531
74.89376068115234
68.7151870727539
75.8871078491211
66.81902313232422
72.731201171875
74.52906799316406
46.15960693359375
72.39179229736328
70.10743713378906
66.15314483642578
73.56632995605469
65.66038513183594
68.9557113647461
71.0453872680664
55.39815902709961
68.58251190185547
65.5790786743164
62.4023551940918
69.00464630126953
60.77375030517578
61.86759567260742
64.63958740234375
44.736228942871094
66.52906036376953
61.63625717163086
56.54216003417969
65.1343994140625
60.01416778564453
62.3924446105957
66.59380340576172
53.05673599243164
71.4147720336914
70.96578979492188
63.31485366821289
75.67215728759766
68.59837341308594
77.14859771728516
81.28704071044922
57.32169723510742
85.64996337890625
85.62928771972656
82.3433837890625
91.82466125488281
83.17940521240234
88.30596923828125
89.50273895263672
54.55214309692383
87.71527099609375
84.87657928466797
79.08968353271484
86.87999725341797
78.13900756835938
83.63785552978516
85.78834533691406
52.49896240234375
85.80220031738281
83.46926879882812
78.68621063232422
87.14473724365234
79.35888671875
84.80335235595703
87.61050415039062
57.88689041137695
88.90762329101562
87.24181365966797
82.48387145996094
91.40413665771484
83.30175018310547
87.83997344970703
88.93375396728516
56.40118408203125
85.48543548583984
81.49264526367188
74.87413024902344
81.27385711669922
72.14359283447266
74.97662353515625
75.4135513305664
50.111961364746094
73.60916137695312
69.72370147705078
62.70528793334961
69.82669067382812
63.47068786621094
66.02293395996094
67.38702392578125
42.22738265991211
70.66234588623047
69.0959701538086
56.76447677612305
68.88306427001953
61.839359283447266
66.2886734008789
67.83960723876953
51.900386810302734
69.60076141357422
70.4425277709961
65.78618621826172
75.97183990478516
68.93183135986328
75.41278839111328
77.50212860107422
55.40104293823242
77.25177764892578
74.63736724853516
69.3698959350586
77.05679321289062
69.00589752197266
74.45177459716797
76.24082946777344
49.29508590698242
76.80831146240234
75.28518676757812
70.28813934326172
79.93810272216797
72.27857208251953
79.47277069091797
83.58002471923828
63.008514404296875
86.89256286621094
86.00557708740234
80.22673797607422
88.0472640991211
79.16620635986328
82.27168273925781
83.82373809814453
22.311119079589844
82.52116394042969
79.71240997314453
73.78384399414062
81.7074203491211
73.06855773925781
78.89583587646484
80.99260711669922
50.716224670410156
81.0097885131836
78.41423797607422
74.36193084716797
82.71652221679688
75.00533294677734
80.09749603271484
82.7386703491211
52.23116683959961
83.4357681274414
80.89473724365234
74.43423461914062
82.51519012451172
72.79280853271484
78.7386245727539
80.42619323730469
48.51398468017578
79.42122650146484
77.6332778930664
72.6376953125
81.6650390625
73.83941650390625
79.91251373291016
83.18035125732422
54.391441345214844
84.73119354248047
83.23937225341797
78.10736083984375
87.11088562011719
79.23399353027344
84.3061752319336
86.57815551757812
54.985225677490234
85.51835632324219
82.77854919433594
76.30381774902344
84.42384338378906
75.6167984008789
79.90879821777344
82.12555694580078
48.63608169555664
80.98446655273438
78.14525604248047
73.52381896972656
80.85104370117188
71.94363403320312
76.62821197509766
79.08853149414062
44.80986404418945
79.19195556640625
76.617919921875
70.79998779296875
79.0052719116211
70.672119140625
76.14517974853516
78.12760162353516
51.57904052734375
77.208740234375
74.1834487915039
69.29930114746094
76.5706558227539
67.68733215332031
69.83856964111328
71.21863555908203
46.32635498046875
64.81369018554688
58.8309440612793
59.859066009521484
70.8763427734375
66.05030059814453
70.96581268310547
73.14857482910156
21.880210876464844
73.34937286376953
71.17138671875
63.49964904785156
72.32465362548828
62.2877197265625
70.10770416259766
71.82572937011719
46.522708892822266
70.04852294921875
67.53752136230469
63.42088317871094
71.1457748413086
62.41954803466797
66.44230651855469
68.85443878173828
49.41901779174805
67.46035766601562
64.80860137939453
61.99436950683594
68.58008575439453
63.40202331542969
67.92195129394531
73.31387329101562
48.22146224975586
78.31844329833984
75.91028594970703
70.01786041259766
79.12918853759766
70.53530883789062
76.54631042480469
79.15705871582031
44.433101654052734
79.77000427246094
78.0510482788086
73.6527328491211
82.63286590576172
75.08123016357422
81.14476013183594
83.9603500366211
55.15249252319336
85.20375061035156
83.40861511230469
77.64042663574219
86.15644073486328
77.32736206054688
81.78068542480469
83.04033660888672
45.42082214355469
81.072265625
77.66862487792969
71.87355041503906
79.63421630859375
71.69074249267578
76.81932830810547
79.29643249511719
54.44242477416992
80.50585174560547
78.7031021118164
73.78266906738281
82.32645416259766
74.08052825927734
78.66886901855469
80.5927505493164
43.55454635620117
80.07839965820312
77.89110565185547
71.64600372314453
80.16615295410156
71.34587097167969
77.35356903076172
79.64055633544922
54.1814079284668
79.30517578125
77.24784851074219
72.64915466308594
80.85958862304688
73.3252944946289
78.41104888916016
81.12149047851562
52.661399841308594
82.39479064941406
80.84671783447266
75.9902114868164
85.33910369873047
77.92567443847656
84.20722198486328
87.17692565917969
58.03746795654297
86.44441986083984
82.80329895019531
75.52594757080078
82.50562286376953
72.72047424316406
75.85009002685547
76.90548706054688
30.929759979248047
74.50890350341797
70.76201629638672
66.6697006225586
74.22990417480469
65.86082458496094
69.2152328491211
70.40105438232422
46.89751434326172
71.74685668945312
70.96585845947266
64.4859848022461
75.25067901611328
67.91071319580078
75.05618286132812
78.4395751953125
50.75072479248047
81.00118255615234
79.61876678466797
75.10322570800781
84.4939193725586
77.09869384765625
82.63343811035156
85.260986328125
58.27663040161133
84.99945068359375
82.60606384277344
77.18229675292969
85.65080261230469
77.66134643554688
83.49793243408203
86.1363525390625
48.17731475830078
86.38270568847656
84.05518341064453
78.06443786621094
86.08553314208984
76.90422058105469
80.86945343017578
81.26631927490234
42.58770751953125
79.95537567138672
79.16630554199219
76.99325561523438
86.33246612548828
78.86737060546875
84.84456634521484
87.60713958740234
58.42157745361328
87.70498657226562
85.2726058959961
79.8401870727539
88.11554718017578
79.71488952636719
84.9502944946289
87.14501953125
53.05051040649414
87.09584045410156
84.60443115234375
79.03562927246094
87.42035675048828
78.71792602539062
84.25288391113281
86.38671112060547
56.683982849121094
86.11923217773438
83.79048156738281
78.94102478027344
87.08626556396484
79.09227752685547
84.32025909423828
86.81035614013672
56.5140495300293
87.48902893066406
85.2571029663086
79.84495544433594
87.81444549560547
79.28153991699219
84.93222045898438
87.2722396850586
51.160255432128906
87.77244567871094
85.8115234375
80.69003295898438
89.34321594238281
81.17250061035156
86.9733657836914
89.43028259277344
57.167144775390625
89.91988372802734
87.76433563232422
82.62740325927734
91.19696807861328
83.0933837890625
88.43265533447266
90.92589569091797
53.62141418457031
91.2434310913086
88.97503662109375
83.7319107055664
92.121826171875
83.74128723144531
89.15806579589844
91.3659896850586
57.26861572265625
90.75991821289062
87.88822937011719
81.78728485107422
89.30824279785156
79.9605712890625
84.4477767944336
86.22921752929688
55.645179748535156
85.8465347290039
83.32756805419922
77.5736083984375
86.07005310058594
77.78221130371094
83.56079864501953
86.14131164550781
55.01548767089844
87.03289794921875
85.0346908569336
79.84819793701172
88.82084655761719
80.74734497070312
86.38185119628906
89.01060485839844
58.703128814697266
89.51800537109375
87.51696014404297
82.52495574951172
91.14183807373047
83.07948303222656
88.6908187866211
91.34063720703125
59.29167175292969
92.0799560546875
89.99518585205078
84.67088317871094
93.07901000976562
84.64945220947266
89.55780029296875
91.27493286132812
56.787010192871094
89.79308319091797
86.95946502685547
81.70482635498047
90.13510131835938
82.54821014404297
88.59642028808594
91.85087585449219
63.44552993774414
93.80579376220703
92.44200897216797
87.7983169555664
96.68061065673828
88.6460952758789
93.60137176513672
95.65636444091797
61.10179138183594
94.43815612792969
91.46774291992188
85.21428680419922
92.88549041748047
83.98674011230469
87.90499877929688
89.3030014038086
47.4726448059082
87.02092742919922
83.82015991210938
78.35201263427734
86.7787094116211
78.22190856933594
83.57084655761719
85.89586639404297
47.975433349609375
85.67715454101562
82.9766616821289
77.05265808105469
84.85160064697266
76.17185974121094
81.74095153808594
83.85208892822266
39.184532165527344
83.0034408569336
80.22064208984375
73.76713562011719
81.58496856689453
72.20767974853516
75.88096618652344
77.20762634277344
54.43696975708008
74.40864562988281
70.2125244140625
61.808189392089844
65.8664779663086
43.64892578125
64.28898620605469
73.19400787353516
43.26835250854492
78.75467681884766
77.44688415527344
72.08643341064453
81.67947387695312
73.22663116455078
78.8313980102539
81.16748809814453
49.44407653808594
80.8663101196289
78.2811050415039
73.16268920898438
80.59366607666016
71.87313079833984
75.57725524902344
77.26266479492188
55.10625076293945
76.11349487304688
73.5783920288086
69.50923919677734
76.958740234375
68.4128189086914
74.33332061767578
76.61772918701172
48.5235595703125
77.4033203125
75.10165405273438
69.22759246826172
77.32537841796875
