84.5999984741211
90.56952667236328
93.65856170654297
65.9722900390625
96.01856994628906
94.31558990478516
89.86167907714844
97.80203247070312
88.27751159667969
92.76907348632812
93.48941802978516
55.07547378540039
90.23326110839844
86.47522735595703
80.47820281982422
86.86184692382812
76.98812866210938
80.94200134277344
82.09297180175781
48.440486907958984
79.453125
75.76171875
67.71990203857422
74.3424072265625
63.03108596801758
69.33572387695312
71.56546783447266
54.173614501953125
75.10179138183594
76.22361755371094
72.33765411376953
83.22012329101562
77.0079116821289
83.39363861083984
85.80529022216797
55.353450775146484
84.2470932006836
80.52937316894531
74.13118743896484
81.7499008178711
72.93848419189453
76.73125457763672
78.32585144042969
49.308204650878906
77.27517700195312
74.17426300048828
65.59861755371094
75.49382019042969
64.62847900390625
72.46388244628906
73.99193572998047
50.02483367919922
71.8829116821289
69.95700073242188
65.7248306274414
72.34585571289062
63.48064041137695
67.98990631103516
69.66251373291016
48.74241256713867
67.3341293334961
65.68233489990234
63.34999084472656
70.04825592041016
60.95410919189453
61.53755187988281
67.0450439453125
47.822792053222656
68.72801971435547
64.49818420410156
60.59714889526367
69.18631744384766
60.74142074584961
68.31941986083984
71.26628112792969
53.61054992675781
74.7352066040039
73.68158721923828
68.7822494506836
79.62818145751953
73.42649841308594
80.12531280517578
84.61459350585938
58.50939178466797
88.86495208740234
88.30116271972656
84.0842514038086
92.4100570678711
83.37277221679688
87.63729095458984
89.03990173339844
56.62140655517578
87.8155746459961
85.11417388916016
79.01325225830078
87.01174926757812
78.50679016113281
83.99649047851562
86.25642395019531
47.447227478027344
86.060302734375
83.8450927734375
78.87508392333984
87.31221008300781
79.57681274414062
84.68357849121094
87.5958023071289
44.969398498535156
88.56989288330078
86.93319702148438
82.1189193725586
91.20001983642578
83.26300048828125
88.0424575805664
89.32688903808594
56.33948516845703
85.47533416748047
80.92125701904297
74.99922943115234
80.53472137451172
70.7767562866211
73.55947875976562
74.09003448486328
48.91108703613281
72.49500274658203
69.5671615600586
66.25521087646484
74.54584503173828
68.168701171875
71.46504974365234
73.44609069824219
46.64936828613281
72.36978912353516
68.5093002319336
61.47022247314453
68.6227798461914
61.1506233215332
68.11093139648438
70.7802963256836
56.171836853027344
73.9034423828125
73.10721588134766
70.3200912475586
79.81846618652344
73.09288024902344
78.47994995117188
80.55972290039062
46.34170913696289
78.14661407470703
75.04365539550781
69.46910858154297
78.50602722167969
69.99617767333984
74.5865478515625
76.90751647949219
43.245445251464844
76.8055191040039
75.14478302001953
69.45406341552734
78.58645629882812
70.67237091064453
77.18356323242188
80.81999969482422
52.837650299072266
83.5090560913086
82.90081787109375
78.3333511352539
88.48310852050781
80.80175018310547
84.66912078857422
85.92630004882812
58.418460845947266
83.5914077758789
80.39950561523438
74.86672973632812
82.00389099121094
73.11909484863281
78.09669494628906
80.49919891357422
51.47651672363281
79.81963348388672
77.81243133544922
73.06185150146484
81.05307006835938
73.18619537353516
77.87149047851562
80.84622192382812
49.68032455444336
81.77873229980469
79.89857482910156
74.65131378173828
83.70601654052734
75.56542205810547
81.8531494140625
84.56253051757812
54.17024230957031
85.11296081542969
83.3055648803711
78.36952209472656
87.5132064819336
79.74346160888672
85.41651916503906
88.37217712402344
49.203433990478516
89.2123031616211
87.25443267822266
81.53302001953125
89.8708267211914
81.39400482177734
85.93517303466797
87.7022476196289
57.85902404785156
85.91716766357422
82.92953491210938
77.07064819335938
84.68529510498047
75.513916015625
79.9039306640625
81.82313537597656
51.292598724365234
80.78561401367188
77.59803771972656
72.28673553466797
79.74899291992188
70.77537536621094
75.52897644042969
77.1373291015625
36.76443862915039
77.35054779052734
75.00056457519531
67.87136840820312
76.76344299316406
67.51863098144531
73.92606353759766
75.3987808227539
50.43268585205078
74.20751953125
71.99208068847656
66.607177734375
72.96382904052734
63.91771697998047
65.3224868774414
64.66352844238281
51.42250061035156
57.590599060058594
63.380577087402344
62.30189514160156
73.83635711669922
68.43318939208984
75.20117950439453
79.50440979003906
47.9051628112793
82.5420913696289
80.61569213867188
74.09724426269531
82.97402954101562
74.13729095458984
79.06718444824219
81.0027084350586
55.90843963623047
79.99175262451172
77.08961486816406
72.43148040771484
79.98748016357422
71.75074005126953
76.899658203125
78.40923309326172
52.027095794677734
77.27507019042969
73.6811752319336
68.72854614257812
76.55435943603516
70.6670913696289
75.39546966552734
80.16903686523438
53.17794418334961
82.40419006347656
80.35755920410156
74.07601928710938
82.53141021728516
73.72228240966797
79.4838638305664
81.92356872558594
57.52847671508789
81.47962951660156
79.84454345703125
75.5162353515625
84.22596740722656
76.7478256225586
82.51925659179688
85.7618637084961
52.093650817871094
87.34318542480469
85.94549560546875
81.08021545410156
90.13157653808594
82.42123413085938
87.82166290283203
90.31594848632812
56.922271728515625
89.54651641845703
86.5326156616211
80.58386993408203
88.03128814697266
79.00047302246094
83.68203735351562
85.27381134033203
48.82547378540039
84.42430877685547
81.54070281982422
75.73092651367188
83.70703887939453
74.68821716308594
80.064453125
81.84283447265625
50.58638000488281
81.52720642089844
78.91088104248047
72.67870330810547
81.22608947753906
72.85316467285156
78.66226959228516
80.90386962890625
42.36018371582031
80.91919708251953
78.89249420166016
73.79756927490234
82.20755767822266
74.95853424072266
79.78121948242188
82.65892791748047
49.16777038574219
83.8779067993164
82.2584228515625
77.48170471191406
86.59568786621094
79.04296875
85.67402648925781
88.82232666015625
59.93000793457031
88.88230895996094
85.73283386230469
79.10972595214844
85.50746154785156
75.87327575683594
79.03120422363281
79.93534851074219
51.34197235107422
76.54314422607422
72.86215209960938
66.39649200439453
73.7869873046875
62.796932220458984
68.68348693847656
69.65251922607422
50.77328109741211
71.51602935791016
70.3206558227539
66.21510314941406
75.24913024902344
68.27406311035156
75.70153045654297
79.38406372070312
55.947391510009766
81.58831787109375
80.54469299316406
75.99031066894531
85.734375
77.81721496582031
84.32496643066406
87.4861831665039
54.012603759765625
88.62335205078125
86.83851623535156
81.39884185791016
90.05709075927734
81.75901794433594
86.84780883789062
88.98843383789062
62.37343215942383
88.49849700927734
85.89603424072266
80.00335693359375
88.40715026855469
79.8157730102539
85.14437103271484
87.34691619873047
55.19502639770508
86.49346923828125
83.56290435791016
75.98688507080078
79.86373901367188
61.23918914794922
74.22260284423828
79.9966049194336
56.92723083496094
83.85425567626953
82.19099426269531
76.99592590332031
85.78723907470703
77.575927734375
82.6209487915039
84.8416976928711
52.51188659667969
84.76973724365234
82.14655303955078
76.97603607177734
85.16227722167969
76.60942077636719
82.73031616210938
85.68685150146484
45.18872833251953
86.60443878173828
84.85481262207031
79.6589126586914
88.63400268554688
80.89511108398438
85.90502166748047
88.76853942871094
55.5406379699707
89.30726623535156
87.28498077392578
81.72367095947266
90.09465789794922
81.07845306396484
86.43119049072266
88.01599884033203
53.597721099853516
87.5635986328125
85.27943420410156
80.73797607421875
89.21835327148438
81.12662506103516
86.74335479736328
89.66915130615234
43.67530059814453
90.22814178466797
88.15678405761719
83.08411407470703
91.75148010253906
83.71439361572266
89.15917205810547
91.63935852050781
55.651676177978516
92.10066986083984
89.90416717529297
84.7395248413086
93.15031433105469
84.89580535888672
90.43287658691406
92.73493194580078
54.2190055847168
92.46041870117188
89.8333740234375
84.2252426147461
91.86194610595703
82.92906951904297
86.81827545166016
87.792236328125
56.44462966918945
85.8477783203125
82.90028381347656
76.93193817138672
85.71279907226562
77.30091094970703
83.4359359741211
86.04492950439453
52.23298263549805
86.67890167236328
84.50164031982422
79.65715789794922
88.24646759033203
79.74986267089844
85.57110595703125
88.05146789550781
48.778621673583984
88.85809326171875
86.992919921875
81.9705581665039
90.76715087890625
83.11553192138672
88.38054656982422
91.16507720947266
49.88985824584961
92.003173828125
90.28599548339844
84.79493713378906
93.86056518554688
86.11323547363281
91.58683013916016
94.31098175048828
61.93339538574219
94.47364044189453
92.36637878417969
86.72980499267578
95.0650634765625
86.79878997802734
91.89727020263672
94.44615936279297
58.67572784423828
95.4420166015625
93.66105651855469
88.76712036132812
97.44466400146484
89.28181457519531
94.28509521484375
96.30583953857422
63.5233039855957
95.20548248291016
92.37476348876953
86.46231842041016
94.18657684326172
85.25968170166016
90.03331756591797
91.91668701171875
53.376220703125
91.00767517089844
88.20116424560547
82.51969146728516
90.49290466308594
81.91883087158203
86.48693084716797
88.42689514160156
55.05198669433594
87.67339324951172
84.99451446533203
78.97019958496094
86.86405181884766
78.16560363769531
83.57400512695312
85.58512878417969
51.600399017333984
85.09315490722656
82.37654113769531
77.16010284423828
84.62644958496094
75.77420806884766
80.0394058227539
81.37913513183594
53.306888580322266
80.70106506347656
77.61672973632812
71.46466064453125
78.14641571044922
68.09940338134766
73.52019500732422
75.33131408691406
45.56118392944336
78.93074798583984
79.0948715209961
74.39933013916016
83.48796081542969
75.54717254638672
80.71179962158203
83.11762237548828
48.101566314697266
82.876953125
80.65833282470703
75.82026672363281
83.75294494628906
75.81517791748047
80.1091079711914
81.8558120727539
49.69004821777344
79.32538604736328
75.27911376953125
68.69727325439453
75.76685333251953
66.49971008300781
71.2012710571289
73.7938232421875
48.24066162109375
75.1814193725586
72.74507904052734
67.22767639160156
75.43590545654297
