90.03475189208984
96.3179931640625
99.5756607055664
61.81775665283203
101.40608215332031
99.6715316772461
94.16468048095703
101.7854232788086
92.2308120727539
95.592529296875
96.2008285522461
60.996944427490234
92.666259765625
88.71299743652344
81.78653717041016
88.41490173339844
78.60905456542969
81.80233001708984
83.8261489868164
52.40928268432617
85.2155532836914
85.18939971923828
82.38861846923828
92.90315246582031
86.68221282958984
93.90618133544922
96.96559143066406
45.32861328125
95.50960540771484
91.83586883544922
85.24404907226562
92.39051055908203
83.07943725585938
87.68143463134766
88.99417877197266
56.906375885009766
87.28108215332031
84.5287094116211
78.20240783691406
85.93202209472656
76.98731231689453
81.72051239013672
83.36288452148438
43.0624885559082
82.13052368164062
79.34326171875
73.21080017089844
81.03471374511719
72.16133117675781
77.52638244628906
79.52689361572266
50.201744079589844
77.4163818359375
75.48454284667969
69.80850219726562
77.17670440673828
68.00267028808594
72.42449188232422
73.95341491699219
53.46207809448242
72.46898651123047
67.93440246582031
63.54674530029297
70.22962951660156
60.03388595581055
67.53545379638672
64.86431121826172
48.779571533203125
72.54407501220703
71.68356323242188
69.76712036132812
78.33514404296875
72.48793029785156
79.08020782470703
82.99047088623047
47.60814666748047
86.90265655517578
86.97722625732422
83.83019256591797
94.08313751220703
87.73548126220703
93.87761688232422
96.00926208496094
57.46812438964844
93.93325805664062
90.56328582763672
84.28648376464844
91.55965423583984
82.97006225585938
87.2328872680664
89.1317367553711
57.25870132446289
88.51862335205078
85.67083740234375
80.25798034667969
88.47006225585938
79.3135986328125
85.27245330810547
87.46355438232422
55.42193603515625
87.42166137695312
85.10641479492188
80.10833740234375
88.38621520996094
80.35935974121094
85.84109497070312
88.53128051757812
50.38795852661133
89.26463317871094
87.36504364013672
82.4936294555664
91.30780029296875
83.04695892333984
88.08958435058594
89.213134765625
51.7172966003418
84.90638732910156
80.19383239746094
71.28638458251953
77.34473419189453
67.12245178222656
70.3782958984375
69.58019256591797
56.85257339477539
68.6429672241211
65.22286987304688
61.052059173583984
71.74520874023438
65.58804321289062
74.42486572265625
81.19994354248047
57.86404800415039
88.495361328125
88.98409271240234
85.75863647460938
95.02217864990234
87.15738677978516
93.13007354736328
95.92526245117188
60.969486236572266
97.1602783203125
95.31465911865234
90.30477905273438
98.56431579589844
89.59046936035156
93.87633514404297
94.8995361328125
50.44854736328125
92.2933578491211
88.90792846679688
82.43895721435547
89.71671295166016
80.6653823852539
85.32157897949219
86.57294464111328
47.84748840332031
85.41140747070312
82.2840347290039
77.0046157836914
84.4711685180664
76.50477600097656
81.29790496826172
83.40904235839844
44.56855773925781
83.087646484375
80.8878402709961
75.36395263671875
84.0788345336914
76.04660034179688
81.93722534179688
84.79755401611328
50.59748458862305
86.43953704833984
84.6656723022461
79.91975402832031
88.72777557373047
79.92804718017578
84.35183715820312
85.3674545288086
52.62605285644531
82.55216979980469
79.27940368652344
73.44783020019531
81.41036987304688
73.41551208496094
79.70099639892578
82.96553039550781
55.00055694580078
83.7479248046875
81.7967758178711
76.22268676757812
84.98233032226562
76.14143371582031
81.63394165039062
83.61353302001953
42.433815002441406
83.62442016601562
81.17060089111328
75.8057632446289
84.20584869384766
75.97884368896484
81.7677001953125
84.06885528564453
56.55400085449219
84.53688049316406
82.42840576171875
77.3387680053711
86.20787811279297
77.49960327148438
83.43197631835938
86.04259490966797
54.57242965698242
86.8011474609375
84.9035415649414
80.44409942626953
88.90962982177734
81.22087860107422
86.72107696533203
89.90077209472656
55.275047302246094
91.03736114501953
89.32632446289062
84.74639892578125
93.8622817993164
86.1048583984375
92.48454284667969
95.60858917236328
60.75359344482422
96.9462890625
95.09918975830078
90.33307647705078
98.43275451660156
89.64966583251953
94.81320190429688
96.43647766113281
59.0994758605957
95.17134857177734
92.11203002929688
86.36183166503906
93.79544830322266
84.68793487548828
89.612548828125
91.49913024902344
53.86943054199219
90.34992980957031
87.56253051757812
81.57659149169922
89.8918685913086
81.21533203125
86.3752212524414
88.55638885498047
53.552486419677734
88.06260681152344
85.44711303710938
80.01895141601562
88.19164276123047
79.68793487548828
84.78852081298828
86.8978500366211
48.912109375
86.6209487915039
84.23949432373047
78.8853530883789
87.30656433105469
77.97634887695312
83.95768737792969
86.17023468017578
52.64436721801758
86.42619323730469
84.22857666015625
79.83767700195312
88.35855865478516
80.524169921875
85.97247314453125
88.25184631347656
49.21821212768555
88.86550903320312
86.84835052490234
81.49056243896484
90.29097747802734
82.3316421508789
87.7454833984375
90.55038452148438
58.72982406616211
91.34185028076172
89.59075927734375
84.82785034179688
93.56936645507812
85.79945373535156
91.73810577392578
94.48111724853516
53.6021614074707
95.26091003417969
93.15685272216797
88.1244125366211
96.43911743164062
87.82181549072266
92.98262023925781
94.89716339111328
59.598690032958984
93.72586059570312
90.59439849853516
84.75511169433594
92.2816162109375
83.47990417480469
87.96861267089844
89.49337768554688
58.27620315551758
86.97720336914062
83.21650695800781
76.15845489501953
83.53943634033203
73.94438934326172
79.49292755126953
81.7135238647461
45.719139099121094
81.1542739868164
79.03165435791016
72.8135757446289
81.7669448852539
73.13616943359375
78.92249298095703
80.58071899414062
49.00349807739258
80.19063568115234
77.79383087158203
72.18880462646484
80.5272216796875
71.72301483154297
78.00892639160156
79.45865631103516
47.60354995727539
80.58644104003906
77.70741271972656
74.09063720703125
82.47976684570312
74.66563415527344
80.2732162475586
83.19751739501953
57.77577590942383
82.95231628417969
80.78752136230469
75.89277648925781
84.32657623291016
75.89386749267578
81.59439849853516
83.48810577392578
52.06931686401367
84.3443832397461
81.76589965820312
77.0882568359375
85.4287338256836
77.71480560302734
83.47113037109375
86.2098159790039
50.67493438720703
86.8380355834961
84.73997497558594
80.14334106445312
88.84517669677734
81.1015853881836
87.11463928222656
89.77568817138672
53.46640396118164
91.10661315917969
89.18688201904297
84.8432846069336
93.78959655761719
86.33384704589844
92.41941833496094
95.60936737060547
57.07537841796875
97.3265380859375
95.8338623046875
91.27363586425781
99.94463348388672
91.68550872802734
96.96195983886719
98.87142181396484
61.78215789794922
97.86062622070312
95.06521606445312
89.40843963623047
97.37950134277344
88.7699966430664
94.45258331298828
96.8552474975586
61.675716400146484
97.31968688964844
95.02179718017578
89.70602416992188
97.90362548828125
89.27006530761719
94.46832275390625
96.4478530883789
56.02936935424805
95.85614776611328
93.13623809814453
87.41647338867188
95.25383758544922
86.500244140625
91.52339935302734
93.23652648925781
51.075218200683594
91.5457992553711
88.48887634277344
82.94727325439453
91.48936462402344
83.48361206054688
89.20307159423828
91.86161804199219
57.80362319946289
92.33666229248047
90.22196197509766
84.80797576904297
93.06462097167969
84.76996612548828
90.44705963134766
93.1855697631836
53.63414764404297
93.94062042236328
91.8635482788086
86.65401458740234
94.64629364013672
85.42329406738281
89.88024139404297
91.52104949951172
42.62001419067383
91.41925048828125
89.50845336914062
84.48870849609375
93.03028106689453
84.88613891601562
90.2986068725586
92.93095397949219
56.86025619506836
93.10771179199219
90.73966979980469
85.64551544189453
94.26227569580078
86.25038146972656
92.40291595458984
95.43474578857422
56.24675369262695
96.46674346923828
94.22526550292969
88.96067810058594
97.3672866821289
89.03363037109375
94.33211517333984
96.57283782958984
58.53956604003906
96.47074127197266
94.24215698242188
88.97602844238281
97.0966796875
88.67749786376953
94.0693130493164
96.28541564941406
47.80928421020508
96.30937194824219
93.97608184814453
88.66048431396484
97.1312026977539
88.93448638916016
94.28692626953125
96.70994567871094
58.9285774230957
96.9319076538086
94.72779846191406
89.57097625732422
98.0184555053711
89.92874145507812
95.21155548095703
97.64649963378906
61.92558288574219
97.44551086425781
94.74259185791016
88.83299255371094
95.95126342773438
86.16495513916016
90.1953125
91.56118774414062
59.09403991699219
91.15808868408203
89.29718780517578
84.42523193359375
93.54222869873047
85.94721221923828
92.1168212890625
95.18000030517578
58.626678466796875
96.60295104980469
94.94412231445312
90.22755432128906
98.94910430908203
90.75857543945312
96.2476577758789
98.24778747558594
61.325233459472656
97.1019515991211
93.96489715576172
87.80953979492188
94.93682861328125
85.35872650146484
89.54747009277344
90.63835906982422
54.60868453979492
87.72510528564453
83.73130798339844
76.29644012451172
83.40826416015625
74.99456787109375
80.68975830078125
84.08771514892578
55.66653823852539
85.80387115478516
83.66720581054688
77.93733978271484
86.07608795166016
77.57682800292969
83.69095611572266
86.3365478515625
50.18535614013672
88.83354187011719
87.46724700927734
82.92082214355469
92.63594055175781
84.91754150390625
91.30786895751953
94.18019104003906
56.155643463134766
94.69424438476562
92.38504028320312
86.94747924804688
94.62081146240234
85.60712432861328
90.41268920898438
92.06420135498047
53.598087310791016
91.78963470458984
89.65791320800781
84.21025085449219
92.17068481445312
83.63524627685547
88.49262237548828
90.6415023803711
57.95600509643555
89.98594665527344
87.4140853881836
81.71498107910156
90.12831115722656
81.85700225830078
86.96665954589844
89.18636322021484
40.523101806640625
88.76734161376953
86.11965942382812
80.35497283935547
88.63330078125
79.62667083740234
84.48359680175781
86.17025756835938
51.351444244384766
84.38909912109375
81.36029052734375
75.70416259765625
83.82437896728516
74.18907928466797
80.26470184326172
83.04108428955078
52.047119140625
83.32601165771484
81.3471908569336
75.92179107666016
84.25760650634766
