81.19220733642578
83.66400146484375
82.6062240600586
85.8990478515625
84.41520690917969
88.06756591796875
86.2107925415039
89.85320281982422
86.95603942871094
88.5177001953125
85.49989318847656
84.85003662109375
82.46041107177734
79.98178100585938
79.410888671875
75.18795013427734
76.46021270751953
68.50474548339844
73.73681640625
68.11312866210938
73.08625793457031
73.22660827636719
77.41626739501953
76.9209213256836
82.16184997558594
80.8794937133789
85.5506820678711
82.00972747802734
84.57009887695312
79.5653305053711
81.20818328857422
77.48252868652344
78.71858978271484
75.05071258544922
75.95059967041016
73.31884765625
73.951416015625
72.93510437011719
71.80720520019531
71.58819580078125
70.46424865722656
70.83348846435547
68.54154968261719
69.95929718017578
66.65092468261719
68.8839340209961
65.62743377685547
67.01715087890625
61.292396545410156
65.97772216796875
62.88998031616211
65.90867614746094
61.183555603027344
65.89384460449219
62.35063934326172
65.98917388916016
62.257537841796875
68.79430389404297
65.69993591308594
72.26250457763672
70.4122314453125
75.53433990478516
74.70779418945312
77.77227020263672
76.99336242675781
77.94573974609375
76.07221984863281
76.05160522460938
74.59732055664062
74.05549621582031
73.65383911132812
72.75757598876953
72.15740203857422
71.17220306396484
71.51791381835938
70.33638763427734
71.90325927734375
70.08467864990234
70.8947525024414
69.03012084960938
69.44864654541016
69.80429077148438
69.40261840820312
68.25457000732422
68.2274169921875
67.57673645019531
69.01427459716797
68.05476379394531
67.9905776977539
67.87028503417969
67.718505859375
68.058349609375
68.3184814453125
67.31583404541016
68.02609252929688
66.84465789794922
67.65697479248047
67.19977569580078
67.02124786376953
66.5920639038086
66.3430404663086
67.12132263183594
66.56600189208984
66.9000473022461
65.40165710449219
66.82281494140625
65.47928619384766
66.51725769042969
65.31893157958984
66.2437515258789
65.33291625976562
66.88744354248047
64.9144515991211
66.91341400146484
65.90729522705078
66.71363830566406
66.09183502197266
65.78042602539062
65.18901062011719
64.26078796386719
65.43646240234375
65.5908203125
68.80978393554688
69.27442932128906
72.80912017822266
72.95320892333984
74.79520416259766
74.27127075195312
74.97223663330078
75.44377899169922
75.22731018066406
76.61737823486328
75.53423309326172
77.89431762695312
75.67229461669922
78.60728454589844
74.19670104980469
77.42461395263672
73.30082702636719
77.87662506103516
75.61676025390625
79.73988342285156
78.83456420898438
81.92411041259766
82.29562377929688
83.29742431640625
83.93196868896484
81.2725601196289
82.42849731445312
78.10838317871094
80.61734008789062
77.83322143554688
81.57406616210938
79.62674713134766
82.52913665771484
80.41921997070312
81.88569641113281
80.17672729492188
80.59761810302734
80.23175811767578
79.95154571533203
80.61565399169922
79.95399475097656
81.23112487792969
80.62370300292969
81.86495208740234
82.10477447509766
82.9383773803711
83.93474578857422
83.7896728515625
85.25756072998047
83.77220153808594
84.91163635253906
82.05171966552734
82.89443969726562
79.3853530883789
80.69495391845703
77.3486099243164
78.4268798828125
75.195068359375
76.3817138671875
74.13897705078125
76.0955810546875
75.05741119384766
77.87895965576172
78.14872741699219
80.43323516845703
80.49567413330078
80.96739196777344
80.56798553466797
80.51476287841797
80.19385528564453
80.0914535522461
79.66107940673828
79.86216735839844
79.4134521484375
80.05023956298828
79.66443634033203
80.10773468017578
79.75225830078125
80.6370849609375
80.24424743652344
81.60001373291016
81.08614349365234
82.08422088623047
82.0546646118164
83.34642028808594
83.5395736694336
84.37397766113281
85.00492095947266
85.61097717285156
86.61045837402344
86.80916595458984
87.8335189819336
87.32891082763672
87.91998291015625
86.47054290771484
86.6737060546875
84.83042907714844
84.94940948486328
83.11030578613281
82.98580169677734
81.5508041381836
81.36962127685547
80.35698699951172
79.86044311523438
79.18868255615234
78.46932220458984
78.2308578491211
77.16322326660156
77.72135162353516
75.62708282470703
76.15898895263672
74.86885070800781
75.61835479736328
74.29817962646484
74.80591583251953
72.94978332519531
73.86447143554688
73.11731719970703
73.16261291503906
73.1369400024414
72.54206085205078
73.14335632324219
71.79463958740234
72.22576904296875
70.77403259277344
72.10538482666016
71.00202178955078
71.50496673583984
70.4102554321289
70.67081451416016
70.30389404296875
69.96879577636719
70.40056610107422
69.26203155517578
70.58506774902344
68.9925537109375
70.22784423828125
68.88953399658203
69.38399505615234
67.22691345214844
69.46092987060547
66.82649230957031
70.42780303955078
69.74533081054688
74.0080337524414
73.46080017089844
75.54808807373047
74.86872100830078
75.39994049072266
74.5895767211914
74.44620513916016
73.96604919433594
73.42438507080078
73.03555297851562
71.38037109375
72.33135223388672
70.79952239990234
72.60303497314453
71.2759017944336
73.0837631225586
72.76118469238281
73.9286117553711
73.84812927246094
74.9572525024414
75.45611572265625
75.99900817871094
77.07783508300781
77.63681030273438
78.44810485839844
79.09049987792969
80.00048065185547
80.38275909423828
81.58314514160156
82.08798217773438
83.13569641113281
83.43753814697266
83.91744995117188
83.4825668334961
83.79737091064453
82.91134643554688
82.9521713256836
81.7381820678711
81.70960998535156
80.46807098388672
80.44760131835938
79.12830352783203
79.0675277709961
78.41439819335938
78.23841857910156
77.8236312866211
77.07752227783203
77.45939636230469
76.52093505859375
76.95916748046875
75.9209976196289
76.90824127197266
75.6948471069336
76.68850708007812
75.71781921386719
76.43048095703125
75.88299560546875
75.93775939941406
75.80374908447266
74.40692138671875
74.85346221923828
73.26676940917969
75.36735534667969
73.46076202392578
76.18476867675781
74.74762725830078
77.6314926147461
75.58824920654297
78.86774444580078
77.68095397949219
80.3549575805664
79.91421508789062
81.71050262451172
82.14398193359375
82.98212432861328
83.67300415039062
82.70925903320312
82.9213638305664
80.42886352539062
80.53362274169922
77.68270874023438
78.18004608154297
74.75634765625
75.35696411132812
72.17281341552734
72.82112121582031
70.52947998046875
70.17198944091797
69.35103607177734
68.24047088623047
67.89353942871094
65.31807708740234
66.24549102783203
62.638099670410156
63.987850189208984
62.91524887084961
62.068450927734375
62.79598617553711
63.611602783203125
61.87031173706055
63.38714599609375
66.07976531982422
66.25531005859375
67.98094940185547
68.03295135498047
69.30419158935547
70.65396118164062
71.03732299804688
71.1597671508789
70.96279907226562
69.97384643554688
70.23685455322266
67.64131927490234
67.70463562011719
65.49708557128906
66.7568130493164
65.92301940917969
67.12522888183594
68.60009002685547
70.73035430908203
71.57969665527344
73.59374237060547
74.2718734741211
76.00361633300781
76.52410888671875
78.37732696533203
77.94284057617188
79.14701080322266
78.21647644042969
79.42809295654297
78.97088623046875
80.3748550415039
80.47384643554688
81.25701904296875
81.0216064453125
81.56062316894531
81.71759033203125
81.644287109375
81.86094665527344
81.3401107788086
81.8853988647461
81.42019653320312
81.63481140136719
80.9789810180664
81.55058288574219
81.06458282470703
81.20677185058594
80.76554870605469
80.87114715576172
80.70893096923828
80.43634033203125
80.84363555908203
81.39981842041016
82.26313018798828
82.9195785522461
83.25051879882812
83.31953430175781
83.1428451538086
82.9131088256836
82.95669555664062
83.0101547241211
83.16236114501953
83.15634155273438
83.40376281738281
83.17880249023438
83.2152099609375
82.85442352294922
82.9831314086914
82.60689544677734
82.85964965820312
82.48088836669922
83.08720397949219
82.82086944580078
83.24889373779297
83.18095397949219
83.61575317382812
83.49908447265625
83.77569580078125
83.62384796142578
83.90083312988281
83.7813949584961
83.96018981933594
84.04583740234375
83.74554443359375
84.1144027709961
83.89158630371094
84.31744384765625
83.81884765625
84.27488708496094
84.03491973876953
84.47756958007812
84.20917510986328
84.52383422851562
84.3315658569336
84.3868179321289
84.25476837158203
83.82502746582031
83.61448669433594
83.04399108886719
83.16680908203125
83.04517364501953
83.5348129272461
83.32170867919922
83.954833984375
83.87921905517578
84.33856964111328
84.49170684814453
84.74004364013672
85.1450424194336
85.29566192626953
85.97239685058594
85.95967864990234
86.75148010253906
86.81616973876953
87.74545288085938
87.59735870361328
88.30560302734375
88.21370697021484
88.52085876464844
88.3763198852539
87.95819854736328
87.65802764892578
86.51792907714844
86.35370635986328
84.7780532836914
84.61207580566406
83.15333557128906
82.7747573852539
81.41036987304688
80.88529968261719
79.99244689941406
79.10044860839844
79.22023010253906
77.32147216796875
77.89790344238281
75.87813568115234
77.27229309082031
75.83951568603516
76.36776733398438
75.9220962524414
75.7099838256836
77.71949768066406
76.58512115478516
79.75347900390625
78.74861907958984
81.61263275146484
81.26697540283203
82.1946029663086
82.55870819091797
82.2069091796875
82.86426544189453
81.61626434326172
82.0771484375
80.30671691894531
80.04114532470703
77.7952651977539
77.20440673828125
75.36834716796875
73.63530731201172
72.29975891113281
71.62619018554688
70.54351806640625
73.30403137207031
73.45287322998047
75.7778091430664
75.18334197998047
75.48078918457031
73.93026733398438
74.18177795410156
74.27505493164062
75.94515228271484
77.35930633544922
78.66949462890625
80.45948028564453
81.00629425048828
82.41636657714844
82.54618072509766
83.18592834472656
82.52355194091797
82.5739974975586
81.45299530029297
80.50875854492188
78.91605377197266
76.12114715576172
74.99143981933594
71.23737335205078
71.46090698242188
68.45907592773438
70.4775161743164
67.31950378417969
69.56403350830078
67.78451538085938
71.16902923583984
70.54312896728516
75.36256408691406
75.651611328125
79.2189712524414
79.11346435546875
81.17999267578125
80.57662200927734
81.51482391357422
80.94412994384766
80.74576568603516
80.74650573730469
79.74275207519531
80.06429290771484
78.38922882080078
78.30580139160156
76.3175277709961
76.51670837402344
