87.39531707763672
91.87007904052734
95.81391143798828
77.78358459472656
96.116943359375
95.01302337646484
89.92657470703125
97.15211486816406
85.36962127685547
93.4458236694336
92.72418975830078
74.30684661865234
90.77902221679688
86.34075927734375
78.968017578125
85.77654266357422
77.90547943115234
75.11318969726562
78.22565460205078
65.23355102539062
81.54582214355469
81.5216293334961
76.697998046875
88.43325805664062
83.63080596923828
87.97770690917969
91.3514633178711
76.40278625488281
91.24375915527344
86.17638397216797
83.91435241699219
88.8722152709961
78.38545989990234
84.56085205078125
85.69625854492188
71.59333038330078
82.32650756835938
80.56330871582031
68.94842529296875
80.07910919189453
73.52777099609375
73.23660278320312
73.719482421875
68.37751007080078
77.38194274902344
71.17281341552734
70.50431060791016
76.96124267578125
70.35586547851562
72.35785675048828
73.76982116699219
62.338043212890625
68.97635650634766
70.12332153320312
65.17044830322266
58.02385330200195
57.319000244140625
69.98371124267578
70.55284881591797
61.09597396850586
76.77830505371094
76.33172607421875
70.83698272705078
80.70917510986328
76.24852752685547
79.36187744140625
84.94507598876953
71.8729019165039
86.04212188720703
85.806396484375
82.34114837646484
89.09944915771484
77.39643859863281
86.5467529296875
86.23509216308594
70.3038330078125
86.44609832763672
82.71251678466797
78.66232299804688
85.15121459960938
76.98731994628906
80.58849334716797
83.16065216064453
69.04259490966797
79.83463287353516
78.2120132446289
71.7945327758789
79.6463851928711
70.11354064941406
76.665771484375
78.00830078125
65.29656219482422
79.78710174560547
76.55169677734375
72.84095001220703
80.45793151855469
72.37677001953125
77.22393798828125
79.7560043334961
64.74944305419922
76.92572021484375
76.24449157714844
69.42511749267578
78.21235656738281
71.18836975097656
75.3429946899414
76.91399383544922
58.18681335449219
78.51106262207031
74.9996566772461
72.23831176757812
79.2012939453125
71.48710632324219
75.77618408203125
78.14012145996094
51.909969329833984
78.7078628540039
76.93539428710938
68.63108825683594
79.95884704589844
73.31233215332031
80.53458404541016
83.93882751464844
58.205047607421875
84.80762481689453
82.8681869506836
78.32538604736328
87.01406860351562
80.24758911132812
83.81685638427734
87.05513763427734
58.991127014160156
87.27278900146484
84.0215072631836
79.35652160644531
85.28352355957031
74.97173309326172
80.47187042236328
83.23990631103516
69.11741638183594
82.28034210205078
82.66365814208984
75.03951263427734
85.53199005126953
76.8224868774414
83.4285659790039
83.28028106689453
69.6966323852539
83.14334869384766
78.59016418457031
76.23469543457031
81.76177978515625
72.5595932006836
77.04264068603516
79.40064239501953
66.46243286132812
75.75181579589844
74.92396545410156
53.830474853515625
72.981689453125
69.1075668334961
69.9805908203125
69.0588150024414
63.76072692871094
73.55715942382812
68.3270492553711
70.36306762695312
75.86939239501953
66.38884735107422
74.79850769042969
77.47834014892578
63.99635696411133
78.5672836303711
77.81483459472656
68.66069030761719
80.7822036743164
75.4916000366211
76.92420959472656
80.51748657226562
56.33648681640625
79.35814666748047
76.59111785888672
70.50425720214844
77.64047241210938
67.31837463378906
73.33381652832031
74.01473236083984
60.375755310058594
74.35649108886719
72.04060363769531
66.8480453491211
75.40167999267578
67.91138458251953
74.266357421875
76.2961654663086
57.51177215576172
75.70065307617188
74.66177368164062
66.6635971069336
76.93243408203125
71.10009002685547
73.93222045898438
76.15805053710938
58.95967483520508
77.81802368164062
74.93709564208984
73.07429504394531
79.9468002319336
72.23136138916016
77.82498931884766
80.38472747802734
52.786598205566406
81.06551361083984
79.90575408935547
70.70053100585938
81.98623657226562
74.65728759765625
80.28370666503906
82.88009643554688
63.8187141418457
84.96207427978516
82.5755844116211
79.53697204589844
87.5317611694336
79.70321655273438
85.92230987548828
89.35064697265625
70.88086700439453
90.21174621582031
89.70845794677734
82.6684799194336
92.8022689819336
84.49138641357422
89.79470825195312
91.01838684082031
66.4621353149414
90.06439208984375
86.54225158691406
81.3984146118164
88.68687438964844
80.26206970214844
83.0267562866211
85.34197998046875
61.791053771972656
83.3156509399414
81.03364562988281
73.63143157958984
82.37629699707031
71.63695526123047
79.88956451416016
81.08438873291016
53.686824798583984
80.83686828613281
77.98035430908203
72.50798797607422
80.21446228027344
72.66863250732422
75.84281921386719
78.2596435546875
55.25156784057617
76.82493591308594
74.26570892333984
70.33618927001953
80.23820495605469
73.05792999267578
79.48851013183594
82.24497985839844
63.047088623046875
83.42262268066406
80.10542297363281
76.23766326904297
83.42993927001953
75.04344177246094
80.00859832763672
82.3229751586914
61.64584732055664
81.32200622558594
79.77383422851562
72.44449615478516
81.5103530883789
72.34961700439453
79.65734100341797
81.50849151611328
61.95826721191406
83.0555191040039
81.11509704589844
76.83975982666016
85.67507934570312
77.86495971679688
84.08564758300781
86.93719482421875
62.82448959350586
87.35692596435547
85.80821228027344
79.62879943847656
88.80429077148438
81.31824493408203
85.45137786865234
87.98902130126953
61.9188346862793
88.0722427368164
84.9313735961914
79.22190856933594
86.7618408203125
76.8454818725586
82.97964477539062
84.29386138916016
56.1843147277832
82.86164093017578
79.3160629272461
72.56964111328125
80.67659759521484
73.77603149414062
75.90486907958984
79.02571105957031
59.16274642944336
78.27293395996094
75.66513061523438
71.82652282714844
79.09868621826172
69.67778015136719
76.55328369140625
78.71402740478516
53.881431579589844
79.63384246826172
77.2910385131836
72.40777587890625
81.2984390258789
72.86254119873047
79.2523422241211
82.07817840576172
53.38645553588867
82.84764862060547
81.91280364990234
75.13270568847656
85.34941864013672
78.005126953125
83.22026824951172
85.82288360595703
56.30744171142578
85.72002410888672
83.33405303955078
79.51441955566406
86.08911895751953
75.16268920898438
82.2953109741211
82.33287048339844
65.57299041748047
80.87397003173828
77.66646575927734
68.87944793701172
77.34442901611328
69.95768737792969
67.46649169921875
71.53631591796875
61.30489730834961
67.03121948242188
62.121578216552734
64.41178894042969
67.5587387084961
54.52255630493164
66.16413116455078
68.88438415527344
59.4582405090332
67.56282806396484
69.13449096679688
63.78501892089844
73.32415008544922
65.3940200805664
74.0734634399414
76.67152404785156
56.94915771484375
79.89012145996094
78.54411315917969
73.13986206054688
82.59278106689453
74.9808349609375
80.80239868164062
82.860595703125
51.46675109863281
82.07894897460938
78.5648193359375
72.89644622802734
80.36550903320312
72.98302459716797
77.48899841308594
81.31919860839844
53.427642822265625
84.27130126953125
83.2483139038086
79.18632507324219
88.5072021484375
80.83110809326172
87.08702850341797
89.87232971191406
58.47329330444336
90.85083770751953
88.60990905761719
83.47332000732422
91.84244537353516
83.73329162597656
88.66619873046875
91.12342071533203
62.96489334106445
90.708740234375
88.47843933105469
82.8650894165039
91.05957794189453
82.1457748413086
87.85480499267578
90.33341979980469
44.39918518066406
90.6313705444336
88.53536224365234
83.166259765625
91.81694793701172
83.91352081298828
88.88944244384766
91.37507629394531
65.76081085205078
91.01750183105469
87.6598892211914
83.03788757324219
90.19802856445312
82.09832000732422
86.60481262207031
89.60218048095703
60.173152923583984
90.01494598388672
88.1797103881836
83.03022766113281
91.68970489501953
83.29773712158203
89.20829772949219
91.61444091796875
64.38772583007812
91.85533905029297
88.78829956054688
84.32363891601562
91.16928100585938
81.55335998535156
86.6558837890625
88.4945297241211
67.9627685546875
86.8807601928711
85.46656799316406
77.93966674804688
87.45672607421875
78.91534423828125
85.06028747558594
86.75682067871094
68.15438079833984
87.91434478759766
84.63961029052734
81.18235778808594
88.68521881103516
81.85841369628906
85.6036605834961
89.47222137451172
69.3386459350586
89.17420959472656
87.51301574707031
82.10752868652344
90.47295379638672
81.73002624511719
88.0200424194336
89.9324722290039
67.2360610961914
90.75688934326172
87.91951751708984
83.99427032470703
91.78834533691406
83.84700775146484
88.77552795410156
91.61355590820312
70.29286193847656
91.12532043457031
89.8259506225586
82.24614715576172
91.78768920898438
83.51513671875
88.03186798095703
88.95227813720703
71.47075653076172
87.21626281738281
82.6264419555664
78.367919921875
85.470703125
78.60423278808594
82.5810775756836
86.13015747070312
61.917205810546875
86.27140045166016
84.78150177001953
78.37024688720703
87.35540771484375
78.62001037597656
84.4383544921875
86.03131866455078
61.03706741333008
86.24279022216797
83.91927337646484
79.7833480834961
88.46188354492188
81.21339416503906
86.88825988769531
90.40205383300781
61.93768310546875
91.71720123291016
90.48762512207031
84.4561538696289
94.0274658203125
86.3301010131836
91.44778442382812
93.86421966552734
63.70888137817383
93.70491027832031
90.85585021972656
85.62548065185547
93.24765014648438
84.29744720458984
89.07927703857422
90.89751434326172
49.99238204956055
89.529052734375
86.33942413330078
79.42671966552734
87.49150085449219
79.279296875
82.69782257080078
84.89204406738281
61.7872428894043
84.08212280273438
81.03897857666016
76.53242492675781
83.73715209960938
74.61151123046875
79.57499694824219
82.07270812988281
56.19130325317383
80.69078063964844
77.90728759765625
70.65076446533203
76.531494140625
61.088951110839844
62.819923400878906
62.78450393676758
57.6600341796875
75.17715454101562
76.30699920654297
71.95368957519531
82.88533020019531
76.03514099121094
81.96916961669922
84.71414947509766
52.15652847290039
85.70943450927734
83.2220458984375
78.56074523925781
86.3914794921875
77.83557891845703
82.87468719482422
84.87983703613281
46.859886169433594
83.650390625
80.60696411132812
74.04811096191406
81.98665618896484
74.5228042602539
76.98603820800781
79.90154266357422
60.57272720336914
78.37326049804688
75.06382751464844
71.96346282958984
77.45886993408203
