84.18108367919922
89.72262573242188
92.82566833496094
53.45750427246094
93.99253845214844
92.32274627685547
88.61529541015625
97.56953430175781
89.97682189941406
96.7500228881836
99.9480209350586
55.86397933959961
100.61398315429688
97.62362670898438
90.65096282958984
97.40973663330078
87.3505630493164
90.77239227294922
91.48291778564453
58.70785140991211
87.54646301269531
83.52960205078125
75.56464385986328
84.3584976196289
76.7894058227539
84.56596374511719
89.1432876586914
61.99286651611328
92.75440979003906
89.77427673339844
83.45116424560547
90.65005493164062
81.65949249267578
85.08712005615234
86.79627227783203
59.40515899658203
85.2546615600586
82.00071716308594
76.77615356445312
84.09188842773438
75.19742584228516
79.97074890136719
82.22737884521484
35.43571853637695
79.7584228515625
76.60613250732422
70.6521987915039
79.34345245361328
69.00716400146484
76.68736267089844
77.54615783691406
56.375030517578125
76.94268798828125
74.9455337524414
65.45179748535156
75.76683044433594
68.1187515258789
70.67452239990234
71.9725112915039
55.262367248535156
73.1722640991211
69.2846908569336
66.5149917602539
73.38238525390625
63.36343765258789
68.10944366455078
69.71253967285156
55.24564743041992
68.9233627319336
68.18848419189453
54.320674896240234
69.4176025390625
67.5997543334961
68.30331420898438
74.04930114746094
55.96558380126953
78.29971313476562
77.1790771484375
74.46186065673828
84.17179870605469
77.33119201660156
84.8196792602539
89.28642272949219
52.529693603515625
93.18685913085938
91.96106719970703
87.85298919677734
95.47087860107422
86.04438018798828
90.4970703125
91.93743133544922
44.184242248535156
90.2239990234375
87.61351776123047
81.86491394042969
89.63435363769531
80.18779754638672
86.24165344238281
88.25267028808594
54.197261810302734
87.73977661132812
85.61795043945312
79.18795013427734
88.39405822753906
80.01998901367188
85.36526489257812
87.7092056274414
57.12562942504883
88.01858520507812
85.9622573852539
80.7650146484375
89.67340087890625
82.05078887939453
86.93846893310547
89.9078598022461
58.345306396484375
90.71159362792969
89.28358459472656
84.25547790527344
93.00190734863281
84.38280487060547
89.05793762207031
91.91162872314453
65.260009765625
92.47655487060547
90.02234649658203
82.97515869140625
90.04987335205078
80.0870590209961
83.82381439208984
84.48609924316406
61.36479187011719
80.6938705444336
77.0169906616211
68.00019073486328
77.0638656616211
70.11421203613281
74.88127136230469
80.18002319335938
44.91779327392578
84.20417785644531
83.78585815429688
81.48075866699219
91.45823669433594
84.91500854492188
91.67051696777344
94.69242095947266
46.84476852416992
94.57632446289062
91.6648941040039
85.78263092041016
93.36792755126953
84.22500610351562
89.31600952148438
91.34503936767578
54.93659210205078
90.62886047363281
88.40595245361328
82.7566146850586
91.80432891845703
83.76231384277344
89.56393432617188
92.61640167236328
45.61779022216797
93.9559097290039
92.73836517333984
87.82477569580078
97.52409362792969
90.50765228271484
95.9132080078125
98.74178314208984
65.11273193359375
97.48960876464844
94.56522369384766
87.5889663696289
95.26769256591797
86.51313781738281
90.55304718017578
92.16655731201172
47.423370361328125
91.28915405273438
88.59219360351562
82.87141418457031
91.00910186767578
82.67041015625
87.44569396972656
89.89488983154297
57.663143157958984
89.45894622802734
87.0373306274414
82.01222229003906
90.20038604736328
82.02255249023438
87.53562927246094
90.11066436767578
57.09529495239258
90.47943878173828
88.69679260253906
83.07633209228516
92.28683471679688
84.51202392578125
90.34545135498047
93.23381042480469
57.4373893737793
94.62487030029297
93.09431457519531
87.86906433105469
97.15701293945312
89.79682159423828
94.67993927001953
97.52205657958984
66.15861511230469
97.08824157714844
94.62482452392578
88.09073638916016
96.2448501586914
87.68722534179688
91.56133270263672
93.17777252197266
57.44991683959961
91.63153839111328
88.67253112792969
83.08299255371094
90.49747467041016
81.75272369384766
86.70896911621094
88.28358459472656
49.75279998779297
86.90613555908203
84.44682312011719
78.39775848388672
86.44391632080078
77.3686294555664
82.73475646972656
84.30018615722656
55.23353958129883
83.36150360107422
80.85796356201172
73.89705657958984
82.69412994384766
73.90464782714844
78.51537322998047
80.39796447753906
49.058170318603516
80.39492797851562
77.46916961669922
72.95800018310547
81.06898498535156
73.16577911376953
79.81261444091797
82.71022033691406
54.85374069213867
82.42967224121094
80.09461975097656
74.69942474365234
82.7308578491211
73.89368438720703
79.85354614257812
81.63899993896484
57.1534423828125
81.51958465576172
79.20755767822266
73.01426696777344
81.71160888671875
73.69954681396484
77.35151672363281
79.7348861694336
51.002418518066406
79.44757843017578
76.959228515625
71.05125427246094
80.54145050048828
72.03292083740234
79.53878021240234
83.12476348876953
43.041969299316406
84.70741271972656
83.00263977050781
78.15460205078125
87.10133361816406
78.87430572509766
85.80851745605469
88.3048324584961
44.395694732666016
89.42510223388672
87.52776336669922
82.2941665649414
91.13190460205078
83.1267318725586
88.76113891601562
91.54545593261719
55.627952575683594
93.02165985107422
91.1923828125
86.43829345703125
95.23143005371094
87.17832946777344
92.33029174804688
94.54983520507812
56.358497619628906
93.78679656982422
90.83182525634766
84.9362564086914
92.76168823242188
83.55623626708984
87.94554138183594
89.78750610351562
54.54068374633789
88.31591796875
85.43438720703125
80.14384460449219
87.47569274902344
78.37564086914062
83.55760955810547
85.71639251708984
53.63581085205078
84.89949035644531
82.39611053466797
76.66685485839844
84.8462142944336
75.54808044433594
81.8007583618164
83.5909652709961
50.08540725708008
83.16345977783203
80.42994689941406
74.43832397460938
82.0118179321289
73.18888092041016
77.39165496826172
79.82733154296875
58.714263916015625
80.2047119140625
77.45848083496094
73.96680450439453
82.45279693603516
73.41284942626953
80.07817077636719
82.84199523925781
52.2532844543457
83.80801391601562
82.10467529296875
77.37191009521484
86.24323272705078
78.44528198242188
85.24048614501953
88.55757904052734
57.193336486816406
90.61517333984375
89.27763366699219
83.24555206298828
92.21116638183594
83.31075286865234
86.96153259277344
88.23320770263672
60.324012756347656
85.15538787841797
81.71320343017578
74.37305450439453
82.05674743652344
72.10505676269531
76.50243377685547
76.92438507080078
55.718624114990234
75.83646392822266
73.45594787597656
70.56452178955078
77.87440490722656
69.37374877929688
77.10665130615234
79.67971801757812
57.06407165527344
81.47000122070312
80.25843048095703
75.61338806152344
85.61541748046875
78.05226135253906
84.81977844238281
88.2674331665039
55.14866256713867
90.4857406616211
88.85894012451172
81.82089233398438
89.34457397460938
79.59868621826172
83.49300384521484
84.53527069091797
53.857643127441406
85.10871887207031
83.42041778564453
79.91439056396484
88.8017349243164
81.81849670410156
88.33879852294922
91.44205474853516
56.85495376586914
92.16928100585938
90.23741912841797
85.0939712524414
93.49976348876953
85.1814193725586
90.56288146972656
92.86888122558594
57.813148498535156
92.80025482177734
90.35440063476562
84.0792236328125
92.33990478515625
83.70317840576172
89.05641174316406
91.41110229492188
54.481014251708984
91.27143859863281
89.0577392578125
83.52434539794922
91.59952545166016
83.23385620117188
88.17724609375
90.34465026855469
50.40601348876953
90.7801742553711
89.14970397949219
84.78551483154297
93.67323303222656
85.80382537841797
91.52153015136719
94.02908325195312
43.5407829284668
94.29303741455078
92.13311767578125
86.64421081542969
95.20307159423828
86.93119049072266
92.47444915771484
94.85195922851562
54.037803649902344
94.822509765625
92.56605529785156
87.2853775024414
95.77411651611328
87.72235107421875
93.50167083740234
96.19601440429688
50.72091293334961
96.68000793457031
94.42489624023438
89.26554107666016
97.71977233886719
89.41890716552734
94.7154769897461
97.14330291748047
52.26968765258789
97.27967834472656
95.0694808959961
89.89999389648438
98.27503204345703
90.02787017822266
95.47596740722656
97.98629760742188
58.85436248779297
98.13153076171875
95.98833465576172
90.10340881347656
98.29153442382812
89.26497650146484
93.6276626586914
95.22821807861328
60.98930358886719
95.11323547363281
92.94561004638672
87.8946304321289
96.54669189453125
88.70664978027344
93.96910095214844
96.56103515625
56.541141510009766
96.64816284179688
94.31177520751953
89.10401153564453
97.18403625488281
88.68603515625
94.15495300292969
96.66532135009766
54.276710510253906
97.1674575805664
95.0495834350586
89.81997680664062
98.26663970947266
89.73870086669922
94.35258483886719
95.97696685791016
62.578739166259766
93.60105895996094
89.88768768310547
82.82926177978516
89.70965576171875
79.49020385742188
84.11448669433594
84.84076690673828
56.62298583984375
84.96417999267578
82.84370422363281
79.26179504394531
88.1763687133789
80.66453552246094
85.35189819335938
87.91809844970703
57.15104675292969
85.92192077636719
82.34980773925781
77.8171157836914
87.28826904296875
80.13084411621094
87.60005950927734
91.43290710449219
50.2890510559082
94.36846923828125
93.44481658935547
89.05418395996094
98.70960235595703
91.61897277832031
97.51858520507812
100.52445220947266
64.58242797851562
100.4660873413086
97.9112548828125
91.35437774658203
99.13468933105469
90.08692169189453
93.9761734008789
95.37821197509766
54.778343200683594
94.12606811523438
91.6707763671875
86.17076873779297
95.38361358642578
87.60113525390625
92.97669982910156
95.46756744384766
57.616641998291016
95.24855041503906
92.85601806640625
87.1383285522461
95.42882537841797
86.86868286132812
91.73865509033203
93.77273559570312
62.65019226074219
93.06734466552734
90.73165893554688
85.32353973388672
93.71187591552734
85.63441467285156
90.44358825683594
92.34285736083984
49.9470329284668
91.63687133789062
89.13816833496094
83.57320404052734
92.41146087646484
84.94134521484375
90.01612854003906
92.80589294433594
58.649959564208984
93.36725616455078
91.31346893310547
85.77272033691406
94.20523834228516
86.09420776367188
89.83797454833984
91.48898315429688
62.056968688964844
89.23210144042969
86.26654052734375
79.59236145019531
87.90411376953125
