87.90559387207031
82.92276763916016
87.8585433959961
87.91818237304688
86.0082015991211
91.5544662475586
84.8536148071289
93.4378890991211
91.61406707763672
92.88581085205078
96.1516342163086
87.99762725830078
95.53324890136719
88.09930419921875
90.36785125732422
89.33354187011719
80.96826171875
87.67766571044922
72.461669921875
84.05147552490234
79.55268859863281
80.01847839355469
81.15678405761719
78.34835815429688
84.24663543701172
75.61602020263672
88.81632232666016
80.3180923461914
88.135009765625
84.9780502319336
82.18543243408203
84.18110656738281
77.60800170898438
81.51551055908203
78.84539031982422
77.70215606689453
78.97779846191406
73.72689819335938
77.60987091064453
73.0541763305664
75.30109405517578
74.24980163574219
72.13174438476562
74.51644897460938
67.83344268798828
73.37643432617188
68.45612335205078
73.22582244873047
68.91084289550781
70.22677612304688
68.79256439208984
65.66285705566406
69.6190185546875
65.30860137939453
67.60595703125
64.31376647949219
67.7720947265625
61.80649948120117
65.60480499267578
65.20942687988281
62.87059020996094
64.5788345336914
62.368865966796875
65.44446563720703
66.83734130859375
63.45099639892578
65.80994415283203
49.87882995605469
68.55265045166016
61.043636322021484
71.50801086425781
67.58460235595703
70.80845642089844
73.18077850341797
67.3434829711914
76.13053894042969
64.77633666992188
78.2951431274414
75.2668228149414
78.77079772949219
82.60053253173828
77.45722961425781
87.60103607177734
81.46945190429688
89.24063873291016
87.36241149902344
85.71261596679688
87.67869567871094
81.05912780761719
85.76151275634766
81.48949432373047
82.40657806396484
82.2535171508789
79.58987426757812
82.4148178100586
78.4844970703125
80.91441345214844
79.77902221679688
78.92650604248047
80.41043853759766
77.9883041381836
79.72610473632812
78.77560424804688
79.36140441894531
79.52324676513672
79.18827819824219
78.9737548828125
79.32913208007812
79.26042175292969
79.86898040771484
79.83423614501953
79.50020599365234
80.45346069335938
80.55616760253906
80.63439178466797
81.53634643554688
80.63945770263672
82.84197235107422
81.4620590209961
83.73348999023438
83.5943832397461
82.82230377197266
85.7046127319336
81.81190490722656
86.816162109375
84.3479232788086
84.17575073242188
85.31881713867188
76.48678588867188
83.02906036376953
74.14533996582031
78.8670425415039
76.24764251708984
73.0503158569336
76.91809844970703
66.6353759765625
78.52214813232422
64.78975677490234
80.04448699951172
78.70966339111328
79.91635131835938
85.01179504394531
75.85205841064453
89.03585815429688
84.74122619628906
88.8213119506836
90.11937713623047
82.18492126464844
90.10818481445312
83.03423309326172
86.68009948730469
86.34918975830078
79.72198486328125
86.7545394897461
77.60967254638672
84.92959594726562
83.10935974121094
80.02134704589844
85.28009796142578
74.37171173095703
85.08863067626953
82.07483673095703
82.69152069091797
85.9976806640625
78.17630767822266
87.5022201538086
82.96289825439453
87.0677719116211
88.8829574584961
84.58756256103516
91.98017120361328
86.47557067871094
91.87533569335938
90.22837829589844
87.94815826416016
90.27326965332031
83.73152160644531
87.91077423095703
84.28585052490234
84.48713684082031
84.71109771728516
81.18328094482422
83.92257690429688
80.11195373535156
82.19226837158203
80.83816528320312
81.0039291381836
81.75384521484375
80.35275268554688
81.93511199951172
79.93769073486328
82.11318969726562
80.45989990234375
81.6683120727539
81.0670394897461
80.79576110839844
82.3184814453125
80.79185485839844
83.14376831054688
81.5534439086914
82.95121002197266
83.62364959716797
82.50597381591797
85.24712371826172
82.65628051757812
86.00222778320312
85.22039031982422
85.70841979980469
88.23297119140625
85.45062255859375
90.1617202758789
87.6640625
90.31007385253906
91.0599136352539
88.6634521484375
92.34909057617188
87.46321868896484
90.65216064453125
88.497314453125
86.55633544921875
88.70442199707031
82.33635711669922
87.09630584716797
82.50780487060547
83.62567901611328
83.84066009521484
78.19902801513672
83.69144439697266
76.9276123046875
82.09070587158203
79.64361572265625
77.83769989013672
81.25900268554688
74.4393081665039
81.00715637207031
76.9981460571289
79.02030181884766
79.03418731689453
74.69610595703125
79.61923217773438
73.87815856933594
78.01231384277344
76.67951965332031
74.0877456665039
77.69792175292969
69.98001861572266
77.13738250732422
72.6364974975586
75.9662094116211
76.53472900390625
74.27257537841797
77.63923645019531
74.66707611083984
76.63990783691406
77.01285552978516
74.61156463623047
77.10906982421875
73.97560119628906
76.45536041259766
75.8826904296875
73.97618865966797
77.02388763427734
72.4811782836914
76.10969543457031
73.86803436279297
74.37384033203125
76.02073669433594
72.0834732055664
75.83763885498047
71.53813171386719
74.36601257324219
73.62835693359375
72.80078125
76.65291595458984
75.18572235107422
77.93247985839844
77.64883422851562
77.73262023925781
79.65676879882812
77.85919189453125
80.63803100585938
80.34896850585938
80.12804412841797
82.39999389648438
80.20153045654297
82.90361022949219
82.2956314086914
82.54615020751953
84.71459197998047
81.9002914428711
86.09181213378906
84.08613586425781
85.71297454833984
87.28184509277344
84.73517608642578
88.21394348144531
85.68252563476562
87.45484161376953
87.81697845458984
84.6122055053711
87.8150863647461
83.00528717041016
85.55208587646484
84.27159881591797
82.10636138916016
84.5076675415039
79.39571380615234
82.98998260498047
80.46688842773438
79.79779815673828
81.7009048461914
76.7927474975586
80.9517593383789
77.36671447753906
78.45182800292969
79.307373046875
74.34761810302734
79.50389099121094
74.7222900390625
77.71585083007812
78.5229263305664
74.12393951416016
79.32919311523438
73.83860778808594
78.91622161865234
77.13207244873047
74.82428741455078
77.56967163085938
68.29737091064453
74.97216033935547
69.8831787109375
71.26228332519531
72.79327392578125
68.44641876220703
74.18402862548828
70.63798522949219
73.54520416259766
74.93790435791016
71.39842987060547
76.14424896240234
72.44219207763672
76.4239273071289
76.51219177246094
74.51180267333984
78.65548706054688
74.9034652709961
80.13452911376953
79.48519134521484
78.49006652832031
83.01460266113281
78.19580078125
84.67769622802734
83.01110076904297
83.84178924560547
86.77191925048828
79.88640594482422
86.34659576416016
80.70596313476562
82.13162994384766
81.99774932861328
75.93901824951172
81.23375701904297
71.83314514160156
78.4879379272461
74.56865692138672
74.90825653076172
77.1346435546875
68.15522766113281
76.49839782714844
70.51191711425781
74.11408996582031
74.0848159790039
71.90971374511719
76.12657928466797
71.77791595458984
76.82331848144531
75.7664566040039
75.88311004638672
79.46981048583984
76.4403076171875
80.66571807861328
81.02021026611328
80.7269515991211
85.2378921508789
79.1013412475586
85.39625549316406
80.42194366455078
81.36062622070312
81.0788803100586
77.62661743164062
82.14804077148438
75.26189422607422
83.67401123046875
79.64204406738281
83.39642333984375
83.9076156616211
82.64797973632812
85.63770294189453
82.75110626220703
85.27626037597656
84.94313049316406
83.85582733154297
86.15143585205078
83.57376861572266
85.68094635009766
85.27422332763672
84.33372497558594
86.2418212890625
83.13671875
85.56556701660156
83.23356628417969
83.31645202636719
83.93360900878906
81.73191833496094
84.14500427246094
82.24118041992188
83.30976867675781
83.49850463867188
81.92606353759766
84.42533111572266
81.52337646484375
85.56462097167969
83.97311401367188
85.73981475830078
86.28573608398438
85.46459197998047
87.18463134765625
85.91339111328125
87.11287689208984
86.94795227050781
86.41120910644531
87.6974105834961
86.50052642822266
87.50531005859375
87.15196990966797
87.02153778076172
87.67871856689453
86.82210540771484
87.95135498046875
87.156494140625
87.88658905029297
88.08396911621094
88.27738189697266
88.72649383544922
88.91279602050781
88.75677490234375
89.28362274169922
88.79438781738281
89.33411407470703
89.35608673095703
89.03531646728516
89.7729721069336
88.91267395019531
89.85228729248047
89.4825668334961
89.54106140136719
90.21717071533203
89.18605041503906
90.64549255371094
89.75560760498047
90.36980438232422
90.63475036621094
89.57752227783203
91.42832946777344
88.98986053466797
90.8182601928711
88.48430633544922
88.78648376464844
88.10611724853516
87.21440124511719
88.63066101074219
87.1179428100586
88.72880554199219
88.2060317993164
88.46014404296875
89.09581756591797
88.57611083984375
89.02922058105469
89.07524871826172
88.21893310546875
89.7375259399414
88.23153686523438
90.0826644897461
89.59437561035156
89.86872100830078
91.50279235839844
89.33883666992188
92.45540618896484
89.66292572021484
91.42308044433594
90.51703643798828
87.93659973144531
90.14308166503906
84.11292266845703
87.77017974853516
83.20423889160156
83.47335815429688
83.22301483154297
76.01451873779297
82.40691375732422
65.85955047607422
80.13362884521484
72.09373474121094
78.30907440185547
76.00265502929688
76.98090362548828
80.41885375976562
70.35309600830078
81.38572692871094
60.575584411621094
80.82115936279297
72.4485092163086
81.23362731933594
80.75534057617188
80.30758666992188
85.25890350341797
79.34334564208984
87.75833129882812
84.830810546875
88.27088165283203
89.88308715820312
87.52622985839844
92.82476043701172
88.71846008300781
93.26898193359375
91.97581481933594
90.83007049560547
93.0451431274414
86.55614471435547
91.58041381835938
85.89846801757812
88.16710662841797
86.52538299560547
83.86682891845703
86.82999420166016
82.18318939208984
88.59445190429688
83.82657623291016
89.2334976196289
86.77922821044922
87.86515808105469
88.09910583496094
86.17706298828125
87.85354614257812
85.85284423828125
86.42474365234375
86.0703125
85.25176239013672
86.12677001953125
85.37004089355469
85.80396270751953
85.6627197265625
84.78592681884766
85.76091766357422
84.0009536743164
85.22476959228516
84.56695556640625
84.2372055053711
85.14641571044922
83.36266326904297
85.6612319946289
83.8988265991211
85.54167175292969
85.12415313720703
85.10034942626953
86.33097076416016
84.63427734375
86.82646179199219
85.03763580322266
86.13922882080078
85.63662719726562
84.03968811035156
85.256591796875
80.40303039550781
83.85826110839844
78.60106658935547
