81.76676940917969
87.9337387084961
90.69657897949219
56.028953552246094
91.91064453125
90.70159149169922
86.175048828125
95.65435028076172
88.70569610595703
94.67284393310547
98.2276840209961
72.77530670166016
98.28535461425781
94.92417907714844
88.09197998046875
94.78939819335938
84.85285949707031
87.88957977294922
88.4901123046875
61.89707565307617
85.74072265625
81.61737823486328
73.85026550292969
82.48895263671875
76.02520751953125
83.81668090820312
88.39643096923828
61.200721740722656
88.2561264038086
85.3181381225586
78.72734832763672
85.98048400878906
76.82451629638672
81.19483184814453
82.65692138671875
55.894527435302734
80.9512710571289
78.0651626586914
73.00932312011719
79.76464080810547
71.34261322021484
75.09660339355469
76.9653549194336
47.74801254272461
76.18817138671875
73.96420288085938
67.73756408691406
75.0875244140625
65.4845199584961
72.47309875488281
73.68817901611328
48.44766616821289
71.66240692138672
68.46055603027344
61.82646179199219
72.01358795166016
59.947208404541016
66.9468994140625
69.2216567993164
56.93134689331055
67.56729888916016
65.4565200805664
60.30735778808594
68.18939208984375
63.05474090576172
65.03060913085938
66.91082000732422
46.04585266113281
67.29515075683594
66.47347259521484
61.91754913330078
71.33744812011719
64.49433135986328
71.0747299194336
74.75080871582031
43.313045501708984
77.80286407470703
77.83161163330078
72.47261810302734
83.64765930175781
76.63420867919922
84.94210815429688
89.43987274169922
66.21283721923828
91.9847412109375
90.30733489990234
84.82344055175781
92.14507293701172
82.933837890625
86.60572052001953
88.37688446044922
61.022789001464844
87.16570281982422
84.5519027709961
78.23272705078125
86.73606872558594
78.02568054199219
83.49419403076172
85.23905944824219
51.44938659667969
85.27926635742188
82.85166931152344
77.13239288330078
85.5167007446289
76.88298797607422
82.97882843017578
85.34979248046875
54.54375457763672
85.00463104248047
83.05458068847656
78.66597747802734
86.9156723022461
78.69734191894531
84.51529693603516
87.18439483642578
60.86112594604492
88.40545654296875
86.08729553222656
81.65276336669922
89.28659057617188
79.42094421386719
84.2711181640625
85.45466613769531
53.642242431640625
86.30240631103516
85.15576934814453
81.30154418945312
90.1104736328125
80.6568603515625
86.94580078125
87.40813446044922
63.407745361328125
84.14376068115234
79.98335266113281
73.92743682861328
79.45064544677734
69.4595718383789
75.41788482666016
78.09742736816406
54.259056091308594
81.4936752319336
81.19007873535156
78.00482177734375
88.36351013183594
81.5597915649414
88.25779724121094
91.5797119140625
61.160865783691406
92.50347900390625
89.94173431396484
84.40270233154297
91.88291931152344
83.37181091308594
88.1386947631836
90.16285705566406
54.71316909790039
90.27754211425781
88.09567260742188
82.96732330322266
91.7288818359375
83.92524719238281
89.89019012451172
93.0791244506836
65.42935180664062
95.19075775146484
93.74126434326172
89.57547760009766
98.25625610351562
89.18318939208984
95.27777862548828
96.33334350585938
62.609249114990234
94.34001159667969
90.94153594970703
84.9966812133789
92.25938415527344
82.71928405761719
88.3878173828125
90.02448272705078
53.846431732177734
89.10702514648438
86.45407104492188
81.35247802734375
89.60840606689453
81.0055923461914
86.26905059814453
88.3247299194336
57.35416793823242
88.02621459960938
85.36864471435547
80.48835754394531
88.4273681640625
79.73957824707031
85.86865997314453
88.40412139892578
55.86381149291992
89.14816284179688
87.34723663330078
82.42706298828125
91.5197525024414
83.7715072631836
90.12433624267578
93.04872131347656
62.71780776977539
94.7408218383789
92.93568420410156
88.94175720214844
97.02691650390625
87.82391357421875
94.03520202636719
95.24874114990234
61.849857330322266
93.58387756347656
90.0793228149414
84.52368927001953
91.60435485839844
82.07402038574219
86.99197387695312
88.64434814453125
57.47444152832031
87.51589965820312
84.35591125488281
78.87899780273438
86.81742095947266
78.17109680175781
82.73423767089844
84.7088851928711
53.551761627197266
84.52937316894531
81.7225341796875
75.67583465576172
83.99247741699219
74.73572540283203
80.09134674072266
81.67220306396484
51.601844787597656
80.42554473876953
76.83745574951172
72.02996063232422
78.56755828857422
69.21427917480469
73.99370574951172
75.98663330078125
50.09764862060547
74.97026824951172
72.36976623535156
68.76449584960938
77.21411895751953
69.80408477783203
74.57914733886719
77.34630584716797
41.58199691772461
78.05205535888672
75.95492553710938
68.88756561279297
77.53113555908203
68.95669555664062
75.34538269042969
76.5081558227539
53.03269577026367
76.53059387207031
73.8213882446289
66.56846618652344
76.21949005126953
67.72835540771484
73.4210205078125
75.20830535888672
41.04762268066406
73.59798431396484
71.0703353881836
67.40477752685547
75.38145446777344
69.7720718383789
75.38459777832031
79.80150604248047
49.59156799316406
81.98333740234375
80.28134155273438
75.19092559814453
84.41014862060547
76.30574035644531
82.53731536865234
85.46692657470703
52.87269973754883
85.93157958984375
84.17874908447266
79.15723419189453
88.14513397216797
79.83856964111328
85.92605590820312
88.87832641601562
59.791927337646484
90.11354064941406
88.43309020996094
83.9892578125
92.48916625976562
84.36453247070312
89.91569519042969
91.99208068847656
58.397457122802734
91.03462982177734
88.0928955078125
82.60810089111328
89.758544921875
80.72413635253906
85.0956039428711
86.83576202392578
51.259239196777344
85.53526306152344
82.49017333984375
77.29436492919922
84.46233367919922
75.74059295654297
80.5618896484375
82.4800033569336
40.9511833190918
82.02596282958984
79.3188247680664
73.13994598388672
81.69647979736328
72.96127319335938
78.79991912841797
80.2054672241211
45.5284538269043
79.41091918945312
76.88062286376953
71.38241577148438
78.79299926757812
70.58985137939453
75.54920959472656
77.96785736083984
52.87974548339844
78.7286605834961
76.25849914550781
72.02239227294922
80.26821899414062
73.0043716430664
77.73970031738281
80.65990447998047
51.73719787597656
82.25084686279297
80.69014739990234
75.87075805664062
84.77470397949219
76.37407684326172
83.83331298828125
86.91545867919922
57.81880187988281
88.21772003173828
86.04108428955078
81.08975982666016
87.93489837646484
77.55776977539062
82.60387420654297
83.45799255371094
53.81190872192383
80.48664093017578
76.73785400390625
70.59329223632812
78.26618194580078
69.49108123779297
73.85936737060547
76.37442779541016
50.95106506347656
76.71098327636719
75.05257415771484
70.04234313964844
78.79098510742188
71.4409408569336
76.7457046508789
79.910888671875
44.60508728027344
81.82958221435547
80.45638275146484
75.43125915527344
84.7139892578125
77.06805419921875
83.5833511352539
86.65448760986328
55.200897216796875
88.23114776611328
86.12691497802734
81.46430969238281
88.37495422363281
78.2907485961914
82.39929962158203
83.68578338623047
55.87708282470703
82.40670776367188
80.84334564208984
76.22517395019531
85.8045654296875
78.99877166748047
84.65885925292969
88.08706665039062
59.0206413269043
89.79340362548828
87.72740173339844
83.15955352783203
91.28012084960938
82.67086029052734
88.3443374633789
90.53765106201172
42.99884796142578
90.53407287597656
88.1279296875
82.63549041748047
90.38043212890625
80.9627456665039
86.53518676757812
88.73287963867188
56.232845306396484
88.45460510253906
85.8447036743164
80.74154663085938
89.0826187133789
80.80741882324219
85.79810333251953
88.02163696289062
49.84426498413086
88.06761169433594
86.06714630126953
80.95423889160156
89.93695831298828
82.01384735107422
88.07189178466797
90.85276794433594
55.27321243286133
91.37142181396484
89.2800521850586
83.93665313720703
92.40962219238281
84.11930084228516
89.64241027832031
92.1344223022461
49.91402816772461
92.15818786621094
89.83645629882812
84.6620101928711
93.26721954345703
85.41549682617188
91.02339172363281
93.85025787353516
57.85576248168945
94.40025329589844
92.1477279663086
87.06330871582031
95.46997833251953
87.35263061523438
92.57412719726562
94.96784210205078
60.719200134277344
95.22802734375
92.96426391601562
87.87572479248047
96.22370910644531
87.99365997314453
93.56365203857422
95.96869659423828
60.758201599121094
96.35832214355469
94.02690887451172
88.72743225097656
96.39191436767578
86.7296371459961
91.69243621826172
92.9253921508789
54.25840759277344
92.15449523925781
89.96781158447266
85.08255004882812
93.69197845458984
85.85073852539062
91.1815185546875
93.7385025024414
60.04500198364258
94.01371765136719
91.77531433105469
86.65005493164062
94.76152038574219
86.62110137939453
91.92853546142578
94.37586975097656
59.583316802978516
94.96062469482422
92.76439666748047
87.63227844238281
95.70301055908203
86.74622344970703
91.8892822265625
93.2508316040039
54.892250061035156
91.24342346191406
87.5347900390625
80.91120147705078
87.81999969482422
77.66205596923828
81.99424743652344
82.68384552001953
52.74802017211914
79.36039733886719
76.88396453857422
70.19952392578125
79.90948486328125
73.00562286376953
77.80806732177734
80.67912292480469
54.51266860961914
81.46912384033203
79.42872619628906
73.97305297851562
84.26734161376953
77.31392669677734
84.75341796875
88.51795196533203
56.38164138793945
90.99091339111328
89.90904235839844
86.04078674316406
95.3823471069336
87.8443374633789
94.40495300292969
97.21192932128906
67.46792602539062
97.4974594116211
94.41039276123047
88.90878295898438
95.73033905029297
86.07571411132812
90.26327514648438
91.07205963134766
57.30059814453125
89.49762725830078
87.5599594116211
83.19302368164062
92.42613220214844
84.34159088134766
90.8176498413086
93.07872772216797
59.9329948425293
93.12181091308594
90.44612884521484
85.34507751464844
93.11337280273438
84.16751861572266
89.62126922607422
91.32369995117188
53.129146575927734
90.90890502929688
88.36181640625
83.2634048461914
91.46548461914062
82.6075668334961
88.51244354248047
90.5136489868164
57.522159576416016
89.97736358642578
87.0448226928711
81.98429107666016
90.02299499511719
81.57267761230469
87.65711975097656
90.13915252685547
59.506832122802734
90.99748229980469
88.34104919433594
83.62918853759766
91.027099609375
81.39262390136719
86.64191436767578
87.58322143554688
58.18006896972656
85.34664916992188
81.8180160522461
76.40432739257812
83.5156478881836
