90.2481689453125
94.789794921875
98.63602447509766
81.95097351074219
98.88465118408203
98.65458679199219
91.4599838256836
101.16429138183594
92.17262268066406
97.75668334960938
97.61509704589844
79.69322967529297
95.91133117675781
91.03121185302734
86.39404296875
91.6936264038086
82.25273895263672
84.95621490478516
85.64668273925781
48.711448669433594
83.70075225830078
83.77787780761719
76.07818603515625
90.23455810546875
85.28260803222656
89.96705627441406
91.7974853515625
76.25778198242188
91.89772033691406
87.49150085449219
84.1901626586914
90.12909698486328
81.7136459350586
85.10834503173828
87.13936614990234
68.2625961303711
84.18779754638672
82.28105926513672
73.52474975585938
82.11536407470703
73.39442443847656
80.20268249511719
79.98187255859375
64.96141052246094
81.72405242919922
77.49695587158203
74.08494567871094
80.5705795288086
74.65484619140625
75.16986083984375
77.92228698730469
64.68798065185547
74.3662338256836
72.95423126220703
65.63339233398438
71.7514877319336
58.27583312988281
71.2741928100586
71.68000793457031
64.3453140258789
73.3837661743164
71.10380554199219
61.72153854370117
68.80133056640625
68.36632537841797
67.98682403564453
71.35796356201172
67.04199981689453
78.72724151611328
77.78028106689453
75.83914947509766
84.72657012939453
79.952392578125
83.47386169433594
88.73865509033203
74.7630386352539
90.25067138671875
89.6373291015625
84.67330169677734
92.12415313720703
81.14944458007812
89.01679229736328
89.56987762451172
68.87581634521484
89.20494842529297
86.2646255493164
80.21564483642578
88.02555084228516
80.35514068603516
83.4615478515625
86.18707275390625
65.44379425048828
84.71720123291016
83.02862548828125
78.0626220703125
85.79235076904297
75.43702697753906
83.25428009033203
85.11041259765625
60.39971160888672
85.80747985839844
83.17195129394531
78.33000183105469
86.74895477294922
79.375244140625
83.28308868408203
86.52912139892578
65.03528594970703
85.47770690917969
83.73568725585938
77.35806274414062
85.22737884521484
72.859130859375
80.39209747314453
80.16862487792969
60.004905700683594
76.9267349243164
73.9480972290039
68.35387420654297
76.05096435546875
67.53898620605469
74.6708755493164
76.35511016845703
48.85972595214844
77.62274932861328
75.786376953125
68.80397033691406
78.44960021972656
71.10570526123047
74.72642517089844
77.53924560546875
60.01692199707031
79.41395568847656
76.70146179199219
74.90995025634766
83.35726928710938
79.48081970214844
83.71611785888672
88.55912780761719
65.54447174072266
89.98661041259766
88.19010162353516
83.83300018310547
91.69155883789062
83.54734802246094
89.0278091430664
92.40750122070312
71.22040557861328
92.93592071533203
90.451904296875
86.36968994140625
92.6731185913086
81.49224090576172
89.22358703613281
89.90026092529297
67.34727478027344
89.28461456298828
86.11197662353516
80.66893005371094
88.51041412353516
80.288330078125
85.2398910522461
88.26715850830078
63.61677551269531
88.20802307128906
86.84780883789062
80.32781219482422
90.49555969238281
84.76495361328125
88.27465057373047
92.11775207519531
76.05772399902344
92.97341918945312
90.4017105102539
87.20509338378906
93.22270965576172
81.34947204589844
90.18289947509766
90.94217681884766
71.55607604980469
90.45973205566406
87.56172943115234
80.8873062133789
89.48776245117188
81.91751098632812
84.63168334960938
87.54933166503906
67.46432495117188
86.54503631591797
84.16560363769531
79.4161376953125
87.54203033447266
79.10527038574219
86.10293579101562
88.03929138183594
63.34040832519531
89.44058990478516
87.0341796875
83.36273956298828
91.33375549316406
83.2123794555664
89.31879425048828
92.10338592529297
63.20650100708008
93.06168365478516
91.59751892089844
85.82525634765625
95.52108001708984
88.40951538085938
93.16300201416016
96.22157287597656
74.73567962646484
96.68932342529297
93.80718994140625
90.28925323486328
96.62519073486328
85.61650848388672
93.36943054199219
94.18869018554688
73.72498321533203
93.17813873291016
90.16371154785156
83.2203140258789
91.37606811523438
84.12319946289062
85.45552062988281
88.25801849365234
70.5746841430664
85.87894439697266
83.47453308105469
78.55125427246094
85.3208236694336
73.16571044921875
83.56855010986328
84.1695556640625
68.73158264160156
84.75576782226562
81.06913757324219
76.62775421142578
83.16024017333984
76.12101745605469
75.58411407470703
81.09796142578125
69.87222290039062
79.31484985351562
77.60948181152344
73.55950927734375
80.1454086303711
65.16704559326172
80.16522979736328
80.09801483154297
68.07170104980469
81.52556610107422
78.89593505859375
73.76813507080078
81.3470458984375
75.45763397216797
74.67517852783203
78.48993682861328
66.67879486083984
74.10223388671875
72.37965393066406
72.07608795166016
77.10546875
66.70193481445312
78.32538604736328
81.34613037109375
60.73095703125
83.94361877441406
81.6567611694336
77.67688751220703
85.2122802734375
77.26423645019531
81.74681091308594
84.18936157226562
63.87239456176758
83.18965911865234
81.39551544189453
73.59768676757812
83.47898864746094
75.22652435302734
81.18708801269531
83.0898666381836
65.06110382080078
84.80387878417969
81.61278533935547
79.663330078125
86.20372772216797
77.70990753173828
83.25093841552734
86.06464385986328
68.78926849365234
85.68633270263672
84.07945251464844
74.49874114990234
85.54216003417969
78.23347473144531
81.45628356933594
83.6781234741211
58.7075080871582
82.5877914428711
80.5485610961914
76.03626251220703
84.91635131835938
76.19834899902344
83.4648666381836
84.99508666992188
66.82597351074219
86.05089569091797
82.57341766357422
79.22931671142578
86.11910247802734
78.05773162841797
82.02500915527344
84.61216735839844
69.14784240722656
82.432861328125
82.0447006225586
70.43842315673828
82.40705871582031
75.77465057373047
79.7448959350586
81.46526336669922
69.42782592773438
84.13493347167969
79.94985961914062
80.41173553466797
87.63349151611328
79.30908203125
85.90721130371094
89.30776977539062
73.376708984375
90.11624145507812
90.01403045654297
80.07288360595703
93.18446350097656
87.31178283691406
90.60706329345703
93.16825866699219
75.8111801147461
92.19756317138672
87.93081665039062
84.53316497802734
89.91851806640625
79.3370590209961
85.72299194335938
86.26016235351562
65.74495697021484
84.08478546142578
81.34628295898438
73.97547912597656
82.6052017211914
73.90997314453125
78.42729187011719
80.5203628540039
52.85987854003906
79.98912811279297
77.49665832519531
71.2856216430664
79.22286987304688
71.72342681884766
75.25131225585938
77.03565979003906
39.33903884887695
76.51602935791016
73.41284942626953
70.14887237548828
77.84870147705078
68.4771957397461
75.25701141357422
76.40668487548828
59.320804595947266
75.94131469726562
74.0942611694336
62.45845413208008
74.5234603881836
66.54056549072266
66.14903259277344
66.68132019042969
58.80647659301758
73.77120971679688
72.97392272949219
72.4017562866211
80.08016967773438
73.39286804199219
79.76905822753906
83.45083618164062
62.92245864868164
84.87075805664062
83.29170989990234
77.63801574707031
86.79414367675781
79.5047378540039
84.40225982666016
88.18456268310547
66.60160827636719
89.41182708740234
87.60246276855469
83.32235717773438
91.56200408935547
82.22554016113281
89.43583679199219
91.09581756591797
66.4072036743164
91.72943115234375
89.5472640991211
83.75697326660156
92.14130401611328
84.33817291259766
88.02719116210938
90.35643768310547
63.781349182128906
88.43782043457031
85.5445556640625
78.0447769165039
86.69123840332031
77.54218292236328
84.58643341064453
86.51040649414062
67.89414978027344
88.45207977294922
87.15869903564453
81.94773864746094
92.12535858154297
84.86839294433594
89.68171691894531
92.53083038330078
62.13230514526367
92.22535705566406
90.07164764404297
84.14128875732422
92.63249206542969
83.82521057128906
89.47770690917969
91.23082733154297
71.12763214111328
91.8597412109375
89.08275604248047
85.24693298339844
94.25023651123047
88.52305603027344
92.76118469238281
96.53670501708984
73.4161376953125
97.18265533447266
94.67375946044922
90.28866577148438
98.05696868896484
89.21385955810547
95.1129150390625
97.2501220703125
55.24717330932617
97.11943817138672
94.68824005126953
89.4855728149414
97.68488311767578
89.07112121582031
94.74431610107422
97.00981140136719
58.8566780090332
97.25363159179688
94.90705108642578
89.68972778320312
98.08673858642578
90.31806182861328
94.94552612304688
97.53685760498047
69.76850891113281
97.23873138427734
94.54376220703125
89.96723175048828
96.66180419921875
86.3138427734375
92.61181640625
94.5090560913086
65.37220764160156
94.58537292480469
92.99369812011719
87.64175415039062
96.46664428710938
88.6665267944336
94.40061950683594
97.1103286743164
46.31223678588867
97.85218048095703
95.9922103881836
90.74805450439453
99.48504638671875
91.67652130126953
97.05751037597656
99.70318603515625
70.70124053955078
100.05644989013672
97.29530334472656
93.26599884033203
100.52982330322266
92.21913146972656
97.59796142578125
100.48780822753906
75.55254364013672
100.71416473388672
98.93830871582031
93.1720962524414
101.74410247802734
93.0284423828125
98.60211181640625
100.277587890625
69.18714141845703
99.70667266845703
96.7100830078125
91.05601501464844
98.74073028564453
89.71260070800781
94.56330108642578
95.78605651855469
70.95215606689453
93.49807739257812
88.83357238769531
82.34418487548828
89.44855499267578
82.86470794677734
84.13607788085938
87.18795013427734
69.59993743896484
86.83088684082031
83.34330749511719
81.77214813232422
87.34088134765625
76.08653259277344
84.75546264648438
86.39444732666016
70.42704772949219
86.05841064453125
85.74943542480469
73.8461685180664
87.78131103515625
81.45410919189453
84.57598114013672
85.94322204589844
67.94043731689453
83.8812255859375
79.67311096191406
75.65296936035156
82.6200180053711
73.7815170288086
79.945068359375
82.22724914550781
64.72083282470703
82.92509460449219
82.63990020751953
75.6134033203125
86.49928283691406
79.33101654052734
84.0577163696289
86.03895568847656
64.20508575439453
86.30953216552734
82.93899536132812
79.26007080078125
86.09307861328125
75.91079711914062
82.36865234375
84.28054809570312
64.2258071899414
83.53109741210938
82.05960083007812
74.75753784179688
84.54064178466797
78.29723358154297
81.5760269165039
83.46321105957031
63.26239776611328
82.61109161376953
78.1473617553711
76.0800552368164
80.90613555908203
