89.29188537597656
90.56159210205078
95.83139038085938
82.8049545288086
96.04888153076172
95.63221740722656
90.90282440185547
97.76869201660156
85.84687805175781
94.66606140136719
92.76446533203125
82.01459503173828
91.9969711303711
85.59486389160156
84.76602172851562
87.828857421875
79.46694946289062
81.83421325683594
83.8054428100586
76.12467956542969
80.166259765625
84.47465515136719
73.44925689697266
88.4534683227539
85.33147430419922
88.7640609741211
89.7319107055664
81.17548370361328
90.1474609375
82.43964385986328
84.8060302734375
88.1369400024414
76.01537322998047
85.68423461914062
85.62281036376953
74.91765594482422
84.78467559814453
82.759033203125
75.11300659179688
82.79325103759766
78.02241516113281
72.86967468261719
78.42367553710938
71.40767669677734
70.26517486572266
72.26626586914062
71.48567962646484
71.49054718017578
61.54643630981445
75.79865264892578
73.54953002929688
70.20553588867188
77.26664733886719
76.01400756835938
72.4450454711914
78.54808044433594
74.85881042480469
73.05841064453125
80.4266128540039
72.89718627929688
79.55892944335938
82.61241149902344
75.77812194824219
84.77446746826172
76.74076080322266
82.60822296142578
82.55642700195312
70.32666015625
83.8407211303711
78.39753723144531
78.5198974609375
83.56095886230469
71.89817810058594
80.82181549072266
82.07250213623047
68.757080078125
81.17189025878906
79.6400146484375
70.83258056640625
80.13663482666016
74.57191467285156
73.50523376464844
77.74634552001953
64.63200378417969
75.33788299560547
72.77853393554688
70.2639389038086
76.46675109863281
61.2689208984375
76.05671691894531
76.7151870727539
65.7640151977539
78.57113647460938
75.24516296386719
73.23687744140625
79.38323974609375
72.20682525634766
75.62586212158203
78.2635269165039
66.01850128173828
75.45870971679688
75.20651245117188
61.25810241699219
75.7553939819336
68.45638275146484
70.63910675048828
74.21563720703125
64.34716033935547
75.91024017333984
71.42481231689453
71.85311889648438
78.2836685180664
68.91708374023438
76.73662567138672
78.3010025024414
64.75875091552734
78.91924285888672
77.16411590576172
67.5355453491211
78.58635711669922
74.13227081298828
72.62284851074219
76.73905944824219
63.87179946899414
69.53914642333984
69.27295684814453
66.90377807617188
71.8451919555664
51.95812225341797
75.22341918945312
75.83576202392578
69.76271057128906
78.98589324951172
78.38186645507812
73.63076782226562
83.01355743408203
80.82808685302734
79.59916687011719
86.5961685180664
72.9095687866211
86.6005859375
86.00067901611328
78.8232192993164
89.18376922607422
81.93708801269531
87.87725830078125
87.52322387695312
78.50563049316406
87.28899383544922
80.48388671875
81.53337097167969
85.33004760742188
80.37307739257812
82.4410400390625
87.00706481933594
75.00072479248047
87.6121597290039
87.67167663574219
79.80638885498047
90.44145965576172
82.4165267944336
87.56005096435547
89.65294647216797
55.77732849121094
89.65442657470703
87.44466400146484
81.5926513671875
90.72488403320312
83.85507202148438
87.4519271850586
90.94043731689453
72.32841491699219
91.32183837890625
88.25106048583984
86.11209869384766
90.69998168945312
73.77287292480469
87.95685577392578
86.7401351928711
76.78013610839844
86.75664520263672
84.34466552734375
78.90196990966797
86.58777618408203
83.08282470703125
81.5613021850586
88.26122283935547
76.37416076660156
88.23322296142578
87.7404556274414
81.85475158691406
90.04606628417969
80.59004211425781
87.84809112548828
88.91233825683594
71.1185073852539
89.94988250732422
86.36138916015625
84.02632141113281
90.81656646728516
81.23336029052734
88.59832000732422
90.78189086914062
73.74351501464844
91.7159652709961
90.0199203491211
84.22222137451172
93.52017974853516
87.42311096191406
90.54377746582031
94.50054931640625
75.71834564208984
94.80435943603516
94.11160278320312
86.94412231445312
97.14077758789062
89.09024047851562
94.60557556152344
95.83419036865234
79.20142364501953
95.7569808959961
91.12113189697266
88.92503356933594
94.3086166381836
84.12738037109375
90.7447509765625
91.80713653564453
76.24617767333984
90.47830200195312
88.2531509399414
78.79735565185547
88.76211547851562
82.69403839111328
81.92664337158203
85.97542572021484
70.5354995727539
83.28997039794922
81.22039794921875
77.0608139038086
83.45281982421875
70.36043548583984
82.35256958007812
82.53572845458984
71.07719421386719
84.5006103515625
81.1612548828125
78.15130615234375
84.71050262451172
77.70657348632812
80.72635650634766
83.41657257080078
70.81391906738281
81.06722259521484
80.48548126220703
65.32318878173828
80.54776763916016
75.48719024658203
76.47169494628906
78.5137710571289
69.14395141601562
79.84757232666016
75.0238037109375
76.81063079833984
81.89845275878906
71.40109252929688
81.15441131591797
82.19380187988281
72.15658569335938
82.51863861083984
82.61488342285156
71.92387390136719
84.69090270996094
78.73565673828125
79.39116668701172
83.10398864746094
65.78926849365234
80.91095733642578
78.9018783569336
73.76814270019531
81.72740936279297
71.608154296875
81.5352783203125
83.29057312011719
69.95635986328125
86.05674743652344
83.37112426757812
80.89164733886719
88.7032241821289
81.43338012695312
86.93934631347656
90.11537170410156
72.59029388427734
90.75245666503906
89.95146942138672
81.95051574707031
92.88282012939453
86.4817886352539
89.87952423095703
92.89872741699219
67.71192932128906
92.4531478881836
89.42801666259766
85.12532043457031
91.93354034423828
81.68009185791016
88.68358612060547
89.87362670898438
67.64431762695312
89.4922103881836
86.13780975341797
81.02111053466797
88.83390045166016
80.3021240234375
85.16366577148438
87.33089447021484
66.88337707519531
86.64407348632812
85.02055358886719
77.06686401367188
86.87641143798828
79.40585327148438
82.64643096923828
85.2798080444336
64.43013000488281
84.05548095703125
80.72019958496094
76.41429138183594
82.72245788574219
72.43927001953125
80.37026977539062
82.62106323242188
64.13249969482422
84.47301483154297
82.16280364990234
79.18804931640625
87.17044067382812
79.79440307617188
85.58541107177734
88.89230346679688
72.00566101074219
89.5024642944336
89.29421997070312
80.32231903076172
92.55293273925781
86.38514709472656
90.15859985351562
92.66228485107422
75.82339477539062
92.27928924560547
87.49478149414062
85.47105407714844
90.35186767578125
79.02157592773438
86.46546936035156
87.18385314941406
71.90556335449219
85.50988006591797
83.00546264648438
74.06329345703125
82.78758239746094
76.16869354248047
74.54711151123047
78.01883697509766
65.99544525146484
73.72530364990234
69.25902557373047
70.90319061279297
75.20394897460938
65.63835906982422
75.52391815185547
77.80768585205078
65.32748413085938
79.38514709472656
78.27413177490234
70.04629516601562
80.38505554199219
73.55276489257812
76.06623077392578
78.76603698730469
58.49094772338867
75.80833435058594
72.43883514404297
66.44818878173828
73.55423736572266
60.16975784301758
74.66867065429688
77.91461181640625
62.52748107910156
81.29279327392578
80.07212829589844
75.94537353515625
86.0423355102539
79.83850860595703
84.67947387695312
87.94303131103516
62.316219329833984
89.15399932861328
87.65093994140625
82.0501480102539
91.39608764648438
83.55389404296875
89.00655364990234
91.2729263305664
60.97889709472656
91.50948333740234
88.80509948730469
84.30939483642578
91.98590850830078
83.4355239868164
88.83768463134766
91.02200317382812
64.81153106689453
90.89227294921875
88.476806640625
83.0387954711914
91.28117370605469
82.49830627441406
87.98917388916016
90.24284362792969
65.91581726074219
90.039794921875
88.16429138183594
82.11774444580078
91.63546752929688
84.2802963256836
88.848876953125
91.69312286376953
51.24848556518555
92.05258178710938
89.45791625976562
85.37109375
92.63644409179688
82.47520446777344
89.5941162109375
91.30687713623047
71.62303924560547
91.2201919555664
89.37193298339844
82.60916137695312
92.09813690185547
84.79891967773438
88.70574951171875
91.50282287597656
60.56396484375
91.448974609375
89.38800811767578
84.22702026367188
92.39468383789062
83.77505493164062
89.70427703857422
91.86991882324219
65.54740142822266
92.1602783203125
89.58698272705078
84.92913055419922
92.86954498291016
84.36227416992188
89.8801498413086
92.23902130126953
69.32904815673828
92.03597259521484
90.11717987060547
83.78502655029297
92.79300689697266
84.8717269897461
89.38282775878906
92.05458068847656
61.51264953613281
92.1687240600586
89.89282989501953
85.23331451416016
93.20079040527344
83.35530853271484
90.76642608642578
92.29058837890625
72.30713653564453
93.0174331665039
90.6552963256836
85.58110046386719
94.25395965576172
87.0159683227539
91.35025024414062
94.60260009765625
72.68244934082031
94.59527587890625
93.23290252685547
86.35399627685547
95.93963623046875
87.8647232055664
92.97248077392578
94.79326629638672
73.0772705078125
94.21573638916016
90.04222869873047
86.85442352294922
92.55056762695312
81.95122528076172
88.3958740234375
89.11634063720703
74.71056365966797
86.98487854003906
84.49117279052734
73.91634368896484
83.79977416992188
78.24369812011719
73.11705017089844
78.16387176513672
70.25517272949219
74.40025329589844
63.5000114440918
76.36040496826172
77.03337097167969
74.27418518066406
76.93585205078125
82.83741760253906
73.86251831054688
84.55323791503906
85.09464263916016
77.42877197265625
87.0177993774414
78.08509063720703
83.10218811035156
84.33879852294922
54.0372200012207
82.50774383544922
79.4631118774414
70.59343719482422
79.44651794433594
69.51700592041016
75.94992065429688
77.47394561767578
65.21916961669922
81.71307373046875
79.5132064819336
77.81476593017578
85.69108581542969
80.08002471923828
84.02899932861328
88.4676742553711
74.45469665527344
88.96929168701172
88.91290283203125
80.2134017944336
91.6963119506836
84.76119232177734
88.67920684814453
90.5462875366211
73.68575286865234
89.63713073730469
84.25907135009766
82.95663452148438
85.32620239257812
63.97215270996094
79.0554428100586
72.23779296875
71.68310546875
74.70451354980469
80.77440643310547
72.86976623535156
86.73966979980469
81.25715637207031
86.74296569824219
89.80847930908203
71.39126586914062
91.49082946777344
88.45271301269531
85.9726333618164
92.85991668701172
83.292724609375
90.6790771484375
92.33211517333984
70.61396026611328
92.6052474975586
89.95442199707031
84.7542495727539
92.56355285644531
