92.82884979248047
99.40601348876953
102.4033203125
72.16382598876953
102.85833740234375
99.29561614990234
94.37968444824219
100.32530212402344
90.80632781982422
93.0146255493164
93.9100570678711
74.5855484008789
92.46964263916016
89.13655853271484
76.5234603881836
85.79344940185547
72.21068572998047
83.601318359375
83.28472900390625
70.81510162353516
85.67326354980469
86.73394012451172
84.7717056274414
94.33167266845703
87.00926208496094
91.52381134033203
92.5850601196289
73.14242553710938
91.41300964355469
88.23262023925781
79.6397933959961
87.45048522949219
76.38773345947266
85.09691619873047
86.48851013183594
71.08722686767578
82.46084594726562
79.3326416015625
78.2668228149414
84.2120361328125
76.700927734375
76.35365295410156
77.46575927734375
67.7359848022461
80.49591827392578
78.55280303955078
59.964019775390625
74.56583404541016
46.19440841674805
77.31690979003906
78.63961029052734
67.61324310302734
69.6266860961914
54.06586456298828
72.43737030029297
76.42381286621094
73.75655364990234
58.818458557128906
65.66234588623047
71.2223129272461
72.1245346069336
71.45066833496094
69.64982604980469
74.0604476928711
70.0567855834961
70.5530014038086
75.40888214111328
64.91546630859375
79.87820434570312
79.21553039550781
72.9430160522461
81.89740753173828
74.36282348632812
84.14653778076172
87.61460876464844
70.85790252685547
90.9559097290039
90.24390411376953
87.38587951660156
96.29796600341797
86.69183349609375
93.5509262084961
94.27324676513672
72.15589141845703
90.6501235961914
87.31424713134766
84.09286499023438
90.74504089355469
83.0382080078125
85.16039276123047
86.93082427978516
69.65737915039062
88.3863525390625
86.31148529052734
75.7607650756836
87.1678466796875
77.06591796875
86.04159545898438
87.95999908447266
70.99944305419922
85.76438903808594
83.52560424804688
81.6927490234375
88.58106231689453
82.05243682861328
83.83512878417969
86.443359375
70.21781921386719
88.63695526123047
86.84490203857422
77.9313735961914
88.52912902832031
78.96350860595703
87.65018463134766
90.57937622070312
73.92082214355469
90.4934310913086
88.8097915649414
85.149658203125
93.2206802368164
85.8303451538086
88.6883316040039
89.84223175048828
67.60830688476562
85.62586975097656
81.34843444824219
75.78390502929688
81.47529602050781
72.6954574584961
79.48673248291016
82.77729797363281
70.46814727783203
81.8187484741211
80.2976303100586
79.73571014404297
88.12715148925781
82.37786865234375
86.30033111572266
90.95055389404297
62.4714469909668
94.43680572509766
93.0288314819336
88.18910217285156
95.62452697753906
86.56907653808594
90.17066955566406
91.07196044921875
72.24459075927734
90.79782104492188
88.37525177001953
79.80135345458984
88.95344543457031
79.17567443847656
87.73982238769531
89.81632995605469
69.15906524658203
89.0802230834961
87.07498931884766
84.28450775146484
92.9619140625
86.1016616821289
90.67610168457031
94.30841827392578
64.72606658935547
95.35224151611328
92.23582458496094
86.36864471435547
92.0867691040039
82.05361938476562
88.00613403320312
91.98170471191406
78.9103012084961
95.88715362548828
95.47618865966797
89.27660369873047
98.17213439941406
90.0324478149414
94.82514953613281
96.9075927734375
72.53367614746094
96.21763610839844
94.12455749511719
89.48738861083984
97.85506439208984
90.61067199707031
94.98495483398438
98.02713012695312
73.464111328125
98.87816619873047
97.08537292480469
90.57744598388672
98.99681091308594
90.31812286376953
94.47966003417969
95.88629913330078
73.65202331542969
93.73597717285156
90.43842315673828
83.19686889648438
91.39208984375
82.49380493164062
87.04750061035156
88.55192565917969
62.401100158691406
86.69664001464844
84.02603149414062
78.94735717773438
86.21007537841797
77.3464126586914
81.93373107910156
83.92007446289062
69.58094024658203
83.81689453125
81.51986694335938
77.18301391601562
84.760009765625
77.3067398071289
82.6429672241211
84.7123794555664
61.73341369628906
85.84203338623047
84.22957611083984
80.18733978271484
88.01227569580078
79.7275619506836
84.18360900878906
86.30937957763672
69.90547180175781
86.35803985595703
83.80866241455078
73.97306060791016
84.07384490966797
73.48291015625
81.70476531982422
82.99425506591797
60.863433837890625
78.70280456542969
74.07270050048828
75.16874694824219
78.76500701904297
73.1707534790039
69.67582702636719
71.87894439697266
65.12903594970703
74.32000732421875
70.51927947998047
68.37906646728516
76.87528228759766
73.01258087158203
74.73512268066406
80.41444396972656
63.238094329833984
84.1976547241211
82.94236755371094
78.28508758544922
86.15266418457031
78.25464630126953
82.12002563476562
83.54585266113281
69.58656311035156
84.32203674316406
82.23361206054688
74.7546615600586
83.05785369873047
73.7385025024414
81.99964904785156
84.0408935546875
67.72817993164062
80.52410888671875
76.27747344970703
75.36915588378906
80.4192886352539
73.04077911376953
76.51805877685547
80.90673828125
67.97907257080078
83.85706329345703
82.78102111816406
76.24960327148438
85.5302505493164
77.3126449584961
84.58518981933594
86.98583221435547
65.95182800292969
86.43872833251953
84.19610595703125
81.56761169433594
89.0350570678711
81.51974487304688
85.02166748046875
88.42637634277344
71.34684753417969
90.04347229003906
87.97391510009766
80.52447509765625
90.36642456054688
81.50983428955078
88.92918395996094
91.23783111572266
72.18909454345703
90.83415222167969
88.72242736816406
85.47540283203125
93.44129943847656
85.84293365478516
90.12999725341797
92.40432739257812
56.60829544067383
91.90171813964844
89.21270751953125
83.576171875
91.11177062988281
82.3482894897461
87.00888061523438
88.71582794189453
69.31669616699219
88.0352783203125
85.03825378417969
77.73397064208984
84.96846771240234
75.82320404052734
82.83683013916016
84.77217102050781
58.728424072265625
83.5615005493164
81.55429077148438
78.73656463623047
85.45941162109375
78.69023132324219
81.75973510742188
84.54146575927734
70.66629791259766
86.11558532714844
84.5412826538086
78.95256805419922
87.6255874633789
79.46404266357422
86.37196350097656
88.98388671875
62.5737419128418
89.05603790283203
87.38924407958984
83.85488891601562
92.34784698486328
85.5015640258789
89.8196029663086
93.1380615234375
72.83840942382812
94.98814392089844
93.15098571777344
86.2345962524414
94.25209045410156
84.46127319335938
89.22789001464844
90.19412994384766
70.5477523803711
86.65975952148438
83.26080322265625
78.28802490234375
84.92408752441406
77.10945892333984
78.8464126586914
81.35852813720703
61.33583068847656
84.46228790283203
83.42161560058594
76.30097961425781
86.01568603515625
76.77139282226562
86.20987701416016
88.72822570800781
70.39971160888672
88.2009048461914
85.23575592041016
81.86970520019531
87.79674530029297
79.56432342529297
82.0511474609375
83.53873443603516
61.90422821044922
83.85933685302734
82.66651916503906
75.58241271972656
85.95380401611328
78.05430603027344
87.58271789550781
91.32474517822266
73.5384292602539
93.47699737548828
92.35520935058594
88.7074203491211
97.70465850830078
90.47023010253906
95.1732406616211
97.8933334350586
74.26129913330078
98.25758361816406
96.3572998046875
90.014404296875
98.38727569580078
89.4491195678711
93.48143005371094
94.96275329589844
73.46923065185547
94.21412658691406
91.79210662841797
86.61084747314453
95.30564880371094
87.3333740234375
93.03353118896484
95.38725280761719
68.1469497680664
94.99771118164062
92.42949676513672
87.6619873046875
95.36436462402344
87.19558715820312
90.95398712158203
92.83032989501953
72.37825775146484
92.2069320678711
89.42437744140625
82.53373718261719
91.358154296875
82.8642349243164
89.36327362060547
92.07035064697266
63.884552001953125
93.32068634033203
91.95848083496094
88.0145034790039
96.80029296875
89.42292022705078
94.8429946899414
97.78997802734375
76.23709869384766
99.09382629394531
97.27129364013672
91.71382141113281
100.54087829589844
92.4862289428711
98.19392395019531
100.67418670654297
77.39678955078125
100.42417907714844
98.06370544433594
93.2001953125
101.13785552978516
92.94694519042969
97.48065185546875
99.7595443725586
74.52886962890625
99.43053436279297
96.89247131347656
90.79602813720703
98.69122314453125
89.71833801269531
94.37544250488281
95.7425765991211
74.46444702148438
92.82959747314453
89.07086181640625
82.62109375
89.59080505371094
81.05323791503906
84.79513549804688
86.87781524658203
65.96964263916016
88.4963607788086
86.36735534667969
80.55089569091797
89.55398559570312
79.75746154785156
88.25785064697266
90.31480407714844
72.25640869140625
90.98937225341797
88.8592300415039
87.1740951538086
95.30308532714844
88.87857055664062
93.71797180175781
97.01248168945312
75.85655212402344
97.6327133178711
95.5966796875
89.56327056884766
97.73209381103516
89.21446228027344
93.58040618896484
95.4157943725586
75.87734985351562
93.54063415527344
90.50697326660156
82.98062133789062
90.82666778564453
82.14937591552734
86.13932037353516
88.36361694335938
52.27478790283203
89.96088409423828
88.58729553222656
83.2041244506836
92.8840103149414
85.50790405273438
91.89087677001953
95.05725860595703
76.42771911621094
96.55035400390625
94.97056579589844
90.84369659423828
100.00881958007812
92.989990234375
98.6187744140625
101.77689361572266
76.83201599121094
102.52665710449219
100.29673767089844
94.55863189697266
102.0846176147461
93.09825897216797
96.50541687011719
97.93599700927734
75.80342102050781
97.8863296508789
95.60084533691406
88.97982025146484
96.66905975341797
87.00125885009766
91.5260238647461
92.33708953857422
69.09809875488281
87.7619400024414
82.20259094238281
78.61762237548828
85.81314849853516
79.72929382324219
87.35819244384766
91.74136352539062
75.12931823730469
95.56375122070312
94.42178344726562
88.57597351074219
97.43008422851562
88.95171356201172
94.38890075683594
96.36309051513672
74.1498794555664
95.14183044433594
92.34687805175781
87.43682098388672
94.96060943603516
86.45747375488281
90.00021362304688
91.7205581665039
62.08808135986328
90.29270935058594
87.65220642089844
80.59248352050781
88.99285125732422
80.17105102539062
86.699462890625
88.87854766845703
70.48753356933594
87.67927551269531
85.52509307861328
81.55043029785156
89.23650360107422
81.91523742675781
85.31452941894531
87.83558654785156
64.195068359375
88.3958511352539
86.12238311767578
79.45877838134766
88.3692626953125
