87.3994140625
93.70353698730469
96.6266098022461
57.40134048461914
97.94440460205078
95.80590057373047
90.47136688232422
98.0018539428711
88.41385650634766
92.19058227539062
92.88056182861328
52.38105010986328
89.42823791503906
85.29306030273438
78.42505645751953
85.05047607421875
74.92324829101562
79.31029510498047
81.10320281982422
55.66411590576172
82.78864288330078
82.00919342041016
78.92987060546875
89.32813262939453
83.09140014648438
90.44815063476562
94.21939086914062
51.959720611572266
94.11833190917969
90.65022277832031
84.08454132080078
91.31073760986328
81.6087417602539
86.00828552246094
87.33490753173828
45.13100814819336
85.29882049560547
81.91136169433594
75.90502166748047
83.55693817138672
73.80854034423828
78.85777282714844
80.70721435546875
54.74611282348633
79.61839294433594
76.54266357421875
70.78402709960938
78.24993133544922
69.15897369384766
74.05888366699219
75.20525360107422
50.89351272583008
73.4993667602539
70.37631225585938
62.8984489440918
70.89696502685547
57.56795883178711
65.07941436767578
64.854248046875
37.156394958496094
66.97342681884766
67.50141906738281
63.79413986206055
74.30984497070312
68.4820327758789
75.5353775024414
80.12525177001953
45.39414596557617
83.87787628173828
83.86470031738281
80.39936065673828
90.60846710205078
83.39889526367188
89.23947143554688
90.81964111328125
52.38191604614258
88.93608093261719
85.53545379638672
79.76668548583984
86.9228286743164
77.9907455444336
82.38441467285156
84.3016128540039
51.565589904785156
83.34822845458984
80.40675354003906
74.99335479736328
83.27737426757812
73.5987319946289
79.75303649902344
81.72830963134766
39.729713439941406
81.50485229492188
78.73738098144531
73.09834289550781
82.02246856689453
73.84217834472656
78.77662658691406
80.957763671875
47.98012161254883
80.68933868408203
78.44158172607422
73.2087173461914
81.3182601928711
73.18928527832031
78.5011215209961
81.18059539794922
47.50272750854492
81.23931121826172
79.14910125732422
73.74356842041016
81.9654769897461
74.0701675415039
79.33942413330078
82.32767486572266
47.75965118408203
82.5960464477539
80.45477294921875
75.26970672607422
82.52481079101562
73.97779846191406
78.7664794921875
82.37020111083984
46.204803466796875
83.56233215332031
81.93832397460938
76.90351867675781
86.03873443603516
78.17350006103516
83.73817443847656
85.69420623779297
42.26533508300781
84.31845092773438
80.53833770751953
74.76461029052734
82.27725219726562
74.47521209716797
79.60868072509766
83.06151580810547
49.29450988769531
85.46155548095703
84.58479309082031
79.6292953491211
88.17745971679688
78.51854705810547
82.21614074707031
82.5767593383789
46.987613677978516
80.14608001708984
76.39933776855469
70.50057220458984
77.78982543945312
69.3840103149414
72.44365692138672
74.39588928222656
54.69858169555664
71.79180908203125
69.377197265625
61.231319427490234
71.25596618652344
60.11534118652344
67.50648498535156
68.47476959228516
49.17155838012695
68.57429504394531
67.18661499023438
61.332054138183594
68.81961059570312
62.008018493652344
66.24375915527344
70.03226470947266
34.199520111083984
72.5318832397461
70.44696044921875
68.14405059814453
77.48434448242188
71.12646484375
76.90264129638672
79.40626525878906
53.024314880371094
79.65216064453125
77.3169937133789
70.9416275024414
79.22515106201172
70.15894317626953
74.03563690185547
74.3658447265625
47.00479507446289
68.87574005126953
62.69512939453125
59.51947784423828
69.05606079101562
63.07059860229492
67.21825408935547
71.63945007324219
48.318363189697266
72.27201843261719
69.68781280517578
64.6103286743164
74.43668365478516
63.865055084228516
73.023681640625
74.99808502197266
51.396202087402344
76.05663299560547
74.24187469482422
68.70088958740234
78.14817810058594
70.4372329711914
75.41045379638672
78.39459228515625
43.73513412475586
79.28587341308594
77.25580596923828
72.73038482666016
81.6611328125
73.19776153564453
79.74885559082031
82.42720794677734
49.94866180419922
83.61885070800781
82.16341400146484
77.23726654052734
86.2444839477539
78.6531982421875
84.88823699951172
88.08875274658203
48.81330490112305
89.9944839477539
88.56478118896484
83.80232238769531
92.90400695800781
85.10005950927734
90.12191772460938
92.30748748779297
40.78178787231445
91.19127655029297
88.02790069580078
82.1600570678711
89.5664291381836
80.35224151611328
85.20613861083984
86.65504455566406
52.84986114501953
85.51933288574219
82.46566772460938
75.9920883178711
84.52301788330078
75.83329010009766
80.42009735107422
82.66600036621094
45.83648681640625
81.74860382080078
79.1167984008789
73.66388702392578
81.73268127441406
72.69982147216797
78.56924438476562
80.1631088256836
43.20905303955078
79.92536926269531
78.22622680664062
73.0159912109375
82.86971282958984
75.53164672851562
80.75413513183594
83.05099487304688
48.21097183227539
82.6841812133789
79.97552490234375
74.9823989868164
82.7779312133789
74.05735778808594
79.8039779663086
81.99767303466797
41.770606994628906
82.11429595947266
79.69099426269531
74.27579498291016
82.7509765625
74.60511779785156
79.9217529296875
82.43167877197266
53.33479309082031
83.06523132324219
80.8716812133789
76.77448272705078
84.87920379638672
76.65462493896484
82.36420440673828
84.59346771240234
42.59971618652344
84.08367156982422
81.70686340332031
76.34121704101562
85.16295623779297
77.21200561523438
82.90923309326172
85.464599609375
46.14836502075195
86.00670623779297
83.66741943359375
78.22893524169922
86.00984191894531
77.54068756103516
82.24049377441406
84.13646697998047
42.32709503173828
83.16207885742188
80.2767562866211
74.76105499267578
82.79644012451172
73.98680114746094
78.78141021728516
80.8200454711914
42.442291259765625
80.30159759521484
77.95975494384766
71.70698547363281
79.90398406982422
72.0218734741211
77.17478942871094
79.44808197021484
53.121421813964844
79.58865356445312
77.46259307861328
72.44332122802734
81.21477508544922
73.11729431152344
79.10319519042969
81.88982391357422
49.245033264160156
82.4243392944336
80.2739028930664
75.0135498046875
83.8968276977539
75.68310546875
81.68737030029297
84.68870544433594
49.56928253173828
86.29948425292969
84.52977752685547
78.97604370117188
86.69393920898438
76.93113708496094
80.61504364013672
81.49502563476562
42.332008361816406
78.49406433105469
74.63900756835938
67.33149719238281
74.72846984863281
64.4296646118164
69.43390655517578
69.14002227783203
42.76280975341797
66.65327453613281
62.33161163330078
55.84479904174805
66.1280746459961
61.79530715942383
66.02794647216797
69.99716186523438
49.45309829711914
73.38922882080078
71.49835968017578
66.57996368408203
77.83167266845703
70.5152359008789
76.93125915527344
80.31086730957031
47.035030364990234
82.68978881835938
81.03369903564453
76.3797378540039
85.18057250976562
77.3359375
82.64400482177734
84.7478256225586
39.70396423339844
83.26101684570312
80.31520080566406
74.59681701660156
82.7452621459961
74.97439575195312
82.1486587524414
85.4964599609375
45.903831481933594
88.4338607788086
87.18958282470703
82.39916229248047
91.74568176269531
83.91049194335938
89.37931823730469
91.86540985107422
35.514793395996094
92.13330078125
89.9768295288086
85.07430267333984
93.48170471191406
85.2811508178711
90.64151000976562
92.80940246582031
53.251060485839844
91.67235565185547
88.63703155517578
83.02271270751953
91.56671905517578
83.51234436035156
88.8832778930664
91.46923065185547
52.48832702636719
91.98937225341797
89.80457305908203
84.66883087158203
93.0439224243164
84.66835021972656
89.83877563476562
91.73489379882812
38.802181243896484
90.29511260986328
87.62409973144531
82.18605041503906
91.12327575683594
83.28113555908203
89.11793518066406
91.90841674804688
49.43014144897461
92.75334930419922
90.71187591552734
85.81806945800781
94.46004486083984
86.37201690673828
91.92021942138672
94.5208511352539
47.592803955078125
94.85238647460938
92.62356567382812
87.36780548095703
95.49465942382812
86.8256607055664
91.74848937988281
93.42620849609375
48.53126907348633
91.5300064086914
87.99932098388672
81.1917724609375
88.39576721191406
79.37781524658203
83.94437408447266
86.08578491210938
34.40639114379883
86.44158172607422
84.5669937133789
79.9103012084961
89.25167083740234
81.98470306396484
88.19591522216797
91.53839111328125
52.935707092285156
92.5162124633789
90.63888549804688
85.31006622314453
94.0579605102539
85.90127563476562
91.28060913085938
93.22537994384766
54.37504959106445
90.90587615966797
86.9347152709961
80.87592315673828
88.72386169433594
80.45147705078125
86.45437622070312
89.24065399169922
44.54985809326172
89.58960723876953
87.2447738647461
81.65824890136719
89.54424285888672
80.36785888671875
84.91337585449219
85.88375854492188
41.528785705566406
83.8261947631836
81.18986511230469
75.89128875732422
84.34519958496094
76.38591766357422
82.44190216064453
85.30668640136719
52.917537689208984
86.12319946289062
83.96246337890625
79.01258850097656
87.393798828125
78.95757293701172
84.46588897705078
87.00007629394531
54.540611267089844
88.15364837646484
86.40328216552734
82.2060546875
91.26509094238281
83.83659362792969
90.00218963623047
93.32866668701172
49.271427154541016
94.84857940673828
93.26190948486328
88.50257110595703
97.1742935180664
89.06719970703125
94.44970703125
96.60709381103516
52.507137298583984
95.8486328125
93.109375
87.18242645263672
94.98230743408203
86.17635345458984
90.74227142333984
92.28491973876953
44.09972381591797
90.447998046875
87.20834350585938
81.2335433959961
89.14324188232422
80.1485824584961
85.35752868652344
87.38064575195312
37.10029220581055
86.53880310058594
83.95459747314453
78.38314056396484
86.37562561035156
77.84020233154297
83.24281311035156
85.2982406616211
45.74358367919922
83.22332763671875
79.05683135986328
71.25245666503906
75.88758087158203
62.72189712524414
63.29289245605469
70.71406555175781
46.059974670410156
79.21292877197266
79.53856658935547
75.34065246582031
84.89797973632812
77.16648864746094
82.97452545166016
85.11585235595703
47.504493713378906
84.89832305908203
82.64923858642578
77.63284301757812
85.04981994628906
76.66085815429688
80.8401870727539
82.76797485351562
54.7176628112793
81.1242446899414
78.4676284790039
72.86510467529297
81.59236907958984
73.03801727294922
78.76043701171875
81.21725463867188
47.44558334350586
80.35411834716797
76.89634704589844
70.79429626464844
78.12818145751953
