12.330163955688477
32.43836975097656
30.340280532836914
26.169885635375977
30.11711883544922
30.836034774780273
31.124258041381836
16.896438598632812
28.909303665161133
26.509347915649414
32.459754943847656
29.123090744018555
36.498104095458984
30.272674560546875
35.24309158325195
36.16096496582031
30.96192741394043
30.3610782623291
30.688098907470703
37.92666244506836
29.136322021484375
31.748655319213867
37.05652618408203
39.49391174316406
29.811317443847656
33.29939651489258
41.8826789855957
40.15031433105469
46.37077331542969
46.43622589111328
56.273162841796875
59.270503997802734
56.979393005371094
45.931053161621094
45.415565490722656
42.34795379638672
38.995094299316406
38.15263366699219
41.53938293457031
33.00250244140625
38.096004486083984
38.80771255493164
33.97843551635742
34.04540252685547
29.51677131652832
40.07341766357422
37.625762939453125
32.28814697265625
34.43647766113281
31.399717330932617
32.724327087402344
37.27690505981445
32.22171401977539
32.031864166259766
33.272422790527344
22.148447036743164
22.51398277282715
36.586849212646484
26.259891510009766
33.804046630859375
35.48414611816406
36.397010803222656
32.6861457824707
24.57365608215332
36.32832717895508
23.119028091430664
31.062305450439453
28.34269905090332
32.37540817260742
34.33313751220703
36.604305267333984
33.79459762573242
38.16624069213867
34.321136474609375
31.265413284301758
27.712072372436523
32.49717712402344
35.768402099609375
35.92344284057617
29.71800994873047
35.47788619995117
32.154144287109375
25.969125747680664
31.61970329284668
33.65840530395508
25.782711029052734
19.915082931518555
36.12423324584961
33.31740188598633
36.607566833496094
32.75657653808594
37.34727478027344
34.75697326660156
38.72950744628906
37.27230453491211
37.89189910888672
37.27198028564453
37.718318939208984
35.55772018432617
34.12687683105469
24.16786766052246
33.630035400390625
36.35367202758789
32.9888916015625
27.790409088134766
27.528478622436523
27.4947452545166
33.363800048828125
37.079769134521484
25.276077270507812
30.832910537719727
36.093482971191406
30.637165069580078
35.866153717041016
38.792354583740234
33.369205474853516
26.6983585357666
30.613540649414062
31.24256706237793
39.88304901123047
34.38031768798828
36.84453582763672
26.712547302246094
36.38237762451172
30.050851821899414
20.17413902282715
34.35966873168945
35.86277389526367
27.90959358215332
31.133296966552734
30.37063217163086
33.992958068847656
29.049060821533203
33.0831184387207
37.481719970703125
29.457992553710938
31.232833862304688
36.61802673339844
35.08253860473633
32.20449447631836
16.764577865600586
31.648147583007812
32.90839385986328
37.2859001159668
19.474550247192383
35.426937103271484
20.205766677856445
29.188243865966797
32.735984802246094
36.14377212524414
35.80424499511719
42.41077423095703
36.66616439819336
32.43144607543945
32.05632781982422
29.266904830932617
34.97047805786133
38.955039978027344
36.26728057861328
27.40720558166504
33.503902435302734
34.04164123535156
38.85269546508789
34.140316009521484
36.84236526489258
30.14974594116211
30.574691772460938
34.230838775634766
35.41937255859375
37.40065383911133
29.58201789855957
35.415306091308594
34.97700119018555
31.40205955505371
27.217348098754883
37.95543670654297
31.06938934326172
13.589025497436523
31.386943817138672
29.58246612548828
30.487812042236328
31.929031372070312
39.33523941040039
38.4218635559082
33.84410095214844
29.809066772460938
39.75294876098633
40.247032165527344
37.24562454223633
26.75980567932129
32.36627197265625
41.699974060058594
43.290184020996094
39.68134689331055
36.21940231323242
32.260074615478516
32.48744583129883
32.812347412109375
37.66716384887695
28.675752639770508
27.112274169921875
39.43794631958008
41.18293380737305
33.89888381958008
39.05787658691406
40.50597381591797
34.371681213378906
28.604032516479492
32.92592239379883
38.689239501953125
39.331573486328125
32.799957275390625
32.751182556152344
35.097721099853516
23.460844039916992
29.577774047851562
41.83407974243164
40.48362731933594
38.14707565307617
32.17903137207031
25.184097290039062
27.722383499145508
25.372968673706055
39.004302978515625
32.32876205444336
38.36476135253906
40.099361419677734
35.84665298461914
36.22466278076172
31.422273635864258
36.68098449707031
34.860076904296875
35.00830078125
32.01993942260742
35.2560920715332
24.010967254638672
32.24165344238281
36.97222137451172
38.113800048828125
35.9600715637207
42.41672897338867
41.18968963623047
38.808712005615234
36.905208587646484
37.490806579589844
40.27778625488281
30.51552963256836
35.73649215698242
29.538158416748047
37.085750579833984
35.752864837646484
37.38654708862305
32.739192962646484
27.992578506469727
40.925926208496094
27.172475814819336
40.925296783447266
43.52693557739258
37.195030212402344
44.61783981323242
34.925498962402344
41.469093322753906
31.577571868896484
43.621742248535156
41.2081298828125
46.14932632446289
46.30486297607422
37.644161224365234
50.908504486083984
45.36827850341797
61.16096496582031
64.89616394042969
60.535545349121094
45.69750213623047
52.16608428955078
42.07419967651367
43.70853805541992
43.02687072753906
37.61713790893555
35.864559173583984
43.20342254638672
41.07341384887695
36.765533447265625
41.69997024536133
31.49988555908203
42.25326156616211
35.92565155029297
35.709686279296875
31.32921600341797
36.43842697143555
37.831241607666016
30.770153045654297
38.621917724609375
43.893741607666016
39.182762145996094
36.231876373291016
48.34832763671875
47.3392448425293
45.609249114990234
39.86880111694336
41.72028350830078
35.131011962890625
33.408851623535156
42.52101135253906
39.93436050415039
41.8681755065918
43.443294525146484
42.924991607666016
36.20830535888672
42.82731628417969
45.373291015625
40.682472229003906
34.58514404296875
38.947879791259766
40.194766998291016
31.529394149780273
40.386051177978516
40.76775360107422
35.615257263183594
25.93170738220215
36.0475959777832
42.80949401855469
44.11557388305664
40.46273422241211
41.94143295288086
42.80805587768555
45.4244384765625
44.10294723510742
27.936262130737305
39.98579406738281
44.83917999267578
44.48320388793945
34.08027267456055
36.791629791259766
22.884435653686523
29.494354248046875
41.660892486572266
42.5599479675293
32.47821807861328
29.414480209350586
36.525054931640625
38.18488693237305
37.55005645751953
33.4442253112793
37.33584213256836
36.44686508178711
31.37820053100586
42.2553825378418
42.07241439819336
36.70273971557617
38.283485412597656
22.99338722229004
32.58579635620117
43.90180206298828
35.25587463378906
34.763797760009766
34.10506820678711
38.786006927490234
31.15301513671875
35.27791976928711
37.3256950378418
32.273860931396484
34.271575927734375
33.41187286376953
32.97675704956055
33.46916961669922
29.38624382019043
35.74864959716797
36.45326232910156
28.361709594726562
34.12450408935547
36.636837005615234
37.41032028198242
26.60024070739746
32.73388671875
16.005352020263672
35.071434020996094
29.76909065246582
31.058975219726562
29.679460525512695
28.181167602539062
28.39615249633789
33.84035110473633
35.78578567504883
29.884950637817383
39.245418548583984
27.707664489746094
34.33672332763672
29.25800132751465
35.17313003540039
37.18798828125
36.626163482666016
37.526580810546875
31.951465606689453
36.139583587646484
30.19399070739746
29.968059539794922
30.844802856445312
34.60151672363281
32.09272003173828
29.928714752197266
32.52075958251953
34.842376708984375
35.59385299682617
28.38066291809082
27.373031616210938
36.091793060302734
34.754676818847656
30.868993759155273
11.819893836975098
28.38323402404785
23.323749542236328
30.673133850097656
35.52073287963867
38.693511962890625
32.06218338012695
36.65775680541992
33.68855285644531
35.48820114135742
34.57350540161133
34.18083190917969
28.33800506591797
31.53857421875
19.17104721069336
39.563899993896484
36.71385955810547
34.35607147216797
36.27405548095703
33.582847595214844
34.597320556640625
33.863285064697266
28.23330307006836
27.88707733154297
32.704769134521484
32.79897689819336
30.587339401245117
27.37657356262207
32.97893142700195
33.18568420410156
25.031299591064453
33.31413269042969
31.230545043945312
29.753509521484375
20.60807991027832
33.52809524536133
37.61426544189453
19.627788543701172
41.855472564697266
34.853111267089844
31.10066795349121
29.012195587158203
34.974609375
22.49980354309082
29.75176239013672
38.29768371582031
35.9521369934082
24.314884185791016
22.267419815063477
21.699115753173828
33.460426330566406
31.506181716918945
36.5549201965332
24.331398010253906
37.3941764831543
35.5196533203125
32.424869537353516
36.80441665649414
40.30678176879883
37.94746398925781
26.944337844848633
32.12287902832031
39.61133575439453
38.85403060913086
28.56321144104004
32.959564208984375
25.691099166870117
31.380781173706055
34.98286819458008
21.49003791809082
21.969284057617188
33.07566833496094
0.7245408892631531
32.371788024902344
35.950340270996094
32.219215393066406
28.156599044799805
28.638957977294922
20.947769165039062
27.657785415649414
35.69038391113281
32.95490264892578
31.455039978027344
30.880294799804688
22.08912467956543
33.3470458984375
41.631072998046875
38.60517120361328
41.92906188964844
30.302291870117188
39.61967849731445
35.14021301269531
33.15504455566406
28.763967514038086
39.269527435302734
29.58462142944336
39.195037841796875
30.073762893676758
40.09907913208008
47.58772659301758
39.31245803833008
57.400672912597656
59.59251403808594
56.79574966430664
43.39950180053711
46.706539154052734
34.925907135009766
44.858516693115234
36.359378814697266
19.090694427490234
42.1691780090332
29.382619857788086
21.73470687866211
37.535953521728516
37.46862030029297
38.63517761230469
34.99664306640625
36.114112854003906
34.521793365478516
36.86887741088867
30.023225784301758
33.132328033447266
33.11075210571289
25.972936630249023
32.11334228515625
27.24332046508789
32.11955642700195
35.00733184814453
38.039344787597656
32.56486129760742
33.8834228515625
33.03768539428711
35.92821502685547
29.605819702148438
32.985565185546875
26.608861923217773
18.408573150634766
34.420833587646484
35.69430923461914
36.54164123535156
33.69877243041992
35.756370544433594
36.82585144042969
35.44645690917969
37.45438003540039
31.40207862854004
34.54646301269531
34.32190704345703
28.4033145904541
19.408666610717773
21.43501091003418
33.410621643066406
29.53614616394043
32.82667922973633
35.62520980834961
33.83869171142578
31.478200912475586
37.50480270385742
26.052188873291016
35.65190887451172
33.452598571777344
34.45310592651367
32.93179702758789
35.28835678100586
31.9620418548584
22.34562873840332
36.56581497192383
