85.53384399414062
91.47798919677734
94.69074249267578
60.892250061035156
96.60684204101562
95.31999206542969
90.25487518310547
98.31986236572266
88.56585693359375
92.51468658447266
93.04534149169922
58.899417877197266
89.523681640625
85.26705932617188
78.5966796875
84.79720306396484
73.95489501953125
78.8113784790039
79.97417449951172
55.19414138793945
81.45903778076172
81.6304931640625
78.79780578613281
89.36409759521484
83.05998992919922
89.30311584472656
91.46908569335938
54.50373458862305
89.44104766845703
85.9771728515625
79.2372817993164
87.02942657470703
77.96925354003906
82.105224609375
83.86402893066406
38.26703643798828
82.15646362304688
79.60826110839844
73.13309478759766
81.48816680908203
73.55937957763672
77.06014251708984
79.48714447021484
48.45188903808594
78.41307067871094
76.48664093017578
68.85487365722656
78.06177520751953
70.10474395751953
74.24384307861328
75.99607849121094
54.54936599731445
75.4170913696289
72.7340316772461
66.85340881347656
73.94827270507812
66.28125762939453
71.21627807617188
72.5748062133789
57.807254791259766
71.5339584350586
68.8783187866211
64.35428619384766
70.76648712158203
60.790802001953125
67.5110855102539
66.90149688720703
46.142642974853516
66.79873657226562
56.65953826904297
59.19898223876953
60.375633239746094
56.359657287597656
59.973243713378906
63.08205032348633
57.54644775390625
68.16324615478516
69.78059387207031
65.93312072753906
77.23375701904297
71.26722717285156
78.98974609375
83.43932342529297
58.6623420715332
88.07855987548828
87.49754333496094
83.10768127441406
91.31592559814453
82.44416809082031
86.86682891845703
88.53548431396484
45.93374252319336
87.58914947509766
85.01590728759766
79.33222961425781
87.50557708740234
79.442626953125
84.59290313720703
86.91797637939453
54.2425651550293
87.50810241699219
85.61128997802734
80.45682525634766
89.41215515136719
81.45520782470703
86.62680053710938
88.8926010131836
58.89851379394531
86.9534912109375
82.96673583984375
76.41950988769531
82.74810028076172
72.18767547607422
77.20142364501953
77.40080261230469
49.76549530029297
75.64802551269531
70.89307403564453
65.25355529785156
72.605712890625
62.405364990234375
68.45384216308594
67.55753326416016
35.10941696166992
66.1672134399414
63.888343811035156
59.344173431396484
65.3526611328125
55.926517486572266
63.51335144042969
64.45462036132812
50.87766647338867
62.028846740722656
59.5772590637207
58.51519775390625
59.75246047973633
53.94535827636719
64.28958892822266
72.80738830566406
56.09903335571289
77.54312896728516
76.18714141845703
72.59529876708984
82.54496765136719
75.77385711669922
81.81741333007812
84.82815551757812
54.697837829589844
83.90249633789062
81.20671844482422
75.0274887084961
84.0649185180664
76.56693267822266
82.56060791015625
85.8198013305664
55.466434478759766
88.50198364257812
87.11111450195312
82.9310531616211
91.6654281616211
83.61707305908203
88.7507553100586
90.69316101074219
47.165218353271484
90.12152099609375
87.67094421386719
82.21049499511719
90.64964294433594
82.57110595703125
88.01010131835938
90.59100341796875
58.56724166870117
91.07624816894531
88.48360443115234
83.28179931640625
90.50083923339844
80.88211822509766
85.3280029296875
86.70271301269531
60.1063232421875
86.4709243774414
84.47232818603516
79.60943603515625
87.64210510253906
78.34138488769531
83.62918853759766
84.61988830566406
45.52071762084961
82.9764175415039
78.82720184326172
72.64126586914062
79.85382843017578
70.3429946899414
74.90193176269531
76.46159362792969
47.585445404052734
73.7711410522461
70.45565032958984
64.96328735351562
71.6758804321289
62.269386291503906
65.5999755859375
65.3905029296875
47.713966369628906
66.04484558105469
64.19197082519531
61.724971771240234
69.42792510986328
63.17202377319336
69.0667953491211
73.07101440429688
54.89596939086914
75.36442565917969
74.96199035644531
70.31603240966797
80.25748443603516
73.23977661132812
78.71036529541016
82.2611083984375
51.190242767333984
82.45439147949219
80.07914733886719
73.92417907714844
81.42221069335938
72.86063385009766
77.27619934082031
79.80445861816406
54.79086685180664
80.16388702392578
77.81794738769531
73.4708251953125
81.82240295410156
73.07617950439453
78.796630859375
80.98709106445312
55.93614959716797
80.5590591430664
77.4586181640625
72.51593017578125
79.88529205322266
70.44439697265625
76.2527084350586
78.22393798828125
43.36632537841797
77.85994720458984
74.70844268798828
69.56608581542969
77.31587982177734
69.37935638427734
73.8553237915039
75.66791534423828
56.104576110839844
76.04452514648438
74.27963256835938
67.26084899902344
75.75274658203125
68.0271224975586
72.51585388183594
75.52506256103516
54.17416000366211
74.73713684082031
72.31450653076172
66.52588653564453
75.21417999267578
67.56488037109375
70.02731323242188
73.7618179321289
55.61878967285156
72.89923095703125
70.60636138916016
63.843849182128906
73.16899871826172
66.00395965576172
70.96285247802734
74.04358673095703
52.90726852416992
74.45950317382812
72.99945068359375
67.77058410644531
77.71244812011719
71.07149505615234
77.0223388671875
80.10674285888672
55.9766845703125
80.96748352050781
78.49654388427734
74.1572265625
82.47750091552734
73.94525909423828
80.12324523925781
82.27092742919922
54.4431266784668
82.8194351196289
80.54601287841797
75.3142318725586
84.2431411743164
76.25482940673828
82.1923599243164
84.99591827392578
52.36404037475586
85.85749053955078
84.20576477050781
78.95397186279297
87.88011932373047
80.1441421508789
85.66676330566406
88.54138946533203
56.42795181274414
88.40926361083984
85.76105499267578
80.01541900634766
87.94637298583984
79.1305923461914
83.79391479492188
86.05396270751953
56.74574661254883
84.9100112915039
82.2613754272461
77.30406951904297
84.99331665039062
76.2988510131836
81.96957397460938
83.81380462646484
40.4504508972168
84.21388244628906
81.77191925048828
77.1328125
85.16749572753906
76.87665557861328
82.77062225341797
85.27312469482422
56.509735107421875
86.2513198852539
84.14237976074219
79.5419692993164
88.25411987304688
80.67432403564453
86.4570083618164
89.44927978515625
47.4276008605957
91.347900390625
89.9134521484375
85.19843292236328
93.43647003173828
84.49793243408203
88.51862335205078
89.35689544677734
56.38022232055664
86.6274642944336
82.84464263916016
76.20296478271484
83.06856536865234
73.30675506591797
77.94564056396484
78.52706909179688
56.16210174560547
76.03231048583984
71.25243377685547
65.83074188232422
71.51133728027344
60.11719512939453
66.41250610351562
67.07141876220703
52.72226333618164
71.70076751708984
71.35188293457031
69.1811752319336
78.28148651123047
71.10921478271484
78.20633697509766
80.92130279541016
52.92256164550781
80.9385986328125
78.64122009277344
73.39480590820312
81.8954086303711
72.08195495605469
79.21511840820312
82.15963745117188
50.57769012451172
83.90592193603516
82.28814697265625
78.47771453857422
87.9745101928711
80.90969848632812
87.53729248046875
91.01053619384766
55.65618896484375
92.85233306884766
91.13050079345703
86.27118682861328
94.76085662841797
86.5111312866211
91.73921203613281
93.92736053466797
59.007747650146484
93.33590698242188
90.69466400146484
84.97047424316406
93.27468872070312
84.70137786865234
89.90768432617188
91.85372161865234
60.66471481323242
91.67082977294922
89.29877471923828
83.9525375366211
91.88289642333984
83.18579864501953
88.32585906982422
90.43248748779297
56.572181701660156
90.34002685546875
87.93301391601562
82.87528228759766
90.81143188476562
82.30652618408203
87.81275177001953
89.72274017333984
53.861026763916016
89.06271362304688
86.46273040771484
81.38929748535156
89.57833099365234
81.32189178466797
87.05802917480469
89.34998321533203
52.36132049560547
89.43744659423828
86.9235610961914
81.46473693847656
89.84406280517578
81.3269271850586
87.1431884765625
90.44944763183594
45.81660461425781
93.128662109375
91.80303955078125
87.17561340332031
95.90122985839844
87.84703063964844
93.0517349243164
95.37638092041016
60.494789123535156
95.24701690673828
92.9490737915039
87.48201751708984
95.79412078857422
87.27940368652344
92.61206817626953
94.8333511352539
60.05916213989258
94.45318603515625
91.65563201904297
86.07820129394531
94.02902221679688
85.52348327636719
90.84449005126953
93.1389389038086
60.20614242553711
93.27302551269531
90.84883117675781
85.76943969726562
93.9637680053711
85.68637084960938
91.07371520996094
93.4517822265625
58.87457275390625
93.92445373535156
91.99195861816406
87.14247131347656
95.76837158203125
87.665771484375
93.45657348632812
95.99022674560547
61.52662658691406
96.46548461914062
94.44221496582031
89.28099060058594
97.79484558105469
89.60354614257812
95.23902893066406
97.80372619628906
63.158390045166016
97.99026489257812
95.60577392578125
90.13947296142578
98.06163787841797
88.88798522949219
93.40714263916016
94.6073226928711
63.599090576171875
92.13414764404297
88.9039077758789
82.72859954833984
90.04432678222656
80.46308135986328
85.16780090332031
86.49161529541016
49.07514572143555
85.30561065673828
82.3382339477539
76.6070785522461
83.88180541992188
74.68164825439453
78.763916015625
79.31539916992188
53.89387512207031
81.60659790039062
81.64752197265625
78.82167053222656
87.45494842529297
78.72988891601562
84.0386962890625
85.2736587524414
38.28032302856445
83.47893524169922
80.66902160644531
75.64196014404297
85.10948181152344
78.45722198486328
85.57059478759766
89.32787322998047
54.215763092041016
90.2649154663086
87.42276000976562
81.3126449584961
88.63517761230469
79.24173736572266
83.15602111816406
84.74761962890625
49.22217559814453
82.3711166381836
79.74598693847656
74.28733825683594
83.1694107055664
76.19731140136719
83.03643798828125
86.77720642089844
54.461936950683594
87.13607788085938
84.14665985107422
78.41376495361328
85.07009887695312
74.68962097167969
78.00421142578125
77.52001953125
42.03776931762695
74.48851776123047
72.84213256835938
70.1290283203125
81.12677764892578
74.97900390625
81.74966430664062
84.89775085449219
54.81818771362305
84.98792266845703
82.4432601928711
77.26922607421875
84.93283081054688
76.07007598876953
81.23464965820312
83.39580535888672
50.8807373046875
82.99615478515625
80.3521499633789
75.22480010986328
82.89857482910156
74.42355346679688
78.86834716796875
80.97551727294922
53.26401138305664
78.77584075927734
73.88069915771484
65.70132446289062
73.39482116699219
