84.73089599609375
85.2284164428711
86.45988464355469
87.30426025390625
88.42018127441406
89.49394226074219
90.26309204101562
91.26245880126953
90.56692504882812
90.06317138671875
88.13218688964844
86.59150695800781
84.42292022705078
82.2649154663086
80.37474060058594
77.98346710205078
76.21177673339844
73.59541320800781
71.85588073730469
73.5904769897461
75.6275405883789
77.02214813232422
80.4709701538086
82.20928955078125
85.25801086425781
86.44508361816406
86.91667175292969
86.11925506591797
84.63513946533203
83.87471008300781
81.47634887695312
81.34150695800781
78.89348602294922
78.8759765625
77.66820526123047
76.80998229980469
76.23356628417969
74.5208511352539
74.36073303222656
73.1759262084961
74.2429428100586
71.57557678222656
72.6333999633789
70.28115844726562
71.28985595703125
69.86591339111328
68.75965881347656
68.47916412353516
66.81231689453125
68.98177337646484
66.21231842041016
67.49842834472656
65.848388671875
66.42604064941406
68.0049819946289
66.13539123535156
69.12609100341797
68.12581634521484
72.26362609863281
73.70289611816406
75.8318099975586
77.46377563476562
78.62879180908203
78.87992095947266
78.28031921386719
78.07188415527344
77.17404174804688
76.8585433959961
74.9001235961914
75.63704681396484
73.49384307861328
74.44126892089844
73.16714477539062
73.15684509277344
72.70686340332031
72.84099578857422
72.1502914428711
71.3094253540039
72.38142395019531
71.4491195678711
71.5482406616211
69.08662414550781
71.4354248046875
70.04019165039062
70.35990905761719
69.73529815673828
69.3585205078125
70.85795593261719
69.55975341796875
70.07128143310547
68.88418579101562
70.08384704589844
68.61856842041016
70.04005432128906
69.33999633789062
68.42278289794922
69.87635803222656
69.12509155273438
68.8188247680664
68.2421875
69.45860290527344
69.11156463623047
68.4226303100586
66.95171356201172
69.0904312133789
68.45731353759766
69.28607177734375
68.49736785888672
67.4732437133789
69.47222137451172
67.10386657714844
68.47325897216797
66.21098327636719
68.67108154296875
68.0812759399414
68.42792510986328
68.4188461303711
67.81002807617188
67.99751281738281
66.3711166381836
67.92853546142578
63.695499420166016
67.30760192871094
67.66242980957031
69.07487487792969
72.3069076538086
73.34697723388672
75.45145416259766
75.58540344238281
76.3578872680664
75.82648468017578
76.81293487548828
76.37898254394531
77.23600006103516
76.84890747070312
77.780029296875
78.1181411743164
78.55755615234375
79.34165954589844
79.52609252929688
81.1102294921875
81.43994140625
82.99686431884766
83.5259780883789
84.8420639038086
84.8387451171875
84.6324462890625
83.29688262939453
81.64202117919922
80.12798309326172
78.75415802001953
78.86724853515625
79.03445434570312
81.01493835449219
82.38638305664062
83.56513977050781
84.03482055664062
84.08905792236328
83.9758529663086
83.69097900390625
83.5875473022461
83.58015441894531
83.19051361083984
83.3438491821289
83.51813507080078
84.10684967041016
84.320068359375
84.94599151611328
85.59795379638672
86.02479553222656
86.6607437133789
86.70415496826172
86.70780944824219
85.79230499267578
84.94996643066406
83.7359619140625
82.70674133300781
81.09701538085938
79.96598052978516
79.11610412597656
78.15913391113281
77.64917755126953
77.13359832763672
77.97845458984375
78.46846008300781
80.33973693847656
81.51680755615234
83.0464096069336
83.72264099121094
83.45185089111328
83.3480224609375
83.32132720947266
83.08793640136719
82.83392333984375
82.55432891845703
82.502685546875
82.53314208984375
82.47437286376953
82.51007080078125
82.6745834350586
82.90762329101562
83.08914184570312
83.37077331542969
83.75152587890625
84.2275390625
84.7947006225586
85.2309341430664
85.67189025878906
86.45244598388672
86.89827728271484
87.52580261230469
88.29161071777344
89.0027847290039
89.69689178466797
89.97377014160156
90.32353210449219
90.00921630859375
89.7038803100586
88.96173858642578
88.12970733642578
87.21000671386719
86.43091583251953
85.61811065673828
84.63372039794922
83.94025421142578
83.1447982788086
82.4279556274414
81.69573974609375
81.23155212402344
80.76400756835938
80.32106018066406
79.66674041748047
79.16458129882812
78.79985809326172
78.30525207519531
78.00829315185547
77.72773742675781
77.6932373046875
76.80680084228516
77.03388977050781
76.06902313232422
76.35092163085938
75.97223663330078
75.28372955322266
75.31404113769531
74.64081573486328
74.67594909667969
74.21188354492188
73.58113098144531
73.81705474853516
73.75352478027344
73.5369873046875
73.68181610107422
73.58675384521484
73.2284164428711
72.83625030517578
72.63314056396484
73.36309814453125
72.55863952636719
73.09998321533203
72.83056640625
72.54383087158203
71.82377624511719
71.88780975341797
71.68891143798828
72.672607421875
73.40774536132812
75.38713836669922
77.05597686767578
77.2350845336914
77.99549102783203
77.32391357421875
77.33317565917969
76.46875762939453
76.37554168701172
75.363037109375
75.04716491699219
74.11055755615234
74.62759399414062
74.51840209960938
74.54376983642578
75.4366455078125
75.86238861083984
76.90328979492188
77.20344543457031
77.66167449951172
78.3233642578125
79.24077606201172
79.92998504638672
80.92542266845703
81.6125717163086
82.25527954101562
82.94578552246094
83.64686584472656
84.58464050292969
85.08189392089844
85.77538299560547
86.01852416992188
86.30239868164062
86.28121948242188
86.06205749511719
85.76114654541016
84.9863052368164
84.62883758544922
83.85269927978516
83.4314193725586
82.77277374267578
81.96592712402344
81.41246795654297
81.33181762695312
80.40376281738281
80.54976654052734
79.9587173461914
79.54904174804688
79.74581146240234
79.27986145019531
79.18060302734375
78.9243392944336
78.95722961425781
78.76802062988281
78.95027160644531
78.23786163330078
78.44422912597656
78.0044937133789
78.2777099609375
77.12744140625
76.49711608886719
76.05702209472656
75.94646453857422
75.9710693359375
75.99516296386719
77.24327850341797
77.55781555175781
78.47108459472656
79.03470611572266
79.60912322998047
80.42215728759766
81.04888916015625
82.34072875976562
83.14131164550781
84.14006805419922
85.19500732421875
85.9421157836914
86.6220932006836
86.47659301757812
85.98797607421875
84.57288360595703
83.67771911621094
82.36181640625
80.91988372802734
79.90552520751953
78.27945709228516
77.10270690917969
75.70940399169922
75.49870300292969
73.77550506591797
73.21863555908203
72.13243865966797
70.47954559326172
69.58032989501953
68.31897735595703
67.43811798095703
67.05813598632812
66.37586975097656
66.325439453125
67.07952880859375
67.05701446533203
67.67387390136719
68.3641586303711
69.46034240722656
70.82620239257812
71.3440170288086
72.2716293334961
73.56853485107422
73.28546142578125
73.48515319824219
73.0411148071289
72.31190490722656
70.95652770996094
71.04535675048828
68.25897216796875
68.49727630615234
68.01739501953125
68.69731903076172
68.5316162109375
70.53426361083984
72.5904541015625
73.93871307373047
75.72309112548828
77.0169906616211
78.74026489257812
79.39659881591797
80.5771713256836
80.86577606201172
81.06684875488281
81.626953125
81.7647705078125
82.59406280517578
83.08868408203125
83.8184585571289
84.16687774658203
84.44445037841797
84.5646743774414
84.7757797241211
84.54793548583984
84.64118957519531
84.51195526123047
84.49093627929688
84.48380279541016
84.1268310546875
84.25401306152344
83.97122192382812
84.17183685302734
83.83273315429688
83.82516479492188
83.71041870117188
83.64611053466797
83.56828308105469
83.40873718261719
83.71105194091797
83.80977630615234
84.43953704833984
84.83672332763672
85.33589935302734
85.39659881591797
85.36387634277344
85.56198120117188
85.46858215332031
85.58551788330078
85.69084167480469
85.78556060791016
85.64137268066406
85.28694152832031
85.158203125
85.12608337402344
84.89570617675781
84.93958282470703
85.17213439941406
85.35307312011719
85.40530395507812
85.58177185058594
85.60391998291016
85.81156158447266
85.83753967285156
85.8212890625
85.92009735107422
85.91606140136719
86.18724060058594
85.99459838867188
86.2352066040039
86.06497955322266
86.26296997070312
86.09615325927734
85.98722839355469
86.0740737915039
86.19854736328125
86.22695922851562
86.17582702636719
86.33353424072266
86.21788787841797
86.43484497070312
86.3739013671875
86.49279022216797
86.22622680664062
86.198974609375
86.24441528320312
86.21937561035156
86.30033874511719
86.37061309814453
86.71501922607422
86.55806732177734
86.62057495117188
86.72279357910156
86.82518005371094
86.99236297607422
87.2393569946289
87.58265686035156
87.83056640625
88.11737823486328
88.37838745117188
88.96946716308594
89.25994110107422
89.72856903076172
89.9795150756836
90.20980834960938
90.3774185180664
90.46156311035156
90.24473571777344
89.83529663085938
89.20401000976562
88.5122299194336
87.79752349853516
86.92858123779297
85.87006378173828
84.77069854736328
84.20989227294922
83.02880096435547
82.28099822998047
81.29500579833984
80.31269073486328
79.6004409790039
78.82786560058594
78.03595733642578
76.92215728759766
76.57229614257812
76.01265716552734
74.9879150390625
73.84880065917969
73.65206146240234
71.78319549560547
71.31241607666016
69.03700256347656
69.59422302246094
71.4670181274414
75.42808532714844
77.26068878173828
78.94530487060547
79.46675872802734
79.91203308105469
79.2291259765625
79.02064514160156
77.57809448242188
76.82585906982422
75.7081298828125
74.71548461914062
73.832763671875
72.91826629638672
72.901123046875
72.60938262939453
72.98526763916016
74.4759750366211
74.98164367675781
76.01508331298828
75.96175384521484
76.22224426269531
77.26272583007812
78.80037689208984
80.48277282714844
81.8516845703125
83.27132415771484
84.16635131835938
84.99851989746094
85.22991180419922
85.5548095703125
85.0918960571289
84.63963317871094
84.05278015136719
82.91552734375
81.87699890136719
79.55491638183594
77.00320434570312
72.23213958740234
68.56722259521484
58.37309265136719
59.16837692260742
66.11136627197266
70.29141998291016
73.3009033203125
75.84178161621094
77.76655578613281
79.92819213867188
81.47230529785156
82.92942810058594
83.4052505493164
84.02527618408203
84.26071166992188
84.3499984741211
84.29674530029297
84.07394409179688
83.93563079833984
83.6116943359375
83.24456024169922
82.59434509277344
81.72691345214844
80.90560150146484
79.61397552490234
