87.87158966064453
86.16241455078125
88.25687408447266
87.71150207519531
88.56153869628906
89.24591827392578
88.9583511352539
90.90673828125
89.69182586669922
93.18771362304688
90.86571502685547
95.29554748535156
92.7225341796875
98.0660400390625
95.79957580566406
100.55213165283203
98.25201416015625
100.01126098632812
96.81581115722656
95.72774505615234
93.9890365600586
91.16626739501953
90.96968078613281
86.32159423828125
88.49053192138672
81.89295959472656
85.36589050292969
77.20001220703125
81.85710906982422
71.12629699707031
80.36150360107422
65.45005798339844
84.39859008789062
79.07365417480469
89.91014862060547
87.50663757324219
93.35755920410156
90.7984848022461
91.0383071899414
89.74560546875
87.78491973876953
87.85059356689453
85.15777587890625
86.55744171142578
82.86918640136719
85.44763946533203
80.94393157958984
84.2198257446289
79.69916534423828
82.79051208496094
79.34261322021484
81.56678009033203
79.24146270751953
80.32015228271484
79.40845489501953
79.3193359375
80.10879516601562
78.70401763916016
79.41980743408203
76.35569763183594
79.9604721069336
76.97705841064453
79.68879699707031
77.6059341430664
78.39198303222656
76.569580078125
79.00100708007812
77.20673370361328
78.12342071533203
77.2959976196289
77.27023315429688
78.40465545654297
77.94668579101562
78.5091552734375
78.1423568725586
78.70738220214844
80.41564178466797
79.59632110595703
80.47494506835938
80.40949249267578
82.09322357177734
81.61345672607422
82.689453125
82.97980499267578
83.84992980957031
84.95201110839844
83.9761734008789
86.4636459350586
81.42191314697266
85.82740020751953
72.12045288085938
83.81171417236328
86.11698150634766
89.01252746582031
86.6640853881836
89.452880859375
86.10885620117188
88.5341567993164
85.5040283203125
87.15203857421875
85.09337615966797
85.56624603271484
84.35974884033203
84.06987762451172
84.30558013916016
82.78528594970703
82.98905181884766
79.94703674316406
79.89286804199219
77.73368072509766
78.25907897949219
79.1410903930664
79.96942901611328
80.21987915039062
80.53899383544922
81.54540252685547
80.65868377685547
82.19190216064453
82.1443862915039
82.85263061523438
83.84505462646484
84.68638610839844
85.40210723876953
85.57259368896484
87.44427490234375
87.16963958740234
89.75227355957031
89.21947479248047
92.39801788330078
91.76258850097656
94.86265563964844
94.43729400634766
96.57514953613281
95.95421600341797
96.14010620117188
95.14239501953125
93.92262268066406
93.88496398925781
91.75656127929688
92.52513122558594
89.88916778564453
91.54154205322266
88.96658325195312
90.95196533203125
88.44605255126953
90.28424835205078
88.67430114746094
89.88755798339844
89.00741577148438
89.21694946289062
89.31517028808594
89.13471984863281
89.93818664550781
88.79683685302734
88.49057006835938
84.84192657470703
83.17890930175781
78.71360778808594
77.42475891113281
75.0174789428711
75.74752807617188
76.28173065185547
77.34387969970703
76.8882827758789
77.68342590332031
79.61092376708984
78.13119506835938
80.78533172607422
79.51020812988281
81.42257690429688
80.48954772949219
82.62019348144531
81.65029907226562
83.98661041259766
82.91642761230469
84.79241180419922
84.30255126953125
85.76969146728516
86.09650421142578
87.17645263671875
87.86163330078125
88.45069885253906
89.70691680908203
89.46499633789062
91.18284606933594
90.52596282958984
92.03053283691406
90.95343780517578
91.50997161865234
89.98635864257812
89.86498260498047
88.32872009277344
88.3753662109375
86.5909652709961
85.73188018798828
84.89183044433594
83.72268676757812
83.27105712890625
82.25870513916016
82.28093719482422
81.3134765625
81.23782348632812
79.83538818359375
80.16780090332031
79.26377868652344
78.83377075195312
78.39909362792969
78.93806457519531
77.2247314453125
77.64753723144531
76.1689453125
76.45999908447266
76.56552124023438
75.40055847167969
74.33800506591797
75.18276977539062
74.29334259033203
75.0978775024414
74.0340805053711
74.65080261230469
73.21223449707031
72.8524398803711
72.35728454589844
72.50574493408203
70.44409942626953
70.71107482910156
71.99683380126953
71.23560333251953
71.28822326660156
69.52432250976562
72.88479614257812
75.6366195678711
77.80734252929688
78.94377899169922
79.28726196289062
78.28950500488281
79.52342987060547
77.74992370605469
78.93143463134766
77.15919494628906
78.6982650756836
77.34093475341797
78.13756561279297
77.34037017822266
78.21357727050781
77.64176177978516
78.6420669555664
77.64547729492188
78.75471496582031
77.83419799804688
78.61331176757812
78.8009262084961
78.19088745117188
77.19208526611328
77.24076843261719
75.94865417480469
77.14283752441406
78.71057891845703
79.10247039794922
80.03390502929688
80.3653793334961
80.32120513916016
80.29051208496094
81.33735656738281
79.13043975830078
80.02910614013672
77.73887634277344
78.43016052246094
76.18570709228516
76.7439193725586
74.52955627441406
75.48896026611328
74.3138427734375
74.14844512939453
77.5186767578125
76.07903289794922
79.35517120361328
79.31288146972656
79.82559967041016
79.27855682373047
79.64105224609375
80.05669403076172
78.79341125488281
81.45720672607422
79.61090850830078
81.69982147216797
79.78514099121094
81.67314910888672
81.10967254638672
82.18842315673828
83.0283203125
83.5703353881836
85.13105773925781
84.62186431884766
87.50006103515625
86.48664855957031
89.72875213623047
88.77131652832031
91.90811157226562
91.03717803955078
92.95182800292969
91.76449584960938
91.76648712158203
90.83308410644531
89.93063354492188
89.31182098388672
87.88052368164062
88.31578826904297
86.1392822265625
87.24175262451172
84.8587646484375
86.17884063720703
83.95582580566406
85.67642211914062
83.87374877929688
84.89969635009766
83.99722290039062
84.32508850097656
84.13424682617188
83.20255279541016
84.37370300292969
82.88333892822266
84.47260284423828
82.87185668945312
85.35317993164062
83.47879791259766
85.8249740600586
84.57715606689453
86.49261474609375
85.83973693847656
87.34515380859375
86.9680404663086
87.4682388305664
86.72261047363281
85.50062561035156
84.4002685546875
81.5471420288086
80.91902160644531
76.71589660644531
77.15957641601562
74.84943389892578
76.10986328125
75.64215850830078
77.18804168701172
75.94678497314453
78.37320709228516
79.52955627441406
80.72773742675781
81.42648315429688
82.00265502929688
82.82377624511719
82.49113464355469
83.84123229980469
83.91232299804688
85.3637924194336
85.31192016601562
87.24176788330078
87.14220428466797
89.2442855834961
89.63554382324219
91.7302474975586
92.0675048828125
93.54362487792969
94.34632873535156
94.71920776367188
95.59996795654297
95.16842651367188
95.86385345458984
94.22171783447266
94.59970092773438
92.1988296508789
92.30113983154297
89.9033432006836
89.96240997314453
87.63343048095703
87.36654663085938
85.36465454101562
85.33431243896484
84.16766357421875
84.09310913085938
84.58767700195312
86.22583770751953
87.78241729736328
89.37210083007812
90.86219024658203
91.32606506347656
92.53483581542969
92.06607818603516
93.01972961425781
91.92288208007812
92.48786163330078
91.48550415039062
91.798583984375
90.9763412475586
91.24888610839844
90.77801513671875
90.54891204833984
90.40889739990234
90.07728576660156
90.41731262207031
89.57481384277344
89.97938537597656
88.93966674804688
88.91621398925781
87.68022155761719
88.15125274658203
87.56743621826172
88.53114318847656
88.54890441894531
88.92713165283203
89.04959869384766
89.1061019897461
89.52278900146484
89.22454833984375
89.94171142578125
89.09765625
89.90188598632812
89.38996887207031
90.0401840209961
89.37062072753906
89.70173645019531
89.42599487304688
89.19442749023438
88.80015563964844
88.04631805419922
88.47534942626953
87.88043212890625
89.3014907836914
89.25936889648438
91.02921295166016
90.80699920654297
91.96870422363281
91.83499908447266
92.54104614257812
92.0185546875
92.83944702148438
92.59751892089844
93.24413299560547
93.5450210571289
94.06791687011719
94.61497497558594
94.91529083251953
95.35020446777344
95.34398651123047
95.64997100830078
95.72474670410156
95.40254211425781
95.3691635131836
94.18266296386719
93.8081283569336
91.0852279663086
91.28580474853516
88.81309509277344
90.5088882446289
88.55110931396484
90.72575378417969
89.33650207519531
91.38831329345703
90.12520599365234
91.75838470458984
90.70252990722656
92.03536987304688
91.42757415771484
92.22329711914062
91.93653869628906
92.25724029541016
92.8376235961914
92.51921844482422
93.699951171875
93.27063751220703
94.65715026855469
93.96247863769531
95.69133758544922
94.9255599975586
96.44222259521484
95.64811706542969
96.60047912597656
96.05232238769531
96.19955444335938
95.7972412109375
95.65068054199219
96.24967956542969
96.45885467529297
97.69943237304688
97.65559387207031
99.13278198242188
98.69593048095703
99.71603393554688
98.9192123413086
99.37709045410156
98.48558044433594
98.27893829345703
97.83759307861328
97.0077896118164
97.07713317871094
95.8777847290039
96.42759704589844
95.0688247680664
95.75018310546875
94.69754791259766
95.00328826904297
94.3863525390625
93.05661010742188
92.54473876953125
87.66668701171875
88.07110595703125
79.661376953125
82.72405242919922
61.797542572021484
76.29644012451172
61.99280548095703
71.72050476074219
66.17628479003906
72.34677124023438
68.60601043701172
72.2996826171875
67.51090240478516
73.12960052490234
67.07079315185547
72.67671203613281
69.2763900756836
75.61549377441406
73.46407318115234
78.43108367919922
76.99842071533203
81.08670806884766
80.39959716796875
82.4447021484375
82.63888549804688
83.48084259033203
83.93280792236328
82.9671859741211
83.5962142944336
82.87053680419922
83.74089050292969
82.74746704101562
83.42591857910156
82.51750183105469
81.93016815185547
81.14762115478516
79.968994140625
76.55213928222656
75.03253173828125
67.83597564697266
70.95917510986328
68.9437484741211
72.22852325439453
78.54236602783203
77.91380310058594
84.33558654785156
82.97608184814453
86.90824127197266
85.2188491821289
86.73159790039062
85.5632553100586
85.37059020996094
84.65184783935547
83.0356674194336
83.50537872314453
81.58892059326172
82.98152923583984
81.41738891601562
83.19625854492188
81.80628204345703
83.6011962890625
82.79666137695312
83.12142181396484
82.9173355102539
82.06502532958984
82.58489227294922
80.61810302734375
82.26309967041016
80.68762969970703
82.4699935913086
79.89977264404297
82.18047332763672
