84.83348846435547
89.86615753173828
92.64836883544922
56.313880920410156
93.59209442138672
91.6768569946289
86.51869201660156
95.87090301513672
88.1010971069336
94.58119201660156
97.90248107910156
57.271217346191406
99.9679946899414
99.13475799560547
95.15066528320312
104.82369232177734
96.76488494873047
101.775146484375
102.42484283447266
71.44390106201172
98.28359985351562
94.156494140625
87.85868835449219
94.08793640136719
84.15758514404297
87.59969329833984
87.93006134033203
65.56322479248047
83.9052963256836
79.28318786621094
74.4952621459961
83.13201904296875
78.50244140625
86.68277740478516
92.5756607055664
65.55577850341797
96.62306213378906
94.22686767578125
87.95984649658203
94.93474578857422
85.11820220947266
89.95574951171875
91.2429428100586
58.93674850463867
89.31005096435547
86.4238510131836
81.06771850585938
88.32958984375
80.26322937011719
84.27945709228516
86.59725952148438
32.05533981323242
85.41685485839844
82.19208526611328
77.16769409179688
85.01097869873047
76.9408950805664
81.47205352783203
83.54279327392578
51.369625091552734
83.57962799072266
81.3673095703125
75.35542297363281
83.58735656738281
74.58412170410156
80.15621185302734
81.74728393554688
53.18339538574219
82.80988311767578
80.03832244873047
73.61693572998047
83.40620422363281
74.70209503173828
81.29997253417969
83.72483825683594
48.71344757080078
84.51018524169922
83.08079528808594
77.8253173828125
86.90345764160156
80.14511108398438
85.93763732910156
88.33573913574219
63.99907684326172
89.97735595703125
88.07337188720703
83.80514526367188
92.11427307128906
83.30491638183594
86.63985443115234
84.78524780273438
66.64293670654297
89.73474884033203
89.11152648925781
84.89891815185547
92.89586639404297
84.31414794921875
89.0477294921875
91.24958801269531
62.18750762939453
90.32984924316406
87.41657257080078
81.94019317626953
89.67382049560547
81.33882904052734
85.45231628417969
87.25071716308594
60.00406265258789
84.51439666748047
81.35346984863281
74.55679321289062
84.76397705078125
76.77852630615234
82.52725982666016
85.56722259521484
59.52435302734375
86.44807434082031
84.87757873535156
80.20269775390625
88.79612731933594
81.22903442382812
87.40972137451172
90.3782730102539
59.31184005737305
91.93660736083984
90.54949951171875
86.45935821533203
95.99970245361328
88.90946197509766
95.58906555175781
99.2733154296875
68.31851959228516
101.16834259033203
99.11800384521484
93.4382553100586
100.97164916992188
91.73160552978516
96.11040496826172
97.54029846191406
65.15203857421875
96.13484191894531
93.29296112060547
87.71173858642578
95.64179229736328
87.09368896484375
92.38785552978516
94.57313537597656
63.64329147338867
94.27544403076172
91.703125
86.55382537841797
95.19495391845703
87.05191802978516
92.04048919677734
92.80758666992188
59.59437561035156
87.35047149658203
81.78468322753906
75.39602661132812
81.21709442138672
73.71190643310547
79.0865707397461
81.34773254394531
55.15247344970703
83.00495147705078
80.93970489501953
77.2118148803711
85.6914291381836
77.14456939697266
83.48247528076172
86.58470916748047
49.84933853149414
87.58394622802734
85.87029266357422
80.85257720947266
89.9996337890625
82.22541046142578
88.39730072021484
91.37066650390625
58.55622482299805
92.89485931396484
91.38934326171875
86.80530548095703
96.01080322265625
88.41736602783203
94.13007354736328
96.6424331665039
61.734535217285156
96.1510009765625
93.00196838378906
86.90978240966797
94.31314086914062
84.85433197021484
89.44039154052734
90.78868865966797
54.869197845458984
89.05929565429688
86.13965606689453
80.41568756103516
87.74964904785156
79.01433563232422
83.84136199951172
85.53336334228516
55.06525421142578
84.58491516113281
82.21456146240234
75.9695053100586
84.55593872070312
75.1104736328125
80.58692932128906
82.21330261230469
46.96675491333008
81.74309539794922
78.54154968261719
73.06544494628906
81.12921142578125
72.76036071777344
77.39810180664062
80.074462890625
54.995975494384766
78.65868377685547
76.78441619873047
70.09231567382812
77.63606262207031
69.19129943847656
74.08145904541016
76.65943908691406
57.99843215942383
75.3534927368164
73.6072006225586
70.64776611328125
80.7083969116211
74.70101165771484
81.28397369384766
84.17342376708984
53.510704040527344
83.79353332519531
80.78082275390625
74.94041442871094
83.93067932128906
75.517822265625
80.05345153808594
82.51460266113281
48.90300369262695
83.06448364257812
80.67515563964844
74.87691497802734
83.47940826416016
74.81739044189453
81.44212341308594
83.50775146484375
51.58968734741211
82.78912353515625
79.86611938476562
75.88070678710938
82.96636962890625
74.88116455078125
81.44517517089844
83.98089599609375
59.80914306640625
85.23416900634766
83.4278564453125
78.66239166259766
86.5109634399414
77.81610107421875
82.07962036132812
83.31349182128906
48.662269592285156
81.69315338134766
78.55475616455078
72.61156463623047
80.10903930664062
71.74855041503906
78.45174407958984
81.17863464355469
61.15131759643555
83.22782135009766
81.58971405029297
77.1213150024414
84.91738891601562
76.40375518798828
82.40289306640625
85.42767333984375
49.08460998535156
85.45808410644531
83.55742645263672
77.94558715820312
87.27908325195312
78.6299819946289
84.84626007080078
88.08287811279297
54.889156341552734
89.6307601928711
88.3896255493164
83.95809936523438
93.48468017578125
86.26409149169922
92.72438049316406
96.13705444335938
59.975040435791016
97.40518188476562
94.89698791503906
89.14457702636719
96.61846160888672
87.34141540527344
92.06391143798828
93.43544006347656
63.205196380615234
91.99402618408203
88.91397857666016
83.15548706054688
91.16670227050781
82.72586059570312
87.60953521728516
89.79095458984375
62.12758255004883
89.30168914794922
86.83894348144531
81.60871887207031
89.3135986328125
81.29509735107422
86.34078216552734
88.66512298583984
52.543182373046875
89.49755859375
87.51718139648438
82.18878936767578
91.3558578491211
83.60578155517578
89.3934326171875
92.15494537353516
61.036949157714844
92.22620391845703
89.52336120605469
83.00916290283203
89.87629699707031
79.31282806396484
82.97177124023438
82.99523162841797
50.86842727661133
80.73502349853516
77.63338470458984
73.7643814086914
82.44342803955078
75.30184936523438
81.02550506591797
83.91629028320312
63.95714569091797
85.97903442382812
84.44222259521484
79.22356414794922
88.953369140625
81.43753051757812
87.13105010986328
90.2721176147461
58.925968170166016
91.92433166503906
90.58942413330078
86.0935287475586
95.8902816772461
88.66385650634766
95.20600128173828
98.53562927246094
66.67376708984375
100.04571533203125
98.2705307006836
93.0743408203125
101.1235580444336
92.28970336914062
96.6622314453125
98.01372528076172
62.60996627807617
95.75074005126953
92.30390167236328
85.7237777709961
92.84866333007812
83.29013061523438
87.98373413085938
89.08025360107422
56.91762924194336
89.80579376220703
88.7577133178711
84.97525787353516
95.1523666381836
88.28496551513672
94.32830047607422
97.36570739746094
62.79676055908203
97.61161041259766
95.07097625732422
89.53402709960938
97.69328308105469
89.07890319824219
94.04092407226562
96.26495361328125
64.81130981445312
95.84188842773438
93.28401184082031
87.89456939697266
95.90213012695312
87.3170394897461
92.47856140136719
94.3446273803711
55.44902038574219
93.37891387939453
90.77192687988281
85.31266021728516
94.04987335205078
86.0040054321289
91.68588256835938
94.1560287475586
58.23927307128906
94.39009094238281
92.13467407226562
86.94854736328125
95.44624328613281
87.13450622558594
92.4994125366211
94.79594421386719
60.126155853271484
94.80538940429688
92.24029541015625
86.78703308105469
94.58658599853516
85.6486587524414
90.89884185791016
93.39014434814453
66.50736999511719
94.88603210449219
93.41783142089844
88.69181060791016
97.36878204345703
89.30751037597656
95.08111572265625
97.5197982788086
62.446895599365234
97.94770812988281
95.87496185302734
90.95684051513672
99.89814758300781
92.04257202148438
97.9099349975586
100.5396728515625
67.29293060302734
100.73609924316406
98.42437744140625
93.06279754638672
100.98808288574219
91.96463012695312
96.12903594970703
96.96998596191406
61.98325729370117
94.96389770507812
92.39514923095703
86.91786193847656
95.76713562011719
87.72525024414062
93.4137954711914
95.93428802490234
64.02920532226562
96.38192749023438
94.37342071533203
89.26109313964844
97.73052978515625
89.44123840332031
95.08422088623047
97.61164855957031
65.89869689941406
98.40853881835938
96.5060043334961
91.6937255859375
100.43798828125
92.47734069824219
98.28678131103516
100.95215606689453
67.856689453125
101.39861297607422
99.04280853271484
93.45018005371094
101.63020324707031
93.2381820678711
98.79502868652344
101.81596374511719
68.79780578613281
103.2378158569336
101.54457092285156
96.59801483154297
105.11152648925781
96.6923599243164
101.80703735351562
103.76866912841797
69.40352630615234
102.83929443359375
100.03214263916016
94.3423080444336
102.19493103027344
93.4773941040039
98.45088958740234
100.45686340332031
68.39508819580078
99.9536361694336
97.09343719482422
90.69808197021484
97.34711456298828
86.53463745117188
89.09538269042969
87.96361541748047
53.58259201049805
80.55147552490234
73.27000427246094
60.99168395996094
69.48808288574219
64.159912109375
66.61536407470703
72.64230346679688
62.13465118408203
72.8299560546875
71.43899536132812
64.32534790039062
75.48411560058594
69.58252716064453
76.46910095214844
80.78278350830078
42.789642333984375
83.79058074951172
82.79497528076172
78.81855773925781
87.8791732788086
80.23816680908203
85.6080551147461
88.40933227539062
61.11947250366211
88.56916046142578
86.14730072021484
80.57455444335938
89.02030181884766
80.60930633544922
85.43304443359375
86.87730407714844
60.40086364746094
84.74552154541016
79.97429656982422
72.58722686767578
76.61029815673828
65.34822082519531
70.15756225585938
78.08068084716797
53.213645935058594
85.04631805419922
85.23262023925781
81.42343139648438
91.34236907958984
83.15766906738281
88.96907806396484
90.62752532958984
56.0894889831543
89.3252182006836
86.05279541015625
80.40864562988281
88.26798248291016
79.14344024658203
85.06211853027344
87.5256576538086
54.59950256347656
87.68018341064453
85.39247131347656
80.21072387695312
88.73857879638672
79.75399780273438
84.82881164550781
86.95975494384766
60.505123138427734
86.41908264160156
84.11289978027344
78.63516998291016
86.49027252197266
