89.12489318847656
95.51525115966797
98.7393798828125
62.628414154052734
99.55105590820312
96.32715606689453
90.21215057373047
96.82752990722656
86.64218139648438
90.96236419677734
91.74564361572266
55.183250427246094
89.10818481445312
85.27906036376953
79.07120513916016
85.99044799804688
75.93836212158203
79.83198547363281
81.24803924560547
53.2335090637207
77.89998626708984
75.1724853515625
67.98171997070312
78.65413665771484
72.15328216552734
80.97074890136719
86.51448059082031
60.020050048828125
89.75435638427734
86.89653778076172
80.58422088623047
87.80712127685547
78.59557342529297
82.50696563720703
83.95988464355469
47.81200408935547
82.53900146484375
79.57862091064453
74.73966979980469
81.1677474975586
72.1084976196289
77.37633514404297
78.48414611816406
43.078338623046875
78.13849639892578
74.98062896728516
69.79593658447266
77.52456665039062
66.87008666992188
73.58606719970703
75.48397064208984
56.36281204223633
73.91812896728516
71.47663116455078
62.74566650390625
73.49642181396484
66.59648132324219
68.98735809326172
70.41610717773438
50.42142105102539
68.08905792236328
66.67513275146484
60.784244537353516
66.34552001953125
60.85233688354492
63.097164154052734
63.1179084777832
54.609886169433594
63.79098129272461
63.97372055053711
54.97731018066406
69.58316802978516
63.690208435058594
68.44795227050781
73.87244415283203
53.80550765991211
76.26695251464844
75.6805648803711
71.66236877441406
82.70423889160156
76.20957946777344
83.69129180908203
88.44779968261719
55.099578857421875
92.34514617919922
90.80238342285156
85.55938720703125
93.02824401855469
83.73064422607422
88.19033813476562
89.82311248779297
54.976619720458984
88.7513427734375
86.21964263916016
80.37229919433594
88.6537094116211
80.22496795654297
85.68476104736328
88.08062744140625
37.82148361206055
88.63922882080078
86.75272369384766
82.14521789550781
90.7425765991211
82.64591979980469
88.84996032714844
91.31742095947266
58.81081771850586
90.16757202148438
86.39689636230469
79.7100830078125
86.26657104492188
76.26273345947266
79.8125228881836
80.79458618164062
52.59285354614258
78.519775390625
74.41618347167969
68.77188873291016
75.10032653808594
65.9994125366211
72.15086364746094
72.40437316894531
49.51647186279297
73.70121002197266
71.55877685546875
69.3336181640625
77.1338119506836
71.0040512084961
77.7144546508789
81.80469512939453
57.46881866455078
84.44145202636719
82.70655822753906
77.19049835205078
84.66653442382812
75.22787475585938
80.79899597167969
82.62584686279297
51.054664611816406
82.07125091552734
79.78545379638672
74.41710662841797
82.7680892944336
74.48664093017578
80.8493423461914
83.46157836914062
52.84535598754883
84.8233642578125
83.0143051147461
77.6942367553711
86.74827575683594
78.92210388183594
83.66348266601562
85.14266967773438
53.80069351196289
82.79279327392578
78.93740844726562
73.39324188232422
79.17748260498047
69.0289535522461
74.22447204589844
75.09382629394531
53.381099700927734
73.493408203125
68.5931167602539
64.84131622314453
71.5172348022461
62.22491455078125
64.8336410522461
69.14314270019531
50.01707458496094
66.98070526123047
66.8779525756836
56.0389404296875
69.87122344970703
64.00841522216797
68.76805114746094
72.51803588867188
54.24943161010742
73.46607971191406
69.7027587890625
67.2410888671875
74.92108917236328
66.16993713378906
74.55229949951172
78.14286041259766
46.67573547363281
80.85037994384766
79.64859008789062
74.80806732177734
84.02305603027344
76.84059143066406
81.36405944824219
83.93933868408203
52.63691329956055
83.97850036621094
81.86267852783203
76.64327239990234
85.13417053222656
77.30118560791016
82.96233367919922
85.513671875
35.88615417480469
86.49049377441406
84.24475860595703
79.77783203125
88.53987121582031
80.90343475341797
86.95722198486328
89.90895080566406
53.29356002807617
91.331298828125
89.92044067382812
85.24508666992188
94.48499298095703
87.04312896728516
92.65589141845703
95.17292785644531
58.73996353149414
94.80875396728516
91.95411682128906
85.76174926757812
93.46636962890625
84.3045654296875
89.00635528564453
90.45626831054688
51.147029876708984
89.17972564697266
86.09555053710938
80.47544860839844
87.65147399902344
78.13825225830078
83.47008514404297
85.01348114013672
41.43184280395508
83.95167541503906
81.25225830078125
75.3168716430664
83.39263916015625
74.9706802368164
79.87298583984375
81.92369842529297
45.19856262207031
81.45014953613281
79.53956604003906
73.57145690917969
82.51099395751953
73.79396057128906
79.52241516113281
81.89950561523438
44.47144317626953
81.82917022705078
78.95140838623047
74.0295181274414
82.10770416259766
72.79607391357422
79.324462890625
81.14048767089844
50.004215240478516
81.65597534179688
79.00875091552734
73.91509246826172
82.19603729248047
74.38597106933594
79.70240020751953
81.52328491210938
51.32017517089844
81.33932495117188
79.29224395751953
72.93098449707031
81.49059295654297
73.26697540283203
78.06670379638672
80.7586898803711
48.749267578125
81.34252166748047
79.78839111328125
73.74490356445312
84.09918212890625
77.05049133300781
82.71172332763672
85.6881103515625
50.73481369018555
86.79695129394531
84.84504699707031
80.39373016357422
89.30829620361328
81.37738800048828
87.49226379394531
90.5322036743164
55.71370315551758
91.51081085205078
89.6772232055664
84.3826675415039
92.48731231689453
83.67381286621094
88.4453353881836
90.12621307373047
47.34685516357422
89.15120697021484
86.79606628417969
81.31208801269531
89.41090393066406
80.74116516113281
85.62700653076172
87.59765625
56.114990234375
86.54478454589844
83.62509155273438
77.88705444335938
85.5567626953125
76.33555603027344
81.13378143310547
82.26956176757812
54.78213882446289
80.9920654296875
78.37610626220703
73.27863311767578
81.18524932861328
73.32335662841797
77.95890808105469
80.91181182861328
52.41203689575195
81.22602844238281
78.96379852294922
73.27363586425781
82.31890106201172
74.33645629882812
79.5663070678711
82.21360778808594
49.60544967651367
82.71521759033203
80.58446502685547
75.53656768798828
84.32748413085938
75.72562408447266
82.5336685180664
85.07486724853516
51.4454460144043
86.21625518798828
84.47628021240234
80.14185333251953
89.0907974243164
81.42186737060547
87.87786865234375
91.03569793701172
46.61837387084961
93.32868194580078
91.97903442382812
87.51876831054688
95.95111846923828
87.00830841064453
91.32307434082031
92.27629852294922
50.165977478027344
89.51961517333984
85.6369400024414
79.55816650390625
86.2094497680664
76.18671417236328
81.0067138671875
81.98341369628906
55.40326690673828
80.27466583251953
77.55064392089844
72.84573364257812
82.47300720214844
75.48473358154297
82.01211547851562
84.8637924194336
35.77570724487305
84.47802734375
81.10028076171875
74.97887420654297
83.06919860839844
73.46507263183594
77.9622573852539
79.44466400146484
49.65734100341797
78.05503845214844
74.6051254272461
68.92350006103516
76.58534240722656
68.4128189086914
72.83812713623047
75.37130737304688
49.19379806518555
77.2249984741211
76.87430572509766
72.57064056396484
82.6939926147461
75.47371673583984
82.61640167236328
86.2420654296875
48.4448356628418
88.95085906982422
87.54647064208984
83.59732818603516
92.42705535888672
84.79713439941406
90.41226959228516
92.99397277832031
52.740272521972656
93.28501892089844
90.98897552490234
85.83209991455078
94.04841613769531
85.544677734375
90.81239318847656
92.99888610839844
55.91314697265625
92.77124786376953
90.30223083496094
84.75346374511719
93.02517700195312
84.41085815429688
89.46324920654297
91.5329818725586
47.09807205200195
91.50733184814453
89.04122924804688
84.0906982421875
92.32144165039062
84.0206527709961
89.60746765136719
92.00709533691406
56.16968536376953
92.28904724121094
89.99870300292969
84.8857192993164
93.37744140625
85.09712219238281
90.4842300415039
92.88899993896484
49.03932571411133
92.91899871826172
90.70447540283203
85.61344146728516
94.03412628173828
86.10059356689453
91.52857208251953
94.016357421875
43.24642562866211
94.3565673828125
91.98273468017578
86.69947052001953
94.98187255859375
86.66008758544922
91.94032287597656
94.2213134765625
55.743194580078125
94.2262191772461
91.81455993652344
86.42958068847656
94.80175018310547
86.4842300415039
91.74641418457031
94.05757141113281
58.95494079589844
94.13609313964844
91.79253387451172
86.32208251953125
94.84021759033203
86.5339584350586
91.94696807861328
94.35049438476562
54.53499221801758
94.53981018066406
92.26085662841797
87.16586303710938
95.59880828857422
87.39897155761719
92.96207427978516
95.34883880615234
57.77553176879883
95.66852569580078
93.33106994628906
87.9654769897461
96.34810638427734
87.73112487792969
92.6773452758789
94.3675765991211
53.90272521972656
93.3029556274414
90.87005615234375
85.63021850585938
94.40766143798828
86.72718811035156
92.26923370361328
94.9896011352539
47.363834381103516
95.142822265625
92.54316711425781
86.72196960449219
94.13912963867188
84.56197357177734
88.70673370361328
89.40910339355469
44.12858963012695
86.3127212524414
82.67610168457031
78.00183868408203
86.63459777832031
79.68022918701172
87.03111267089844
90.77153015136719
56.47551727294922
92.82608032226562
90.41241455078125
84.84226989746094
92.39710235595703
83.07510375976562
86.9742431640625
88.21641540527344
47.99822235107422
85.85059356689453
82.49208068847656
76.97811126708984
85.14990997314453
77.77349090576172
83.31254577636719
86.07450866699219
50.94077682495117
85.95836639404297
83.8380355834961
79.10586547851562
89.19661712646484
82.62169647216797
89.1082534790039
92.38668823242188
56.064720153808594
93.13899993896484
90.71587371826172
85.12542724609375
93.0915756225586
84.5859375
89.27056884765625
91.1231689453125
46.880401611328125
90.01986694335938
86.8394775390625
80.3255386352539
87.98273468017578
79.09724426269531
83.62065887451172
85.67819213867188
48.91767883300781
85.03367614746094
82.74374389648438
76.9682846069336
85.19219207763672
76.93897247314453
82.23020935058594
84.22151184082031
47.56636047363281
84.25960540771484
81.73590087890625
76.38672637939453
84.95843505859375
77.2491226196289
82.82058715820312
85.48823547363281
57.19755935668945
86.16606140136719
84.22221374511719
78.29751586914062
87.25931549072266
78.87699127197266
84.04293060302734
86.27085876464844
56.47336959838867
84.90179443359375
81.52816772460938
74.25012969970703
80.42257690429688
