86.25930786132812
87.60641479492188
87.0138168334961
89.29821014404297
88.3200454711914
90.70173645019531
90.47772216796875
92.57701873779297
92.855224609375
93.83311462402344
94.18498229980469
92.30208587646484
92.4586181640625
88.2408447265625
89.66442108154297
83.45545196533203
86.96077728271484
78.50528717041016
84.2298812866211
73.51152038574219
82.19446563720703
68.57799530029297
81.57495880126953
68.73696899414062
84.0615005493164
77.68920135498047
87.304931640625
84.13887786865234
87.8163833618164
85.03189849853516
84.91062927246094
83.92755126953125
81.45751953125
82.55665588378906
78.31039428710938
81.72542572021484
75.84364318847656
80.19233703613281
74.79852294921875
79.36333465576172
74.50984191894531
77.86557006835938
74.94913482666016
75.54377746582031
75.32890319824219
73.74230194091797
75.5665512084961
71.708984375
75.6597671508789
68.6746597290039
75.60067749023438
64.84086608886719
75.33746337890625
56.19748306274414
73.9090805053711
63.98295974731445
73.32576751708984
65.59738159179688
73.1277847290039
67.98690032958984
71.89606475830078
69.38142395019531
69.9925765991211
69.39588165283203
66.59654998779297
70.30400848388672
68.54790496826172
69.56358337402344
65.67500305175781
69.6554183959961
67.39752197265625
68.63654327392578
67.58208465576172
69.05083465576172
69.0212631225586
69.64033508300781
70.4508285522461
71.81822204589844
72.00747680664062
74.91615295410156
74.34138488769531
79.31141662597656
77.37956237792969
83.42451477050781
82.44245910644531
87.48810577392578
85.62358093261719
87.6424331665039
85.03839874267578
84.96715545654297
83.14847564697266
82.57550811767578
81.81340789794922
81.32677459716797
81.0279541015625
80.36833190917969
80.40863037109375
80.5330810546875
79.92019653320312
80.26924896240234
79.09705352783203
80.60783386230469
79.23607635498047
81.01290893554688
79.0267333984375
82.07736206054688
79.9466323852539
82.6473159790039
80.9661636352539
83.02609252929688
81.58711242675781
81.93376159667969
80.02069854736328
78.01204681396484
76.85209655761719
73.27745819091797
73.13475799560547
64.78936004638672
70.70632934570312
59.91400909423828
67.78043365478516
61.05127716064453
69.4011001586914
54.34233093261719
70.6847915649414
53.271209716796875
72.57523345947266
60.548274993896484
76.36018371582031
71.85445404052734
78.64318084716797
76.17696380615234
79.98107147216797
78.59506225585938
80.43441772460938
80.93351745605469
80.85645294189453
83.326416015625
82.33329772949219
85.31983184814453
84.21477508544922
87.74365997314453
85.87554931640625
88.28107452392578
85.78463745117188
86.27449035644531
84.25910949707031
83.87939453125
82.8246841430664
81.40965270996094
80.9815673828125
78.77354431152344
78.8819808959961
77.22970581054688
77.58152770996094
76.1459732055664
75.8165512084961
75.8419189453125
74.54988861083984
75.59828186035156
73.59776306152344
75.20417785644531
71.89448547363281
74.6765365600586
71.74858093261719
74.80805969238281
71.78231048583984
75.40396881103516
73.2733383178711
75.44259643554688
74.48748016357422
76.30117797851562
77.15634155273438
77.67271423339844
79.15895080566406
79.81011962890625
80.9502944946289
80.64330291748047
80.87264251708984
79.76927185058594
78.82637786865234
77.87490844726562
76.2985610961914
76.03775787353516
74.66767883300781
75.12995147705078
73.71060943603516
73.71355438232422
72.40877532958984
73.26885986328125
73.06608581542969
71.63906860351562
72.82318115234375
71.07481384277344
73.45016479492188
70.61638641357422
73.92090606689453
71.5228042602539
73.3519058227539
70.91183471679688
73.2260971069336
71.76432800292969
74.12796783447266
72.0961685180664
73.73546600341797
72.93151092529297
74.03385162353516
74.2289810180664
73.98612976074219
75.48419189453125
73.90715026855469
75.56710815429688
74.55224609375
76.67454528808594
75.27466583251953
77.20459747314453
75.30452728271484
77.45442199707031
76.83378601074219
78.32447814941406
77.65119934082031
79.08055114746094
79.50623321533203
80.5267562866211
81.03121185302734
82.28047180175781
82.55850982666016
83.30144500732422
84.35022735595703
85.20265197753906
86.19883728027344
86.70317840576172
87.33800506591797
87.23249053955078
87.102783203125
86.66685485839844
86.05828094482422
85.26887512207031
84.2507095336914
83.56253051757812
82.64794158935547
81.89620971679688
81.19962310791016
79.95011901855469
79.54354858398438
78.29248809814453
78.7314453125
77.05085754394531
78.58367919921875
77.45215606689453
80.14369201660156
79.15387725830078
81.71623992919922
79.52806091308594
81.15785217285156
78.90846252441406
79.91845703125
78.28227996826172
79.11260986328125
78.06951904296875
77.98788452148438
77.54054260253906
77.12808227539062
77.56672668457031
76.52890014648438
77.48072052001953
75.8365707397461
76.9441146850586
75.29106903076172
77.19325256347656
75.8564682006836
78.9953384399414
78.37185668945312
80.73554992675781
79.82530975341797
81.15333557128906
80.27090454101562
81.17858123779297
80.95849609375
81.04962921142578
81.25577545166016
81.01376342773438
81.87395477294922
81.17654418945312
82.76094055175781
82.16683959960938
83.77940368652344
83.31419372558594
84.65795135498047
84.46414947509766
84.99583435058594
85.0860366821289
85.57929229736328
85.99246978759766
85.96136474609375
86.76386260986328
86.2830581665039
86.75477600097656
86.29032135009766
86.60092163085938
85.62783813476562
85.57874298095703
84.74805450439453
84.40035247802734
84.01738739013672
82.72899627685547
83.20110321044922
81.49092102050781
82.17814636230469
80.02740478515625
81.28887176513672
79.17830657958984
80.49136352539062
78.5526351928711
79.24359893798828
78.07867431640625
78.53489685058594
77.78756713867188
77.32100677490234
77.9311294555664
76.31200408935547
77.72615051269531
75.28661346435547
77.41159057617188
75.30953216552734
77.17234802246094
75.1899642944336
77.37472534179688
75.31350708007812
76.62080383300781
75.35316467285156
75.97489166259766
74.75485229492188
74.48641967773438
74.73485565185547
73.84587860107422
75.0566177368164
73.24021911621094
75.46516418457031
73.90576934814453
75.82837677001953
73.7157211303711
76.57096862792969
74.41557312011719
77.07482147216797
74.8545150756836
77.65593719482422
76.64785766601562
77.44087982177734
77.53990173339844
78.19412994384766
78.69197082519531
78.402099609375
79.78952026367188
79.16741943359375
80.72557830810547
80.26051330566406
82.16229248046875
81.40647888183594
83.33740234375
82.81395721435547
84.49456024169922
84.5301513671875
85.98229217529297
86.3805160522461
87.57459259033203
88.36356353759766
88.98279571533203
89.97801208496094
90.05797576904297
90.96613311767578
90.69331359863281
91.28370666503906
90.877197265625
90.85298919677734
90.21460723876953
89.81419372558594
89.324462890625
88.37933349609375
88.2724380493164
87.0071792602539
87.41529846191406
86.00157928466797
86.31983184814453
84.95093536376953
85.57854461669922
84.3543701171875
84.73778533935547
83.55631256103516
83.31181335449219
82.53919219970703
81.39594268798828
81.13712310791016
79.96532440185547
80.91828918457031
79.31636810302734
80.9646987915039
78.67784118652344
80.06635284423828
78.1872329711914
79.5971908569336
77.69336700439453
79.84660339355469
78.60734558105469
80.80681610107422
80.7264633178711
82.17725372314453
82.05909729003906
82.96903228759766
83.47571563720703
83.7720947265625
84.40555572509766
84.11840057373047
84.97824096679688
84.14962005615234
85.1845703125
84.16789245605469
85.15966796875
84.20858001708984
84.91287231445312
84.29324340820312
84.8732681274414
84.78910064697266
85.09156799316406
85.51943969726562
85.51457214355469
86.12149047851562
85.65524291992188
86.57195281982422
85.78461456298828
86.75942993164062
86.04251098632812
86.8756332397461
86.18639373779297
86.98710632324219
86.27510070800781
86.8580093383789
86.55549621582031
86.77394104003906
86.81330108642578
87.02263641357422
87.19677734375
87.25142669677734
87.78866577148438
87.6419906616211
88.01966094970703
87.4834976196289
88.10856628417969
87.4975814819336
87.8709945678711
87.44800567626953
87.58849334716797
87.37183380126953
87.32823944091797
87.52837371826172
87.06951904296875
87.38858795166016
86.85491180419922
87.52384948730469
86.7978515625
87.48357391357422
86.83878326416016
87.44155883789062
86.73120880126953
87.32720947265625
86.869140625
87.2110824584961
86.99385833740234
87.01393127441406
87.15662384033203
86.918701171875
87.13191986083984
86.78540802001953
87.4620361328125
87.04705810546875
87.8114013671875
87.43302917480469
88.25715637207031
87.69802856445312
88.16224670410156
87.61723327636719
88.08255767822266
87.96581268310547
88.18545532226562
88.6854248046875
89.19277954101562
89.78771209716797
90.0328140258789
90.80553436279297
90.83602905273438
91.54911041259766
91.39161682128906
91.712890625
91.45005798339844
91.38036346435547
90.86444091796875
90.27027893066406
89.83853149414062
88.80241394042969
88.384521484375
87.09140014648438
86.72759246826172
85.2203598022461
85.00086212158203
83.58421325683594
83.29544067382812
81.73635864257812
81.16088104248047
80.00936126708984
78.89998626708984
77.79792785644531
75.74064636230469
76.1138916015625
75.67174530029297
76.90581512451172
75.84539794921875
77.21455383300781
74.92189025878906
77.09965515136719
75.44660949707031
78.11659240722656
77.93350982666016
80.4052734375
80.52220153808594
82.82179260253906
83.10868072509766
84.51325988769531
84.67609405517578
85.2991943359375
85.22699737548828
84.83149719238281
84.84712219238281
83.45130920410156
83.92086029052734
82.1905746459961
82.64144134521484
80.59907531738281
81.41205596923828
79.56852722167969
81.06082916259766
80.20584106445312
81.14140319824219
80.57967376708984
80.57303619384766
80.60565948486328
79.89151763916016
80.13501739501953
79.03347778320312
79.58258056640625
78.7772445678711
79.95169830322266
79.10139465332031
80.33336639404297
79.24691009521484
80.1744384765625
79.48060607910156
80.12023162841797
79.65756225585938
79.9842529296875
79.46434020996094
79.56167602539062
79.64817810058594
79.17391204833984
79.71245574951172
78.72309875488281
79.75818634033203
78.5540542602539
79.7550048828125
78.37567138671875
80.1155776977539
78.78128814697266
79.5589828491211
79.39883422851562
79.29234313964844
78.72832489013672
77.51319122314453
