89.11505126953125
90.96593475341797
90.36506652832031
92.80509948730469
92.04695129394531
94.89445495605469
93.76594543457031
96.20147705078125
93.75880432128906
94.85648345947266
91.32193756103516
91.50077819824219
88.00668334960938
87.81982421875
84.89839172363281
84.09538269042969
81.88026428222656
80.3548583984375
79.52363586425781
79.07119750976562
78.713623046875
81.3602066040039
82.43949890136719
84.65132141113281
87.46463012695312
87.68778991699219
90.36283874511719
87.40264892578125
89.49433898925781
84.8190689086914
87.26749420166016
82.53478240966797
85.2349853515625
80.66925048828125
83.36198425292969
80.12075805664062
81.60037994384766
79.54230499267578
79.8783950805664
78.9714584350586
77.77722930908203
78.4174575805664
75.76901245117188
78.17328643798828
73.11628723144531
78.27388000488281
72.05155944824219
77.5230484008789
69.5516586303711
75.91414642333984
66.8198013305664
75.76187896728516
68.30258178710938
74.17196655273438
68.61310577392578
72.82173919677734
68.11742401123047
70.4935073852539
69.86639404296875
68.4019546508789
71.6480941772461
67.3123550415039
70.33026123046875
64.6961441040039
69.44629669189453
64.75466918945312
69.46513366699219
66.36027526855469
69.33737182617188
68.46220397949219
70.39973449707031
70.62981414794922
72.23233795166016
71.86515045166016
75.49736022949219
73.10355377197266
79.27459716796875
75.39625549316406
82.86520385742188
79.67200469970703
87.09247589111328
84.68914031982422
90.97459411621094
88.01045227050781
91.02645874023438
87.16484069824219
88.33638000488281
85.43185424804688
85.73236846923828
84.32371520996094
83.98702239990234
83.28462982177734
82.70061492919922
82.60380554199219
82.0969467163086
82.25489807128906
81.44620513916016
81.5247802734375
81.61163330078125
81.63524627685547
81.56722259521484
81.72290802001953
81.9073257446289
82.13480377197266
82.52852630615234
82.61121368408203
82.97480010986328
84.02645111083984
83.61338806152344
85.27423095703125
83.8829116821289
85.46997833251953
81.68944549560547
82.61673736572266
75.89311981201172
78.41727447509766
70.62091827392578
74.7418441772461
62.199485778808594
70.44429016113281
47.077049255371094
68.33505249023438
46.93067932128906
67.1480941772461
53.70327377319336
66.891357421875
61.01237869262695
67.92666625976562
70.499267578125
74.5323486328125
78.08548736572266
80.68257141113281
83.48583984375
85.3193359375
86.36487579345703
86.9253158569336
87.3987808227539
88.04692840576172
88.4637680053711
89.82630157470703
89.80231475830078
91.46940612792969
90.47084045410156
91.76083374023438
89.09947204589844
89.97364807128906
86.94627380371094
87.7194595336914
84.7723159790039
85.28408813476562
82.89881896972656
83.09442901611328
81.17301940917969
81.05806732177734
79.93406677246094
78.935791015625
79.66323852539062
77.642578125
79.23531341552734
75.43436431884766
78.83049774169922
74.5197982788086
78.58354187011719
75.02880859375
78.45574951171875
75.49380493164062
78.087890625
76.33519744873047
77.7027587890625
78.57240295410156
78.24746704101562
80.63785552978516
78.41812133789062
83.05359649658203
80.49652099609375
84.60294342041016
81.2898178100586
83.3635482788086
79.9039306640625
80.9235610961914
78.43529510498047
78.50031280517578
78.8511734008789
78.00944519042969
79.62535095214844
77.52320861816406
80.14148712158203
77.93930053710938
79.58271789550781
76.54336547851562
78.83251953125
76.44658660888672
77.94591522216797
77.25318908691406
77.25643920898438
76.92683410644531
76.2082748413086
78.0011978149414
76.23844146728516
78.31390380859375
76.59528350830078
78.31916046142578
76.95550537109375
78.61267852783203
76.97476959228516
79.4173583984375
78.54107666015625
79.49605560302734
79.04864501953125
79.78205871582031
80.68458557128906
80.51206970214844
81.59308624267578
81.15771484375
82.55049896240234
82.33170318603516
83.68260955810547
83.23526763916016
84.640625
84.19971466064453
86.13737487792969
85.74364471435547
87.35692596435547
87.38996124267578
88.65824890136719
89.29703521728516
89.99968719482422
90.51286315917969
90.81182861328125
90.85016632080078
90.57554626464844
90.35179138183594
89.52324676513672
89.09074401855469
88.23121643066406
87.7494888305664
87.04415130615234
86.17559051513672
85.83660125732422
84.92640686035156
84.63709259033203
83.75267791748047
83.45852661132812
82.95230865478516
82.74761199951172
82.17726135253906
81.91069793701172
81.83311462402344
81.52253723144531
81.90782165527344
81.39527893066406
81.78235626220703
80.5810775756836
81.51271057128906
80.18848419189453
80.81422424316406
80.10591125488281
80.17549896240234
79.55696868896484
80.20623779296875
79.29307556152344
79.7431411743164
79.35005187988281
79.4455337524414
79.82228088378906
78.90318298339844
79.38748168945312
78.69756317138672
79.64620971679688
78.70384216308594
80.23780059814453
79.63810729980469
81.07771301269531
79.6481704711914
81.46418762207031
80.67162322998047
81.6953353881836
81.32826232910156
81.92036437988281
82.32778930664062
82.44147491455078
83.05025482177734
83.27802276611328
83.92607879638672
84.06059265136719
85.14794921875
85.22917938232422
86.34182739257812
86.26578521728516
87.46040344238281
87.44393920898438
88.3242416381836
88.49699401855469
88.91128540039062
88.97454833984375
89.08642578125
88.86698150634766
88.44952392578125
88.13274383544922
87.27877044677734
86.84980773925781
85.36183166503906
84.63778686523438
83.18197631835938
82.30421447753906
81.42012786865234
80.68224334716797
80.33402252197266
79.30718231201172
79.4454574584961
78.74290466308594
79.10891723632812
78.029541015625
78.85281372070312
77.80255126953125
77.64751434326172
77.5886459350586
77.32322692871094
76.70491790771484
76.48017883300781
76.7925033569336
76.0266342163086
76.77338409423828
75.48139953613281
77.01397705078125
74.79261779785156
77.17584228515625
75.23995208740234
76.15953826904297
75.21857452392578
75.70475769042969
75.58649444580078
76.34843444824219
76.33130645751953
75.58733367919922
76.25456237792969
76.05549621582031
76.34452819824219
75.49890899658203
76.6319580078125
75.7765884399414
77.33647918701172
75.44894409179688
77.71161651611328
76.1662826538086
77.97590637207031
76.82568359375
78.49755096435547
77.53042602539062
78.7245864868164
78.40066528320312
78.72594451904297
79.3192367553711
79.45298767089844
80.40266418457031
80.42145538330078
81.77218627929688
80.79257202148438
82.50591278076172
81.72918701171875
83.80757904052734
83.44903564453125
84.96977233886719
84.7442855834961
86.1127700805664
86.51097869873047
87.54290008544922
88.24363708496094
89.14714050292969
90.10604858398438
90.74119567871094
91.92303466796875
92.15182495117188
93.31736755371094
93.1490478515625
93.96685028076172
93.20429229736328
93.61876678466797
92.55154418945312
92.51531219482422
91.64148712158203
91.50064086914062
91.0511474609375
90.82168579101562
90.52456665039062
90.17835998535156
89.9611587524414
89.47620391845703
89.3804702758789
88.6829605102539
88.66083526611328
88.17103576660156
87.8197021484375
87.07520294189453
86.7229995727539
85.96231842041016
85.15852355957031
85.10077667236328
83.802978515625
83.7976303100586
83.0424575805664
82.97451782226562
82.00715637207031
82.43106079101562
82.19393920898438
82.88286590576172
83.28731536865234
83.91209411621094
83.99881744384766
84.1414566040039
84.16545104980469
83.83972930908203
83.74351501464844
82.99819946289062
83.0213394165039
83.25393676757812
83.29426574707031
83.83049774169922
84.60665893554688
85.27156066894531
86.27132415771484
86.5560073852539
87.2028579711914
87.27333068847656
87.36336517333984
87.49922180175781
87.55975341796875
87.7109375
87.60926818847656
88.0334243774414
87.75920104980469
87.97181701660156
87.91801452636719
88.16896057128906
87.84481048583984
88.0341567993164
87.96515655517578
88.1705093383789
88.23304748535156
88.4461441040039
89.12257385253906
89.3396987915039
89.91890716552734
89.80401611328125
90.2672119140625
89.85406494140625
90.30626678466797
89.73773193359375
90.16722106933594
89.64173126220703
90.01815795898438
89.72024536132812
89.78593444824219
89.5858383178711
89.45570373535156
89.53409576416016
89.30236053466797
89.47969818115234
89.13115692138672
89.40408325195312
89.1158218383789
89.34664154052734
89.17943572998047
89.48780059814453
89.18605041503906
89.53579711914062
89.3720474243164
89.43881225585938
89.55200958251953
89.52779388427734
89.71559143066406
89.79634094238281
89.86692810058594
89.71559143066406
90.0167007446289
89.52647399902344
89.68883514404297
88.81897735595703
88.92420196533203
87.8707046508789
87.99330139160156
87.26776123046875
87.4891357421875
87.2838363647461
87.8972396850586
88.09319305419922
88.7256851196289
89.4088363647461
89.81476593017578
90.7269515991211
91.04547882080078
91.919921875
91.97407531738281
92.68377685546875
92.35310363769531
92.59198760986328
91.8257827758789
91.52454376220703
90.64986419677734
89.96575164794922
89.01817321777344
87.86518859863281
86.79883575439453
85.69403076171875
84.59587860107422
83.16194915771484
82.10960388183594
80.53926849365234
79.669189453125
77.8701171875
77.27678680419922
75.57303619384766
76.56298065185547
75.95698547363281
78.87409973144531
78.24241638183594
79.89717102050781
79.1875
79.87159729003906
79.72987365722656
80.65100860595703
81.07505798339844
82.2896499633789
83.51933288574219
84.5317153930664
85.40503692626953
86.38996887207031
87.22959899902344
87.5999984741211
88.14204406738281
87.87085723876953
87.91645812988281
87.6397933959961
87.04376220703125
86.44278717041016
85.66250610351562
84.98551940917969
84.54756164550781
83.97406005859375
83.7293930053711
84.12165069580078
84.01492309570312
84.39202117919922
84.02178955078125
83.71014404296875
83.30529022216797
82.91647338867188
82.68022918701172
82.19296264648438
82.75416564941406
82.08448028564453
82.73100280761719
82.40564727783203
82.60345458984375
81.79122924804688
81.99635314941406
81.59532165527344
81.55049896240234
80.70603942871094
80.2286376953125
79.33333587646484
79.02729797363281
78.74415588378906
78.61616516113281
78.73661041259766
78.54126739501953
78.93921661376953
79.06269836425781
79.53846740722656
79.1817626953125
79.72093200683594
79.79376983642578
79.97096252441406
79.83416748046875
79.69921875
79.37161254882812
