85.37750244140625
86.22684478759766
86.52777862548828
87.67033386230469
88.41167449951172
89.21669006347656
90.29114532470703
91.04830169677734
92.1216812133789
92.39922332763672
92.19697570800781
91.14501953125
89.38745880126953
87.92265319824219
85.80352783203125
84.063232421875
82.5160903930664
80.46129608154297
78.99728393554688
77.16165924072266
76.30721282958984
74.82630157470703
75.12298583984375
77.72594451904297
79.1592025756836
81.71051788330078
84.12409973144531
84.78651428222656
85.2059326171875
84.34280395507812
83.30337524414062
82.01013946533203
80.9557113647461
80.00908660888672
79.05994415283203
78.77809143066406
77.44145202636719
76.6288070678711
76.30268096923828
75.81934356689453
74.48267364501953
73.72557067871094
74.1652603149414
73.61968994140625
72.35955047607422
73.42473602294922
71.52303314208984
71.50140380859375
71.16290283203125
70.53717803955078
69.8469467163086
68.30043029785156
69.46821594238281
68.10602569580078
67.0298843383789
68.2667236328125
67.08039093017578
66.36114501953125
66.05689239501953
62.86293411254883
66.03716278076172
64.85749053955078
62.10051727294922
62.28522491455078
61.75699996948242
62.22154235839844
60.07566452026367
58.923988342285156
55.99344253540039
58.20267868041992
60.76032257080078
55.248531341552734
59.48647689819336
62.87395095825195
64.76167297363281
66.57880401611328
69.23538970947266
69.04716491699219
72.9830093383789
73.43761444091797
76.2840805053711
77.86399841308594
79.8667221069336
82.73778533935547
84.06625366210938
85.67138671875
85.77000427246094
84.80268859863281
84.1041488647461
82.64401245117188
82.05079650878906
81.23226928710938
80.45039367675781
79.8336410522461
79.43070983886719
78.99817657470703
78.7540512084961
78.59471893310547
78.17793273925781
78.49797058105469
78.3177490234375
78.28852081298828
77.96365356445312
78.58976745605469
78.20562744140625
78.9129409790039
78.88726806640625
79.28520965576172
79.6762466430664
80.0173568725586
80.40925598144531
80.72990417480469
80.93860626220703
80.5985107421875
79.20435333251953
77.15385437011719
74.52737426757812
71.79556274414062
69.31139373779297
66.92569732666016
65.99708557128906
62.3949089050293
64.07485961914062
61.869239807128906
64.86077880859375
64.76021575927734
64.56190490722656
67.01943969726562
69.44104766845703
71.66838836669922
74.09442901611328
76.13571166992188
77.1283187866211
78.14727783203125
78.7463607788086
79.80626678466797
80.1974105834961
81.12952423095703
82.28355407714844
83.10943603515625
84.29806518554688
85.48180389404297
86.13917541503906
86.67284393310547
86.32796478271484
85.5445785522461
84.40033721923828
82.98118591308594
82.15306854248047
80.72329711914062
79.8941421508789
78.94080352783203
78.02729797363281
77.55335235595703
76.32762908935547
75.96952056884766
75.72615814208984
75.1611557006836
74.57244873046875
73.93872833251953
74.4196548461914
73.08700561523438
73.89946746826172
73.47307586669922
73.62114715576172
73.92743682861328
74.14562225341797
74.11975860595703
74.77386474609375
74.92154693603516
76.08910369873047
76.61337280273438
77.79674530029297
78.59390258789062
79.52622985839844
80.6751708984375
81.08658599853516
81.19074249267578
80.4925537109375
79.61951446533203
78.4335708618164
77.49072265625
76.67418670654297
75.87310028076172
75.2651138305664
74.98278045654297
74.46918487548828
74.12310028076172
73.342041015625
73.91044616699219
72.87996673583984
72.64311981201172
73.6513900756836
72.42969512939453
73.13726043701172
72.54598236083984
72.52808380126953
72.52462005615234
73.01566314697266
73.25422668457031
72.69091796875
73.45040130615234
73.64607238769531
72.88194274902344
73.98377990722656
73.96588897705078
74.17928314208984
74.12081909179688
74.1474380493164
75.39451599121094
75.06600952148438
75.80721282958984
76.34927368164062
76.3718032836914
77.09878540039062
77.02629852294922
77.42837524414062
77.97724914550781
78.6505355834961
79.53985595703125
79.74073028564453
80.55205535888672
81.38005828857422
81.92485809326172
82.73743438720703
83.45721435546875
84.28355407714844
84.83643341064453
85.92310333251953
86.31177520751953
86.66498565673828
86.76692199707031
86.4416275024414
86.28876495361328
85.70246124267578
85.05513763427734
84.41177368164062
83.72879791259766
83.04054260253906
82.26880645751953
81.72520446777344
80.927734375
80.36163330078125
79.89112854003906
78.78876495361328
78.37895965576172
77.95718383789062
77.16986846923828
77.55377197265625
77.98204803466797
78.85614776611328
78.880615234375
79.11190795898438
78.84215545654297
78.3727798461914
78.56239318847656
77.7897720336914
77.6122817993164
77.37406158447266
77.19769287109375
76.80509185791016
76.39933776855469
76.49842071533203
76.02122497558594
76.1321029663086
75.92503356933594
75.56995391845703
75.6704330444336
75.22843170166016
75.01410675048828
75.82868957519531
76.17424011230469
77.41578674316406
77.7071762084961
78.48541259765625
78.8298568725586
78.97173309326172
79.34088134765625
79.24058532714844
79.21585083007812
79.60292053222656
79.74935150146484
80.25139617919922
80.33423614501953
81.04937744140625
81.51141357421875
82.11984252929688
82.7235107421875
83.15619659423828
83.79179382324219
84.16917419433594
84.41683959960938
84.85955810546875
85.33369445800781
85.51541900634766
85.79832458496094
85.5484390258789
85.57674407958984
85.28182983398438
84.73794555664062
83.87791442871094
83.03828430175781
82.3574447631836
81.80528259277344
81.29571533203125
80.91349792480469
80.42066192626953
80.07939910888672
79.40743255615234
78.96835327148438
78.53652954101562
78.46085357666016
77.7762222290039
77.84307098388672
77.04387664794922
76.7439193725586
76.48356628417969
75.45311737060547
76.28656768798828
75.59203338623047
75.1537857055664
75.22492980957031
74.54837036132812
75.06234741210938
75.05949401855469
74.72264099121094
74.84873962402344
74.66265869140625
75.03006744384766
74.4455795288086
74.45927429199219
73.92432403564453
73.7992172241211
72.94898986816406
72.72052764892578
71.75093841552734
72.91043853759766
73.36550903320312
73.96658325195312
73.61011505126953
74.01990509033203
74.06507110595703
74.35369873046875
74.65829467773438
74.80326843261719
74.93289184570312
75.6310043334961
75.88372039794922
76.49212646484375
76.29582977294922
76.53111267089844
77.34613037109375
77.4689712524414
78.13922119140625
78.61286926269531
79.2869873046875
79.65302276611328
80.07393646240234
80.78826904296875
81.41513061523438
82.01435852050781
82.82951354980469
83.58880615234375
84.51097869873047
85.16130828857422
86.2791748046875
86.99665832519531
88.0178451538086
88.86026000976562
89.68195343017578
90.3638687133789
90.66744232177734
90.71504974365234
90.4427261352539
90.00796508789062
89.10222625732422
88.50715637207031
87.85279083251953
87.27635192871094
86.6004867553711
86.35152435302734
85.89397430419922
85.67569732666016
85.51412200927734
85.52919006347656
85.30935668945312
85.27877044677734
84.90164184570312
84.4649658203125
84.3183364868164
83.59040832519531
83.02200317382812
82.39767456054688
81.73562622070312
80.82731628417969
80.63142395019531
80.53235626220703
80.34075927734375
80.0496597290039
79.94200897216797
79.25523376464844
78.71292114257812
78.56330108642578
78.53450775146484
79.19170379638672
79.11671447753906
79.9603271484375
80.59075927734375
81.2737808227539
81.90238952636719
82.07039642333984
82.37487030029297
82.24516296386719
81.85752868652344
81.25204467773438
80.58409881591797
80.5091552734375
80.786376953125
81.0700454711914
81.23128509521484
81.60533142089844
81.97013854980469
82.468994140625
82.79447937011719
83.3956069946289
83.31288146972656
83.98638916015625
83.90914154052734
83.94683837890625
84.28656005859375
84.29039001464844
84.52295684814453
84.42955780029297
84.53309631347656
84.41168212890625
84.47735595703125
84.61845397949219
84.69659423828125
84.7887954711914
85.02185821533203
85.2745361328125
85.72742462158203
85.97409057617188
86.40977478027344
86.38592529296875
86.59805297851562
86.28474426269531
86.40093231201172
86.403076171875
86.236083984375
86.35785675048828
86.27095794677734
86.10874938964844
86.13768768310547
86.07992553710938
85.97866821289062
85.87789154052734
85.98684692382812
85.79043579101562
85.58393096923828
85.8493423461914
85.81332397460938
85.82768249511719
85.80256652832031
85.82638549804688
85.93245697021484
85.83567810058594
85.89215087890625
85.97057342529297
85.98229217529297
86.09883117675781
86.15087890625
85.95108795166016
86.1766128540039
86.0098876953125
85.92768096923828
85.86968231201172
85.72929382324219
85.45206451416016
85.48043823242188
85.41393280029297
85.56857299804688
85.99472045898438
86.40937042236328
86.90301513671875
87.4595947265625
87.87090301513672
88.47647094726562
88.94271087646484
89.35636138916016
89.66216278076172
89.81575012207031
90.04194641113281
89.99858856201172
89.76397705078125
89.35826873779297
88.87384033203125
88.22119903564453
87.41629791259766
86.73635864257812
85.76445007324219
84.8451156616211
83.69017791748047
82.53353881835938
81.64568328857422
80.5600814819336
79.11685943603516
77.62348175048828
76.4571762084961
75.31968688964844
74.2098388671875
73.08602142333984
74.43311309814453
75.13328552246094
76.55036163330078
77.39303588867188
77.57975769042969
77.49998474121094
76.48690032958984
75.8893814086914
75.41727447509766
76.06307220458984
76.57154846191406
77.68010711669922
79.24333190917969
80.28378295898438
81.38272094726562
82.20376586914062
83.07093811035156
83.85083770751953
83.99620056152344
83.93046569824219
83.8875961303711
83.27128601074219
82.9970932006836
82.20989990234375
81.55476379394531
80.71049499511719
80.2677230834961
80.19621276855469
80.16393280029297
80.6991958618164
80.76058959960938
80.5915756225586
80.226318359375
79.60747528076172
79.37408447265625
78.65218353271484
78.73897552490234
78.29959106445312
77.89559173583984
78.29232025146484
77.854248046875
78.31381225585938
78.79806518554688
78.62248992919922
79.24193572998047
79.28355407714844
79.2899398803711
79.09442138671875
79.11769104003906
79.0683822631836
78.68853759765625
78.74504852294922
78.58882904052734
78.4508056640625
78.52994537353516
78.54412841796875
78.66461944580078
78.22483825683594
78.34379577636719
78.28326416015625
78.09427642822266
78.09234619140625
78.0963134765625
77.4255142211914
