86.9193115234375
87.66157531738281
88.93689727783203
89.63118743896484
90.65376281738281
92.01660919189453
92.34317016601562
92.83197784423828
91.53660583496094
90.27371978759766
88.39617156982422
86.17814636230469
85.02473449707031
82.5816421508789
81.4540023803711
79.20523834228516
76.11399841308594
76.6824951171875
74.89866638183594
74.18303680419922
77.26412963867188
78.74815368652344
82.00174713134766
84.94352722167969
85.93647766113281
87.18909454345703
86.02330780029297
85.39813995361328
84.21968841552734
82.69340515136719
82.43739318847656
80.2208023071289
80.11528015136719
79.28093719482422
78.11490631103516
78.51610565185547
77.09089660644531
77.29678344726562
76.1906967163086
75.06996154785156
76.60311889648438
73.51506042480469
74.36563110351562
73.86148071289062
72.59647369384766
73.71924591064453
72.44083404541016
73.39568328857422
72.06244659423828
70.42444610595703
72.18758392333984
70.18954467773438
69.95108795166016
70.96733856201172
66.66624450683594
70.44493865966797
67.6109848022461
67.61468505859375
68.94103240966797
65.3022232055664
66.98057556152344
65.28160095214844
64.74041748046875
67.20143127441406
61.13821792602539
62.306331634521484
64.85171508789062
53.81522750854492
63.70510482788086
58.28136444091797
54.926414489746094
58.10744857788086
53.38243865966797
56.32119369506836
62.64337158203125
61.41289520263672
65.2842788696289
68.32020568847656
66.29338073730469
72.43714904785156
74.42945861816406
75.66698455810547
78.53814697265625
80.47327423095703
82.27392578125
83.8046646118164
85.0393295288086
85.6002197265625
85.29835510253906
84.36998748779297
83.43616485595703
83.12330627441406
82.27428436279297
82.08089447021484
81.90984344482422
81.82452392578125
81.68844604492188
80.91781616210938
81.44922637939453
81.6136245727539
81.58832550048828
82.13800811767578
82.18731689453125
82.86363220214844
83.10516357421875
83.5889892578125
83.8543701171875
82.9111099243164
82.75580596923828
80.42134094238281
79.55984497070312
77.64156341552734
74.8774642944336
74.42047882080078
71.23709106445312
71.59868621826172
69.37369537353516
64.84919738769531
68.90506744384766
64.66696166992188
64.3942642211914
65.99238586425781
55.72871398925781
64.5167465209961
58.85115051269531
56.31857681274414
62.96432876586914
59.80409240722656
58.90270233154297
63.04376983642578
51.51472091674805
62.55739974975586
60.769073486328125
60.63760757446289
64.72364807128906
55.65945816040039
58.37900161743164
62.844261169433594
64.27680969238281
69.15140533447266
72.31256103515625
72.50077056884766
76.19495391845703
76.2869644165039
78.87415313720703
79.49259948730469
80.52279663085938
79.61141204833984
78.6360092163086
78.7033462524414
77.51596069335938
78.65478515625
78.00920104980469
79.35072326660156
80.2526626586914
81.08206176757812
82.95286560058594
83.76728057861328
85.73661041259766
86.92082977294922
87.84471130371094
88.34953308105469
87.9604721069336
87.92449188232422
87.55084991455078
87.61456298828125
87.21797943115234
87.4823226928711
87.69279479980469
87.74073791503906
88.04225158691406
87.48641967773438
87.13783264160156
85.81356811523438
84.10523986816406
82.74364471435547
80.27859497070312
79.7769546508789
79.30413055419922
79.05088806152344
80.51045227050781
80.87067413330078
81.56649017333984
82.50651550292969
82.11803436279297
81.89051055908203
80.69963073730469
79.94014739990234
77.69210815429688
77.25145721435547
76.48316192626953
74.58567810058594
74.65406799316406
72.2071304321289
71.87751007080078
71.94210815429688
69.1025619506836
70.82872772216797
66.94436645507812
65.61166381835938
67.67086029052734
61.16337585449219
63.40097427368164
64.15174102783203
54.35502243041992
60.60427474975586
55.62564468383789
56.77742004394531
58.34526824951172
58.04241943359375
59.940284729003906
66.7934341430664
61.76612854003906
66.9014663696289
67.3556900024414
66.3674545288086
71.02560424804688
70.41931915283203
72.56533813476562
72.63127136230469
72.69670867919922
74.62752532958984
72.45213317871094
73.79769897460938
74.05353546142578
73.11772155761719
75.07831573486328
73.75191497802734
76.28428649902344
76.78451538085938
76.78521728515625
78.76722717285156
77.50652313232422
78.21745300292969
77.44120788574219
76.60579681396484
76.82444763183594
75.15943908691406
75.89898681640625
74.62525939941406
73.87032318115234
74.60456085205078
73.00471496582031
73.56146240234375
72.42374420166016
71.23099517822266
73.42100524902344
70.751220703125
71.51600646972656
71.49349975585938
69.39149475097656
71.53810119628906
69.90682220458984
70.9370346069336
70.45367431640625
68.8367691040039
71.76750946044922
69.12908935546875
69.92811584472656
69.346923828125
68.10818481445312
70.50288391113281
69.43214416503906
68.43099212646484
69.55509185791016
66.74646759033203
69.55268859863281
68.8702163696289
67.12718200683594
69.69924926757812
66.35787200927734
68.87091827392578
69.19373321533203
69.08932495117188
71.39965057373047
69.90828704833984
70.81676483154297
70.95020294189453
69.28328704833984
72.94628143310547
71.82093048095703
73.15919494628906
74.7320556640625
74.26879119873047
76.50231170654297
75.91692352294922
75.77519226074219
76.90836334228516
75.72623443603516
76.75657653808594
77.60836791992188
77.68842315673828
78.6264877319336
78.1530532836914
79.2020034790039
79.19155883789062
80.22901916503906
80.4329833984375
80.70936584472656
81.6364974975586
81.10760498046875
81.45376586914062
81.42803192138672
80.79319763183594
81.53388214111328
81.12520599365234
82.32862854003906
82.71562194824219
82.8478012084961
83.27677917480469
82.47434997558594
82.36432647705078
81.62625122070312
81.49128723144531
80.9842758178711
79.82840728759766
80.16062927246094
79.66702270507812
79.18252563476562
79.73014068603516
78.89563751220703
79.2379379272461
78.98223114013672
78.58407592773438
79.53308868408203
78.40626525878906
79.01387786865234
79.18347930908203
78.87275695800781
80.05436706542969
79.61377716064453
80.65396881103516
80.57992553710938
80.91515350341797
82.24398803710938
82.30790710449219
83.40554809570312
83.94091796875
84.22840881347656
85.11715698242188
85.48021697998047
86.80146789550781
87.02603912353516
87.07268524169922
86.25848388671875
84.70445251464844
83.95569610595703
81.55058288574219
80.79303741455078
79.53063201904297
77.83283233642578
77.34498596191406
75.48585510253906
75.17903900146484
73.06780242919922
70.93946838378906
72.07868194580078
68.84900665283203
68.14002990722656
67.26048278808594
63.94475555419922
65.66857147216797
61.30461502075195
58.07377243041992
63.999656677246094
65.53521728515625
65.72632598876953
69.78135681152344
69.77734375
72.43003845214844
74.31709289550781
74.4468765258789
76.33189392089844
76.14451599121094
77.21722412109375
77.5441665649414
77.98812866210938
78.85725402832031
78.48910522460938
79.02522277832031
79.770751953125
80.25141143798828
81.61419677734375
82.4356460571289
83.62037658691406
84.86102294921875
85.91366577148438
87.21971893310547
87.74470520019531
88.46144104003906
88.7972640991211
89.07305908203125
89.09444427490234
88.7692642211914
88.93974304199219
88.48119354248047
88.08135986328125
88.05463409423828
87.47315979003906
87.55426025390625
87.35646057128906
87.07260131835938
86.97571563720703
86.54491424560547
86.71482849121094
86.60842895507812
86.31594848632812
86.51486206054688
85.74551391601562
85.81571960449219
85.63688659667969
85.18572998046875
85.36331176757812
84.88146209716797
85.3368911743164
85.34341430664062
85.0019760131836
85.34876251220703
84.82719421386719
84.73615264892578
84.46466064453125
83.79656219482422
83.80854797363281
83.27313232421875
83.35504913330078
83.27688598632812
83.09056091308594
83.50833892822266
83.17037963867188
83.2094955444336
83.51592254638672
83.22937774658203
84.07266998291016
85.11994934082031
86.22014617919922
87.82530975341797
88.7933578491211
89.65010070800781
89.91690063476562
90.21971130371094
90.33236694335938
90.16681671142578
90.34451293945312
90.33651733398438
90.29328918457031
90.32721710205078
90.10690307617188
90.1533432006836
89.96117401123047
89.7265853881836
89.18753051757812
88.25003814697266
87.87334442138672
87.04454803466797
87.2342300415039
87.1301498413086
87.0753402709961
87.32083129882812
87.3703384399414
87.40291595458984
87.60601806640625
87.40138244628906
87.68608093261719
87.58164978027344
87.40145874023438
87.74903106689453
87.76802062988281
88.05142211914062
88.37586212158203
88.78577423095703
89.26005554199219
89.379638671875
89.998291015625
90.17841339111328
90.3733901977539
90.83971405029297
90.9041976928711
91.14697265625
91.43302154541016
91.67008972167969
92.03978729248047
92.1485595703125
92.40255737304688
92.53134155273438
92.53308868408203
92.53524017333984
92.19418334960938
92.0219955444336
91.16008758544922
90.34880065917969
89.24652862548828
87.70086669921875
85.99433898925781
83.60321807861328
81.74520874023438
80.6640625
79.86139678955078
79.616943359375
78.79774475097656
78.5889663696289
78.50410461425781
77.37643432617188
76.54478454589844
75.19168853759766
73.34339141845703
72.96453094482422
73.5597915649414
75.71281433105469
79.15962982177734
81.0956802368164
83.4058837890625
84.7430648803711
85.59541320800781
85.78961181640625
84.94874572753906
83.9799575805664
82.455322265625
81.16012573242188
81.13455200195312
81.22039031982422
82.59939575195312
84.03108215332031
85.34431457519531
85.64387512207031
85.4862289428711
84.87600708007812
83.8174057006836
82.890869140625
81.9006118774414
80.83882904052734
80.37728881835938
78.44720458984375
77.42333221435547
76.57799530029297
75.53050994873047
76.95025634765625
77.8841552734375
79.0012435913086
80.54315948486328
81.20397186279297
81.79114532470703
81.31559753417969
80.37394714355469
80.17912292480469
77.80563354492188
76.65474700927734
74.4609603881836
71.03955078125
70.17357635498047
67.119140625
70.18382263183594
74.5257339477539
76.9609375
79.03515625
80.01778411865234
80.60340881347656
80.9106674194336
80.30458068847656
80.24423217773438
80.10982513427734
79.6591796875
79.75546264648438
78.9223403930664
79.05796813964844
78.73424530029297
78.50652313232422
78.19490814208984
77.43485260009766
77.94297790527344
76.82826232910156
75.98192596435547
75.78677368164062
72.8088150024414
71.13986206054688
70.37511444091797
70.06982421875
