92.83358001708984
95.9369125366211
99.41521453857422
83.69932556152344
99.02214050292969
93.99464416503906
91.82869720458984
96.0252685546875
83.90550231933594
91.3851318359375
91.53323364257812
76.3978500366211
87.53265380859375
85.21556091308594
65.24383544921875
79.99952697753906
74.4884033203125
77.6625747680664
78.42268371582031
71.20824432373047
85.02560424804688
84.94934844970703
77.51615905761719
90.3131332397461
84.37699890136719
88.58272552490234
90.32638549804688
68.63043975830078
89.41404724121094
85.50446319580078
79.90177154541016
87.24048614501953
79.44043731689453
80.78125762939453
83.41181945800781
62.77439880371094
80.24703216552734
77.26799774169922
73.16230773925781
79.75180053710938
68.89816284179688
77.59760284423828
78.43099212646484
63.0598030090332
78.62646484375
76.29386138916016
66.28922271728516
77.49282836914062
71.34525299072266
70.18570709228516
73.8174819946289
62.21769332885742
71.36656951904297
66.11227416992188
66.82428741455078
72.26304626464844
59.65471267700195
70.42548370361328
72.10740661621094
61.16368865966797
66.30823516845703
66.3594741821289
60.922428131103516
71.03620147705078
56.72276306152344
74.97879028320312
77.96478271484375
62.38822937011719
81.53923797607422
81.76024627685547
74.74175262451172
86.98099517822266
82.16486358642578
85.97415924072266
89.20326232910156
72.26325225830078
89.17784118652344
84.56324768066406
82.13518524169922
87.69322204589844
78.39379119873047
83.43830871582031
85.36048126220703
66.57928466796875
83.0673599243164
81.03924560546875
71.11421203613281
81.48388671875
72.9057846069336
78.15852355957031
79.67680358886719
62.331783294677734
80.41510009765625
77.5997085571289
74.53053283691406
81.46338653564453
73.95393371582031
78.12774658203125
80.49440002441406
58.6861572265625
79.99559020996094
78.38705444335938
69.86470031738281
80.11289978027344
72.84033966064453
76.99478912353516
79.73761749267578
61.708518981933594
80.72005462646484
78.57686614990234
74.2602310180664
82.10922241210938
73.18025207519531
79.58822631835938
81.4139633178711
60.51801300048828
80.136474609375
76.9568099975586
69.3189468383789
77.3066635131836
71.91437530517578
71.00442504882812
75.41372680664062
63.33987045288086
76.14835357666016
72.00602722167969
71.54044342041016
78.35298156738281
68.23263549804688
77.59893035888672
79.07319641113281
61.9050407409668
80.37606048583984
78.56185150146484
71.85043334960938
82.33534240722656
78.66732788085938
80.4103012084961
85.63065338134766
72.40218353271484
86.72016906738281
84.0040054321289
82.51626586914062
86.83479309082031
69.2044448852539
84.1182632446289
84.6873550415039
73.24282836914062
85.32597351074219
85.5528793334961
73.81543731689453
88.6153335571289
83.85858917236328
86.29300689697266
89.25818634033203
72.871826171875
88.79560089111328
84.9832534790039
82.33474731445312
88.24586486816406
77.35088348388672
85.79781341552734
87.02338409423828
67.00675201416016
87.33492279052734
85.51852416992188
78.97697448730469
88.73169708251953
82.40017700195312
85.54780578613281
89.39115905761719
70.5019760131836
89.6391830444336
87.12065887451172
82.9430923461914
89.35935974121094
78.28617095947266
85.97309875488281
86.5810317993164
64.4777603149414
85.60948181152344
82.94927978515625
75.89582824707031
84.43653869628906
76.5343017578125
79.32275390625
81.72213745117188
59.20037078857422
80.7887191772461
77.44190216064453
75.21150970458984
81.94902801513672
73.62616729736328
80.31765747070312
83.77732849121094
61.98880386352539
84.95154571533203
83.65625762939453
78.00961303710938
86.973876953125
78.85122680664062
84.68645477294922
87.42072296142578
54.81736755371094
88.22014617919922
86.37872314453125
81.60320281982422
90.51055145263672
82.64329528808594
88.37105560302734
91.555419921875
63.3322639465332
92.30309295654297
90.89258575439453
84.9244155883789
94.0746078491211
85.62213134765625
91.23375701904297
92.91866302490234
67.70767974853516
92.3001480102539
88.6341552734375
83.77130889892578
90.7557373046875
81.70594787597656
85.70366668701172
87.64025115966797
65.81151580810547
85.16478729248047
82.75996398925781
75.18253326416016
83.31891632080078
74.12533569335938
80.21617889404297
81.33344268798828
62.96955490112305
82.04827880859375
79.09969329833984
75.62062072753906
82.33524322509766
75.37181854248047
78.84153747558594
81.94091796875
61.404258728027344
81.1527328491211
79.3841323852539
72.9364242553711
80.96399688720703
72.9297866821289
77.84455108642578
79.1249771118164
57.5626335144043
79.54917907714844
76.4559555053711
73.04691314697266
79.31259155273438
72.0166244506836
75.67615509033203
77.91161346435547
56.820343017578125
74.69385528564453
73.34334564208984
67.13026428222656
75.01692962646484
68.4540786743164
74.65043640136719
79.51544952392578
57.556915283203125
82.28746032714844
80.36969757080078
76.99491882324219
84.40563201904297
73.78837585449219
81.99585723876953
83.79619598388672
61.94236755371094
83.41717529296875
81.708984375
73.39952850341797
83.5799560546875
76.88894653320312
79.30720520019531
82.62346649169922
64.33438873291016
83.28287506103516
80.59303283691406
78.05721282958984
85.05830383300781
74.63330841064453
83.53042602539062
85.30990600585938
65.53190612792969
86.84185791015625
84.84416961669922
79.13534545898438
88.43461608886719
81.93836975097656
85.25653076171875
88.90530395507812
67.9624252319336
88.88731384277344
87.49910736083984
81.51358032226562
89.82628631591797
80.72217559814453
86.98988342285156
87.93485260009766
67.8469009399414
87.77222442626953
83.39958190917969
80.4676284790039
86.38906860351562
77.47396087646484
82.42988586425781
84.39533996582031
66.02871704101562
82.79747009277344
81.55778503417969
70.7848129272461
82.48162078857422
76.15906524658203
78.71477508544922
80.92432403564453
66.70726776123047
82.113037109375
78.75701904296875
77.6884994506836
84.12477111816406
74.25772094726562
83.54649353027344
85.73080444335938
69.41658020019531
87.06036376953125
86.04095458984375
78.71585083007812
89.4440689086914
84.18846130371094
86.28316497802734
91.09230041503906
76.11827850341797
91.31829071044922
88.95455932617188
84.91796112060547
90.78388214111328
78.56917572021484
87.10591888427734
87.0547103881836
68.86929321289062
85.85140228271484
82.35485076904297
76.2729263305664
83.7718505859375
75.8901138305664
78.38738250732422
80.75688171386719
57.51231002807617
78.45486450195312
76.41581726074219
69.94332885742188
77.6376724243164
69.02928161621094
74.18443298339844
75.79998016357422
52.446266174316406
74.95829772949219
71.79837799072266
67.18070220947266
74.5093994140625
65.16410827636719
71.53424072265625
73.52104949951172
52.88151550292969
72.67503356933594
72.15276336669922
60.19482421875
71.89041137695312
66.12273406982422
71.2936019897461
74.0565414428711
59.99094772338867
77.69519805908203
76.60273742675781
75.06004333496094
84.00017547607422
77.40798950195312
83.5952377319336
87.44400787353516
63.7781867980957
89.33984375
88.35289764404297
82.4814224243164
92.4128646850586
85.0390625
90.20619201660156
92.9280014038086
60.70627212524414
93.06665802001953
90.87350463867188
85.46575164794922
93.69031524658203
84.70233154296875
90.43628692626953
91.45601654052734
73.25820922851562
90.04300689697266
85.0634994506836
79.93028259277344
86.4842758178711
80.16934204101562
80.09423065185547
84.26190948486328
67.5920639038086
83.3545150756836
80.4305419921875
78.29464721679688
85.54192352294922
75.98367309570312
84.70160675048828
86.5846939086914
66.86107635498047
87.58235931396484
85.46369934082031
79.90353393554688
89.1743392944336
82.26898193359375
86.15394592285156
89.27716064453125
64.36151885986328
88.84156036376953
86.99002838134766
81.34736633300781
89.8210220336914
81.18350219726562
87.42943572998047
89.01404571533203
66.88695526123047
89.72527313232422
86.69085693359375
82.83130645751953
90.30337524414062
82.7826919555664
87.297607421875
90.87133026123047
72.16204071044922
91.34588623046875
90.04922485351562
84.19054412841797
92.77377319335938
83.50191497802734
89.94249725341797
91.47018432617188
70.59854888916016
91.7440414428711
88.78246307373047
84.37025451660156
92.39500427246094
85.84394836425781
89.88508605957031
93.62957763671875
69.9017333984375
94.0926513671875
92.18041229248047
87.06273651123047
95.24568939208984
86.39619445800781
92.60953521728516
94.60343933105469
64.41790008544922
94.73820495605469
92.15426635742188
86.97798919677734
95.28096008300781
87.21884155273438
92.0551986694336
94.60995483398438
59.68822479248047
94.69771575927734
92.57018280029297
87.06780242919922
95.66715240478516
87.41206359863281
92.87603759765625
95.17803955078125
61.20522689819336
95.27799224853516
92.64091491699219
87.20182800292969
95.77821350097656
88.24932861328125
92.85101318359375
95.64403533935547
65.86134338378906
95.71206665039062
93.0824966430664
88.78067016601562
96.21234893798828
87.53720092773438
93.52801513671875
96.0790786743164
66.80291748046875
96.5648422241211
95.02835083007812
89.24791717529297
98.3173828125
90.3510971069336
95.59180450439453
97.89289855957031
63.5286750793457
97.83121490478516
95.12559509277344
89.99308776855469
97.74011993408203
88.90190887451172
93.9514389038086
95.79586029052734
33.1680793762207
94.5814437866211
91.24430084228516
85.5956802368164
92.13924407958984
82.5488052368164
86.14395904541016
88.04005432128906
67.89391326904297
86.07044219970703
84.02534484863281
78.7578353881836
86.21609497070312
74.97511291503906
84.06214904785156
85.244873046875
68.96652221679688
85.83232116699219
84.0642318725586
76.1833724975586
87.10700988769531
81.99909973144531
84.28208923339844
87.49909210205078
69.96391296386719
86.41632080078125
81.70787048339844
77.90394592285156
84.50311279296875
76.30210876464844
81.39247131347656
83.78617858886719
54.789615631103516
83.78596496582031
81.23576354980469
75.49005889892578
84.41083526611328
76.02429962158203
80.21101379394531
83.05773162841797
58.27253341674805
82.58991241455078
80.30008697509766
75.52447509765625
82.93360137939453
73.30677032470703
79.6738052368164
81.51411437988281
58.864200592041016
81.4782943725586
79.16514587402344
73.34026336669922
81.96070098876953
74.55799102783203
78.45793151855469
81.03418731689453
53.26162338256836
80.3185806274414
76.91065979003906
70.76617431640625
77.77651977539062
