87.38322448730469
93.6366195678711
96.81663513183594
56.73641586303711
97.01651763916016
93.5943603515625
86.986083984375
93.27603149414062
82.78600311279297
86.56466674804688
86.89592742919922
49.61417770385742
83.25989532470703
79.50354766845703
72.92097473144531
80.64715576171875
72.40257263183594
79.44762420654297
84.18164825439453
45.14462661743164
88.72945404052734
88.35964965820312
83.96173095703125
92.70875549316406
83.795166015625
88.16307830810547
89.40237426757812
51.17226791381836
87.10692596435547
83.95280456542969
77.76908874511719
85.36428833007812
76.13919830322266
80.56713104248047
82.4710922241211
41.53292465209961
81.2313461303711
78.41999053955078
72.1386489868164
80.45999908447266
71.5846939086914
76.59229278564453
78.36058044433594
50.89213562011719
77.82572174072266
74.89348602294922
68.34597778320312
77.105224609375
68.40850067138672
72.84538269042969
74.94619750976562
52.092472076416016
74.34732818603516
71.57524871826172
66.4070816040039
73.73863220214844
65.9738540649414
69.67202758789062
71.0474624633789
46.69710922241211
69.0455093383789
67.44624328613281
59.6917610168457
68.95893096923828
56.89961624145508
63.303531646728516
62.98535919189453
45.99036407470703
60.19010543823242
60.80570602416992
52.02048873901367
67.22183227539062
61.236305236816406
69.90165710449219
73.04070281982422
49.97450637817383
77.68998718261719
77.0960693359375
73.23001098632812
84.13143920898438
77.79443359375
85.16366577148438
88.84371185302734
52.81967544555664
89.51895141601562
86.66786193847656
80.74134826660156
88.38867950439453
78.9265365600586
84.3149185180664
86.1007080078125
54.96992492675781
85.43916320800781
82.86136627197266
77.44469451904297
85.83316040039062
77.81900787353516
82.73072052001953
85.41604614257812
45.471248626708984
85.80879974365234
83.9823989868164
79.20124816894531
87.81378173828125
80.33892822265625
85.8477783203125
88.26519775390625
47.39775848388672
87.37730407714844
83.90828704833984
77.47516632080078
83.68161010742188
73.17626190185547
77.0143051147461
78.15821075439453
33.18722915649414
74.93151092529297
70.77174377441406
65.43355560302734
71.31879425048828
60.56366729736328
65.46522521972656
66.78295135498047
44.803016662597656
66.24821472167969
65.2535629272461
58.97105026245117
67.41510009765625
59.583961486816406
66.29386901855469
68.98656463623047
40.174163818359375
70.85462188720703
67.1104507446289
61.60906982421875
72.39492797851562
65.6635971069336
71.73526763916016
76.24675750732422
40.7408447265625
80.38764190673828
79.97093200683594
76.63522338867188
86.67312622070312
78.94593811035156
84.47296905517578
85.82201385498047
49.97459030151367
84.17833709716797
81.61349487304688
75.90911865234375
84.09564208984375
75.84591674804688
81.4346923828125
84.27383422851562
40.016117095947266
85.81659698486328
84.39702606201172
79.91517639160156
89.64192199707031
82.68269348144531
89.1160659790039
92.29649353027344
53.5711784362793
92.87821197509766
90.18634033203125
84.30747985839844
92.37468719482422
83.46743774414062
88.58305358886719
90.54033660888672
51.60087966918945
90.27099609375
87.80284881591797
82.3346176147461
90.6968994140625
82.28678131103516
87.55426025390625
89.78707122802734
49.834228515625
90.4793472290039
88.89305877685547
84.0598373413086
92.97602844238281
84.93195343017578
90.4037094116211
92.35240173339844
54.479637145996094
90.46082305908203
86.97493743896484
80.11714935302734
87.4424057006836
77.88748168945312
82.31551361083984
83.178466796875
41.54338073730469
81.00273895263672
78.1261215209961
71.23192596435547
78.65277099609375
69.89305877685547
73.65365600585938
74.6677017211914
45.653053283691406
72.80105590820312
68.79379272460938
61.630313873291016
69.03385925292969
61.57924270629883
64.89337158203125
67.55229949951172
38.222312927246094
70.02322387695312
69.99515533447266
64.44384765625
74.92919921875
68.6295394897461
74.83716583251953
78.6230697631836
45.18056106567383
81.26533508300781
79.91191101074219
75.45586395263672
84.01689910888672
75.658447265625
80.8809585571289
82.61321258544922
51.294403076171875
82.5566635131836
80.29486846923828
74.71747589111328
83.5033950805664
74.98152160644531
80.05184936523438
82.39262390136719
50.318729400634766
81.31246185302734
78.4184799194336
73.37525939941406
80.763671875
72.11760711669922
76.77776336669922
79.08265686035156
44.12240219116211
77.92818450927734
75.89141845703125
69.65616607666016
77.37106323242188
68.37200927734375
74.06488037109375
76.66304779052734
45.80414962768555
76.18379974365234
73.82628631591797
68.6497802734375
76.4374008178711
67.08366394042969
72.422119140625
75.54399108886719
42.508487701416016
74.89520263671875
73.13261413574219
68.50067901611328
75.27830505371094
67.34085083007812
73.0386734008789
73.9906234741211
47.788551330566406
74.66839599609375
71.45265197753906
65.90424346923828
74.85246276855469
66.4796371459961
72.18692779541016
75.27291870117188
42.61716079711914
75.50079345703125
73.30382537841797
68.77334594726562
77.44514465332031
70.37518310546875
76.71781921386719
80.71749114990234
41.312747955322266
82.40094757080078
80.30142211914062
76.1258316040039
84.08485412597656
76.03882598876953
81.84082794189453
84.3882064819336
43.13794708251953
84.8248062133789
82.62239074707031
77.3269271850586
85.90544891357422
77.72262573242188
83.36168670654297
86.15943908691406
49.27449035644531
87.76480102539062
85.96527099609375
81.7282943725586
90.5954818725586
82.56111145019531
88.13194274902344
90.39938354492188
46.651649475097656
89.4063949584961
86.18709564208984
80.2626953125
87.48968505859375
78.16303253173828
83.03709411621094
85.11115264892578
52.12932586669922
84.3916015625
81.79259490966797
76.77029418945312
84.86534881591797
76.31185913085938
81.72444152832031
83.96644592285156
50.48529815673828
84.26477813720703
81.97249603271484
77.22393035888672
85.37246704101562
77.33282470703125
83.03050994873047
85.5011978149414
43.23368835449219
86.66963195800781
84.93206787109375
79.93319702148438
89.15572357177734
81.55729675292969
87.61043548583984
90.92256927490234
40.368255615234375
92.89042663574219
91.17677307128906
86.32810974121094
94.36711883544922
85.04814910888672
89.47762298583984
90.53341674804688
39.48765182495117
88.18771362304688
84.61611938476562
78.25737762451172
85.52127075195312
76.09584045410156
80.67095947265625
81.89404296875
39.01224899291992
80.32128143310547
76.9065170288086
71.37068939208984
78.10616302490234
68.2682876586914
73.02059173583984
74.92727661132812
51.47193908691406
72.07608032226562
69.20944213867188
63.86552429199219
68.49002838134766
58.09145736694336
63.87422180175781
68.74253845214844
47.34226608276367
72.86076354980469
72.05801391601562
68.02609252929688
77.02626037597656
69.15220642089844
75.59878540039062
78.73345947265625
39.2994384765625
80.53854370117188
79.09495544433594
75.02188110351562
84.49209594726562
77.35945892333984
84.05838775634766
87.50238037109375
40.79069900512695
89.79592895507812
88.39421081542969
83.92527770996094
92.89669036865234
85.03563690185547
90.63118743896484
92.94972229003906
42.710758209228516
92.82832336425781
90.33208465576172
84.80223846435547
92.95275115966797
84.3377685546875
89.43771362304688
91.54852294921875
50.0384635925293
91.24382781982422
88.82473754882812
83.29450225830078
91.4786605834961
82.86601257324219
88.22028350830078
90.57784271240234
48.96341323852539
90.66754913330078
88.25907135009766
82.79588317871094
91.26264953613281
82.61853790283203
88.01258087158203
90.16138458251953
43.82369613647461
89.87989807128906
87.42243194580078
82.13549041748047
90.57962799072266
82.35198211669922
87.82159423828125
90.21370697021484
52.02365493774414
90.31189727783203
87.77259826660156
82.4891586303711
90.53954315185547
82.06648254394531
87.16312408447266
89.28794860839844
52.42692184448242
89.59487915039062
88.11019134521484
83.87557983398438
93.76768493652344
86.4688491821289
92.51558685302734
95.21080017089844
53.05675506591797
95.3815689086914
92.97174072265625
87.56832122802734
95.8553237915039
87.28246307373047
92.71226501464844
94.93283081054688
51.37178039550781
94.71712493896484
92.43812561035156
87.10722351074219
95.2798843383789
86.73497772216797
92.11724090576172
94.26666259765625
55.17147445678711
93.72227478027344
91.20532989501953
85.71439361572266
93.98188781738281
85.69229888916016
91.13346099853516
93.53018188476562
47.139007568359375
94.05933380126953
91.94851684570312
87.01564025878906
95.80689239501953
87.90818786621094
93.41930389404297
95.92448425292969
53.69178771972656
96.46199798583984
94.27896881103516
89.224853515625
97.75409698486328
89.64971160888672
95.31471252441406
97.78825378417969
53.600345611572266
98.2376480102539
96.06317901611328
90.84488677978516
99.0763931274414
90.4723892211914
95.59654998779297
97.47232055664062
53.813167572021484
96.24363708496094
93.17206573486328
87.14292907714844
94.84300994873047
86.04808044433594
91.50674438476562
94.21637725830078
55.77302169799805
94.74617004394531
92.27906036376953
86.8056640625
94.62698364257812
85.83151245117188
90.79116821289062
92.66897583007812
50.196563720703125
91.92909240722656
89.08891296386719
83.63591766357422
90.87833404541016
80.93352508544922
85.0375747680664
84.65555572509766
51.97917175292969
80.29161834716797
75.42589569091797
70.02424621582031
77.73783874511719
69.4579086303711
75.6458740234375
78.01719665527344
49.29158401489258
78.10527038574219
74.782958984375
69.30154418945312
75.61983489990234
64.26709747314453
68.26123809814453
70.33863067626953
28.031110763549805
74.74849700927734
75.14852905273438
72.37470245361328
82.39448547363281
75.97826385498047
82.16925048828125
85.35494232177734
44.6258659362793
84.47340393066406
81.373046875
75.08404541015625
82.69954681396484
72.67190551757812
76.82137298583984
77.8455810546875
42.97191619873047
73.7857894897461
72.42900848388672
68.42108917236328
79.42870330810547
73.15352630615234
79.33673858642578
83.1132583618164
46.65269088745117
84.0768814086914
81.73589324951172
76.38713836669922
84.26521301269531
76.05004119873047
80.4701919555664
82.19165802001953
51.97496795654297
81.32772827148438
78.3780288696289
72.57486724853516
80.98152923583984
71.58208465576172
76.97437286376953
78.730224609375
46.085960388183594
77.66482543945312
74.51457214355469
68.1640625
75.9594497680664
