85.8885498046875
92.10140228271484
95.55281829833984
65.07768249511719
97.72813415527344
96.29942321777344
90.97652435302734
99.01200866699219
89.64019012451172
93.40137481689453
93.99410247802734
60.33242416381836
91.13249206542969
87.41201782226562
80.95439147949219
88.00081634521484
79.00096893310547
83.07069396972656
83.96327209472656
59.25974655151367
82.13036346435547
79.0626449584961
73.0445327758789
79.48554229736328
69.1178207397461
74.49768829345703
75.73529052734375
52.739044189453125
73.75357818603516
72.71854400634766
71.1269302368164
81.53436279296875
75.65654754638672
82.55624389648438
85.33399963378906
47.61119842529297
83.89808654785156
80.3409652709961
73.54043579101562
81.84795379638672
73.61880493164062
76.67170715332031
78.70628356933594
54.64694595336914
77.47884368896484
75.10529327392578
67.49127197265625
76.88136291503906
67.9183578491211
72.12957000732422
74.3624038696289
47.89408874511719
73.6085433959961
70.43450164794922
65.15843963623047
72.2001953125
60.58326721191406
68.47949981689453
70.34210205078125
45.335147857666016
69.0623550415039
67.37887573242188
62.627254486083984
68.66258239746094
58.287132263183594
66.80623626708984
66.528076171875
42.487979888916016
66.62645721435547
63.10734176635742
58.75416946411133
64.62474060058594
50.565147399902344
63.51039123535156
64.94564056396484
47.45713806152344
68.11458587646484
67.54204559326172
62.72106170654297
75.11248016357422
69.44474792480469
74.94721984863281
79.69136810302734
49.73194122314453
83.79278564453125
83.69578552246094
80.3802490234375
90.99697875976562
84.01498413085938
89.44881439208984
91.3579330444336
57.06194305419922
90.1009750366211
87.01235961914062
81.41459655761719
89.58316040039062
81.51593780517578
86.56688690185547
89.25325012207031
56.917789459228516
89.69728088378906
87.95101928710938
81.8691635131836
90.56108093261719
81.51219940185547
85.01241302490234
85.8066635131836
55.62813186645508
81.69677734375
77.52478790283203
71.60753631591797
77.8321533203125
65.9862289428711
71.80057525634766
73.20015716552734
43.60918045043945
71.45135498046875
68.66580963134766
63.23661422729492
71.90724182128906
64.43372344970703
68.12908935546875
72.89989471435547
52.08106231689453
75.1833267211914
75.62594604492188
72.18367767333984
82.22803497314453
76.06293487548828
83.78797149658203
87.73939514160156
59.546730041503906
89.00688171386719
86.50360107421875
80.8006820678711
88.6678237915039
80.12918090820312
85.24053192138672
87.59983825683594
56.203468322753906
87.86181640625
85.87864685058594
80.50313568115234
88.5340805053711
79.32320404052734
83.06681823730469
84.18997955322266
57.85736083984375
85.16091918945312
83.7779541015625
79.31855010986328
87.61754608154297
78.2734603881836
82.97498321533203
83.96171569824219
37.805606842041016
81.27509307861328
77.80494689941406
71.0676498413086
78.33863067626953
70.3801498413086
73.1319808959961
74.64197540283203
52.66864776611328
72.55597686767578
70.24519348144531
64.19581604003906
71.88533020019531
64.8072509765625
66.797607421875
69.95071411132812
38.146358489990234
69.2840347290039
68.26640319824219
64.53779602050781
71.90715026855469
63.435691833496094
71.1615982055664
74.29425048828125
49.13936233520508
77.19680786132812
76.8086929321289
72.11911010742188
82.650390625
75.76242065429688
80.8223876953125
84.17698669433594
52.15097427368164
84.39543914794922
81.69107818603516
76.00228881835938
84.18608093261719
75.94862365722656
80.98443603515625
83.16435241699219
50.90149688720703
83.82231903076172
81.59735870361328
76.18102264404297
84.93141174316406
76.86573028564453
82.53968048095703
85.38777160644531
56.266395568847656
86.2990951538086
84.75086975097656
79.60176086425781
88.76415252685547
81.2204818725586
87.15103149414062
90.29803466796875
63.17033767700195
91.91082000732422
90.38938903808594
85.355712890625
94.1705322265625
85.97796630859375
90.96504974365234
92.68578338623047
52.45396423339844
91.21529388427734
88.01116943359375
81.5743179321289
89.3652114868164
80.2899398803711
84.77910614013672
86.65768432617188
39.29151916503906
85.24868774414062
82.56932067871094
76.55692291259766
84.2853775024414
75.8367691040039
80.56549072265625
82.63134002685547
57.422969818115234
81.8359146118164
78.73462677001953
73.48321533203125
81.40282440185547
71.6922836303711
77.83112335205078
79.5011215209961
46.2177619934082
79.99640655517578
77.82240295410156
73.71192932128906
81.4003677368164
73.19567108154297
78.32474517822266
80.83024597167969
46.79560852050781
80.23805236816406
77.97272491455078
72.54405975341797
81.04021453857422
72.70704650878906
77.69708251953125
80.02389526367188
55.91688537597656
80.11782836914062
78.08955383300781
72.3180923461914
80.77780151367188
73.06417846679688
77.62516021728516
80.28068542480469
56.58133316040039
80.09158325195312
77.82500457763672
72.81425476074219
80.46731567382812
71.60281372070312
77.64332580566406
80.54853057861328
49.84062194824219
80.3951416015625
78.15119171142578
72.70821380615234
82.07275390625
73.66512298583984
79.2449951171875
82.1690902709961
50.25303268432617
83.23375701904297
81.55276489257812
76.83345031738281
85.96136474609375
78.89728546142578
84.13692474365234
87.35665130615234
57.09620666503906
88.85365295410156
87.42314147949219
82.745361328125
91.6441650390625
83.839111328125
89.21377563476562
91.63423156738281
57.647727966308594
90.8373031616211
88.17967987060547
82.12194061279297
90.11537170410156
81.06346893310547
85.8648452758789
87.84358978271484
57.0646858215332
86.82804107666016
84.32308197021484
78.26569366455078
86.56505584716797
78.24324035644531
82.90489959716797
85.17683410644531
48.061824798583984
84.77359008789062
82.20413970947266
76.80138397216797
83.64136505126953
73.80467224121094
79.16780853271484
80.36654663085938
59.11405944824219
80.54805755615234
77.93360137939453
73.4195556640625
82.16690826416016
73.2902603149414
80.03006744384766
82.36814880371094
53.3975944519043
81.55326843261719
78.64130401611328
73.94171905517578
81.56991577148438
73.8935546875
79.04254150390625
81.6020736694336
60.623207092285156
82.9909439086914
81.6734390258789
76.8921127319336
86.48419952392578
79.46393585205078
85.10102844238281
88.62155151367188
60.37419509887695
88.55525970458984
85.49645233154297
78.44805145263672
85.3752670288086
74.73113250732422
78.9112777709961
79.26644897460938
51.54916763305664
78.1541748046875
76.62492370605469
73.04914093017578
82.91319274902344
76.86770629882812
83.33779907226562
87.46235656738281
62.626319885253906
88.9604263305664
86.64216613769531
80.93891906738281
88.63214874267578
79.63714599609375
84.0418701171875
85.50494384765625
56.10163497924805
83.8111572265625
80.9205322265625
75.0495376586914
82.44476318359375
73.3497314453125
78.21089172363281
79.58938598632812
54.69917297363281
78.56790924072266
76.31167602539062
68.77335357666016
78.12383270263672
70.82197570800781
74.87936401367188
77.8285903930664
59.81241226196289
79.61786651611328
78.97465515136719
76.23101043701172
85.57622528076172
78.06610107421875
86.30196380615234
89.35657501220703
64.79094696044922
90.2218246459961
87.09654998779297
81.49423217773438
88.82571411132812
79.6242446899414
84.3243637084961
85.8285140991211
49.859928131103516
84.7780990600586
81.99869537353516
77.6095199584961
85.48089599609375
76.77674865722656
84.3287582397461
86.91645812988281
60.524681091308594
88.86099243164062
86.95670318603516
82.68439483642578
91.1693115234375
83.1181640625
88.72706604003906
91.16020965576172
63.75971603393555
91.23529815673828
89.06871032714844
83.67739868164062
92.21981048583984
83.9830551147461
89.34442138671875
91.8872299194336
61.46610641479492
92.05157470703125
89.86927795410156
84.64227294921875
92.99906921386719
84.80744934082031
90.1331558227539
92.54898071289062
60.34955596923828
92.6994400024414
90.54582214355469
85.42699432373047
93.98380279541016
85.6849136352539
91.25151824951172
93.6292495727539
59.7897834777832
93.69985961914062
91.41419219970703
85.78166198730469
94.21194458007812
85.87760162353516
91.22035217285156
93.43817901611328
63.91152572631836
93.32303619384766
90.96366119384766
85.76081085205078
93.89836883544922
85.31083679199219
90.8691177368164
93.19735717773438
61.50398635864258
93.09258270263672
90.72017669677734
85.6804428100586
93.83100891113281
85.59133911132812
90.82498168945312
93.19458770751953
57.32098388671875
93.2513198852539
90.9582748413086
85.9380111694336
94.27288055419922
86.16270446777344
91.71903228759766
94.25594329833984
62.884090423583984
94.86282348632812
92.79592895507812
87.65486907958984
96.2032470703125
88.13643646240234
93.72036743164062
96.18157958984375
65.16315460205078
96.40113830566406
94.13248443603516
88.81961822509766
97.22210693359375
88.91376495361328
94.45451354980469
96.76435852050781
62.04690933227539
96.21804809570312
93.2593994140625
87.1455307006836
94.38777160644531
84.9334487915039
88.5750961303711
89.33616638183594
53.259239196777344
85.71189880371094
82.08892822265625
76.54083251953125
86.0987319946289
80.02850341796875
87.29629516601562
91.48554992675781
56.45682144165039
94.22908782958984
92.57797241210938
87.25720977783203
95.3389663696289
86.39186096191406
91.6404037475586
93.7303695678711
60.2303466796875
94.2551498413086
91.91563415527344
87.33172607421875
95.08464050292969
86.06437683105469
91.48299407958984
93.01344299316406
63.89534378051758
92.16370391845703
89.57769012451172
83.97359466552734
92.08354187011719
83.68811798095703
88.61445617675781
90.63603210449219
57.69418716430664
90.11558532714844
87.51175689697266
81.79619598388672
90.14057159423828
81.85414123535156
87.11748504638672
89.65113830566406
58.92081832885742
89.94002532958984
87.48438262939453
82.49618530273438
90.66295623779297
81.9252700805664
86.85564422607422
87.84955596923828
53.163291931152344
82.94952392578125
77.17875671386719
69.41475677490234
78.95430755615234
71.82811737060547
79.24794006347656
82.52941131591797
52.5987548828125
83.71549224853516
81.744140625
76.88082885742188
85.34835815429688
77.67530822753906
83.33621978759766
85.89200592041016
57.095340728759766
86.37360382080078
84.07608032226562
79.19691467285156
87.40473175048828
78.42205047607422
83.69296264648438
84.75184631347656
56.968231201171875
80.98238372802734
75.83219146728516
68.49095153808594
69.78248596191406
