82.1340560913086
88.16654205322266
91.1885757446289
51.1577262878418
92.71353149414062
91.3292007446289
86.70116424560547
95.68400573730469
87.70781707763672
92.82572174072266
94.27679443359375
57.0990104675293
91.55778503417969
87.4629135131836
80.19511413574219
87.02458953857422
77.1536636352539
80.3757553100586
81.18852996826172
48.17274475097656
79.77052307128906
79.1300277709961
76.43258666992188
87.34161376953125
80.07708740234375
86.1602783203125
88.07624053955078
43.24947738647461
85.82799530029297
82.23397064208984
75.4317626953125
83.40396118164062
74.12786102294922
79.04669189453125
80.3147201538086
51.34463882446289
78.49755859375
75.6426010131836
68.57622528076172
77.15765380859375
68.68841552734375
72.93355560302734
74.67350006103516
54.5948600769043
73.68939208984375
71.66961669921875
66.77505493164062
72.1223373413086
64.62806701660156
67.71195220947266
70.55361938476562
38.7390022277832
68.23897552490234
65.8269271850586
61.92448043823242
68.51258850097656
58.27116012573242
65.9237060546875
66.4520034790039
52.875240325927734
66.90584564208984
62.470027923583984
56.986446380615234
65.80072784423828
58.693058013916016
63.63262939453125
67.17471313476562
47.55112075805664
68.57423400878906
67.83271789550781
64.9084243774414
73.58858489990234
66.74324798583984
73.6466293334961
77.62814331054688
46.92823791503906
80.79914855957031
80.69569396972656
76.97937774658203
87.44508361816406
80.73676300048828
87.52450561523438
89.82076263427734
54.60779571533203
87.98808288574219
84.5503921508789
78.21630859375
85.68563079833984
76.35440826416016
81.66389465332031
83.2244644165039
39.242591857910156
82.69194030761719
79.661376953125
73.85223388671875
82.4502944946289
73.4391098022461
78.44305419921875
80.98628234863281
47.3520622253418
80.45994567871094
77.92457580566406
72.92759704589844
81.28449249267578
72.8290023803711
78.08155822753906
80.39796447753906
32.31190490722656
80.1576919555664
78.36128997802734
72.72376251220703
81.0551528930664
72.61678314208984
78.22935485839844
80.62378692626953
44.45246505737305
81.16454315185547
78.73916625976562
73.52735900878906
81.99163818359375
73.30570983886719
79.44041442871094
81.6745834350586
56.619041442871094
81.53352355957031
79.76322937011719
75.48828887939453
84.7305908203125
77.37281036376953
83.34791564941406
86.49250030517578
58.502838134765625
86.18311309814453
83.20093536376953
75.8494873046875
84.00932312011719
75.1069564819336
81.45845794677734
85.04493713378906
50.394744873046875
87.99146270751953
87.1572494506836
83.33588409423828
92.88626098632812
85.03702545166016
90.51660919189453
92.21155548095703
52.449798583984375
90.18729400634766
86.94707489013672
80.6441879272461
88.32386779785156
79.27460479736328
83.9629898071289
85.73609161376953
51.45759201049805
85.22044372558594
82.57003784179688
77.24346923828125
85.36175537109375
77.44072723388672
82.10546875
85.10958099365234
42.5879020690918
85.64273071289062
83.75164794921875
79.2318344116211
88.28291320800781
80.75557708740234
87.07557678222656
90.3860855102539
42.80472183227539
92.010498046875
89.96297454833984
84.28631591796875
91.91154479980469
82.43524169921875
86.74817657470703
88.01773834228516
46.4041633605957
86.07306671142578
82.9399185180664
76.46400451660156
84.53019714355469
75.34458923339844
80.72200775146484
82.62034606933594
49.861663818359375
83.30570220947266
81.16958618164062
76.43558502197266
84.98108673095703
77.02603149414062
82.16079711914062
84.54058837890625
48.20272445678711
84.6382827758789
82.30403900146484
77.69695281982422
85.77937316894531
77.69434356689453
83.2161636352539
85.88966369628906
47.55271911621094
86.30989074707031
84.58567810058594
79.53022766113281
88.48580932617188
80.6563720703125
86.84215545654297
89.76724243164062
49.516422271728516
91.2015151977539
89.74642944335938
84.84407806396484
93.95933532714844
86.27837371826172
91.66100311279297
93.93294525146484
52.49936294555664
92.98893737792969
89.92257690429688
83.76533508300781
91.15431213378906
82.03650665283203
86.51447296142578
87.95460510253906
50.516334533691406
86.62791442871094
83.61371612548828
77.85115051269531
85.54277801513672
76.58099365234375
81.08707427978516
83.14710235595703
41.715484619140625
81.99772644042969
78.94186401367188
73.22341918945312
81.11532592773438
71.9155044555664
77.58036804199219
79.190185546875
50.90837478637695
78.36616516113281
75.86756896972656
70.1033935546875
78.90371704101562
70.61239624023438
76.62727355957031
78.74470520019531
42.21382522583008
79.26641845703125
76.7867660522461
71.42682647705078
79.51605224609375
71.62938690185547
75.51258087158203
78.196044921875
40.841129302978516
78.2057113647461
75.20265197753906
70.41548156738281
78.1447525024414
69.47386932373047
75.30458068847656
77.46734619140625
54.782161712646484
77.14816284179688
75.02503967285156
69.39997100830078
78.53345489501953
71.53097534179688
77.02178192138672
79.84280395507812
46.15692901611328
80.52074432373047
78.81520080566406
73.533203125
82.51798248291016
74.77727508544922
80.32003784179688
83.27448272705078
47.733890533447266
83.939697265625
81.86529541015625
76.90306854248047
85.94419860839844
78.05842590332031
83.83134460449219
86.63450622558594
48.04298782348633
87.62332153320312
85.7171859741211
80.96073150634766
89.7479248046875
81.5548095703125
87.3368911743164
89.67101287841797
49.90605545043945
88.92664337158203
86.20708465576172
80.28475189208984
87.88506317138672
78.7779541015625
83.62352752685547
85.32846069335938
48.92002868652344
83.74029541015625
80.41905212402344
73.41999816894531
79.7914047241211
69.52200317382812
73.89466094970703
75.523681640625
48.032257080078125
76.2154312133789
73.96128845214844
69.64749908447266
77.48505401611328
69.4488525390625
74.15669250488281
76.72632598876953
48.33916091918945
75.73551177978516
74.21774291992188
69.33443450927734
76.65400695800781
65.5418930053711
71.84220886230469
73.57018280029297
52.11679458618164
74.00190734863281
71.48558044433594
66.08356475830078
75.2136001586914
67.3818588256836
72.39617919921875
75.45548248291016
42.619232177734375
76.300537109375
74.20841979980469
69.61778259277344
77.96226501464844
70.06039428710938
75.7723388671875
79.01476287841797
48.62849044799805
79.892578125
78.23058319091797
73.44811248779297
82.93902587890625
75.19992065429688
81.74944305419922
84.8848876953125
40.673423767089844
86.43319702148438
84.4720458984375
79.0164566040039
86.7918701171875
77.48355102539062
82.18930053710938
83.2273178100586
52.47789001464844
81.3577651977539
78.01578521728516
71.26229095458984
79.2635726928711
70.3776626586914
75.60181427001953
77.61650085449219
50.80443572998047
77.61874389648438
75.75493621826172
70.85420989990234
79.6432876586914
71.359375
77.8587417602539
81.12171936035156
37.90457534790039
83.0177001953125
81.66893005371094
77.43876647949219
86.73542785644531
79.3553237915039
85.14359283447266
88.12078857421875
51.364402770996094
88.84432983398438
86.91866302490234
81.30046844482422
89.39922332763672
80.25799560546875
84.15239715576172
84.98470306396484
48.69621658325195
83.59192657470703
81.0973892211914
76.237548828125
85.36219024658203
77.64129638671875
83.35753631591797
86.16405487060547
41.589630126953125
86.8002700805664
84.55354309082031
79.45611572265625
87.93914031982422
79.74761962890625
85.30599212646484
87.88072204589844
50.765953063964844
88.24561309814453
85.91222381591797
80.15032958984375
88.52584838867188
79.89337158203125
85.34049224853516
87.62601470947266
48.689117431640625
88.37139892578125
86.42339324951172
81.18720245361328
89.83777618408203
81.92865753173828
87.43645477294922
89.98921966552734
51.57199478149414
89.933349609375
87.06053924560547
80.91932678222656
88.07941436767578
78.74285888671875
84.62571716308594
87.23737335205078
52.50591278076172
88.14591979980469
86.37320709228516
81.37948608398438
89.870361328125
81.61798095703125
87.05762481689453
89.32707214355469
40.562744140625
89.18537139892578
87.10122680664062
82.03207397460938
90.67131042480469
82.4941177368164
88.17268371582031
90.6925048828125
54.109169006347656
91.07734680175781
88.89136505126953
83.66778564453125
92.24407196044922
83.99478149414062
89.40824127197266
91.96219635009766
48.71195602416992
92.19914245605469
90.0803451538086
85.00237274169922
93.5116958618164
85.36290740966797
90.71610260009766
93.15364074707031
51.873992919921875
92.46300506591797
89.47818756103516
83.50395202636719
91.64153289794922
83.29588317871094
88.55654907226562
91.01335906982422
48.86371612548828
91.02987670898438
88.66828155517578
83.12525177001953
91.38272094726562
83.0074462890625
88.47854614257812
90.9018325805664
50.09886932373047
91.57410430908203
89.73320007324219
84.7956771850586
93.54413604736328
85.72809600830078
91.03739166259766
93.43170166015625
48.755271911621094
92.7874984741211
89.8763198852539
83.61943054199219
91.15186309814453
81.65170288085938
86.02763366699219
87.18807983398438
51.693016052246094
84.69634246826172
80.84854125976562
74.28460693359375
81.71661376953125
71.40023803710938
75.8946533203125
75.77119445800781
40.79721450805664
69.9744644165039
60.341575622558594
54.95150375366211
70.60570526123047
67.14685821533203
75.7328872680664
80.06546020507812
42.20608901977539
82.96469116210938
81.8464126586914
77.71051788330078
87.0350570678711
79.89897155761719
86.17515563964844
89.59053039550781
38.543426513671875
91.29998779296875
89.87197875976562
85.13558959960938
93.7616195678711
85.28272247314453
90.15507507324219
91.834716796875
52.90087890625
89.8743667602539
86.78250885009766
80.44078063964844
88.49605560302734
79.28727722167969
84.12788391113281
85.40985107421875
42.43941879272461
84.178955078125
81.97445678710938
77.49600982666016
87.49271392822266
80.3037109375
86.33747863769531
88.9104995727539
37.280941009521484
88.53604888916016
85.80164337158203
80.1566162109375
88.07532501220703
79.35774230957031
84.27413940429688
86.343994140625
43.79006576538086
85.68709564208984
83.20906066894531
77.58834075927734
85.50679779052734
77.24627685546875
82.3074722290039
84.61670684814453
46.385108947753906
84.84102630615234
82.67164611816406
78.03726196289062
86.77812194824219
79.22929382324219
84.45256805419922
87.09085845947266
49.181095123291016
86.68743896484375
83.78861999511719
77.67497253417969
84.5780258178711
