89.4825668334961
90.65125274658203
91.46366882324219
92.0645980834961
91.94947814941406
90.81815338134766
89.49717712402344
87.7014389038086
85.68311309814453
83.50415802001953
82.07453918457031
80.31136322021484
77.70772552490234
76.3966293334961
75.04829406738281
73.64215087890625
75.7846450805664
76.90062713623047
79.27001953125
81.757568359375
83.62403106689453
85.98063659667969
86.79525756835938
87.38883209228516
86.50830841064453
85.05474853515625
84.31676483154297
82.61018371582031
81.95169830322266
81.050048828125
79.71492004394531
79.01168823242188
78.38969421386719
77.32830047607422
76.92964935302734
75.76048278808594
76.0022964477539
75.01953125
74.25991821289062
74.64730834960938
73.29288482666016
73.48206329345703
72.77484893798828
72.96666717529297
72.61217498779297
72.1124038696289
71.87315368652344
71.8182601928711
70.50172424316406
71.66791534423828
69.07499694824219
70.25115966796875
69.16998291015625
68.2823486328125
69.16989135742188
68.29681396484375
68.53324890136719
64.5610580444336
64.56551361083984
67.74266815185547
65.09169006347656
64.42684936523438
64.18955993652344
64.20057678222656
62.284400939941406
58.07866668701172
58.39634704589844
60.508888244628906
58.208553314208984
53.325950622558594
63.2778205871582
60.97261047363281
61.88473129272461
67.05975341796875
66.95638275146484
69.75875091552734
71.0952377319336
73.42842864990234
76.50313568115234
78.04527282714844
80.79884338378906
82.50792694091797
84.50434112548828
85.09325408935547
84.947021484375
84.5919189453125
83.2649154663086
82.93624114990234
81.66162872314453
81.252685546875
80.98980712890625
80.06505584716797
80.28978729248047
79.7665023803711
79.41240692138672
79.82562255859375
79.5418472290039
79.46499633789062
79.86974334716797
80.01062774658203
80.71746063232422
80.3438720703125
81.1466064453125
81.75780487060547
81.78953552246094
82.47563171386719
82.70056915283203
82.67164611816406
82.01697540283203
80.82251739501953
79.52836608886719
77.5609130859375
75.98429870605469
74.47696685791016
73.03425598144531
71.5279769897461
69.09618377685547
68.44147491455078
66.35696411132812
66.46973419189453
65.25972747802734
62.0122184753418
65.32230377197266
64.41690063476562
61.60466384887695
64.93213653564453
63.165409088134766
63.96415328979492
64.87199401855469
63.059844970703125
65.03024291992188
66.60383605957031
65.6331558227539
68.95877075195312
66.81580352783203
68.97366333007812
69.73710632324219
69.0580825805664
72.13214874267578
72.57968139648438
75.57368469238281
77.40001678466797
79.30847930908203
81.05570220947266
81.29753112792969
81.58245086669922
80.40721130371094
79.68925476074219
78.84922790527344
78.35205841064453
78.19050598144531
77.7945327758789
78.5944595336914
78.3193588256836
78.82205200195312
79.89673614501953
80.13825988769531
81.71807098388672
82.4245376586914
83.52816009521484
85.04217529296875
86.08810424804688
87.1270523071289
87.84251403808594
88.37548828125
88.14045715332031
87.97374725341797
87.49662780761719
86.79557800292969
86.91264343261719
86.39830017089844
86.1480484008789
86.25926971435547
85.8116455078125
85.89834594726562
85.46646118164062
84.99827575683594
84.47206115722656
84.00398254394531
84.4075698852539
84.49885559082031
85.18578338623047
86.0192642211914
86.6661605834961
87.11766052246094
87.15416717529297
86.92911529541016
86.3337173461914
85.05625915527344
83.96869659423828
82.40435028076172
81.57403564453125
79.81673431396484
78.91720581054688
77.72818756103516
76.67119598388672
76.16223907470703
74.52568817138672
72.6801986694336
73.20706939697266
71.5416030883789
71.17003631591797
68.82366943359375
68.51248931884766
68.54862213134766
64.90884399414062
65.73577117919922
63.52277374267578
60.11579132080078
62.17607116699219
59.851985931396484
58.44583511352539
63.00218963623047
61.44904708862305
65.27024841308594
66.8038101196289
67.98539733886719
70.17379760742188
71.56034851074219
72.96833801269531
74.74032592773438
75.0628433227539
76.68224334716797
76.56755828857422
77.39116668701172
77.56220245361328
77.13926696777344
77.58969116210938
77.97547149658203
78.16278076171875
77.99824523925781
77.68079376220703
77.69905090332031
77.06969451904297
77.04167938232422
76.30577087402344
75.61377716064453
75.80829620361328
74.75102996826172
75.04537963867188
74.23713684082031
73.4170913696289
74.04891204833984
72.97169494628906
73.11888122558594
72.13562774658203
71.55957794189453
71.9428482055664
70.0956802368164
70.94338989257812
71.51921081542969
70.14178466796875
70.70215606689453
70.14311981201172
70.1617660522461
70.12419891357422
69.7157974243164
70.57447814941406
68.50700378417969
69.13497924804688
70.7286376953125
68.30200958251953
69.43962860107422
69.5565185546875
68.48184967041016
69.75702667236328
67.83509826660156
68.24958038330078
68.56619262695312
68.73461151123047
69.16226959228516
69.40101623535156
69.28355407714844
69.75923919677734
68.97626495361328
69.41295623779297
70.1373062133789
70.46133422851562
71.85000610351562
71.35855865478516
72.56466674804688
73.39531707763672
74.56232452392578
75.94319915771484
77.08868408203125
76.96509552001953
77.52490234375
77.75721740722656
78.49087524414062
78.30553436279297
78.57958984375
78.78994750976562
79.18841552734375
79.42414855957031
79.47258758544922
79.57374572753906
79.5794906616211
80.28271484375
81.08850860595703
81.44879913330078
82.45491027832031
83.30628967285156
83.9873046875
84.69957733154297
84.80878448486328
85.00369262695312
84.60134887695312
84.24836730957031
83.47367858886719
82.63938903808594
81.86185455322266
80.65351104736328
80.80216217041016
80.52288818359375
79.45283508300781
79.56757354736328
79.20883178710938
78.9609146118164
78.56659698486328
78.6177978515625
78.79741668701172
78.7326889038086
78.51970672607422
78.84224700927734
78.39582824707031
79.00074768066406
79.33100891113281
79.03996276855469
79.47696685791016
79.4375991821289
80.24922180175781
80.4876937866211
81.20417785644531
81.59498596191406
82.086181640625
82.97069549560547
83.79466247558594
84.47167205810547
85.45068359375
86.42676544189453
87.3547134399414
87.88818359375
88.48548889160156
88.13568115234375
87.329345703125
86.4093017578125
84.8714599609375
83.95130157470703
82.52301025390625
81.30362701416016
80.30534362792969
78.7872314453125
78.354248046875
76.87644958496094
76.2562255859375
75.62776947021484
74.3603286743164
73.6690444946289
72.52252960205078
71.6991958618164
70.63902282714844
69.70641326904297
69.6773681640625
67.62610626220703
64.60424041748047
64.94408416748047
61.65983581542969
60.080345153808594
62.4233283996582
59.38771057128906
60.95623779296875
65.83959197998047
64.51126098632812
68.03865814208984
68.2957763671875
71.05777740478516
73.06015014648438
74.2291259765625
75.50455474853516
75.88064575195312
77.0284652709961
77.9167251586914
78.05223083496094
79.3929214477539
80.26513671875
81.49271392822266
82.89794158935547
83.56654357910156
84.66683197021484
85.59037017822266
86.30555725097656
87.05725860595703
87.40958404541016
87.77018737792969
87.545654296875
87.79314422607422
87.51123046875
87.16728973388672
87.32147979736328
86.8588638305664
86.60298919677734
86.47417449951172
86.08149719238281
86.06160736083984
85.85348510742188
85.68507385253906
85.65351104736328
85.38310241699219
85.47725677490234
85.35889434814453
85.27411651611328
85.43621063232422
85.46351623535156
85.55189514160156
85.1890640258789
85.37056732177734
85.11213684082031
85.04316711425781
85.12074279785156
84.80667114257812
84.4776382446289
84.31747436523438
84.25505065917969
84.39491271972656
84.54007720947266
84.45187377929688
84.8053970336914
84.6713638305664
84.6541976928711
84.5458984375
84.31310272216797
84.32598876953125
84.02819061279297
84.13685607910156
83.82123565673828
83.80206298828125
84.81078338623047
85.69344329833984
87.09683227539062
88.51498413085938
89.16847229003906
89.77481842041016
90.0428466796875
90.16150665283203
90.20316314697266
90.12383270263672
90.15432739257812
89.90132904052734
89.9437255859375
89.77847290039062
89.7635726928711
89.85591125488281
89.59803771972656
89.58081817626953
89.60459899902344
89.54241943359375
89.59561157226562
89.20874786376953
88.94519805908203
88.4000473022461
87.76094055175781
87.46012115478516
87.29243469238281
87.42304992675781
87.66806030273438
87.71456909179688
88.07414245605469
88.2766342163086
88.58260345458984
88.93476104736328
89.32215881347656
89.81187438964844
90.00501251220703
90.31612396240234
90.67317199707031
90.81561279296875
91.11656951904297
91.40914154052734
91.58938598632812
91.88291931152344
92.10420227050781
92.42222595214844
92.61573791503906
92.86360931396484
93.11756134033203
93.19786834716797
93.27074432373047
93.14336395263672
93.00520324707031
92.74756622314453
92.14509582519531
91.61807250976562
90.80517578125
90.12728118896484
89.23614501953125
88.62413024902344
88.33299255371094
88.38018035888672
88.8366470336914
89.21912384033203
89.58149719238281
89.81613159179688
89.5197982788086
89.32070922851562
89.00560760498047
88.74188995361328
88.5298843383789
88.02970123291016
87.98681640625
87.47813415527344
86.86976623535156
85.93824005126953
84.30330657958984
82.43216705322266
80.20543670654297
78.1458969116211
76.05388641357422
74.60297393798828
74.14006042480469
73.96208953857422
74.2809829711914
74.22940063476562
75.33242797851562
74.77955627441406
75.06114196777344
73.63489532470703
73.22669219970703
72.3656005859375
70.53199768066406
68.81687927246094
68.10505676269531
68.51832580566406
68.80744171142578
71.22394561767578
73.96892547607422
76.15607452392578
77.58113098144531
79.01912689208984
79.60026550292969
79.86958312988281
79.14859771728516
78.54602813720703
77.82644653320312
76.49756622314453
76.02660369873047
74.18470764160156
73.58692169189453
70.707275390625
69.49891662597656
68.06967163085938
69.38533782958984
71.19491577148438
73.625732421875
75.4531478881836
76.14319610595703
77.28797149658203
78.1317138671875
78.89652252197266
78.39371490478516
78.50126647949219
78.20340728759766
78.16511535644531
77.9894027709961
76.81944274902344
76.84857177734375
76.7068862915039
76.07745361328125
75.75189971923828
74.91068267822266
74.72701263427734
74.71907043457031
73.62706756591797
73.08773803710938
72.47381591796875
72.1519775390625
71.03846740722656
