90.17501831054688
96.20720672607422
99.27393341064453
75.00586700439453
100.94334411621094
99.28687286376953
94.23737335205078
102.66173553466797
93.8131103515625
97.6291732788086
98.39848327636719
75.40196990966797
94.89324951171875
91.2809066772461
83.98912811279297
90.89944458007812
80.80379486083984
85.04237365722656
85.84349822998047
62.27799987792969
84.64372253417969
83.68437957763672
81.16426086425781
90.97071838378906
85.49034118652344
92.3399887084961
96.71088409423828
65.76888275146484
97.527587890625
93.93737030029297
88.36962127685547
94.28569030761719
84.41786193847656
88.69397735595703
89.93618774414062
67.07109069824219
87.63716125488281
84.0900650024414
77.58566284179688
85.12932586669922
77.1525650024414
80.22610473632812
83.01051330566406
60.022891998291016
81.65118408203125
79.55866241455078
69.376708984375
81.87185668945312
73.95198822021484
76.91117095947266
77.89962768554688
57.04835891723633
76.05122375488281
70.05252075195312
69.6507568359375
69.91249084472656
65.10934448242188
61.62688064575195
72.61338806152344
64.726806640625
75.06267547607422
75.86747741699219
71.16292572021484
82.69451141357422
75.62635040283203
83.31954956054688
87.05806732177734
60.64813995361328
90.19913482666016
89.68219757080078
85.21514129638672
95.39054870605469
88.47383117675781
92.8621826171875
94.67926788330078
65.6384048461914
92.96569061279297
89.25598907470703
83.40921783447266
90.94908905029297
81.73619079589844
86.72401428222656
88.06787109375
66.37484741210938
87.16847229003906
83.8121109008789
78.69812774658203
86.3630599975586
77.4091567993164
83.32840728759766
84.94841766357422
60.89979934692383
84.70419311523438
83.105224609375
75.95164489746094
84.83928680419922
78.05313873291016
81.080322265625
84.41101837158203
64.13020324707031
83.68890380859375
81.62979888916016
76.47918701171875
84.36579895019531
75.4075927734375
81.24295043945312
83.7450942993164
51.24763870239258
84.28834533691406
81.56133270263672
76.9730453491211
84.69970703125
76.1487045288086
81.5772933959961
84.1783447265625
58.39225769042969
83.87650299072266
80.70825958251953
77.55594635009766
86.02099609375
79.53733825683594
87.1524429321289
90.40880584716797
60.982669830322266
91.52496337890625
89.8373031616211
83.78363800048828
93.15000915527344
86.39418029785156
90.42113494873047
93.12032318115234
67.1395263671875
91.06316375732422
87.47103118896484
79.90694427490234
87.0691909790039
78.69570922851562
82.2894058227539
85.40091705322266
59.659584045410156
87.39168548583984
87.29224395751953
82.68336486816406
91.90544128417969
83.66090393066406
88.43599700927734
89.86204528808594
61.77605438232422
87.8152084350586
84.42637634277344
77.83629608154297
85.38777923583984
77.40479278564453
80.20189666748047
82.22576904296875
54.459835052490234
80.61396026611328
77.82188415527344
74.05213928222656
80.94054412841797
70.81561279296875
77.93368530273438
79.89956665039062
45.29512023925781
79.75611114501953
77.76998138427734
73.4688949584961
81.195556640625
75.44196319580078
79.88011932373047
82.66831970214844
62.976295471191406
84.67996978759766
83.85633087158203
79.78976440429688
88.76701354980469
80.78750610351562
86.46063995361328
88.5150375366211
64.34685516357422
87.69479370117188
84.44638061523438
80.09413146972656
86.61474609375
76.81181335449219
82.9246826171875
83.82586669921875
56.52291488647461
81.55113220214844
77.67589569091797
71.97021484375
79.46070098876953
71.11753845214844
76.76746368408203
79.55220794677734
60.017818450927734
80.69088745117188
78.86592102050781
75.77283477783203
82.81282806396484
75.23151397705078
81.05882263183594
83.73420715332031
47.615333557128906
84.41551208496094
82.3687515258789
76.90673828125
85.94315338134766
78.44988250732422
83.16148376464844
86.46430206298828
64.14411163330078
87.36882019042969
85.43428039550781
81.28087615966797
89.70724487304688
81.81951141357422
87.74072265625
90.83866882324219
67.83937072753906
91.34613037109375
89.66632080078125
84.48548126220703
93.49481964111328
85.62931823730469
92.01351165771484
95.3536148071289
70.00132751464844
97.31926727294922
95.17064666748047
90.46621704101562
97.9223403930664
88.8672103881836
93.34375762939453
94.790283203125
69.84068298339844
93.0906753540039
89.77315521240234
84.07827758789062
91.57427215576172
82.72972869873047
87.5103988647461
89.13091278076172
61.35918426513672
88.20826721191406
85.4873275756836
79.59814453125
87.30400085449219
79.52510070800781
83.4424819946289
85.69925689697266
63.4345588684082
84.71286010742188
82.32991027832031
76.92931365966797
84.8451156616211
75.58489990234375
81.51556396484375
83.28104400634766
51.0808219909668
82.50386810302734
80.26416015625
75.6079330444336
84.77641296386719
79.03462219238281
85.17913055419922
88.18291473388672
64.40557098388672
88.27982330322266
85.54373931884766
80.31576538085938
88.43621826171875
79.79415130615234
85.05318450927734
87.3116226196289
60.038089752197266
87.05145263671875
84.80049896240234
79.23468017578125
87.31795501708984
79.03504943847656
84.44773864746094
86.5625
65.54183197021484
87.55268096923828
86.0828857421875
81.46077728271484
90.40345001220703
83.32830810546875
88.49166870117188
91.39879608154297
67.35275268554688
92.0802993774414
90.35443115234375
84.62569427490234
93.76628112792969
86.25016784667969
91.19523620605469
93.69187927246094
66.89727783203125
93.42448425292969
90.82853698730469
84.92680358886719
92.7708740234375
83.6943588256836
88.12374114990234
89.50650024414062
64.84222412109375
87.37957763671875
83.97663116455078
79.14010620117188
86.37287902832031
77.8967514038086
82.97295379638672
85.08402252197266
57.22821044921875
84.71063232421875
82.3473129272461
75.65571594238281
85.41947174072266
77.25779724121094
82.2768783569336
84.25144958496094
63.615779876708984
85.1039047241211
82.53955841064453
78.70103454589844
86.5809555053711
78.10746765136719
84.2545394897461
87.01123809814453
64.50028228759766
87.83549499511719
86.53631591796875
81.89031982421875
90.88381958007812
83.33167266845703
89.00936126708984
92.29032135009766
68.1513900756836
93.34014129638672
91.43119812011719
85.06156921386719
92.91822814941406
83.82840728759766
87.4314956665039
88.22830200195312
60.538841247558594
85.9255599975586
81.99142456054688
76.54116821289062
83.13443756103516
72.40473937988281
78.38231658935547
79.25621795654297
57.75810623168945
76.67034149169922
73.44837188720703
67.39241790771484
73.90742492675781
62.482139587402344
71.84844970703125
72.85968780517578
58.429595947265625
75.16585540771484
72.99629211425781
69.2173843383789
79.54389190673828
72.54896545410156
79.94083404541016
83.27543640136719
58.67131042480469
85.32256317138672
84.09696960449219
78.71563720703125
88.49275970458984
80.91158294677734
85.35650634765625
87.2720718383789
62.492794036865234
85.76264953613281
82.71087646484375
77.58519744873047
86.16162872314453
78.51728820800781
85.00418090820312
88.80293273925781
66.6127700805664
91.29209899902344
90.16272735595703
85.56792449951172
94.9751968383789
87.63025665283203
93.36466217041016
96.02232360839844
72.54988861083984
96.52872467041016
94.21439361572266
89.18757629394531
97.4180679321289
88.90115356445312
94.42533874511719
96.85009765625
73.49497985839844
96.73509979248047
93.91999053955078
88.54027557373047
95.9564437866211
87.66908264160156
92.91358947753906
95.18571472167969
70.73110961914062
95.6845932006836
93.43877410888672
88.52123260498047
96.94529724121094
88.74604797363281
94.2942886352539
96.62501525878906
71.4856948852539
96.32207489013672
93.32440185546875
87.45162963867188
95.12863159179688
86.95372009277344
92.17554473876953
94.8736572265625
68.75299072265625
95.60997009277344
93.60755920410156
88.58351135253906
97.17666625976562
89.0145263671875
94.62503051757812
97.01446533203125
71.9481430053711
96.91791534423828
94.09400939941406
88.68867492675781
95.79589080810547
86.42909240722656
91.21315002441406
93.13481903076172
68.47708129882812
93.0610580444336
91.0374526977539
85.59478759765625
94.06967163085938
85.8989486694336
90.90431213378906
93.36848449707031
67.78117370605469
92.88935089111328
90.33850860595703
85.11380004882812
93.38209533691406
85.1014633178711
91.24938201904297
94.31841278076172
70.12777709960938
95.0355453491211
92.96563720703125
87.9275131225586
96.19822692871094
87.58698272705078
93.4630126953125
95.55828857421875
71.30298614501953
95.74485778808594
93.36754608154297
88.4010009765625
96.71772766113281
88.54547882080078
94.21957397460938
96.8670883178711
71.80754852294922
97.38328552246094
94.95466613769531
90.05068969726562
97.34783935546875
87.51446533203125
92.1329116821289
92.40777587890625
67.30921936035156
89.636962890625
87.19015502929688
81.93067932128906
91.05504608154297
83.4426040649414
89.20036315917969
92.13404083251953
66.7191162109375
92.77359008789062
90.34776306152344
85.59571075439453
93.3133544921875
84.4139633178711
90.03299713134766
91.95360565185547
65.95354461669922
92.6039810180664
90.9049072265625
86.1272201538086
95.54612731933594
88.20436096191406
94.02840423583984
97.24908447265625
72.90338134765625
98.65742492675781
96.81067657470703
92.13569641113281
100.62652587890625
92.2265396118164
97.82313537597656
99.82820129394531
74.78239440917969
99.16088104248047
96.3514175415039
90.73819732666016
98.304931640625
89.32305145263672
94.34125518798828
95.76454162597656
72.09254455566406
93.93911743164062
90.76840209960938
84.89295959472656
92.80593872070312
84.14009094238281
89.00116729736328
91.0430908203125
65.36380004882812
90.04912567138672
87.2645263671875
81.43112182617188
89.29288482666016
80.0323715209961
85.15489196777344
87.06511688232422
58.953460693359375
86.9646224975586
83.74004364013672
76.81964111328125
83.2782211303711
70.99674224853516
70.710693359375
65.35684967041016
46.566993713378906
81.79212188720703
82.8840560913086
79.08256530761719
89.23722839355469
81.85075378417969
88.10857391357422
90.27146911621094
65.19730377197266
90.77898406982422
88.26307678222656
83.0133285522461
91.1901626586914
82.58967590332031
87.6827163696289
89.2520980834961
66.68103790283203
87.6794662475586
84.27832794189453
78.53712463378906
86.42491149902344
77.7061996459961
83.60739135742188
85.39696502685547
59.85574722290039
84.73355865478516
80.93953704833984
73.70511627197266
81.77786254882812
