90.03781127929688
96.4294204711914
99.51544952392578
56.74354553222656
100.010986328125
97.22554779052734
90.91744232177734
97.93315124511719
88.2222900390625
92.35397338867188
93.16361236572266
56.88150405883789
90.79724884033203
87.2215347290039
81.36898040771484
88.44322204589844
79.3268814086914
83.61286926269531
84.632080078125
49.75185775756836
83.10606384277344
79.65293884277344
73.59323120117188
80.75660705566406
72.36014556884766
76.13565826416016
78.65489196777344
43.66667938232422
81.62942504882812
81.41336822509766
76.15225982666016
85.7066879272461
76.85877990722656
81.82132720947266
83.33584594726562
43.06126403808594
82.05049896240234
78.62239074707031
73.2224349975586
81.00741577148438
72.46038818359375
77.02608489990234
78.68273162841797
51.9676628112793
77.72185516357422
74.2957763671875
69.66134643554688
77.19210815429688
67.85606384277344
72.85630798339844
74.75032806396484
50.208091735839844
73.97517395019531
71.31208038330078
64.71715545654297
72.99261474609375
64.55928039550781
68.65583038330078
71.2531509399414
53.98569107055664
70.31212615966797
67.10528564453125
60.32280349731445
67.11865234375
58.41532897949219
64.6927719116211
65.54486083984375
49.810611724853516
65.12687683105469
61.201866149902344
55.76580047607422
65.1169204711914
60.70927810668945
65.15191650390625
70.03112030029297
47.11888122558594
74.63241577148438
73.57621002197266
69.11886596679688
80.302734375
73.42566680908203
80.83995056152344
85.17401885986328
45.969215393066406
89.66500854492188
89.41714477539062
85.50987243652344
94.23823547363281
85.27706909179688
90.18479919433594
91.64683532714844
36.22124099731445
90.46165466308594
87.77308654785156
82.077392578125
90.39875793457031
81.89156341552734
87.4958724975586
90.03211975097656
43.93914794921875
90.6658935546875
88.62086486816406
83.92424011230469
92.0827407836914
82.98066711425781
87.62010955810547
88.49542999267578
52.61430358886719
84.75346374511719
81.16780853271484
74.49994659423828
80.78273010253906
70.88807678222656
74.65095520019531
75.78421783447266
45.60984802246094
74.0676040649414
71.44883728027344
64.2142333984375
73.45991516113281
63.131229400634766
70.36129760742188
74.65737915039062
48.92138671875
76.4149169921875
75.91963195800781
73.2820816040039
83.88661193847656
78.28591918945312
84.05819702148438
87.03704833984375
51.4078254699707
86.74779510498047
84.10665893554688
78.2117919921875
85.95484924316406
76.88143157958984
82.85122680664062
84.95658111572266
39.78778076171875
85.07386016845703
82.91387939453125
78.24829864501953
86.7799072265625
78.50657653808594
84.06356811523438
86.87049865722656
45.98744583129883
88.31698608398438
86.66100311279297
81.55633544921875
89.46117401123047
80.45968627929688
84.3062515258789
85.36771392822266
55.78708267211914
83.00908660888672
79.02500915527344
72.90337371826172
80.13680267333984
70.44752502441406
75.19009399414062
76.66708374023438
50.72993469238281
74.13377380371094
71.07701110839844
68.23675537109375
73.33618927001953
66.93907928466797
69.75514221191406
71.0691909790039
46.99995040893555
70.9544677734375
68.37261962890625
60.98361587524414
71.88457489013672
64.058349609375
69.19519805908203
70.46491241455078
46.65019607543945
71.0304946899414
69.48169708251953
66.45719146728516
75.71985626220703
68.27755737304688
75.53080749511719
80.05298614501953
53.542118072509766
82.39874267578125
81.21073150634766
76.26590728759766
84.84711456298828
77.27226257324219
82.04354858398438
84.12940979003906
47.74565887451172
84.31587982177734
82.0174789428711
77.35047149658203
85.05545806884766
77.14986419677734
82.57046508789062
85.26087188720703
54.8702507019043
85.81620025634766
83.93807983398438
79.21297454833984
87.83280181884766
80.087158203125
86.11622619628906
88.98262023925781
47.159950256347656
90.35054016113281
88.74409484863281
84.22854614257812
93.25408935546875
85.77527618408203
91.55121612548828
94.28540802001953
49.813575744628906
94.23931884765625
91.37334442138672
85.41990661621094
93.03465270996094
83.88172149658203
88.43022918701172
89.81356048583984
46.56226348876953
88.48979187011719
85.4144287109375
79.86967468261719
87.71401977539062
78.75982666015625
83.935302734375
85.9190444946289
54.186767578125
85.18135070800781
82.28765869140625
76.48724365234375
84.25343322753906
75.76679992675781
80.06463623046875
82.0660629272461
49.64659881591797
82.17084503173828
80.52326965332031
75.81243896484375
85.00306701660156
76.41685485839844
81.75807189941406
83.95002746582031
49.22749328613281
83.77393341064453
81.34530639648438
75.35383605957031
83.53915405273438
75.44202423095703
80.70130157470703
82.76952362060547
47.81950759887695
82.44989013671875
80.30973052978516
75.69401550292969
83.4276123046875
75.26744079589844
80.18692779541016
82.5207290649414
54.084564208984375
82.53877258300781
79.8046646118164
74.39271545410156
83.01740264892578
75.62089538574219
79.88777160644531
83.03887939453125
38.02621841430664
83.5701904296875
81.83121490478516
75.70281982421875
85.11351776123047
77.28955078125
82.59140014648438
85.66365814208984
40.588722229003906
86.64432525634766
84.99948120117188
80.54975128173828
89.00311279296875
81.0206527709961
86.86672973632812
89.2941665649414
55.270050048828125
89.49524688720703
87.76844787597656
83.5274887084961
92.16952514648438
84.41664123535156
89.9096908569336
92.36673736572266
51.609474182128906
91.96007537841797
89.42588806152344
83.07051849365234
91.18901062011719
81.65731811523438
87.10983276367188
89.03219604492188
52.265846252441406
88.0904541015625
85.5194091796875
79.89682006835938
87.83341979980469
79.2953872680664
84.46685791015625
86.2496566772461
49.63277816772461
84.97721099853516
81.60541534423828
75.17374420166016
82.80724334716797
73.26378631591797
78.46003723144531
80.53721618652344
56.13075256347656
80.69239044189453
78.61906433105469
73.77806091308594
82.15555572509766
74.21309661865234
80.04559326171875
82.70746612548828
43.652462005615234
83.2152099609375
80.54669952392578
75.06047821044922
83.01039123535156
74.82089233398438
79.92463684082031
82.224853515625
55.217689514160156
83.35877227783203
81.52694702148438
76.5250473022461
85.85009002685547
78.29947662353516
84.66604614257812
87.82138061523438
53.584022521972656
90.01426696777344
88.70002746582031
84.28477478027344
93.1575927734375
84.66861724853516
89.46018981933594
90.3641128540039
50.693336486816406
87.08221435546875
82.94890594482422
76.74601745605469
83.27790832519531
73.63903045654297
78.84323120117188
82.0658187866211
44.30144500732422
84.90361022949219
84.2345962524414
79.98009490966797
89.22855377197266
80.92064666748047
86.02971649169922
87.82367706298828
54.30454635620117
86.5562744140625
83.33065032958984
77.36490631103516
84.99400329589844
76.35051727294922
80.14385223388672
81.8475341796875
44.130714416503906
80.83930969238281
78.0754165649414
70.96419525146484
79.48200988769531
71.14478302001953
76.29993438720703
77.98652648925781
53.22400665283203
78.7699966430664
76.98265838623047
72.48665618896484
82.0099868774414
75.13629150390625
81.60298156738281
85.45516967773438
52.897621154785156
88.01531219482422
86.96202850341797
82.4483871459961
92.04737854003906
84.34418487548828
90.18467712402344
92.71210479736328
55.272361755371094
92.4675521850586
89.90000915527344
84.52360534667969
92.22119140625
83.40637969970703
88.58245086669922
90.60480499267578
55.085811614990234
90.90611267089844
88.9336166381836
83.82581329345703
92.60835266113281
84.33334350585938
89.87553405761719
92.23104858398438
57.721946716308594
92.37174987792969
90.18911743164062
84.94380950927734
93.36929321289062
85.08631134033203
90.68416595458984
92.98939514160156
56.71378707885742
93.2034912109375
90.90304565429688
85.66155242919922
94.17302703857422
86.03470611572266
91.31258392333984
93.66093444824219
55.01814270019531
93.908935546875
91.65879821777344
86.38910675048828
94.9012451171875
86.67891693115234
92.32462310791016
94.55540466308594
59.3697624206543
94.58633422851562
92.18811798095703
86.8779067993164
95.16761016845703
86.6281967163086
92.12580871582031
94.34978485107422
49.89232635498047
94.3117446899414
91.87725830078125
86.69161224365234
94.8886947631836
86.53169250488281
91.8336181640625
94.12800598144531
54.72035598754883
94.18981170654297
91.84237670898438
86.551025390625
94.87442016601562
86.55006408691406
91.79672241210938
94.26190185546875
50.60530090332031
94.38549041748047
92.23038482666016
86.89181518554688
95.4934310913086
87.38685607910156
92.97488403320312
95.49772644042969
55.28377151489258
95.87139892578125
93.74612426757812
88.64336395263672
97.16373443603516
88.91686248779297
94.3101806640625
96.74417114257812
52.84563446044922
96.52082061767578
93.99533081054688
88.23786926269531
96.31507110595703
87.82646942138672
93.13917541503906
95.48809814453125
41.70745849609375
95.1701889038086
92.41510772705078
86.1289291381836
93.56062316894531
83.70855712890625
87.70925903320312
88.36332702636719
52.03022003173828
84.79640197753906
81.26420593261719
76.8191146850586
85.8292236328125
79.20191192626953
86.14623260498047
90.17443084716797
43.94078063964844
93.0757064819336
91.79663848876953
87.1486587524414
95.76917266845703
87.13416290283203
91.95648193359375
93.2138900756836
54.581459045410156
91.22128295898438
88.2220230102539
82.56968688964844
91.30272674560547
83.48483276367188
89.58031463623047
92.43038177490234
41.65520095825195
92.2084732055664
89.63125610351562
84.27806091308594
92.7269515991211
84.50879669189453
90.29179382324219
92.69207763671875
51.89110565185547
92.33519744873047
89.69776916503906
84.13422393798828
92.17239379882812
83.45858001708984
88.51692199707031
89.88240814208984
48.00638961791992
87.9105224609375
84.11673736572266
77.61912536621094
85.1790771484375
76.0318603515625
81.66156768798828
84.0036392211914
46.79966735839844
84.32528686523438
82.72728729248047
78.07291412353516
87.46434020996094
79.85444641113281
85.6307601928711
87.95179748535156
51.26888656616211
87.91249084472656
85.57930755615234
80.71356201171875
88.74797821044922
80.27570343017578
85.64732360839844
87.63211822509766
53.16010665893555
87.4193115234375
85.05554962158203
79.68953704833984
87.94021606445312
79.61043548583984
84.68943786621094
86.37019348144531
53.654518127441406
84.43598175048828
80.70700073242188
73.5344467163086
79.34871673583984
