87.1005630493164
93.13703918457031
96.11902618408203
54.76328659057617
97.76537322998047
96.57347106933594
92.3949966430664
101.54228210449219
93.9271240234375
99.0329360961914
100.61455535888672
52.84194564819336
97.35970306396484
93.08917999267578
86.43785095214844
92.3472671508789
82.40013122558594
86.05570983886719
87.67385864257812
63.05355453491211
84.19441986083984
82.33528137207031
77.97969818115234
89.80150604248047
83.33430480957031
91.16439056396484
94.69108581542969
60.03963851928711
94.56038665771484
91.14147186279297
84.44031524658203
91.8808822631836
82.92601013183594
87.12249755859375
88.49012756347656
51.51359558105469
87.14656829833984
83.80037689208984
78.23125457763672
85.93109130859375
74.68329620361328
81.59404754638672
83.43744659423828
54.88994598388672
82.29457092285156
79.2648696899414
74.06291961669922
82.11821746826172
73.87506866455078
77.59219360351562
80.3272476196289
57.12151336669922
79.51681518554688
75.88848876953125
70.93534851074219
78.08100128173828
69.2059097290039
75.0276107788086
76.11446380615234
41.164669036865234
73.48641967773438
71.1370849609375
58.20880889892578
73.90852355957031
65.73262786865234
68.86659240722656
70.7550277709961
52.64554214477539
70.05973052978516
66.55534362792969
66.83648681640625
64.637939453125
64.24332427978516
66.74097442626953
73.12703704833984
50.43132019042969
75.69947814941406
76.78089904785156
72.10037994384766
82.95853424072266
77.13945007324219
84.59498596191406
88.93799591064453
59.003196716308594
93.5184097290039
92.64448547363281
87.55564880371094
94.68119812011719
85.1556625366211
89.59066009521484
90.8300552368164
49.971309661865234
89.40396881103516
86.89018249511719
80.69644927978516
89.04585266113281
80.6239242553711
85.5160140991211
87.71473693847656
56.395668029785156
87.811279296875
85.66655731201172
80.16949462890625
89.17725372314453
81.4683609008789
86.71484375
89.34117126464844
54.997886657714844
90.38195037841797
88.00948333740234
82.30680084228516
89.7694091796875
79.53709411621094
82.98297882080078
82.12520599365234
54.918304443359375
78.09425354003906
73.44100189208984
66.60057830810547
73.0608139038086
65.37062072753906
68.5299072265625
69.48307800292969
50.14485168457031
69.5651626586914
68.9734878540039
66.101806640625
78.55421447753906
72.76258087158203
82.34397888183594
86.45439147949219
50.1330451965332
88.76990509033203
86.69893646240234
81.98453521728516
90.89655303955078
83.42913818359375
89.50794982910156
92.86965942382812
58.676544189453125
94.72509765625
93.11042785644531
87.94335174560547
95.87596893310547
86.40939331054688
90.81198120117188
92.30828094482422
43.97530746459961
90.54295349121094
87.1911849975586
80.53526306152344
88.03189849853516
78.72335052490234
83.30685424804688
84.97735595703125
48.71908950805664
83.77749633789062
80.52637481689453
74.98235321044922
82.65059661865234
73.63304901123047
79.39752197265625
81.22937774658203
54.57523727416992
81.42156219482422
79.61270141601562
73.61532592773438
82.4327163696289
74.45561218261719
80.29631042480469
83.09222412109375
55.13158416748047
84.8259048461914
83.49364471435547
78.70834350585938
88.49982452392578
80.65294647216797
85.91338348388672
87.53271484375
50.31806182861328
85.80204772949219
82.49352264404297
75.78863525390625
84.3023452758789
76.5079345703125
80.30162811279297
82.10214233398438
45.73298645019531
82.00486755371094
78.44849395751953
73.86767578125
81.09705352783203
71.9592056274414
77.77633666992188
80.56575012207031
56.38854217529297
80.2297592163086
77.18628692626953
72.50334930419922
81.00128173828125
73.47956848144531
78.31539154052734
80.94681549072266
49.6610221862793
81.06865692138672
78.8749771118164
73.77030944824219
82.5594253540039
75.6866226196289
80.22321319580078
82.67244720458984
48.690425872802734
83.40160369873047
81.3784408569336
75.76419830322266
84.80805969238281
76.84752655029297
82.57005310058594
85.2894515991211
57.70061111450195
86.24703216552734
84.58126831054688
79.49059295654297
88.75727081298828
80.7879638671875
87.48117065429688
90.53024291992188
60.538021087646484
92.21464538574219
90.71060943603516
86.07096862792969
95.15055084228516
87.16169738769531
92.71409606933594
94.94749450683594
55.810489654541016
93.89463806152344
90.70599365234375
84.59654998779297
92.21926879882812
83.22933197021484
87.6324234008789
89.07013702392578
52.553592681884766
87.77792358398438
84.92865753173828
78.67584228515625
87.40972900390625
78.66429138183594
85.3493881225586
88.09015655517578
52.587711334228516
88.53520202636719
85.66641235351562
80.38068389892578
87.8761215209961
79.39443969726562
84.07938385009766
86.2154541015625
56.77511215209961
85.53177642822266
83.06768035888672
77.68592071533203
85.9703369140625
77.4169692993164
82.6266860961914
84.02397155761719
52.471553802490234
84.11622619628906
82.06866455078125
77.883056640625
86.84258270263672
79.78861999511719
85.50936126708984
88.44971466064453
52.99773406982422
88.89688110351562
86.70907592773438
81.39543151855469
89.85657501220703
81.4033203125
87.2066879272461
89.70894622802734
47.53413009643555
90.40779113769531
88.45275115966797
83.64691925048828
92.33348846435547
84.61383819580078
90.1705322265625
92.73432159423828
51.06901168823242
93.27867126464844
91.32733154296875
85.91896057128906
94.61477661132812
86.11788940429688
91.35758972167969
93.59259796142578
55.79091262817383
92.86848449707031
90.08383178710938
84.44332885742188
91.95533752441406
82.81524658203125
87.77410888671875
89.67908477783203
48.687644958496094
88.69790649414062
85.76988983154297
80.25810241699219
88.19828033447266
79.14712524414062
84.30197143554688
86.08556365966797
52.43438720703125
85.24160766601562
82.99623107910156
77.54972076416016
85.26810455322266
76.49524688720703
82.24315643310547
84.22938537597656
49.075599670410156
83.84317016601562
81.37417602539062
76.42577362060547
84.513671875
75.65643310546875
81.39016723632812
83.40443420410156
51.58323287963867
82.42884063720703
80.13461303710938
74.12194061279297
82.67707824707031
73.48588562011719
78.963623046875
81.52627563476562
56.613922119140625
82.14840698242188
80.36285400390625
75.22528839111328
83.55032348632812
75.56526947021484
81.07146453857422
83.69425964355469
52.983638763427734
84.5657958984375
82.6644058227539
77.55061340332031
86.38931274414062
77.91709899902344
83.9754638671875
86.76455688476562
56.310543060302734
87.46067810058594
85.91831970214844
80.88623046875
90.11888122558594
82.77970123291016
88.19954681396484
91.39407348632812
48.45418930053711
92.91683197021484
91.354248046875
86.94993591308594
95.76828002929688
87.91699981689453
94.12467956542969
96.9079818725586
57.02558517456055
97.93972778320312
96.10465240478516
91.07820892333984
99.54954528808594
91.10719299316406
96.17719268798828
98.0692138671875
53.46232223510742
96.9970474243164
94.22566223144531
88.19097900390625
96.18107604980469
87.41390228271484
92.34217834472656
94.22077941894531
59.89175796508789
93.26473236083984
90.45364379882812
84.7898178100586
92.24577331542969
83.17569732666016
87.98236083984375
89.82749938964844
42.034400939941406
89.69705200195312
87.02030944824219
81.6463851928711
89.59064483642578
80.67182922363281
85.70977020263672
88.06848907470703
56.1093635559082
88.68225860595703
86.98878479003906
82.03460693359375
91.013427734375
83.33094024658203
88.93994903564453
91.69369506835938
48.65009689331055
92.0120849609375
89.83698272705078
84.36646270751953
92.65479278564453
84.4306869506836
89.77174377441406
92.0840072631836
56.24897766113281
92.36138916015625
90.27550506591797
85.58248138427734
94.05604553222656
85.89043426513672
91.52568054199219
93.92617797851562
45.96693420410156
94.21650695800781
92.0833740234375
86.88102722167969
95.24945068359375
86.74004364013672
92.40119171142578
94.79232025146484
49.81641387939453
94.82499694824219
92.45384216308594
87.2415542602539
95.72010803222656
87.58735656738281
93.09024810791016
95.67648315429688
54.66471862792969
95.8570556640625
93.59329223632812
88.1893539428711
96.51911926269531
88.07465362548828
93.464111328125
95.7060775756836
50.29914855957031
95.57897186279297
93.065185546875
87.70172119140625
96.04464721679688
87.66864776611328
93.12411499023438
95.31182861328125
52.36636734008789
95.2140121459961
92.9087905883789
87.46063995361328
95.8633041381836
87.53176879882812
92.93192291259766
95.28767395019531
55.29309844970703
95.22531127929688
92.97669982910156
87.56385040283203
95.96199798583984
87.78919982910156
93.04769134521484
95.51789855957031
56.41765594482422
95.89632415771484
93.91325378417969
88.65550231933594
96.98236846923828
88.50393676757812
93.70018005371094
95.87722778320312
37.981231689453125
96.02324676513672
93.92457580566406
89.0810546875
97.91962432861328
90.11515808105469
95.9786148071289
98.72459411621094
54.92152404785156
99.28844451904297
96.96244049072266
91.52997589111328
99.44937896728516
90.59986877441406
95.34552001953125
96.94686889648438
56.26609420776367
95.25088500976562
91.87908935546875
85.67951202392578
93.17652130126953
84.06500244140625
88.9485092163086
90.58184814453125
54.18297576904297
88.70777893066406
84.95983123779297
78.7881851196289
85.87499237060547
75.96794891357422
80.82465362548828
82.99388885498047
56.21110534667969
83.92973327636719
81.30374908447266
76.07736206054688
85.38969421386719
77.63143157958984
84.75680541992188
88.28147888183594
46.12913131713867
90.71244812011719
89.11167907714844
84.46788787841797
93.43946075439453
85.22552490234375
90.48584747314453
92.69014739990234
53.96357727050781
91.74397277832031
88.65020751953125
82.58570861816406
90.46675109863281
81.11608123779297
86.10554504394531
87.87508392333984
55.29557800292969
87.86206817626953
85.9623031616211
80.9569320678711
89.1365966796875
80.30082702636719
85.81227111816406
87.62318420410156
48.288692474365234
87.34577178955078
85.22445678710938
80.39009094238281
88.36104583740234
79.95112609863281
85.21086883544922
87.24552154541016
52.89390182495117
86.56229400634766
84.03695678710938
78.44680786132812
87.0085678100586
78.69147491455078
84.05020904541016
86.24617004394531
51.36833572387695
86.40457153320312
84.14143371582031
78.90261840820312
87.1292495727539
78.9093017578125
84.65402221679688
86.7412109375
53.82779312133789
86.67156219482422
84.28668975830078
78.85018157958984
85.87753295898438
