85.33369445800781
90.59683227539062
93.58063507080078
74.8760757446289
92.95691680908203
91.30647277832031
87.24057006835938
95.49160766601562
85.84992980957031
95.83280181884766
98.44500732421875
80.66133880615234
100.76170349121094
100.32958221435547
92.53097534179688
104.22460174560547
96.66197204589844
101.56786346435547
101.67076873779297
82.23426818847656
99.54711151123047
95.18030548095703
88.22660064697266
94.91746520996094
86.71455383300781
85.81925964355469
87.83642578125
73.55738067626953
83.51547241210938
76.75508880615234
78.5687026977539
85.60518646240234
81.97073364257812
85.98906707763672
92.64593505859375
80.0185546875
95.58377838134766
92.89422607421875
89.68101501464844
95.37440490722656
84.89555358886719
91.02859497070312
92.17762756347656
70.72209930419922
89.29732513427734
87.08924102783203
78.8554916381836
87.5255355834961
76.2049789428711
85.21141052246094
86.55216217041016
67.80118560791016
86.64945220947266
84.25314331054688
76.00321960449219
85.14111328125
78.38655853271484
81.05069732666016
82.7526626586914
58.28828048706055
83.5484619140625
80.94369506835938
76.15300750732422
83.95375061035156
76.85130310058594
79.04203796386719
82.19175720214844
56.20755386352539
81.71350860595703
79.72024536132812
77.44514465332031
84.41158294677734
76.62345123291016
81.04841613769531
84.2088623046875
52.327850341796875
84.33331298828125
82.84532928466797
78.46726989746094
87.33416748046875
78.65386962890625
85.57099151611328
88.69908905029297
63.8631706237793
89.70096588134766
88.44798278808594
82.86402893066406
90.90614318847656
80.51786804199219
88.05184936523438
86.09974670410156
77.87310791015625
89.44905853271484
90.04674530029297
84.05934143066406
92.81404876708984
83.45567321777344
89.92784118652344
91.54937744140625
58.80037307739258
90.96626281738281
88.34534454345703
81.49520874023438
90.02955627441406
80.78472137451172
85.57636260986328
87.10621643066406
65.46646881103516
85.02034759521484
82.16452026367188
74.95098114013672
84.75576782226562
77.8189468383789
82.84769439697266
85.59174346923828
59.81532287597656
87.31683349609375
85.38925170898438
80.19392395019531
89.16253662109375
81.95748138427734
86.83028411865234
90.06090545654297
66.92129516601562
92.08179473876953
90.5201187133789
87.52379608154297
96.4703598022461
89.89459228515625
95.47097778320312
99.54608917236328
75.10249328613281
100.84159088134766
98.779296875
94.44134521484375
101.16703033447266
91.33094787597656
97.12165069580078
98.3677978515625
72.15411376953125
96.36634826660156
93.88491821289062
87.07581329345703
95.36917114257812
86.06929016113281
92.8068618774414
94.58741760253906
71.91258239746094
95.1895980834961
92.82476806640625
85.84854125976562
95.38799285888672
88.2071304321289
91.2085952758789
92.10145568847656
70.3531265258789
88.10389709472656
82.2078857421875
76.21702575683594
81.45020294189453
74.04640197753906
78.2873764038086
81.64387512207031
61.25794982910156
82.74797821044922
81.0445556640625
77.82742309570312
86.12059020996094
78.2843246459961
84.34675598144531
86.95027160644531
50.542972564697266
87.72306060791016
86.3084945678711
80.38127899169922
89.94998931884766
82.25703430175781
88.64937591552734
91.45397186279297
66.17626953125
93.41297912597656
91.91959381103516
86.9843978881836
96.18417358398438
89.16382598876953
93.83318328857422
96.59468078613281
69.13838958740234
96.25077819824219
93.04212188720703
87.83561706542969
94.7470474243164
85.232666015625
89.75000762939453
91.20928192138672
61.89862060546875
88.96051788330078
85.92013549804688
80.36438751220703
87.86602783203125
78.60880279541016
84.12486267089844
86.12430572509766
57.67710876464844
85.06624603271484
82.89301300048828
74.38323211669922
84.23622131347656
75.62837982177734
80.1624755859375
81.96380615234375
58.77964782714844
81.88279724121094
78.88211822509766
74.4343032836914
81.71642303466797
73.64706420898438
76.3039321899414
79.5728530883789
59.1933708190918
78.49292755126953
75.82135772705078
70.78337860107422
79.29753112792969
71.30512237548828
74.29378509521484
77.13452911376953
58.11643600463867
75.76766204833984
73.84015655517578
70.92012786865234
81.52521514892578
75.6895523071289
81.54784393310547
83.89508819580078
50.0573616027832
84.539306640625
81.93659210205078
75.18067169189453
83.71620178222656
75.4501724243164
80.27368927001953
82.1240005493164
59.48200988769531
83.01192474365234
80.05575561523438
76.63065338134766
84.53938293457031
76.65192413330078
81.13368225097656
83.73196411132812
61.96998977661133
82.77218627929688
79.6895751953125
75.35955810546875
83.33194732666016
75.37471008300781
81.73172760009766
84.74968719482422
59.31854248046875
85.53187561035156
83.51982879638672
78.05049133300781
86.3078842163086
77.08696746826172
82.46747589111328
83.50778198242188
55.4956169128418
81.78373718261719
79.13309478759766
73.23786926269531
81.43856048583984
74.2953109741211
77.48480987548828
81.41179656982422
63.424888610839844
82.95307922363281
80.8109130859375
78.0447006225586
85.47310638427734
77.13697052001953
83.26936340332031
85.71028900146484
55.46232604980469
86.17489624023438
84.09869384765625
77.84883117675781
86.98990631103516
78.64513397216797
85.27392578125
87.93754577636719
61.34710693359375
90.00559997558594
88.46495819091797
84.49699401855469
93.9518051147461
87.6932601928711
92.60787963867188
96.34075164794922
71.72440338134766
97.12175750732422
94.63330078125
90.05742645263672
96.94893646240234
87.370361328125
92.60753631591797
94.08909606933594
68.8139877319336
92.05078887939453
89.59249114990234
82.47332000732422
90.9458236694336
81.57231140136719
88.05087280273438
89.56461334228516
64.41551208496094
89.84255981445312
87.4246826171875
80.68403625488281
89.56356048583984
82.38651275634766
85.98563385009766
88.2806396484375
66.28733825683594
89.79270935058594
87.23938751220703
84.30247497558594
92.04938507080078
84.29206085205078
89.2899398803711
92.42985534667969
68.85462188720703
91.91354370117188
89.09080505371094
83.82952880859375
89.70248413085938
77.94184112548828
83.87638092041016
84.03182220458984
63.22216033935547
80.70594787597656
79.90300750732422
70.80671691894531
81.3510513305664
74.22459411621094
81.6656265258789
84.71502685546875
64.40767669677734
86.58909606933594
85.31375122070312
80.10142517089844
89.08042907714844
82.77115631103516
86.45366668701172
89.72637176513672
64.84564971923828
92.02888488769531
90.49137878417969
87.2413330078125
96.47576904296875
89.44859313964844
95.52395629882812
98.99515533447266
68.69398498535156
99.92207336425781
98.23128509521484
92.98046112060547
101.09255981445312
91.59313201904297
97.29608154296875
98.26155090332031
70.08953094482422
96.31565856933594
93.12474822998047
84.79202270507812
92.82176971435547
84.02301788330078
87.32681274414062
88.77040100097656
66.50350952148438
90.54924774169922
89.72142791748047
84.86808013916016
95.29911804199219
89.09896850585938
94.06599426269531
97.21392822265625
69.07035064697266
97.62852478027344
95.05481719970703
90.32904815673828
97.95260620117188
89.38800048828125
94.534912109375
96.53502655029297
58.939205169677734
95.86808013916016
93.47305297851562
87.6705322265625
96.01266479492188
87.22010803222656
92.6212158203125
94.47407531738281
62.890316009521484
93.82743835449219
91.2405776977539
84.91325378417969
94.24703216552734
86.85792541503906
91.61482238769531
94.00294494628906
63.754398345947266
94.70807647705078
92.37781524658203
87.73408508300781
95.71701049804688
87.59524536132812
92.63207244873047
95.05841827392578
64.10408782958984
94.60865020751953
92.24867248535156
86.78815460205078
94.62518310546875
85.2738265991211
91.54325103759766
93.8321533203125
68.65455627441406
94.99129486083984
93.62635040283203
88.23429870605469
97.38562774658203
89.31218719482422
95.35015106201172
97.6180419921875
64.82182312011719
98.27398681640625
96.2112045288086
91.07321166992188
100.16627502441406
92.63822937011719
97.88738250732422
100.6163101196289
54.01749038696289
100.8724365234375
98.52741241455078
93.08251190185547
101.02051544189453
91.4239501953125
96.76741027832031
97.4371337890625
72.24027252197266
95.16809844970703
92.74801635742188
86.47439575195312
95.5488052368164
86.78048706054688
93.9634017944336
96.22267150878906
71.99882507324219
96.98130798339844
95.044921875
88.613525390625
97.74606323242188
90.02507019042969
94.90135955810547
97.4765625
68.50336456298828
98.70429992675781
96.59303283691406
92.51567077636719
100.96676635742188
93.3710708618164
98.32634735107422
101.22351837158203
72.8060302734375
101.21764373779297
98.76615905761719
94.15589904785156
101.75767517089844
92.87384033203125
99.46245574951172
102.30668640136719
73.78346252441406
103.42298889160156
101.82147216796875
96.2799072265625
105.11188507080078
96.49003601074219
102.02174377441406
103.86819458007812
71.04740142822266
103.22775268554688
100.30858612060547
94.76072692871094
102.54300689697266
94.0699691772461
98.59553527832031
100.85405731201172
72.17039489746094
99.70602416992188
96.76222229003906
91.27556610107422
97.25617980957031
84.326416015625
90.64556121826172
89.2759780883789
71.51057434082031
81.49165344238281
75.54267883300781
65.35066223144531
67.76361846923828
64.37345123291016
72.82081604003906
75.89801025390625
64.05023956298828
71.69429779052734
70.45855712890625
68.7726058959961
75.83165740966797
66.98920440673828
77.56928253173828
80.90962982177734
62.111351013183594
83.47120666503906
83.32970428466797
77.79570770263672
87.67173767089844
79.69896697998047
86.15599060058594
88.46099090576172
58.37041091918945
89.0819091796875
86.53995513916016
81.76484680175781
89.2418441772461
81.0068588256836
85.31478881835938
87.04232025146484
63.35071563720703
85.0970458984375
79.5177230834961
74.58314514160156
78.11027526855469
67.74642181396484
74.42545318603516
80.08509826660156
65.3214111328125
85.3232421875
86.20066833496094
80.37760925292969
91.20669555664062
82.82882690429688
89.04340362548828
90.5920639038086
63.19964599609375
90.03719329833984
86.73043060302734
80.37491607666016
88.70011138916016
81.06488037109375
84.57044982910156
87.36834716796875
59.75831604003906
87.86224365234375
85.66393280029297
80.91548156738281
88.7958984375
79.89517211914062
85.50940704345703
87.3180923461914
60.400291442871094
86.39049530029297
84.29183959960938
78.42520141601562
86.28756713867188
