87.46577453613281
88.23899841308594
93.42233276367188
80.27024841308594
92.8501968383789
93.21577453613281
86.16230010986328
95.767578125
88.846923828125
93.75988006591797
93.55196380615234
83.4035415649414
93.01032257080078
85.28723907470703
87.51712036132812
90.06767272949219
78.18379211425781
87.27040100097656
87.57655334472656
78.79059600830078
86.08894348144531
86.94769287109375
70.16631317138672
88.72434997558594
83.91895294189453
85.18775939941406
87.84251403808594
68.5693359375
85.85863494873047
83.30278778076172
76.20811462402344
84.27376556396484
75.55326843261719
78.9936752319336
81.24274444580078
58.08156204223633
79.51615142822266
76.54922485351562
69.34706115722656
77.69219207763672
69.12689208984375
74.67306518554688
74.81175994873047
65.0318832397461
76.07086181640625
71.20480346679688
70.42770385742188
75.10768127441406
66.4217758178711
73.6628646850586
74.36656951904297
66.00922393798828
73.68885803222656
71.82242584228516
63.92489242553711
70.89068603515625
69.20452117919922
64.26142883300781
68.64563751220703
66.7918701171875
55.38432693481445
60.543697357177734
69.61182403564453
68.95594024658203
62.388084411621094
72.59290313720703
71.5303726196289
71.3713607788086
77.15637969970703
76.58522033691406
73.25641632080078
81.01557159423828
77.49739837646484
77.25712585449219
83.51837158203125
75.04782104492188
82.94488525390625
85.8783187866211
75.107666015625
89.10912322998047
85.29765319824219
87.4461669921875
88.61763763427734
76.3034439086914
88.20431518554688
82.8443603515625
81.87000274658203
86.78829193115234
74.14996337890625
84.262939453125
84.6604232788086
67.52239990234375
84.81035614013672
81.60665893554688
77.3412094116211
84.55792236328125
76.21441650390625
80.92233276367188
83.61495971679688
62.00932693481445
82.82740783691406
80.8638916015625
73.35105895996094
83.26747131347656
75.64927673339844
79.03547668457031
82.08647155761719
60.665618896484375
81.37435913085938
79.74516296386719
72.7889633178711
82.08325958251953
74.62805938720703
78.17405700683594
81.12305450439453
61.93131637573242
81.76771545410156
78.4033203125
76.4604263305664
83.01341247558594
71.83777618408203
81.69256591796875
82.79507446289062
67.35096740722656
84.22552490234375
82.82122802734375
77.44918060302734
86.90545654296875
80.16117095947266
84.78269958496094
87.9139633178711
49.5581169128418
88.5230941772461
85.28618621826172
81.91694641113281
88.52162170410156
82.61481475830078
84.73562622070312
89.36753845214844
77.7565689086914
89.00372314453125
90.51500701904297
81.35838317871094
93.35530853271484
87.6236801147461
91.43968963623047
92.10991668701172
80.72834014892578
92.07011413574219
86.03569793701172
86.51078796386719
90.60220336914062
76.83634185791016
88.55736541748047
88.67427062988281
76.39169311523438
89.21038818359375
86.22673034667969
82.49959564208984
89.47654724121094
82.4616470336914
85.92672729492188
89.18049621582031
76.03668975830078
88.4119644165039
88.3699722290039
75.8074722290039
90.40505981445312
86.29902648925781
85.96253204345703
91.71626281738281
79.96160125732422
91.72628784179688
90.20523834228516
85.95745849609375
91.96989440917969
79.912109375
88.96829986572266
88.53962707519531
73.8034896850586
88.73387908935547
84.11032104492188
81.7995834350586
87.52548217773438
78.2172622680664
83.9588851928711
86.02975463867188
69.92549896240234
85.19441986083984
83.85081481933594
75.05626678466797
86.44227600097656
79.48995971679688
83.3093490600586
86.14873504638672
65.38739776611328
86.58003997802734
83.68916320800781
80.59835052490234
87.97274780273438
78.71807861328125
86.28545379638672
88.41478729248047
69.28565979003906
89.54627990722656
87.68162536621094
82.24411010742188
91.57434844970703
85.0459976196289
88.7216796875
92.53662872314453
74.31004333496094
92.6265869140625
92.09426879882812
84.1786880493164
95.03273010253906
88.1571273803711
92.56044006347656
94.55879211425781
78.70035552978516
94.52729034423828
90.12635803222656
88.04251861572266
93.40489959716797
80.77185821533203
90.23941040039062
90.7823486328125
74.01776123046875
90.3660659790039
86.88887786865234
81.56430053710938
88.99253845214844
81.80590057373047
83.78587341308594
86.66447448730469
70.04621124267578
83.76969146728516
82.66645812988281
69.90188598632812
82.42399597167969
76.14896392822266
76.19227600097656
79.50840759277344
66.04448699951172
79.07003021240234
75.29474639892578
74.76178741455078
80.74213409423828
69.11161041259766
79.9041976928711
80.87506866455078
66.57054901123047
82.239501953125
79.00153350830078
76.03443145751953
82.68423461914062
75.32605743408203
79.55657958984375
81.93070983886719
67.29668426513672
80.44239807128906
79.75386047363281
68.43206024169922
80.46613311767578
75.20478057861328
74.92121124267578
78.66927337646484
66.18905639648438
77.35952758789062
75.50165557861328
72.05168151855469
79.51952362060547
68.85374450683594
79.70075988769531
81.19322204589844
68.02781677246094
83.61549377441406
80.52107238769531
78.59840393066406
85.66519165039062
76.42059326171875
83.97048950195312
86.30940246582031
68.98023986816406
87.09495544433594
85.36443328857422
79.41038513183594
88.6597900390625
82.47425842285156
85.13802337646484
89.35356140136719
72.31954193115234
88.94690704345703
88.4320068359375
79.42992401123047
90.80921173095703
84.31643676757812
87.64190673828125
90.39768981933594
72.55957794189453
90.02508544921875
86.75884246826172
82.87602233886719
89.47688293457031
78.77510833740234
86.33848571777344
86.88485717773438
69.43738555908203
86.6966781616211
82.1120376586914
80.37598419189453
84.98475646972656
70.14730834960938
81.43856811523438
80.209228515625
72.16516876220703
78.92511749267578
77.46544647216797
68.19055938720703
77.68972778320312
73.86054992675781
70.05845642089844
76.83049774169922
66.54322814941406
74.63737487792969
73.64433288574219
67.52017974853516
75.08174896240234
66.01490020751953
73.55171966552734
73.56114196777344
65.66498565673828
76.070068359375
71.63909149169922
71.3795394897461
77.55632781982422
63.94356918334961
76.7386245727539
77.85836791992188
62.30922317504883
79.37653350830078
76.72708129882812
73.42733764648438
81.1861572265625
74.50035858154297
78.61518096923828
82.04254913330078
65.52134704589844
82.04264068603516
82.04573822021484
71.94190216064453
84.62627410888672
79.3999252319336
80.98622131347656
85.96965026855469
71.92010498046875
86.03346252441406
84.92313385009766
80.67036437988281
87.0022964477539
75.07199096679688
84.31491088867188
83.92363739013672
69.39501953125
83.83114624023438
78.97953796386719
76.9356918334961
82.58118438720703
72.71124267578125
79.08236694335938
80.82836151123047
58.89483642578125
80.59921264648438
78.96575164794922
72.54802703857422
82.29348754882812
75.3271713256836
80.04672241210938
83.9543685913086
63.19010925292969
84.73004150390625
84.5014419555664
76.57241821289062
88.20403289794922
82.0388412475586
86.01051330566406
89.31151580810547
71.71865844726562
90.23777770996094
87.87126922607422
84.7117919921875
91.30412292480469
78.90274810791016
88.97921752929688
88.47028350830078
76.35763549804688
88.54405212402344
84.85330963134766
80.82054138183594
88.14413452148438
82.17903900146484
83.97349548339844
88.00142669677734
71.93653106689453
87.10087585449219
86.33854675292969
77.99923706054688
88.23760986328125
80.92534637451172
85.53877258300781
88.29460906982422
69.0926284790039
89.14750671386719
86.14244079589844
83.77555847167969
90.25444793701172
79.40403747558594
88.3157958984375
90.2264633178711
68.2940444946289
90.99024963378906
88.93805694580078
83.6828384399414
92.51695251464844
85.04644012451172
89.4624252319336
92.49726867675781
67.249755859375
92.2771987915039
90.51710510253906
84.51803588867188
93.03911590576172
83.60333251953125
89.73602294921875
90.6572494506836
69.56980895996094
89.7322769165039
87.9466781616211
80.44174194335938
90.71623229980469
83.40555572509766
87.80977630615234
90.11051940917969
65.8552017211914
90.37305450439453
87.7789306640625
83.8428955078125
91.85845947265625
83.2347640991211
89.87218475341797
92.16009521484375
64.20753479003906
92.8580093383789
90.59912109375
85.89735412597656
94.16250610351562
86.27176666259766
91.36692810058594
94.08341217041016
67.8868637084961
94.06245422363281
92.33030700683594
85.62293243408203
95.13797760009766
87.68339538574219
91.99057006835938
94.53562927246094
69.78089904785156
94.2903060913086
91.03822326660156
86.9402084350586
93.89578247070312
84.9947280883789
90.8357162475586
93.07337951660156
62.65853500366211
93.16796112060547
90.72444152832031
85.90080261230469
93.90058135986328
85.42447662353516
90.97634887695312
93.5731430053711
69.61909484863281
93.65599822998047
92.26722717285156
85.13107299804688
95.20352172851562
88.01083374023438
92.25348663330078
94.7147216796875
73.15270233154297
94.42081451416016
90.77274322509766
87.48291015625
93.23770141601562
81.8232192993164
89.63898468017578
90.03136444091797
73.711181640625
88.67420959472656
85.44390869140625
78.94180297851562
85.7149658203125
79.05931091308594
77.40682983398438
80.70478820800781
72.34994506835938
67.9931640625
71.51315307617188
71.77103424072266
74.70280456542969
72.61302947998047
79.25460052490234
83.10809326171875
70.98589324951172
85.69784545898438
85.23326110839844
78.38220977783203
89.35868835449219
84.38136291503906
86.36796569824219
91.27581787109375
75.58446502685547
91.41693115234375
91.21820831298828
84.51293182373047
94.02422332763672
85.8686294555664
91.58200073242188
92.45851135253906
75.84016418457031
92.30992126464844
88.05110931396484
85.36289978027344
91.55525970458984
81.06307983398438
88.47360229492188
89.40906524658203
73.02542877197266
88.68038940429688
86.68019104003906
77.96536254882812
89.12271881103516
84.50344848632812
85.27783966064453
89.94500732421875
73.3893814086914
89.27095794677734
86.63604736328125
82.3525619506836
89.14984893798828
78.98225402832031
86.31626892089844
87.65379333496094
65.36125183105469
88.021240234375
84.85769653320312
80.79481506347656
88.24517822265625
79.4267349243164
85.06220245361328
87.18363189697266
66.31951904296875
86.79785919189453
85.39081573486328
77.17000579833984
87.8780288696289
81.96048736572266
84.27860260009766
87.82936096191406
70.0832290649414
87.44403839111328
84.1986312866211
80.72743225097656
86.45210266113281
