67.8704605102539
72.21491241455078
76.90376281738281
57.168514251708984
79.89249420166016
78.14704132080078
73.380126953125
83.51329040527344
75.5035171508789
83.90266418457031
85.01664733886719
59.09343338012695
81.3360366821289
75.58422088623047
70.50994110107422
76.56623840332031
64.66941833496094
66.58627319335938
58.95521926879883
51.658748626708984
61.07057571411133
64.24214172363281
57.2679443359375
73.11749267578125
67.68733215332031
73.42890167236328
77.99417877197266
62.42878723144531
83.45494842529297
80.39202117919922
77.78533935546875
81.76344299316406
71.95169067382812
74.83293151855469
75.7339859008789
45.578487396240234
72.03837585449219
70.28028106689453
66.61807250976562
71.4004135131836
63.00825881958008
65.1171646118164
67.07711791992188
55.33165740966797
63.95589828491211
65.25677490234375
56.9029426574707
65.84408569335938
60.10923385620117
65.66423797607422
67.46532440185547
48.95608139038086
70.1464614868164
66.86042022705078
62.99184036254883
72.26436614990234
64.75251007080078
68.25051879882812
72.01988983154297
58.60593795776367
71.7712173461914
71.59376525878906
65.76319122314453
72.50051879882812
65.84393310546875
70.59446716308594
72.44161224365234
50.91973876953125
74.71513366699219
72.18717956542969
68.11807250976562
76.91179656982422
68.00332641601562
75.31010437011719
78.71296691894531
58.6498908996582
80.65457153320312
79.82843017578125
76.04071807861328
85.52129364013672
78.56976318359375
86.33329010009766
90.08025360107422
70.64443969726562
92.80913543701172
90.26515197753906
85.08235168457031
92.05889892578125
82.26395416259766
87.96456146240234
89.62396240234375
59.191829681396484
89.13743591308594
86.79261779785156
81.21090698242188
89.60083770751953
81.13411712646484
84.37683868408203
84.28824615478516
59.51832580566406
77.82624816894531
71.4332275390625
69.60529327392578
76.54508209228516
66.08735656738281
76.76329040527344
79.54849243164062
55.271629333496094
81.80680847167969
80.68101501464844
75.99122619628906
84.66860961914062
76.90900421142578
82.41122436523438
85.30101013183594
47.17197799682617
86.44503021240234
84.78746032714844
79.69718933105469
88.99209594726562
81.50472259521484
87.453369140625
90.80743408203125
61.00445556640625
92.5068588256836
91.85708618164062
86.16666412353516
97.04659271240234
91.81964874267578
93.96134948730469
97.38426208496094
78.0992431640625
94.30104064941406
91.52691650390625
83.23541259765625
91.50725555419922
83.17215728759766
86.83927154541016
88.70884704589844
57.0140266418457
86.49895477294922
83.18370056152344
79.64423370361328
88.19136047363281
80.25182342529297
88.09544372558594
91.47991180419922
65.6007308959961
92.96660614013672
89.8095703125
83.62791442871094
91.20411682128906
82.24854278564453
86.64857482910156
88.78202056884766
60.86951446533203
88.26448059082031
86.51097106933594
80.9991455078125
90.31635284423828
83.2345199584961
88.43379974365234
91.92042541503906
67.08448791503906
93.74015808105469
92.97996520996094
86.88568878173828
97.18647003173828
90.65833282470703
94.40361022949219
97.53311920166016
74.9621353149414
96.91720581054688
94.7996826171875
88.47476196289062
96.96329498291016
88.57661437988281
93.43941497802734
95.61097717285156
66.02013397216797
95.81632232666016
93.56439208984375
88.21675109863281
96.74217987060547
88.59862518310547
93.84648132324219
96.53369903564453
55.29454803466797
96.88197326660156
95.0219955444336
89.4769515991211
98.5827865600586
90.9658432006836
96.21124267578125
99.30792999267578
69.08851623535156
100.15667724609375
98.76112365722656
92.3055419921875
101.97027587890625
94.86377716064453
97.92972564697266
100.3568115234375
77.52720642089844
98.24280548095703
95.33069610595703
88.04736328125
95.95991516113281
87.31183624267578
90.94474792480469
92.53984832763672
67.04061126708984
90.9980239868164
88.28557586669922
81.7358627319336
89.85191345214844
81.15174102783203
85.439208984375
87.67450714111328
54.787899017333984
86.57898712158203
84.0018310546875
77.0933609008789
85.97095489501953
79.04557037353516
80.9521713256836
82.36302947998047
66.69342041015625
78.39259338378906
72.84880828857422
68.60316467285156
71.64310455322266
63.35093307495117
71.33795166015625
71.71764373779297
51.84516525268555
74.59688568115234
72.46981811523438
67.82275390625
75.55596160888672
66.52243041992188
72.91156768798828
74.61762237548828
58.094398498535156
74.05952453613281
71.47410583496094
67.05691528320312
73.75300598144531
66.16517639160156
70.61836242675781
71.79301452636719
54.346309661865234
73.42890930175781
70.11123657226562
64.48145294189453
73.27113342285156
67.682861328125
72.09026336669922
76.35942077636719
32.70295715332031
78.65147399902344
77.43006134033203
69.84050750732422
79.1729736328125
69.75769805908203
74.94233703613281
76.69488525390625
50.1984748840332
75.46945190429688
72.06803894042969
66.10184478759766
75.17488861083984
68.49813079833984
75.58499145507812
80.88917541503906
57.547176361083984
83.97013092041016
83.38754272460938
77.63521575927734
85.6590576171875
77.91201782226562
82.95942687988281
85.01571655273438
52.00116729736328
86.24229431152344
84.24034118652344
79.9983139038086
88.49586486816406
80.31729125976562
87.05035400390625
90.0555191040039
59.67285919189453
91.85565948486328
90.70146179199219
86.2743911743164
95.33875274658203
88.04573059082031
93.25151824951172
95.6611099243164
62.17403793334961
94.4244613647461
91.33464050292969
84.73109436035156
92.23304748535156
83.1971664428711
87.53450012207031
89.0740737915039
58.553199768066406
87.86048889160156
84.98324584960938
79.61248016357422
87.04328918457031
78.32548522949219
83.64409637451172
85.93912506103516
55.865440368652344
85.92328643798828
83.6509017944336
78.89393615722656
87.37934112548828
78.77651977539062
85.01081085205078
87.72590637207031
54.291744232177734
86.9493408203125
83.48912811279297
78.86569213867188
86.31574249267578
78.6561050415039
86.08553314208984
89.44686889648438
59.86855697631836
90.97562408447266
88.79037475585938
80.7547607421875
88.53594207763672
78.66350555419922
82.213623046875
83.16941833496094
53.57615280151367
79.58110046386719
76.25765991210938
70.2549057006836
76.26415252685547
65.963623046875
72.06367492675781
73.01263427734375
49.14676284790039
69.63731384277344
66.81719207763672
63.12820053100586
67.73097229003906
60.01600646972656
62.000205993652344
66.12049865722656
44.33348846435547
67.44517517089844
64.90882873535156
59.18046188354492
69.2224349975586
62.56797409057617
65.92646026611328
71.35493469238281
50.23196792602539
74.1711196899414
71.99221801757812
66.09552001953125
73.94548034667969
64.77433776855469
71.19551086425781
72.43948364257812
56.34424591064453
73.36260223388672
69.74120330810547
65.2686996459961
75.74539184570312
66.6541519165039
73.4441909790039
76.96807098388672
51.833702087402344
78.46894836425781
77.70614624023438
74.80127716064453
83.49825286865234
77.85184478759766
83.50494384765625
87.28060913085938
66.71771240234375
89.63534545898438
88.79976654052734
80.24909210205078
89.50633239746094
79.58570861816406
83.62764739990234
84.2626953125
51.68588638305664
83.18186950683594
80.22929382324219
74.89954376220703
82.03350830078125
72.76068878173828
79.75688934326172
82.64352416992188
57.51591491699219
82.87271118164062
80.34335327148438
75.76608276367188
83.49665832519531
74.49137115478516
79.96295166015625
82.21967315673828
51.85954666137695
82.09994506835938
79.53356170654297
72.9416732788086
82.25250244140625
73.32374572753906
78.72481536865234
81.56321716308594
54.38357162475586
81.60282897949219
79.94409942626953
75.71266174316406
84.15144348144531
75.41120910644531
81.58024597167969
83.6932144165039
46.814918518066406
83.93868255615234
81.74610137939453
76.90331268310547
85.02821350097656
77.1089096069336
82.15422821044922
84.37187194824219
52.44758605957031
84.37214660644531
82.60050964355469
77.68389892578125
86.3130874633789
78.06918334960938
83.8844223022461
86.85964965820312
58.84077072143555
87.52161407470703
85.82112884521484
80.75585174560547
89.88473510742188
82.82360076904297
88.0667724609375
91.17688751220703
66.07347869873047
91.21732330322266
88.7961196899414
81.45384216308594
88.83352661132812
78.17204284667969
81.4992904663086
81.49378204345703
59.18211364746094
79.60745239257812
77.68832397460938
74.21878051757812
82.23807525634766
75.23430633544922
81.5952377319336
84.78805541992188
51.50885772705078
86.832275390625
85.69410705566406
81.5585708618164
90.89374542236328
84.10871124267578
90.0633773803711
93.7197036743164
63.400691986083984
95.28272247314453
93.78221893310547
87.71205139160156
96.53045654296875
88.38607788085938
92.44263458251953
94.31181335449219
64.07401275634766
93.44618225097656
90.94134521484375
85.89491271972656
94.53651428222656
86.60203552246094
91.47538757324219
93.84677124023438
60.0186767578125
93.38174438476562
91.17044067382812
85.29370880126953
93.93388366699219
86.03253936767578
90.93973541259766
93.56275939941406
63.69624710083008
93.71025085449219
91.91059112548828
84.89290618896484
93.5934829711914
85.12340545654297
87.35394287109375
88.20796203613281
65.4849853515625
83.60514831542969
79.00060272216797
70.44588470458984
76.6098861694336
67.26766204833984
68.7658920288086
69.81693267822266
55.09585189819336
70.88883209228516
70.01995086669922
63.81772994995117
73.33757019042969
65.59899139404297
72.1869125366211
74.00131225585938
54.48905563354492
76.69226837158203
75.63519287109375
73.00177764892578
81.20577239990234
74.16800689697266
78.9876937866211
81.66670989990234
62.828887939453125
80.51007080078125
78.60924530029297
73.1299819946289
81.68623352050781
73.19815063476562
77.47116088867188
78.88121032714844
28.8464298248291
74.18984985351562
69.0121078491211
59.866172790527344
61.82400131225586
47.07054901123047
63.21098709106445
72.38357543945312
52.433536529541016
75.56543731689453
74.23301696777344
68.75967407226562
77.05647277832031
67.40721893310547
73.6324234008789
75.69702911376953
54.78196334838867
77.13007354736328
76.00975036621094
71.16121673583984
80.0837173461914
72.8708724975586
78.19600677490234
81.72679901123047
56.81554412841797
82.44673919677734
81.16963195800781
75.66680908203125
84.04659271240234
75.30122375488281
78.93856811523438
80.38509368896484
61.84986877441406
78.56786346435547
75.23663330078125
71.0186767578125
78.42170715332031
