69.6740951538086
67.0501708984375
70.12757110595703
72.2414321899414
72.46178436279297
74.195556640625
75.36280059814453
77.92452239990234
77.07205963134766
79.05525207519531
77.89302062988281
75.39289855957031
73.38704681396484
72.50434875488281
68.54154968261719
65.20855712890625
65.08033752441406
57.371551513671875
59.5417594909668
52.62727355957031
56.4846076965332
59.985557556152344
60.10100555419922
64.27996063232422
69.37138366699219
69.91061401367188
74.72663116455078
74.38509368896484
77.13359069824219
76.24182891845703
76.5054931640625
71.88287353515625
72.7316665649414
69.3665771484375
68.88996887207031
65.73918151855469
64.83452606201172
63.20359420776367
61.11074447631836
61.972320556640625
62.84878158569336
62.75978469848633
64.01004791259766
54.9830207824707
65.47508239746094
54.615272521972656
59.22003936767578
60.571014404296875
46.70673370361328
63.90867614746094
57.999298095703125
63.6866569519043
63.31460189819336
61.2625617980957
64.61676788330078
59.62397766113281
68.46417236328125
65.12369537353516
65.82601928710938
65.72470092773438
66.16285705566406
68.58546447753906
65.03751373291016
66.36335754394531
66.19490814208984
66.23922729492188
67.73416137695312
65.89580535888672
69.47649383544922
67.78154754638672
71.24795532226562
70.29434204101562
70.83699035644531
72.15697479248047
71.01353454589844
73.29444122314453
74.13774108886719
76.50237274169922
77.60774230957031
79.1641845703125
81.2235336303711
82.78951263427734
84.74337005615234
85.72261810302734
86.7769546508789
85.67666625976562
85.44990539550781
84.23809814453125
83.60173797607422
83.09638214111328
82.33282470703125
82.70891571044922
81.8423080444336
82.55386352539062
81.87822723388672
82.33143615722656
81.82438659667969
81.25904083251953
79.86280059814453
77.42896270751953
73.56311798095703
68.38124084472656
67.76544189453125
68.37129974365234
69.13688659667969
72.39578247070312
73.29045104980469
73.98240661621094
73.78643798828125
75.1959457397461
76.4095687866211
76.80175018310547
77.88982391357422
77.16862487792969
78.8031234741211
79.23627471923828
79.49526977539062
80.06370544433594
80.69770812988281
81.43144226074219
81.73554992675781
83.19048309326172
83.06024932861328
84.04877471923828
85.00507354736328
86.08598327636719
87.23485565185547
88.09713745117188
89.81684875488281
90.20133972167969
90.99657440185547
90.0422134399414
89.2729263305664
87.54935455322266
85.94110107421875
84.46874237060547
83.01564025878906
81.19380187988281
80.24199676513672
78.0162353515625
77.35653686523438
78.31163024902344
79.79341888427734
81.11506652832031
82.95781707763672
84.33704376220703
85.88014221191406
86.3651351928711
86.42903900146484
85.60203552246094
84.89404296875
84.00310516357422
82.76414489746094
82.70641326904297
81.59677124023438
81.95753479003906
80.88362884521484
81.38721466064453
81.63784790039062
82.3320541381836
82.7558822631836
83.26136779785156
84.29232025146484
84.75714874267578
86.08037567138672
86.97872924804688
88.28437042236328
89.3678207397461
90.35653686523438
90.93456268310547
91.33535766601562
91.73847961425781
91.47142028808594
91.45036315917969
91.0377426147461
90.82093048095703
90.29302215576172
90.24290466308594
89.76036071777344
89.56586456298828
89.2754898071289
88.91651153564453
89.291015625
89.06065368652344
89.38591766357422
89.26431274414062
89.49564361572266
89.5434799194336
89.59992980957031
89.988037109375
90.07759857177734
90.64093780517578
90.66763305664062
91.18463134765625
91.55554962158203
91.93866729736328
92.60877227783203
93.10752868652344
93.7615737915039
94.0418930053711
94.47666931152344
94.45740509033203
94.28257751464844
93.73162078857422
93.13829040527344
92.1577377319336
91.05278778076172
90.01509857177734
88.87799835205078
88.16992950439453
86.78814697265625
86.16650390625
85.18123626708984
84.4693603515625
83.95604705810547
82.8230209350586
82.55261993408203
81.2874526977539
80.97779083251953
80.51099395751953
80.06243133544922
79.85676574707031
78.70787811279297
78.95053100585938
77.85330963134766
78.31257629394531
76.80272674560547
77.1073989868164
76.16576385498047
74.8759994506836
74.17438507080078
71.50637817382812
70.69051361083984
67.15401458740234
68.17431640625
66.21064758300781
65.65514373779297
68.11105346679688
64.24520874023438
68.88180541992188
67.5415267944336
67.90753173828125
68.40593719482422
65.9540023803711
68.64542388916016
67.27731323242188
67.03325653076172
67.62535858154297
66.28595733642578
67.73844146728516
65.08814239501953
68.63763427734375
65.42311096191406
67.4214859008789
67.6869125366211
64.73450469970703
68.9863510131836
66.75052642822266
69.8459243774414
72.15115356445312
71.32215881347656
74.7249984741211
74.67407989501953
74.51701354980469
73.10778045654297
73.36974334716797
72.07704162597656
72.11581420898438
71.7970199584961
68.22454071044922
70.5845947265625
68.11161041259766
67.9106216430664
68.45925903320312
71.0802001953125
75.35843658447266
77.17526245117188
79.22052764892578
79.7502670288086
80.27902221679688
80.1065444946289
79.59127044677734
79.53108978271484
79.26058959960938
80.17752838134766
80.01214599609375
81.10047149658203
81.4009017944336
82.24300384521484
82.86687469482422
83.57452392578125
84.15826416015625
84.93103790283203
85.89163208007812
86.1019058227539
86.84115600585938
87.17826080322266
87.37391662597656
87.53856658935547
87.46965789794922
87.14993286132812
86.31063079833984
85.8779067993164
84.70382690429688
84.21855163574219
82.93193054199219
82.6303939819336
81.42469787597656
81.07917785644531
80.77509307861328
80.13951873779297
79.97996520996094
79.33533477783203
79.19852447509766
78.57081604003906
79.02433013916016
78.8041763305664
79.59739685058594
79.05049896240234
79.56165313720703
79.99004364013672
80.6147232055664
80.99156188964844
81.28077697753906
81.11691284179688
80.35614013671875
79.20259857177734
78.72537231445312
78.18577575683594
79.68205261230469
80.34784698486328
82.46871185302734
83.14298248291016
83.4474868774414
82.6193618774414
80.87567901611328
80.2378921508789
77.81909942626953
77.34366607666016
74.64002990722656
74.65914916992188
71.4211196899414
70.24677276611328
70.09027862548828
67.54435729980469
67.03372192382812
65.80369567871094
64.45421600341797
62.24391174316406
61.848411560058594
63.44239807128906
59.46698760986328
61.66902160644531
57.02268981933594
62.66135025024414
60.48918914794922
60.606937408447266
62.316490173339844
61.67585754394531
62.23710632324219
62.83622741699219
62.07246017456055
65.68807983398438
65.28997802734375
66.81855773925781
64.91946411132812
68.48661041259766
69.94819641113281
67.93595886230469
69.9307632446289
68.1861801147461
68.83867645263672
67.1444091796875
66.14327239990234
67.21178436279297
67.78479766845703
67.2138442993164
67.48603820800781
67.62105560302734
68.39453125
68.98916625976562
71.51209259033203
71.61995697021484
72.84690856933594
74.08519744873047
76.47438049316406
77.72095489501953
79.72003936767578
81.3655776977539
82.5601577758789
83.65631103515625
83.9891586303711
84.17347717285156
83.00428009033203
82.25981140136719
79.9317398071289
77.24835205078125
75.04423522949219
72.83753967285156
71.86851501464844
70.9742660522461
71.4364013671875
72.19293975830078
74.3882064819336
74.90900421142578
74.2421875
75.07066345214844
73.93531799316406
74.72602081298828
74.16511535644531
74.32878875732422
74.00316619873047
74.64800262451172
74.20996856689453
72.9033203125
73.75102233886719
74.01962280273438
73.4008560180664
73.7236099243164
74.08617401123047
74.71414184570312
74.80508422851562
75.84400939941406
76.42877197265625
76.62934112548828
76.79711151123047
76.89064025878906
77.39070129394531
76.73970794677734
77.9130630493164
77.3576431274414
77.3774185180664
76.91459655761719
77.32048797607422
78.0904312133789
77.24301147460938
77.460693359375
77.93131256103516
77.7430419921875
78.18074798583984
78.59231567382812
79.23773956298828
79.00360870361328
80.17189025878906
80.20526885986328
80.80330657958984
81.1698226928711
81.97401428222656
82.20899200439453
83.2678451538086
83.72865295410156
84.45791625976562
84.71622467041016
84.56333923339844
84.05445098876953
82.58989715576172
81.10926055908203
78.87151336669922
76.5625228881836
74.13382720947266
72.53661346435547
72.2046890258789
73.50934600830078
74.13002014160156
75.49295806884766
76.03485870361328
77.0904541015625
78.02832794189453
78.7753677368164
80.14524841308594
80.74390411376953
82.00077819824219
83.36852264404297
84.50144958496094
85.53720092773438
86.69300079345703
87.6484603881836
88.73397827148438
89.31111907958984
89.57998657226562
89.57646179199219
89.11449432373047
88.85063171386719
88.1943130493164
87.7904052734375
87.30287170410156
87.2298812866211
87.48575592041016
87.38356018066406
87.50951385498047
86.9947509765625
87.15093231201172
86.68035888671875
86.47322082519531
86.22320556640625
86.15705108642578
86.46882629394531
86.18228149414062
86.48937225341797
86.61459350585938
86.69470977783203
86.69190216064453
86.89014434814453
86.84644317626953
86.0050048828125
84.98988342285156
82.67916870117188
81.07569122314453
78.42418670654297
75.89061737060547
73.25679016113281
70.96199035644531
68.71920776367188
64.59947967529297
65.73310852050781
66.99337005615234
67.45348358154297
68.21570587158203
68.9840087890625
71.32286071777344
69.27230072021484
69.77311706542969
70.37229919433594
69.60309600830078
70.36048889160156
71.7052993774414
73.17668151855469
73.82000732421875
74.48429870605469
75.98087310791016
75.69497680664062
76.41885375976562
75.55908203125
75.89891815185547
75.6668472290039
76.18610382080078
75.69878387451172
74.49290466308594
73.63267517089844
71.94200134277344
69.0857162475586
66.50463104248047
63.30719757080078
53.19159698486328
57.97614669799805
61.053035736083984
61.95054244995117
67.55305480957031
68.7763900756836
69.81629943847656
69.6346435546875
68.76728057861328
69.3433609008789
69.22966766357422
69.5547866821289
70.22163391113281
70.30912017822266
71.65782928466797
71.03490447998047
73.06196594238281
72.97195434570312
73.1531753540039
75.33534240722656
75.55402374267578
76.57592010498047
76.3688735961914
77.07200622558594
77.01832580566406
77.1414794921875
75.93009948730469
75.62461853027344
73.62109375
72.51994323730469
71.98040771484375
70.15266418457031
71.0300521850586
