68.56897735595703
74.28726196289062
77.81281280517578
50.97810745239258
78.60884094238281
79.0059814453125
77.42924499511719
85.57512664794922
78.61246490478516
82.90289306640625
84.2176513671875
64.69256591796875
77.81076049804688
71.89117431640625
69.14795684814453
74.03972625732422
66.25377655029297
62.10936737060547
65.81105041503906
55.872005462646484
67.62285614013672
67.43927764892578
57.22610092163086
72.7020263671875
66.69109344482422
76.38892364501953
81.34725189208984
58.13724136352539
84.33164978027344
80.92781829833984
74.1601791381836
79.85092163085938
68.3291244506836
74.52181243896484
75.3985595703125
54.217811584472656
72.63449096679688
68.95110321044922
61.20054626464844
70.81520080566406
62.13664627075195
64.53595733642578
67.90744018554688
52.71253204345703
66.12858581542969
65.18982696533203
50.236289978027344
68.41856384277344
54.29450225830078
66.92538452148438
68.35799407958984
52.54020690917969
68.14328002929688
67.97248077392578
60.43107604980469
72.56122589111328
61.51591491699219
69.02322387695312
72.95730590820312
53.8884162902832
73.64988708496094
71.5530776977539
65.5379638671875
74.43103790283203
68.16161346435547
71.64161682128906
73.82962799072266
51.50259017944336
74.74214172363281
74.05201721191406
64.82530975341797
76.5468521118164
70.59274291992188
75.87583923339844
79.3603286743164
43.624813079833984
82.18049621582031
81.62162017822266
76.23097229003906
87.24121856689453
80.09260559082031
88.74971771240234
92.15522766113281
30.380157470703125
92.46366882324219
89.25191497802734
83.27152252197266
90.67398071289062
81.25469970703125
86.62553405761719
88.93203735351562
62.644325256347656
87.90888977050781
85.72430419921875
81.10346221923828
88.75013732910156
81.04303741455078
85.21436309814453
86.62347412109375
65.81690979003906
80.54576873779297
74.8666000366211
70.07420349121094
76.85063171386719
69.81979370117188
76.63776397705078
80.01739501953125
50.245033264160156
81.27952575683594
79.8280258178711
75.46415710449219
84.51850128173828
76.31907653808594
82.17709350585938
85.08065032958984
53.87270736694336
86.04052734375
84.20813751220703
79.70789337158203
88.44428253173828
80.92521667480469
86.19379425048828
89.35677337646484
58.02010726928711
91.12918090820312
89.69667053222656
85.50235748291016
94.95939636230469
88.57166290283203
93.89612579345703
97.5344009399414
73.63532257080078
96.88475036621094
93.78163146972656
85.73930358886719
93.22026062011719
83.67291259765625
85.95993041992188
85.97502899169922
64.8408432006836
83.23948669433594
82.3986587524414
78.28099060058594
88.74334716796875
82.17578887939453
89.44940948486328
92.80706787109375
70.01437377929688
93.81114959716797
90.62419128417969
83.92278289794922
91.42330169677734
82.5834732055664
86.46780395507812
88.40616607666016
61.27005386352539
88.5935287475586
86.53473663330078
80.5283432006836
89.49528503417969
81.82998657226562
87.51338958740234
90.69452667236328
47.963165283203125
92.6371841430664
91.68123626708984
86.64786529541016
96.55035400390625
89.72731018066406
95.02755737304688
98.3219985961914
66.0608139038086
98.45015716552734
96.0619888305664
90.08403778076172
98.4212875366211
90.07050323486328
94.74752044677734
96.84500885009766
61.78530502319336
96.1103744506836
93.48821258544922
88.45468139648438
96.64608001708984
88.48396301269531
93.70608520507812
96.14840698242188
42.984649658203125
96.45238494873047
94.42344665527344
89.30648040771484
97.91777801513672
90.19926452636719
95.484619140625
98.3762435913086
63.124542236328125
99.24337005615234
97.62027740478516
92.33370971679688
101.5518798828125
94.12200927734375
98.82071685791016
101.40387725830078
72.07797241210938
100.12004089355469
97.17819213867188
90.31484985351562
97.94157409667969
88.86348724365234
92.79582977294922
94.2616958618164
60.7501335144043
92.35582733154297
89.3702621459961
83.36521911621094
90.9153060913086
82.05270385742188
86.48063659667969
88.29002380371094
59.03824996948242
87.28007507324219
84.41104888916016
78.89390563964844
86.51069641113281
78.30493927001953
82.19316101074219
84.31452941894531
39.0133056640625
81.69828033447266
77.51819610595703
71.18566131591797
77.92940521240234
67.68199157714844
73.26802825927734
74.09105682373047
46.50944137573242
75.50041961669922
72.61546325683594
67.76203918457031
76.25404357910156
68.30842590332031
73.4906005859375
75.1027603149414
50.90232467651367
75.13411712646484
72.36798858642578
64.68344116210938
74.52922821044922
64.38859558105469
70.57975006103516
72.5806884765625
53.92445755004883
73.95016479492188
70.18860626220703
63.1025276184082
73.6100082397461
65.8947525024414
72.75675201416016
75.54350280761719
47.77235412597656
77.6114273071289
77.63680267333984
72.9472885131836
82.16343688964844
73.6492919921875
77.38533020019531
78.94461059570312
48.34164047241211
77.3775634765625
74.00135803222656
68.39557647705078
76.43074035644531
68.64939880371094
76.57586669921875
80.44554901123047
57.72228240966797
82.85205841064453
81.369873046875
78.44715881347656
86.21989440917969
78.34899139404297
82.84090423583984
85.35535430908203
53.436885833740234
86.30168914794922
84.47946166992188
80.19313049316406
88.79547119140625
81.3568344116211
86.69959259033203
89.87969207763672
61.42471694946289
92.05667114257812
90.39266204833984
85.77629852294922
95.0670166015625
87.29637145996094
93.24999237060547
95.4791488647461
59.46693801879883
94.14254760742188
91.00741577148438
84.59614562988281
92.20311737060547
82.63719177246094
87.4278564453125
88.95428466796875
56.0813102722168
87.35159301757812
84.45243835449219
78.91829681396484
87.06188201904297
78.34485626220703
83.23438262939453
85.67619323730469
56.66358947753906
85.11597442626953
82.9924545288086
78.92134094238281
87.03607177734375
79.78734588623047
84.76925659179688
87.60360717773438
60.15668869018555
88.54645538330078
85.63599395751953
79.56855010986328
86.2964096069336
76.9231185913086
83.25492095947266
86.38681030273438
62.18085479736328
89.40118408203125
87.70060729980469
81.91268920898438
88.83942413330078
78.88077545166016
82.99610900878906
83.54917907714844
34.61351013183594
80.84051513671875
76.89492797851562
70.49996948242188
77.00432586669922
68.74910736083984
71.40300750732422
73.96647644042969
44.7597541809082
71.55162811279297
66.75983428955078
60.853084564208984
70.86106872558594
55.08808898925781
64.00105285644531
65.58332061767578
48.87263488769531
65.77571868896484
63.43210220336914
60.18535614013672
68.57306671142578
61.36506652832031
65.61975860595703
65.81314086914062
48.168331146240234
69.54228210449219
65.63233184814453
58.99946212768555
72.04631805419922
59.77075958251953
69.04998779296875
71.55567932128906
37.55748748779297
72.99205780029297
69.79441833496094
66.71641540527344
73.28673553466797
66.25365447998047
73.80704498291016
77.02092742919922
58.10900115966797
78.43984985351562
77.5031509399414
73.41731262207031
83.36092376708984
76.41392517089844
82.88197326660156
86.77587890625
56.056732177734375
89.37897491455078
88.71695709228516
83.18875122070312
92.37482452392578
84.09873962402344
88.24401092529297
90.330810546875
65.49907684326172
88.07098388671875
84.59133911132812
79.19996643066406
87.31971740722656
78.85829162597656
82.7724609375
82.86637878417969
64.50174713134766
80.01185607910156
76.7088394165039
72.77057647705078
80.9396743774414
72.21416473388672
78.87995147705078
81.29417419433594
56.44159698486328
81.63349151611328
79.49227142333984
73.96141052246094
82.14010620117188
73.76818084716797
78.80418395996094
80.78834533691406
48.83720397949219
81.98113250732422
79.90328216552734
74.84390258789062
83.54458618164062
75.20841979980469
81.07614135742188
83.44327545166016
55.4741325378418
84.02884674072266
81.75772094726562
76.12017059326172
84.87596893310547
74.98131561279297
82.11869049072266
84.35086822509766
44.49470520019531
84.54678344726562
82.24625396728516
76.8241958618164
86.12545013427734
77.64952850341797
83.54890441894531
86.38214111328125
55.46684265136719
87.40824127197266
85.3868179321289
80.52816009521484
89.73052978515625
82.20817565917969
88.03607940673828
91.08124542236328
57.20151901245117
91.7378921508789
89.670166015625
83.47727966308594
90.95659637451172
81.06228637695312
84.66287994384766
84.83676147460938
51.36793518066406
80.78196716308594
76.84379577636719
72.76947021484375
80.96033477783203
72.38114166259766
80.1401138305664
83.3114242553711
53.87018585205078
85.59548950195312
84.21473693847656
80.62677764892578
89.58687591552734
83.06478881835938
88.97640991210938
92.5511245727539
61.15455627441406
94.44969177246094
93.20343780517578
87.74295806884766
96.85781860351562
88.81401824951172
93.04366302490234
95.01750183105469
60.24776077270508
93.9216079711914
91.05347442626953
85.65229797363281
94.15776062011719
86.56523132324219
91.82688903808594
94.22317504882812
52.40693283081055
93.95917510986328
91.53469848632812
85.6385498046875
94.21656799316406
85.94428253173828
90.97176361083984
93.55469512939453
56.26288986206055
93.84814453125
91.84566497802734
85.83840942382812
94.73802185058594
86.58052062988281
90.18448638916016
91.22208404541016
60.9164924621582
87.03950500488281
82.77201080322266
74.22261810302734
80.18306732177734
69.62914276123047
71.83500671386719
72.30088806152344
35.029964447021484
72.16756439208984
72.02139282226562
64.57804870605469
75.73540496826172
67.2550277709961
74.10546875
76.16976928710938
53.16785430908203
76.26310729980469
73.76321411132812
70.00697326660156
77.8290023803711
70.00353240966797
77.5470199584961
80.65045928955078
53.60609436035156
82.20380401611328
80.5940170288086
74.92357635498047
83.8537826538086
76.47007751464844
80.5497055053711
81.98597717285156
53.60258865356445
78.84709930419922
74.32891082763672
64.55431365966797
71.72342681884766
60.45206069946289
45.62974548339844
70.12528228759766
54.94096374511719
75.13444519042969
73.65086364746094
68.5726547241211
77.50589752197266
69.87284851074219
74.58985900878906
76.50764465332031
50.29934310913086
77.63579559326172
76.42548370361328
71.11669158935547
80.49945068359375
73.41171264648438
78.82247161865234
81.75047302246094
43.97749328613281
83.43162536621094
81.49757385253906
76.37149810791016
84.32539367675781
75.8302001953125
79.78343200683594
80.81317138671875
48.34785461425781
77.7722396850586
75.43302917480469
69.7093505859375
77.85839080810547
