64.8794937133789
71.08243560791016
70.00236511230469
69.061767578125
72.02962493896484
71.6918716430664
76.79209899902344
75.28616333007812
78.28975677490234
78.04522705078125
77.4181137084961
74.2923583984375
73.4125747680664
72.48868560791016
68.03675079345703
63.96074676513672
61.96552276611328
61.99939727783203
51.13132095336914
59.4261360168457
57.13613510131836
64.30029296875
57.73400115966797
67.51776123046875
63.1302375793457
71.43766784667969
71.2136001586914
75.6712417602539
75.12096405029297
76.12710571289062
75.06376647949219
72.86345672607422
71.05542755126953
71.05940246582031
67.2032699584961
66.32261657714844
66.21973419189453
58.87978744506836
66.17941284179688
62.1270637512207
62.624267578125
62.11653518676758
60.75830841064453
61.13249969482422
56.676273345947266
58.96316146850586
58.152801513671875
57.16080856323242
62.408912658691406
57.0634765625
62.603614807128906
59.29056930541992
55.85637283325195
63.37309265136719
57.816734313964844
64.78801727294922
62.92262649536133
65.81419372558594
64.11251831054688
66.73819732666016
66.34335327148438
65.82848358154297
67.8440170288086
66.40850830078125
68.68330383300781
67.89073944091797
66.84136962890625
67.16819763183594
65.88531494140625
69.83244323730469
68.67208862304688
69.35169219970703
71.16043853759766
69.33647918701172
72.73286437988281
73.33595275878906
74.2108383178711
76.39517974853516
77.62604522705078
79.45085906982422
80.42240905761719
82.858642578125
84.4365463256836
85.24983215332031
85.60862731933594
85.21283721923828
83.9321517944336
83.16075897216797
82.68647766113281
82.39530181884766
82.1389389038086
81.2962417602539
81.77983856201172
81.40851593017578
81.39143371582031
80.66523742675781
81.15633392333984
80.52719116210938
79.41967010498047
77.52924346923828
71.82115936279297
69.85174560546875
66.93834686279297
67.35978698730469
70.16043090820312
69.91539764404297
73.68444061279297
73.5425033569336
74.70313262939453
75.00801849365234
75.93806457519531
76.70978546142578
76.28787994384766
77.72294616699219
77.74380493164062
78.8997573852539
79.18009185791016
79.0449447631836
80.46757507324219
80.05975341796875
81.37854766845703
82.03971099853516
82.83563232421875
83.83177947998047
84.28473663330078
85.62635803222656
86.54591369628906
87.75422668457031
88.89315795898438
89.88748168945312
90.81082153320312
90.32439422607422
89.33769989013672
87.92073059082031
86.27517700195312
84.9326171875
83.26435089111328
81.77899169921875
79.67220306396484
78.39938354492188
76.70387268066406
78.36278533935547
78.79092407226562
81.14482116699219
82.1402359008789
84.09081268310547
85.45133209228516
86.13282775878906
85.99493408203125
85.38322448730469
84.45088195800781
83.6707992553711
82.73394775390625
82.23888397216797
81.69148254394531
81.2349624633789
81.4953384399414
81.0732421875
81.6900634765625
81.60551452636719
82.36222839355469
83.10377502441406
83.90983581542969
84.85614776611328
85.57820892333984
87.12200927734375
88.03760528564453
89.12393951416016
89.99610900878906
90.70213317871094
90.96063232421875
91.08780670166016
90.93770599365234
90.79631805419922
90.49952697753906
90.2392807006836
89.95025634765625
89.67591857910156
89.4948501586914
89.0678482055664
88.98314666748047
89.05489349365234
88.86322784423828
88.9661636352539
89.00708770751953
89.27342987060547
89.14772033691406
89.41950225830078
89.63703155517578
89.82725524902344
90.14508819580078
90.3502426147461
90.78630828857422
91.0719985961914
91.518310546875
92.01636505126953
92.56861114501953
93.08668518066406
93.52777099609375
94.16142272949219
94.34549713134766
94.25685119628906
93.96674346923828
93.49296569824219
92.66138458251953
91.64283752441406
90.62326049804688
89.37763977050781
88.44280242919922
87.2869873046875
86.70022583007812
85.52446746826172
85.02538299560547
84.2098388671875
83.28231811523438
82.87728118896484
81.80069732666016
81.53766632080078
80.57328796386719
80.5849838256836
79.73868560791016
79.46051788330078
78.655517578125
78.19258117675781
78.14842224121094
76.64620971679688
77.18391418457031
74.7303237915039
73.59722900390625
71.91242218017578
69.19438171386719
69.06553649902344
66.35436248779297
66.29944610595703
66.6495361328125
68.10762786865234
68.11791229248047
67.73371887207031
69.26564025878906
68.1098403930664
68.77359771728516
68.92080688476562
67.4911880493164
68.75650024414062
65.69898223876953
68.28045654296875
65.84626770019531
66.99201965332031
66.43636322021484
65.2092056274414
68.25236511230469
62.52189636230469
66.01187896728516
65.36859893798828
65.25814819335938
65.29002380371094
64.7447509765625
68.2113037109375
67.69834899902344
69.7091064453125
70.79618072509766
72.56477355957031
73.52274322509766
72.29834747314453
73.21050262451172
69.44031524658203
71.63866424560547
69.50255584716797
69.21022033691406
69.88101196289062
67.3509750366211
69.12554931640625
69.75301361083984
72.07159423828125
74.1327133178711
75.25066375732422
76.2005615234375
76.69298553466797
78.01313781738281
77.20177459716797
77.9188003540039
77.91265869140625
78.2745361328125
78.58815002441406
78.82557678222656
79.79930114746094
79.8200454711914
80.89909362792969
80.93492889404297
82.1922836303711
83.13910675048828
83.84422302246094
84.9378890991211
85.8119125366211
86.94800567626953
87.69261169433594
88.5446548461914
88.6393814086914
88.563720703125
88.02299499511719
87.33929443359375
86.42572021484375
85.17293548583984
84.49996948242188
83.35340881347656
82.7298583984375
81.78862762451172
81.2966079711914
80.6641616821289
80.0807113647461
79.49307250976562
78.92887878417969
79.03026580810547
78.6181640625
78.80487823486328
78.81130981445312
78.2391586303711
78.97777557373047
78.85357666015625
79.15869140625
79.71530151367188
80.51727294921875
80.3772201538086
80.89604949951172
81.47467041015625
80.13127899169922
79.78267669677734
78.01316833496094
78.61443328857422
79.29198455810547
80.25296020507812
81.94632720947266
82.8935775756836
83.09925079345703
82.57582092285156
80.80499267578125
79.51555633544922
77.66240692138672
76.510986328125
75.45728302001953
72.7247085571289
72.63849639892578
70.03907775878906
70.5865478515625
66.9595718383789
66.13751983642578
65.9134292602539
60.95591354370117
65.64078521728516
62.87010955810547
61.51454544067383
63.07473373413086
59.87773513793945
62.54085922241211
59.30970001220703
54.29660415649414
57.33317947387695
57.20144271850586
61.95241165161133
61.00855255126953
61.9655876159668
62.04846954345703
58.93191146850586
63.91389083862305
61.16038131713867
63.78031539916992
62.69365310668945
64.40380859375
65.44478607177734
64.32122802734375
66.63993835449219
62.65577697753906
65.97940063476562
64.3404541015625
66.66964721679688
68.87528991699219
67.27620697021484
70.60973358154297
68.18492126464844
71.3514175415039
72.21578979492188
73.2074203491211
75.29685974121094
75.61563110351562
77.10143280029297
78.8279800415039
80.0281753540039
81.48334503173828
82.66452026367188
84.02571868896484
84.18586730957031
84.68253326416016
83.93598175048828
83.08692169189453
82.32086181640625
80.8689193725586
79.13397216796875
78.70033264160156
77.83306884765625
77.5618896484375
77.38499450683594
75.90129852294922
74.2433090209961
73.673095703125
73.13395690917969
73.46973419189453
73.42082977294922
74.8343505859375
73.9180679321289
75.2757797241211
74.49713134765625
74.77447509765625
74.66580200195312
74.48483276367188
74.84176635742188
73.72210693359375
74.86141204833984
74.20873260498047
74.28861236572266
74.63024139404297
74.53287506103516
75.55892944335938
75.24386596679688
76.29131317138672
76.32534790039062
76.42251586914062
76.9357681274414
76.76942443847656
77.35128784179688
76.59249877929688
77.40247344970703
76.96742248535156
77.32611083984375
77.11771392822266
76.7127456665039
77.19337463378906
77.082763671875
78.15476989746094
77.82767486572266
78.52458190917969
78.58890533447266
79.00988006591797
79.91544342041016
79.98908233642578
80.79280090332031
80.97737884521484
81.60137939453125
82.21849822998047
82.54988861083984
83.37252044677734
83.8676986694336
84.81748962402344
84.69807434082031
84.85910034179688
83.6944580078125
82.82908630371094
81.04261016845703
78.64075469970703
76.6401138305664
74.2308578491211
73.3122329711914
73.12984466552734
72.22454833984375
74.51943969726562
74.05826568603516
75.86153411865234
76.97642517089844
78.28052520751953
78.85682678222656
79.93142700195312
81.36272430419922
82.72390747070312
83.81829071044922
84.68643951416016
86.15469360351562
86.85700988769531
87.90723419189453
88.59489440917969
88.82596588134766
88.88162994384766
88.57489013671875
88.21796417236328
87.5363540649414
86.8778076171875
86.33760833740234
86.12491607666016
86.2541275024414
86.36372375488281
86.83209991455078
87.0264892578125
87.1369400024414
86.8765640258789
86.8382568359375
86.56481170654297
86.37622833251953
86.38607788085938
86.19020080566406
86.51258850097656
86.6197509765625
86.58386993408203
86.87803649902344
87.00885772705078
86.98711395263672
86.81454467773438
86.24060821533203
85.12452697753906
83.35247802734375
81.48518371582031
79.00143432617188
76.54556274414062
73.8750228881836
70.9285888671875
69.01959991455078
66.72626495361328
61.656089782714844
65.61074829101562
65.76102447509766
65.28543090820312
67.90188598632812
67.45404815673828
68.57342529296875
66.59149932861328
68.34748840332031
66.07958984375
66.5107192993164
69.07804870605469
69.74822998046875
71.76631164550781
71.70598602294922
72.8835220336914
74.25588989257812
74.18009948730469
75.18403625488281
75.38330841064453
76.30827331542969
75.85751342773438
75.89659881591797
75.14400482177734
73.40771484375
72.57522583007812
69.55292510986328
68.47129821777344
64.83299255371094
63.628902435302734
56.470855712890625
40.692352294921875
62.428802490234375
64.63790893554688
66.6419677734375
70.1430435180664
68.69595336914062
70.23611450195312
69.08116149902344
69.82830810546875
69.79730987548828
70.00553894042969
70.45519256591797
71.14207458496094
72.53237915039062
73.23333740234375
74.02428436279297
74.01018524169922
74.8106460571289
75.35628509521484
76.04132843017578
76.27952575683594
76.38492584228516
76.73300170898438
75.16498565673828
74.68746185302734
73.24352264404297
73.16183471679688
71.92808532714844
69.02421569824219
70.54154968261719
70.80084991455078
