84.40251922607422
90.05887603759766
92.74284362792969
61.93410110473633
93.51325988769531
91.55128479003906
87.49205017089844
96.50090026855469
89.14727020263672
94.52750396728516
97.9637680053711
68.02392578125
100.897216796875
99.99127197265625
94.99325561523438
104.90186309814453
96.49881744384766
101.46417999267578
101.88738250732422
72.42068481445312
97.65805053710938
93.44511413574219
86.47982025146484
92.6098861694336
82.51675415039062
86.11128997802734
85.99198913574219
61.211429595947266
80.5236587524414
76.4809799194336
66.7311019897461
83.82718658447266
78.62444305419922
88.9631118774414
94.1555404663086
64.06391143798828
96.70700073242188
93.73612976074219
88.02217102050781
94.52713775634766
85.1026382446289
88.37126159667969
89.89747619628906
59.441471099853516
88.75471496582031
86.03306579589844
78.31160736083984
86.75738525390625
77.37326049804688
83.978515625
85.65349578857422
60.83598327636719
84.54206848144531
82.01630401611328
76.99323272705078
84.911376953125
76.81318664550781
80.80677795410156
83.15225219726562
60.932430267333984
83.10833740234375
80.74529266357422
74.82048797607422
84.12728881835938
75.84358215332031
81.10599517822266
83.04866027832031
55.71076202392578
84.11150360107422
81.23320770263672
75.3017807006836
84.51441192626953
76.11125183105469
82.67375183105469
85.12136840820312
54.08407211303711
85.68107604980469
83.89078521728516
79.47978210449219
88.04724884033203
80.30654907226562
86.2021713256836
89.02515411376953
57.62567901611328
90.612060546875
89.15054321289062
83.5103530883789
92.02741241455078
82.53179931640625
86.60821533203125
85.444091796875
72.1460952758789
90.45359802246094
89.41490936279297
86.18109893798828
93.56312561035156
84.95464324951172
89.45507049560547
91.2768325805664
66.52251434326172
90.03559112548828
87.31596374511719
81.98308563232422
89.95804595947266
81.8117904663086
84.84086608886719
86.29871368408203
60.17951965332031
83.84390258789062
80.94820404052734
75.62920379638672
84.50201416015625
76.16509246826172
82.7455062866211
85.46021270751953
57.95539093017578
86.73645782470703
85.1418685913086
79.01544952392578
88.84993743896484
80.93627166748047
87.84884643554688
90.75982666015625
61.37015914916992
92.17552185058594
90.98788452148438
86.73084259033203
96.561279296875
89.39006805419922
96.38925170898438
99.9543685913086
66.88544464111328
101.29715728759766
98.8228530883789
93.49711608886719
100.76398468017578
91.46277618408203
95.70930480957031
97.30580139160156
61.06961441040039
96.13801574707031
93.11157989501953
87.49903869628906
95.68135833740234
87.4405746459961
92.05126190185547
94.41362762451172
64.57012939453125
94.59031677246094
92.09104919433594
86.5548324584961
95.27409362792969
87.19577026367188
91.4272232055664
91.9118881225586
68.18262481689453
86.85018157958984
82.1314697265625
71.44309997558594
81.01445007324219
72.39480590820312
79.50940704345703
82.9367904663086
44.32957077026367
83.45797729492188
81.92193603515625
77.21141052246094
86.3202896118164
78.5186538696289
83.74752807617188
86.91541290283203
55.89226150512695
88.07914733886719
86.63671112060547
81.1790771484375
90.60237884521484
82.8018798828125
88.98808288574219
91.94410705566406
51.28672790527344
93.6983871459961
92.03219604492188
87.13758087158203
96.2708740234375
88.45132446289062
94.4627456665039
96.80573272705078
57.707435607910156
96.13546752929688
93.16646575927734
86.6166763305664
94.22254180908203
84.83258819580078
89.29206848144531
90.89067840576172
42.40262222290039
88.97833251953125
85.99281311035156
79.71176147460938
87.79203796386719
78.47007751464844
83.8915786743164
85.60065460205078
54.4699821472168
84.44905853271484
81.57368469238281
77.08486938476562
84.46304321289062
76.91242980957031
79.84394073486328
81.98948669433594
61.25577926635742
81.2264404296875
79.13917541503906
72.75730895996094
81.23974609375
71.66194152832031
77.89134216308594
79.5123291015625
58.07070541381836
78.66248321533203
75.7564697265625
69.63896179199219
77.62128448486328
67.7635269165039
75.27242279052734
76.34190368652344
59.145145416259766
73.38199615478516
72.55245971679688
72.04901885986328
81.99929809570312
76.74003601074219
81.54966735839844
83.97023010253906
53.647525787353516
83.38632202148438
81.18054962158203
75.40619659423828
83.53889465332031
75.47215270996094
79.84121704101562
82.52765655517578
48.663143157958984
82.4960708618164
80.80309295654297
75.18701934814453
83.80923461914062
75.411865234375
81.3215560913086
83.02874755859375
56.99278259277344
83.09657287597656
80.2336654663086
73.41280364990234
82.74130249023438
74.343505859375
81.72498321533203
84.90475463867188
62.08134078979492
85.82695007324219
83.51445007324219
78.54656982421875
86.26927947998047
78.0231704711914
83.0793228149414
83.66226196289062
53.56488800048828
81.24835968017578
77.72434997558594
73.19804382324219
80.74158477783203
72.53357696533203
79.21942901611328
82.75141143798828
59.274349212646484
84.00968933105469
82.29334259033203
78.3082275390625
85.73439025878906
77.69229125976562
83.2262954711914
85.94332122802734
57.61015701293945
85.63009643554688
83.57167053222656
78.98190307617188
87.73273468017578
79.91578674316406
85.73328399658203
88.71553802490234
55.224571228027344
90.11551666259766
88.89671325683594
84.88313293457031
94.30857849121094
87.24765014648438
93.5107650756836
96.80070495605469
60.76704025268555
97.49142456054688
94.82012939453125
89.22543334960938
96.55008697509766
87.44924926757812
91.6001968383789
93.12362670898438
60.714908599853516
92.12824249267578
89.32449340820312
83.01834106445312
91.34521484375
82.49691009521484
87.6378173828125
89.59947967529297
52.588294982910156
89.65594482421875
87.35953521728516
80.85037994384766
89.82826232910156
80.4088134765625
87.11689758300781
89.467529296875
58.95610427856445
89.66552734375
87.84257507324219
83.30492401123047
91.92899322509766
84.05907440185547
90.05984497070312
92.60499572753906
50.0678825378418
92.22017669677734
89.02854919433594
82.83984375
89.23081970214844
80.17584991455078
82.0164794921875
82.30033874511719
49.817108154296875
81.68912506103516
79.43024444580078
75.05891418457031
82.97438049316406
75.35792541503906
82.17674255371094
85.21123504638672
52.972991943359375
86.55905151367188
85.2562026977539
80.70848083496094
89.15432739257812
81.69493103027344
87.68494415283203
90.4435043334961
57.872886657714844
92.26311492919922
90.98722839355469
87.28433227539062
96.54393768310547
89.4215316772461
95.71843719482422
98.83797454833984
60.0826530456543
100.02969360351562
97.90870666503906
92.86968994140625
100.60581970214844
91.46644592285156
95.88880920410156
97.15390014648438
45.14663314819336
94.89176940917969
91.31484985351562
85.25626373291016
92.24190521240234
82.78491973876953
86.9780502319336
89.07211303710938
45.58216857910156
89.98908996582031
89.29423522949219
85.52813720703125
95.63058471679688
88.47661590576172
94.76326751708984
97.51776885986328
49.449058532714844
97.62442779541016
95.14790344238281
89.44493103027344
97.54215240478516
88.82462310791016
94.0275650024414
96.05054473876953
59.98151779174805
95.62738037109375
93.0991439819336
87.81668853759766
96.02762603759766
87.2826156616211
92.18399047851562
94.12165832519531
55.45697021484375
93.07677459716797
90.81045532226562
85.58876037597656
94.28892517089844
86.27274322509766
91.80697631835938
94.32943725585938
51.1688117980957
94.80804443359375
92.42742919921875
87.0385513305664
95.62721252441406
87.3277359008789
92.77976989746094
95.1106948852539
54.4809684753418
94.9000015258789
92.37117004394531
86.67864227294922
94.69102478027344
85.56652069091797
91.18775939941406
93.69873809814453
62.05529022216797
95.15806579589844
93.5895767211914
89.35848236083984
97.75531768798828
89.87982177734375
95.13584899902344
97.64154052734375
59.74879455566406
98.05245971679688
96.18768310546875
91.20679473876953
100.2150650024414
92.54257202148438
97.93414306640625
100.58855438232422
62.6585807800293
100.88385009765625
98.53181457519531
92.72750854492188
100.56200408935547
91.31765747070312
95.35475158691406
96.36270904541016
54.58979034423828
94.72360229492188
92.38798522949219
87.32682037353516
96.12933349609375
88.07042694091797
93.63194274902344
96.25146484375
60.986873626708984
96.72151184082031
94.5011978149414
89.52194213867188
97.8289794921875
89.8550033569336
95.24674224853516
97.81352233886719
49.480072021484375
98.77476501464844
96.86705017089844
92.04283905029297
100.88279724121094
92.990234375
98.75727844238281
101.35062408447266
57.17544174194336
101.58109283447266
99.13562774658203
93.67362213134766
101.74726867675781
93.67059326171875
99.28401947021484
102.32139587402344
50.41872024536133
103.83353424072266
102.03962707519531
96.97718811035156
105.37505340576172
96.8447494506836
101.96082305908203
103.7987060546875
54.60234451293945
102.83218383789062
100.0406723022461
94.13948059082031
102.07057189941406
93.30747985839844
98.5418472290039
100.53764343261719
62.003204345703125
99.69033813476562
96.68701171875
90.06385040283203
96.23600006103516
84.62462615966797
87.27914428710938
86.12285614013672
58.692626953125
77.3771743774414
70.78054809570312
65.41101837158203
71.3251724243164
59.80326843261719
70.08175659179688
72.77182006835938
50.765201568603516
72.77047729492188
69.51237487792969
65.5726089477539
76.06867980957031
69.92341613769531
77.25184631347656
81.31510925292969
53.556396484375
84.15615844726562
83.4231948852539
79.87584686279297
88.54965209960938
80.68761444091797
86.40216827392578
88.90105438232422
51.69989776611328
88.79195404052734
86.39846801757812
81.69078826904297
89.25706481933594
80.87583923339844
85.51797485351562
87.09393310546875
63.45884323120117
84.173828125
78.64501953125
70.67451477050781
73.97335052490234
65.36227416992188
74.06130981445312
80.58572387695312
54.66835403442383
86.38102722167969
86.28693389892578
82.89578247070312
91.85350036621094
83.468505859375
88.9317855834961
90.69124603271484
62.722042083740234
88.79217529296875
85.43644714355469
80.32836151123047
88.2585678100586
80.0027084350586
84.97554779052734
87.63352966308594
55.54019546508789
87.76454162597656
85.3350601196289
80.30564880371094
88.17034912109375
79.64830780029297
84.15788269042969
86.2773208618164
46.6953239440918
86.46981048583984
83.66694641113281
77.49246978759766
85.91535949707031
