87.82986450195312
87.38094329833984
86.61247253417969
89.90652465820312
86.14338684082031
91.04788970947266
87.95967864990234
91.13703918457031
92.79707336425781
87.52043151855469
96.16462707519531
91.0492172241211
96.52523040771484
99.05824279785156
94.13640594482422
102.81659698486328
94.9508056640625
100.76055145263672
98.80740356445312
91.66717529296875
97.27772521972656
82.45474243164062
93.40032958984375
89.91820526123047
85.46624755859375
90.2371597290039
80.40862274169922
87.96994018554688
82.3440170288086
86.06366729736328
85.03671264648438
88.12799072265625
87.55120849609375
85.700439453125
94.75524139404297
79.68051147460938
95.5072250366211
93.06083679199219
86.64106750488281
93.00910949707031
80.83797454833984
88.79942321777344
87.5203628540039
82.28155517578125
87.61343383789062
75.19868469238281
86.25464630126953
82.35800170898438
79.58732604980469
85.70032501220703
59.82804489135742
84.3674545288086
79.04468536376953
81.61257934570312
82.98555755615234
72.1411361694336
83.22960662841797
76.19731903076172
81.3179931640625
81.67141723632812
74.41461944580078
83.7801284790039
70.48603057861328
81.99869537353516
78.7921371459961
75.6071548461914
83.43380737304688
66.48653411865234
82.30218505859375
77.67224884033203
80.58859252929688
82.17377471923828
71.04302978515625
83.44432067871094
75.9424057006836
82.38766479492188
82.64904022216797
77.00389099121094
84.7386474609375
78.02734375
83.99627685546875
84.15847778320312
82.60283660888672
85.66098022460938
83.73117065429688
86.72724914550781
86.69563293457031
86.12346649169922
84.88897705078125
86.6814956665039
80.48563385009766
86.384521484375
84.53764343261719
90.28221893310547
83.0475082397461
88.99877166748047
87.23377990722656
84.7698745727539
87.8098373413086
83.51168823242188
85.2493896484375
85.63758850097656
81.6579360961914
85.738037109375
81.7982177734375
82.70231628417969
82.88658905029297
77.58612823486328
79.49272155761719
77.09194946289062
78.2196044921875
79.4276351928711
76.23688507080078
82.60935974121094
75.24362182617188
81.7314682006836
83.2285385131836
79.26171112060547
85.25432586669922
79.56771850585938
85.65093994140625
84.98577117919922
85.5511474609375
88.2663345336914
81.82062530517578
91.3177261352539
86.73519134521484
91.35990905761719
93.6319808959961
90.8794937133789
97.14628601074219
92.15210723876953
98.37065124511719
95.98795318603516
95.1586685180664
96.57544708251953
90.02050018310547
95.2767562866211
89.80351257324219
92.40245819091797
91.63885498046875
88.49281311035156
92.10671997070312
86.6296157836914
91.12764739990234
88.9651107788086
89.1253890991211
90.23821258544922
87.27770233154297
90.75601959228516
87.24374389648438
90.70413970947266
88.82514190673828
88.82653045654297
87.09224700927734
84.2190933227539
81.832763671875
79.49520874023438
76.05549621582031
76.10295104980469
79.31632995605469
76.93047332763672
79.86507415771484
70.85906982421875
82.6136474609375
74.14347076416016
81.97019958496094
81.42427825927734
79.35601043701172
84.26970672607422
76.52057647705078
85.43098449707031
81.08905029296875
84.24855041503906
85.91260528564453
81.65119934082031
87.83769226074219
82.61309814453125
88.32141876220703
88.17484283447266
86.81365203857422
91.25624084472656
86.08255004882812
92.29520416259766
90.64311218261719
90.90959167480469
93.67730712890625
88.03313446044922
93.05728912353516
88.89510345458984
89.45822143554688
89.72699737548828
84.35269165039062
88.53494262695312
83.12187957763672
85.6014175415039
84.33026885986328
80.90144348144531
85.03895568847656
79.2935791015625
82.2732162475586
81.12931060791016
78.90111541748047
81.71770477294922
76.10858154296875
80.23369598388672
77.95757293701172
77.40386962890625
79.33088684082031
74.55598449707031
79.56890869140625
74.49533081054688
75.43795013427734
78.10565948486328
72.77794647216797
77.60435485839844
72.01927947998047
74.95565795898438
75.77373504638672
70.4740982055664
75.34501647949219
70.06689453125
76.21720123291016
73.58162689208984
70.5116195678711
76.05159759521484
61.5945930480957
75.22484588623047
67.2140121459961
76.6296615600586
72.65039825439453
77.48330688476562
79.56607818603516
76.86363220214844
81.41471099853516
76.69810485839844
79.66424560546875
78.43511199951172
77.2918930053711
77.34624481201172
76.60855102539062
77.2411117553711
77.44070434570312
76.06509399414062
77.94145965576172
76.53793334960938
77.30278778076172
77.81101989746094
76.95372772216797
79.29605865478516
77.41862487792969
78.28273010253906
79.02687072753906
75.43705749511719
78.70110321044922
75.86994171142578
79.04035186767578
75.83610534667969
80.38262939453125
78.25455474853516
80.72337341308594
81.31304168701172
79.38115692138672
81.43004608154297
77.94261169433594
80.77665710449219
77.23287200927734
78.06315612792969
77.32327270507812
74.26092529296875
75.77758026123047
72.30682373046875
75.50826263427734
75.56792449951172
77.189697265625
77.62367248535156
80.67325592041016
78.14490509033203
80.75040435791016
79.78666687011719
78.92276000976562
82.18953704833984
77.26435089111328
82.52778625488281
80.8286361694336
79.6615982055664
84.40685272216797
76.54448699951172
84.92475891113281
81.78025817871094
84.23518371582031
86.16963195800781
81.26911163330078
89.07129669189453
82.65800476074219
90.05958557128906
90.572021484375
88.49547576904297
94.228759765625
88.12769317626953
94.4451904296875
91.58546447753906
90.97701263427734
92.57372283935547
85.94696807861328
91.15544891357422
86.30876922607422
87.60098266601562
88.45777893066406
82.9542465209961
87.78858184814453
83.31735229492188
85.9697494506836
85.97349548339844
81.80317687988281
86.07088470458984
82.2897720336914
84.92668914794922
84.77168273925781
81.34552764892578
85.97908782958984
80.78099060058594
85.225341796875
84.95387268066406
82.69807434082031
87.3138656616211
81.73450469970703
87.658447265625
86.28053283691406
85.83464813232422
89.61888122558594
83.01399993896484
89.45342254638672
85.2509994506836
84.97867584228516
85.11101531982422
77.89439392089844
82.6364974975586
70.88178253173828
79.9612808227539
74.67024993896484
75.758056640625
77.39322662353516
76.59671783447266
77.99561309814453
78.95331573486328
79.71135711669922
80.86492919921875
80.85100555419922
82.32679748535156
83.16404724121094
81.7322998046875
85.5900650024414
83.33792114257812
84.9356918334961
87.74662780761719
84.21810913085938
90.61764526367188
86.812744140625
91.94782257080078
91.95052337646484
91.4970932006836
95.77531433105469
90.42288970947266
96.73448944091797
95.0245132446289
94.03731536865234
97.26316833496094
89.08185577392578
95.73436737060547
91.11477661132812
90.8711929321289
92.81940460205078
81.48111724853516
91.84395599365234
83.04397583007812
88.5650634765625
87.49803924560547
84.15264129638672
89.36593627929688
76.00447845458984
91.67125701904297
81.8273696899414
92.47760772705078
92.08000946044922
90.39797973632812
95.16527557373047
88.11992645263672
94.38581085205078
91.96937561035156
90.92005920410156
93.78649139404297
87.61422729492188
92.93553924560547
90.7040023803711
89.83796691894531
92.38565063476562
87.3218002319336
91.74591827392578
89.60545349121094
89.05169677734375
91.34715270996094
84.487060546875
90.94071197509766
85.8318099975586
89.1353759765625
89.47825622558594
86.05065155029297
91.29197692871094
85.66036987304688
90.58943176269531
89.35637664794922
88.32221984863281
91.37432098388672
86.2120590209961
91.2860107421875
89.24613952636719
89.25530242919922
91.39973449707031
86.33589172363281
91.73595428466797
87.84521484375
89.62002563476562
90.1005859375
86.43852233886719
89.98988342285156
86.02450561523438
90.36114501953125
89.48177337646484
90.47657775878906
92.02536010742188
90.68440246582031
92.2848892211914
92.29449462890625
91.52518463134766
93.57545471191406
90.93626403808594
94.30193328857422
93.09364318847656
94.38378143310547
95.2864761352539
93.65888977050781
96.47196197509766
94.34183502197266
96.19429779052734
95.47361755371094
94.6921615600586
95.79522705078125
91.70295715332031
94.22540283203125
88.30956268310547
91.78594207763672
87.60719299316406
90.86627197265625
88.9552001953125
90.38776397705078
90.99720764160156
89.23407745361328
92.17503356933594
89.47291564941406
92.515625
90.96492004394531
91.58435821533203
92.43785095214844
90.94474792480469
93.23120880126953
91.44293212890625
93.72684478759766
93.4647445678711
93.5684585571289
95.000244140625
94.27110290527344
95.56652069091797
95.83951568603516
95.52484130859375
96.69084167480469
96.0497055053711
95.75169372558594
97.03230285644531
93.67572784423828
97.797119140625
93.94480895996094
98.53572082519531
97.64969635009766
98.02922058105469
100.4311294555664
97.0616226196289
100.93681335449219
98.18609619140625
99.07232666015625
99.31729888916016
96.49899291992188
98.6120834350586
96.21825408935547
96.49258422851562
96.95222473144531
94.4044418334961
96.23722076416016
95.5096206665039
93.14185333251953
96.58426666259766
90.95651245117188
94.16907501220703
92.82018280029297
83.38768005371094
90.90259552001953
78.63182830810547
86.33615112304688
82.45970153808594
82.79012298583984
81.40705871582031
81.61164855957031
80.33403015136719
79.9913330078125
81.18984985351562
77.52005004882812
80.98340606689453
76.17029571533203
80.38716888427734
75.23824310302734
80.46906280517578
79.01821899414062
77.59486389160156
82.73682403564453
66.23995971679688
84.67654418945312
80.21165466308594
82.86973571777344
85.44294738769531
80.01554107666016
85.58357238769531
82.60557556152344
83.69799041748047
85.24213409423828
80.56916809082031
85.33185577392578
81.6932144165039
82.70197296142578
84.61564636230469
75.39996337890625
82.69358825683594
74.54723358154297
75.3211441040039
77.05464172363281
72.11808013916016
72.91925048828125
80.99557495117188
75.0574951171875
83.95378112792969
85.99259948730469
80.60437774658203
89.32591247558594
82.71866607666016
87.53274536132812
86.35551452636719
81.78987121582031
86.51242065429688
77.84587097167969
84.52924346923828
81.46682739257812
81.76876068115234
84.16954803466797
80.57785034179688
83.58745574951172
81.7387924194336
82.30195617675781
83.47706604003906
80.57096099853516
82.3772964477539
82.26678466796875
80.2159423828125
81.87892150878906
78.53075408935547
81.7701187133789
80.6182861328125
78.0809097290039
