84.162109375
90.06598663330078
92.71185302734375
64.80366516113281
93.43421173095703
91.51061248779297
87.947265625
96.42581939697266
89.65546417236328
94.47366333007812
97.86225128173828
71.06382751464844
100.805908203125
99.89114379882812
95.07190704345703
104.89603424072266
96.43060302734375
101.30538177490234
101.66914367675781
71.07281494140625
97.71048736572266
93.58206939697266
86.35956573486328
92.72277069091797
81.94503021240234
86.12831115722656
86.20953369140625
56.64240264892578
80.76757049560547
75.11038208007812
70.12840270996094
84.56169128417969
79.4405517578125
88.9504165649414
94.25701904296875
67.08782196044922
96.73600006103516
93.6987533569336
88.08409118652344
94.67464447021484
85.53021240234375
88.08570861816406
89.72276306152344
58.61886978149414
88.94668579101562
85.63883209228516
78.24490356445312
86.94485473632812
78.00592041015625
83.66227722167969
85.30640411376953
60.11185836791992
84.58334350585938
82.5540771484375
75.77085876464844
84.25633239746094
73.58843994140625
80.60172271728516
83.57278442382812
49.299888610839844
83.18016815185547
79.9627456665039
76.1871566772461
83.7894515991211
75.87667083740234
80.2053451538086
82.8393783569336
52.67410659790039
83.20558166503906
81.3028564453125
76.2496109008789
84.6376953125
77.4686279296875
81.52869415283203
84.6194076538086
58.58958435058594
85.9651107788086
84.33414459228516
79.38787841796875
87.9020767211914
80.50411224365234
86.07083892822266
88.94786071777344
61.63258743286133
90.71897888183594
89.63894653320312
82.814208984375
92.15874481201172
82.45191955566406
86.64852142333984
85.62906646728516
70.9532470703125
90.6072769165039
89.51363372802734
86.15213012695312
93.54071044921875
84.41493225097656
89.28587341308594
91.33671569824219
63.87946319580078
89.9709701538086
87.08605194091797
82.7583236694336
90.00741577148438
81.80409240722656
85.1193618774414
86.8095932006836
61.7894172668457
83.79265594482422
80.73543548583984
75.8138427734375
84.54093170166016
75.62957000732422
82.5501937866211
85.52297973632812
59.92167663574219
86.88053131103516
85.03736114501953
79.22806549072266
88.72611999511719
80.93445587158203
87.66901397705078
90.80325317382812
63.274497985839844
92.39514923095703
91.18670654296875
87.33383178710938
96.3791275024414
89.1926040649414
96.51677703857422
100.04052734375
67.85676574707031
101.31204223632812
98.86764526367188
93.49222564697266
100.67058563232422
91.5252456665039
95.65098571777344
97.38880157470703
59.86815643310547
96.00143432617188
93.15186309814453
87.88341522216797
95.78085327148438
87.4199447631836
92.19969177246094
94.4942626953125
58.03015899658203
94.4527587890625
92.06132507324219
86.74243927001953
95.42781066894531
87.33433532714844
91.73339080810547
92.02326202392578
66.08308410644531
86.50553894042969
81.339111328125
73.02484893798828
81.11231994628906
72.9664535522461
79.37629699707031
82.43647766113281
60.153175354003906
83.71249389648438
81.88907623291016
77.56700897216797
86.00119018554688
78.4346694946289
83.94229125976562
86.83641815185547
52.0872688293457
88.41622161865234
86.74188232421875
81.67034149169922
90.7085189819336
82.96823120117188
88.7554702758789
91.92433166503906
49.36618423461914
93.31615447998047
91.94715118408203
87.5291748046875
96.32360076904297
88.79019165039062
94.1689682006836
96.7877197265625
60.11095428466797
96.21894836425781
93.05945587158203
86.80192565917969
94.12201690673828
85.13444519042969
89.14961242675781
90.7302474975586
46.009422302246094
89.16281127929688
85.85247802734375
79.45130920410156
88.01608276367188
78.25996398925781
84.05391693115234
85.45753479003906
39.81517791748047
84.28239440917969
81.73297882080078
75.98651123046875
84.12908935546875
75.22069549560547
79.57725524902344
82.07292175292969
56.72290802001953
81.7567367553711
78.2237777709961
73.49990844726562
81.5638656616211
73.09053802490234
77.17057037353516
79.67464447021484
53.21635818481445
78.83770751953125
75.02748107910156
68.43016052246094
79.08280181884766
70.19695281982422
75.21077728271484
76.39595031738281
55.77995681762695
75.1910400390625
75.24768829345703
70.7077865600586
81.67509460449219
75.5369873046875
81.80873107910156
84.24960327148438
59.94717025756836
83.71604919433594
80.80119323730469
75.50802612304688
83.10440063476562
75.32695770263672
80.62108612060547
82.69796752929688
52.8411865234375
83.03196716308594
80.68930053710938
76.59527587890625
84.22047424316406
76.41167449951172
81.20479583740234
83.28467559814453
51.163089752197266
82.37055969238281
79.97391510009766
74.37592315673828
83.19709777832031
75.41447448730469
80.60018920898438
84.43894958496094
58.71699905395508
85.71574401855469
83.8602294921875
77.53658294677734
86.53240966796875
78.01693725585938
82.01670837402344
83.27104949951172
47.42615509033203
81.78199005126953
78.87628936767578
71.702392578125
81.03622436523438
73.09851837158203
79.31941986083984
82.39476776123047
51.769508361816406
84.639404296875
82.81035614013672
77.5021743774414
85.84186553955078
77.80829620361328
83.07190704345703
85.60014343261719
49.60786819458008
86.48829650878906
83.4765625
78.28069305419922
87.3504409790039
79.2936782836914
85.78227996826172
88.73123931884766
42.761531829833984
90.14488220214844
88.56049346923828
84.87052917480469
94.28976440429688
87.00323486328125
93.51274871826172
96.8929214477539
60.76704788208008
97.53179168701172
94.84359741210938
88.93721008300781
96.41789245605469
87.26332092285156
91.66786193847656
93.31112670898438
52.6353759765625
92.06975555419922
89.00366973876953
83.48880004882812
91.44512176513672
82.9461898803711
87.73600769042969
89.7034683227539
52.74230194091797
89.52549743652344
87.22618103027344
81.2801513671875
89.74018096923828
81.21908569335938
86.7219467163086
89.53882598876953
45.580318450927734
89.88519287109375
88.12432861328125
83.03057098388672
91.8931884765625
83.64018249511719
89.89248657226562
92.63294219970703
57.203121185302734
92.38142395019531
89.17201232910156
82.48018646240234
89.06348419189453
79.43997955322266
82.30106353759766
82.80769348144531
54.81928634643555
81.62633514404297
78.87330627441406
73.64726257324219
83.29927062988281
75.51459503173828
81.64439392089844
84.9279556274414
44.31789016723633
86.53922271728516
85.02811431884766
80.39102935791016
89.50785064697266
81.59362030029297
87.56269836425781
90.42671203613281
52.3641357421875
92.3332290649414
91.27379608154297
86.97779846191406
96.40946960449219
89.0662841796875
95.69819641113281
98.83952331542969
47.3167724609375
99.95854187011719
97.98614501953125
92.62007904052734
100.5098876953125
91.48499298095703
95.91011810302734
97.16914367675781
42.06256866455078
94.92935943603516
91.27991485595703
85.20284271240234
92.17942810058594
83.00662994384766
87.330810546875
89.09700012207031
46.69038772583008
90.1509017944336
89.20049285888672
85.52291107177734
95.55552673339844
88.73534393310547
94.60314178466797
97.47174835205078
54.12018966674805
97.64852142333984
94.98761749267578
89.61959838867188
97.4327621459961
88.86067962646484
94.00041961669922
96.19073486328125
58.69856643676758
95.60506439208984
93.115234375
87.97459411621094
95.74352264404297
87.30033111572266
92.2323226928711
94.10806274414062
50.37252426147461
93.06986999511719
90.66191864013672
85.48302459716797
94.23680877685547
86.32782745361328
91.78140258789062
94.34864807128906
62.04495620727539
94.67179870605469
92.26419067382812
87.10231018066406
95.57025909423828
87.18623352050781
92.58707427978516
94.97494506835938
43.06203842163086
94.8009033203125
92.37147521972656
86.6690902709961
94.597900390625
85.94580078125
91.11605072021484
93.72024536132812
53.84031677246094
95.19438934326172
93.81674194335938
89.10047912597656
97.6928482055664
89.62836456298828
95.14437103271484
97.67317199707031
48.074859619140625
98.1011962890625
96.12336730957031
91.24523162841797
100.17671966552734
92.37631225585938
98.00032043457031
100.54280090332031
57.166324615478516
100.87114715576172
98.48126220703125
92.82575988769531
100.6357650756836
91.19649505615234
95.3188705444336
96.28633880615234
52.405609130859375
94.68360137939453
92.50343322753906
87.6000747680664
96.12820434570312
88.11009216308594
93.63589477539062
96.2486343383789
60.82344436645508
96.75757598876953
94.57637786865234
89.22682189941406
97.80203247070312
89.6646728515625
95.28541564941406
97.97652435302734
57.57725524902344
98.78373718261719
96.93185424804688
92.1520004272461
100.90656280517578
92.7879409790039
98.75391387939453
101.31273651123047
57.77001190185547
101.57916259765625
99.12769317626953
93.58544158935547
101.7593002319336
93.52742767333984
99.30677032470703
102.31027221679688
61.061439514160156
103.78667449951172
101.91735076904297
96.93087768554688
105.3619155883789
96.87791442871094
101.90319061279297
103.78987884521484
40.475379943847656
102.90144348144531
100.04456329345703
94.10281372070312
102.06733703613281
93.16446685791016
98.49329376220703
100.48414611816406
66.58800506591797
99.7330322265625
96.5534439086914
90.1529312133789
96.28984832763672
85.12761688232422
87.39778900146484
85.87776947021484
56.35103988647461
77.52189636230469
72.78133392333984
61.20199966430664
68.27680969238281
57.39076232910156
70.05196380615234
74.27845001220703
49.91896057128906
71.90591430664062
70.2038345336914
67.42606353759766
77.5992202758789
70.71300506591797
76.87235260009766
81.3763427734375
52.537559509277344
84.60245513916016
83.6777114868164
79.413330078125
88.4507827758789
80.68670654296875
86.54833221435547
88.75690460205078
50.861114501953125
88.75891876220703
86.3450698852539
80.7984619140625
89.11784362792969
80.91213989257812
85.30655670166016
87.27430725097656
53.22752380371094
84.05584716796875
78.9668197631836
67.04853057861328
72.5675048828125
65.0280532836914
74.15568542480469
80.07808685302734
52.69300842285156
86.62609100341797
86.48556518554688
82.6234130859375
91.74445343017578
83.54074096679688
88.75334930419922
90.64429473876953
44.02641296386719
88.86082458496094
85.70087432861328
80.50010681152344
88.1885757446289
80.3051528930664
84.97183227539062
87.5134048461914
52.17921447753906
88.03291320800781
85.63128662109375
79.966796875
88.29592895507812
79.6115493774414
84.5921859741211
86.24352264404297
62.262699127197266
86.37178802490234
83.95279693603516
77.37677764892578
85.76023864746094
