87.31974792480469
90.22923278808594
85.99036407470703
91.79837799072266
87.68384552001953
92.16743469238281
91.74361419677734
91.51913452148438
95.35820007324219
90.71894073486328
98.00725555419922
93.91011047363281
98.96219635009766
97.80696868896484
95.70038604736328
97.51426696777344
88.99715423583984
94.29072570800781
86.92525482177734
89.33309936523438
86.9103775024414
81.66736602783203
84.51136016845703
67.2572250366211
82.49126434326172
62.25217056274414
85.86265563964844
82.42131042480469
89.43451690673828
92.03083038330078
88.83560943603516
95.08589172363281
85.3182601928711
92.34239196777344
87.17755889892578
88.02570343017578
87.98279571533203
81.2892837524414
87.47715759277344
76.42536163330078
85.53106689453125
80.88489532470703
81.59945678710938
82.29712677001953
75.78172302246094
82.5830307006836
69.1994400024414
80.94020080566406
75.33580017089844
78.2306137084961
77.77799987792969
73.08057403564453
79.22050476074219
62.852718353271484
77.7674789428711
69.43324279785156
77.55899810791016
73.61467742919922
72.61502075195312
76.6441421508789
60.13019943237305
76.9518814086914
65.19419860839844
75.65265655517578
72.5250015258789
71.4338607788086
74.6378402709961
66.94464874267578
75.1390151977539
54.8630256652832
75.50829315185547
65.94308471679688
73.37042236328125
71.2266845703125
72.69205474853516
73.3116683959961
67.19796752929688
73.67395782470703
65.57969665527344
75.3589096069336
67.05152893066406
76.01082611083984
72.15483856201172
76.93323516845703
77.6983413696289
79.41693115234375
81.03704071044922
82.69742584228516
85.52925109863281
85.76692199707031
88.81513214111328
85.82521057128906
88.90735626220703
84.54552459716797
87.99356842041016
84.06477355957031
86.1843490600586
85.6143798828125
84.12320709228516
86.86222076416016
82.78272247314453
87.45964050292969
83.7497329711914
86.79833984375
86.72496032714844
85.61839294433594
89.08470153808594
82.72930145263672
88.84281158447266
81.72663116455078
84.42340087890625
81.17686462402344
78.48219299316406
79.80244445800781
74.43429565429688
80.10011291503906
74.24851989746094
81.98121643066406
76.94416809082031
80.24374389648438
76.82103729248047
75.41480255126953
73.36065673828125
71.68272399902344
65.0793228149414
71.65103912353516
60.576236724853516
71.7821273803711
61.79932403564453
73.04704284667969
65.34435272216797
75.06550598144531
72.73040008544922
75.2527847290039
77.03117370605469
72.8509292602539
80.47354888916016
75.45580291748047
81.9429931640625
80.4873046875
82.61194610595703
86.03282165527344
81.42446899414062
88.53855895996094
82.046142578125
86.19522094726562
82.32698059082031
80.82395935058594
82.02860260009766
76.13899230957031
80.80525970458984
75.31358337402344
78.4395980834961
77.66754913330078
73.26388549804688
77.87655639648438
71.4292984008789
76.16545104980469
72.51277923583984
74.79409790039062
75.1153793334961
67.99046325683594
75.3097915649414
70.0096435546875
74.6834716796875
73.61701965332031
71.22208404541016
76.89769744873047
68.31636047363281
76.6296157836914
73.91716766357422
73.2494888305664
75.327880859375
64.26305389404297
74.90483856201172
66.12842559814453
73.39871978759766
72.76087188720703
73.48060607910156
75.50526428222656
73.81697845458984
76.40257263183594
75.34051513671875
74.96833801269531
75.4185791015625
73.13623809814453
73.93783569335938
74.84359741210938
71.53089141845703
75.5604248046875
69.91824340820312
75.63162994384766
72.6178970336914
71.43353271484375
75.00184631347656
71.679443359375
76.14437866210938
72.4017333984375
75.64183807373047
74.44479370117188
75.11588287353516
76.39276885986328
72.54310607910156
77.01836395263672
72.41967010498047
75.73458099365234
74.8321762084961
72.70388793945312
76.9395980834961
70.42974853515625
77.46802520751953
71.48743438720703
76.73774719238281
75.51761627197266
76.2547607421875
79.27827453613281
74.93675994873047
80.74562072753906
75.85337829589844
81.49976348876953
80.32723236083984
81.36952209472656
83.30857849121094
81.6281509399414
85.58574676513672
82.42533111572266
87.23320770263672
86.29851531982422
87.6547622680664
89.07495880126953
86.80110168457031
89.62995910644531
86.2571792602539
88.14884185791016
86.16108703613281
85.67711639404297
85.66476440429688
82.95938110351562
84.43693542480469
82.23937225341797
83.36377716064453
81.8278579711914
81.30047607421875
81.53190612792969
79.48817443847656
80.96829986572266
79.09916687011719
80.61964416503906
79.91778564453125
78.80984497070312
79.12581634521484
78.14737701416016
78.39795684814453
77.57524108886719
76.92967987060547
78.12891387939453
76.7789535522461
77.2740707397461
76.5393295288086
76.91032409667969
76.7491455078125
76.3351058959961
76.15038299560547
75.1436538696289
74.28897094726562
75.4944076538086
74.1785888671875
73.76026916503906
73.871826171875
73.3781967163086
73.78199768066406
71.72080993652344
76.52067565917969
73.92615509033203
81.80057525634766
78.88705444335938
83.7509994506836
82.30004119873047
83.22371673583984
84.06256866455078
81.74312591552734
84.91761779785156
81.12674713134766
85.01285552978516
83.06526184082031
84.59656524658203
85.49695587158203
83.45545959472656
87.28408813476562
84.27669525146484
88.21411895751953
87.001953125
88.12806701660156
89.636474609375
87.17749786376953
90.53887176513672
86.68207550048828
89.20503234863281
87.19466400146484
86.07243347167969
86.64661407470703
81.89974212646484
85.70709228515625
80.17584228515625
85.1141357421875
81.6373062133789
85.01383209228516
84.50519561767578
85.0318374633789
85.67793273925781
84.28329467773438
85.4326400756836
84.30958557128906
84.49610137939453
84.10164642333984
83.76818084716797
83.65069580078125
83.53849029541016
82.80213928222656
83.14987182617188
82.44918823242188
82.89224243164062
82.64527130126953
81.72905731201172
83.47254943847656
81.58135223388672
83.63565826416016
81.86750030517578
83.875732421875
83.429931640625
83.32378387451172
85.84619903564453
83.76673126220703
87.03981018066406
85.5115966796875
87.20862579345703
88.53022003173828
86.9726791381836
90.9022216796875
87.43766784667969
91.55888366699219
89.29421997070312
89.24774169921875
89.58060455322266
83.9649658203125
88.11196899414062
81.1894760131836
84.98239135742188
80.60924530029297
80.27510070800781
81.52870178222656
73.69986724853516
79.80776977539062
65.47592163085938
78.77904510498047
71.07677459716797
76.94715118408203
74.75883483886719
76.11250305175781
78.69871520996094
73.9344482421875
80.86919403076172
74.76854705810547
82.33045959472656
80.32444763183594
81.94916534423828
84.48004913330078
81.16741943359375
86.94129180908203
82.03343963623047
89.26141357421875
87.1591567993164
90.78728485107422
91.06819915771484
88.9725570678711
90.92271423339844
85.99408721923828
88.68455505371094
84.84883880615234
85.9205551147461
84.44434356689453
83.29605865478516
83.69686126708984
81.26763916015625
82.32683563232422
80.25775146484375
80.77317810058594
79.78856658935547
80.04920196533203
79.3617935180664
80.32453918457031
79.62742614746094
82.60563659667969
80.89802551269531
85.60887145996094
84.5130615234375
87.75586700439453
88.04419708251953
87.51565551757812
88.8900375366211
84.65824127197266
88.14035034179688
81.51676940917969
87.39178466796875
83.21260833740234
88.05802154541016
86.80516815185547
88.83879852294922
89.8559799194336
89.20772552490234
91.0469970703125
89.79252624511719
91.43140411376953
90.66138458251953
91.13729858398438
91.60344696044922
90.83243560791016
91.93305969238281
91.32145690917969
91.64221954345703
91.9520492553711
91.32412719726562
92.12060546875
90.96630096435547
91.48577117919922
91.00547790527344
90.89592742919922
91.59626770019531
90.88201904296875
92.30538940429688
91.43977355957031
92.5372543334961
92.138671875
92.38066864013672
92.6715316772461
92.27865600585938
93.20069122314453
92.55339813232422
93.10174560546875
92.85466003417969
93.0076904296875
93.24510192871094
92.92578887939453
93.56031799316406
93.18717956542969
93.46300506591797
93.47410583496094
93.262451171875
93.57954406738281
92.9397964477539
93.62147521972656
93.16504669189453
93.11183166503906
93.43303680419922
92.72911834716797
93.42098999023438
92.30101013183594
92.85616302490234
92.22066497802734
91.55179595947266
91.6502914428711
90.16757202148438
91.25778198242188
89.31925201416016
91.25499725341797
90.18177795410156
91.74954986572266
91.4648666381836
92.11756896972656
92.72907257080078
92.48931121826172
93.62740325927734
93.21495819091797
94.19644927978516
94.0462875366211
94.49915313720703
94.93611145019531
95.05754852294922
95.74200439453125
95.66055297851562
96.34236907958984
96.32588958740234
96.85423278808594
97.11148071289062
97.33622741699219
97.36421966552734
97.33822631835938
97.23308563232422
97.1131362915039
96.80089569091797
96.86042785644531
96.85452270507812
96.70750427246094
96.73373413085938
95.9880599975586
96.12468719482422
95.22367095947266
95.10071563720703
94.31018829345703
93.72553253173828
93.31224060058594
92.28981018066406
92.24286651611328
91.01477813720703
90.5685806274414
90.00981140136719
88.96153259277344
89.19043731689453
87.7344970703125
89.46625518798828
87.60208892822266
89.52408599853516
87.77293395996094
88.1281509399414
87.6360092163086
86.801025390625
87.17389678955078
84.73263549804688
86.35637664794922
83.522216796875
84.76478576660156
83.2572021484375
83.97481536865234
85.09770202636719
85.41073608398438
88.14130401611328
85.90543365478516
89.30081176757812
85.78026580810547
88.79866027832031
86.44953155517578
87.1165542602539
87.08785247802734
84.73628234863281
87.26628112792969
83.37940979003906
87.59809112548828
84.52777099609375
87.76216125488281
86.86097717285156
86.58946990966797
88.26386260986328
85.10433959960938
88.63665771484375
84.04774475097656
86.74098205566406
82.51834869384766
81.91419982910156
78.58477783203125
79.10186767578125
79.00856018066406
80.80390930175781
82.69837188720703
82.11031341552734
83.8084487915039
83.33099365234375
83.93460083007812
84.72846984863281
84.30929565429688
85.29989624023438
84.91820526123047
85.28568267822266
85.27302551269531
84.1615982055664
85.07917785644531
81.58943176269531
82.91847229003906
79.19328308105469
80.49674224853516
78.0030746459961
78.48020935058594
78.15989685058594
76.99529266357422
78.9819107055664
77.50260925292969
79.90123748779297
