84.99031829833984
85.78072357177734
86.9096908569336
87.77938842773438
88.97976684570312
89.97477722167969
90.71002960205078
91.15571594238281
90.24577331542969
89.3035888671875
87.37386322021484
85.24708557128906
83.78485107421875
81.73495483398438
80.36532592773438
78.28285217285156
75.86041259765625
74.69705200195312
72.29703521728516
69.60742950439453
68.10147094726562
70.0307388305664
72.1797103881836
75.6698989868164
78.25529479980469
80.82476806640625
83.61670684814453
84.3216781616211
84.99085235595703
83.69869995117188
82.5963363647461
81.56018829345703
79.38990020751953
78.62196350097656
77.27513885498047
76.54998016357422
75.1958236694336
74.9286880493164
74.43803405761719
71.564208984375
72.25940704345703
69.44324493408203
69.56536865234375
68.9590835571289
65.36189270019531
67.66998291015625
64.97190856933594
65.64385223388672
62.069091796875
62.11498260498047
61.478763580322266
54.174686431884766
60.078125
54.73248291015625
55.469505310058594
59.816368103027344
52.23927688598633
55.54744338989258
58.90406799316406
66.253662109375
62.07465744018555
63.49658203125
66.6861801147461
64.36046600341797
68.05809783935547
68.5716323852539
69.43700408935547
72.13327026367188
72.59440612792969
75.14716339111328
75.46089935302734
77.34445190429688
79.26612854003906
80.72560119628906
82.37040710449219
83.04901123046875
83.09407806396484
81.91608428955078
81.2701644897461
79.84140014648438
79.1047592163086
78.00126647949219
77.0809326171875
76.73108673095703
75.86039733886719
75.29375457763672
74.48784637451172
74.06908416748047
73.43077087402344
73.90655517578125
73.11348724365234
72.90803527832031
72.31602478027344
72.46064758300781
72.13861083984375
71.71736145019531
71.60283660888672
71.18413543701172
71.48858642578125
72.10792541503906
70.73121643066406
71.2093734741211
70.94169616699219
71.36925506591797
70.44152069091797
70.56461334228516
70.32884216308594
70.64826965332031
71.83189392089844
70.60652160644531
70.10395812988281
70.84776306152344
69.77490234375
71.2907943725586
71.17395782470703
70.4753189086914
70.4281997680664
70.71005249023438
71.6717300415039
72.18759155273438
74.653564453125
76.45938110351562
77.50569915771484
78.78276824951172
78.73916625976562
79.40199279785156
80.1307144165039
80.15208435058594
80.68966674804688
80.9862289428711
81.30968475341797
82.39086151123047
82.54014587402344
82.83277130126953
81.96234893798828
80.34587860107422
78.5307388305664
76.48959350585938
76.53038024902344
76.58562469482422
77.87034606933594
79.80602264404297
81.60289764404297
83.309326171875
84.74720764160156
85.54092407226562
85.34173583984375
84.56526947021484
82.84959411621094
80.7945327758789
78.64413452148438
77.7210922241211
76.69011688232422
75.68683624267578
75.85803985595703
74.9870376586914
74.5840072631836
74.50253295898438
75.16667175292969
73.5609359741211
75.01146697998047
75.5830078125
74.50196075439453
76.48214721679688
76.63792419433594
77.2948226928711
77.85840606689453
78.90968322753906
80.11080169677734
80.65990447998047
82.03755187988281
82.85930633544922
83.49897003173828
83.40646362304688
83.36568450927734
82.38426971435547
81.68679809570312
80.92303466796875
80.08074951171875
79.5659408569336
78.66106414794922
77.8241195678711
77.51457214355469
76.85246276855469
76.90138244628906
76.07965850830078
76.1585693359375
77.4325942993164
76.71868133544922
76.79216766357422
77.72154235839844
77.30218505859375
78.0542221069336
77.5010986328125
77.83406829833984
77.94674682617188
78.4641342163086
78.68833923339844
78.4715347290039
79.26768493652344
78.8200912475586
79.54721069335938
80.17142486572266
79.71614074707031
81.44410705566406
81.03374481201172
82.08013916015625
82.44514465332031
82.86414337158203
83.75690460205078
84.16195678710938
85.15438079833984
85.46351623535156
86.35331726074219
86.62494659423828
86.82203674316406
86.6359634399414
86.2936019897461
85.61426544189453
84.80595397949219
84.74484252929688
84.35948181152344
84.26348876953125
84.10658264160156
83.9076919555664
83.50358581542969
82.92353820800781
82.00645446777344
81.01436614990234
80.43445587158203
79.64160919189453
79.0735092163086
78.5420150756836
78.11812591552734
77.61570739746094
76.64169311523438
76.86834716796875
75.71829986572266
75.53025817871094
74.83517456054688
74.86463928222656
74.66220092773438
74.57884979248047
74.4146957397461
73.447021484375
72.97399139404297
72.49565124511719
72.36127471923828
72.67166900634766
71.18416595458984
71.89765930175781
71.13158416748047
71.26313018798828
70.97875213623047
70.29325866699219
69.53376770019531
69.22847747802734
68.7720947265625
68.20913696289062
69.23284912109375
67.86993408203125
66.2833480834961
67.3975830078125
65.57063293457031
68.25947570800781
69.84803009033203
71.76119995117188
75.17391204833984
76.91729736328125
77.90657806396484
78.1122055053711
77.9197006225586
77.79849243164062
77.53419494628906
77.50997161865234
77.50895690917969
76.56558227539062
75.91880798339844
74.9309310913086
73.79975891113281
73.7654037475586
73.78411865234375
74.40971374511719
75.0571517944336
75.71651458740234
76.18067932128906
77.03688049316406
77.8517074584961
78.16202545166016
79.2306900024414
79.75143432617188
80.38819885253906
81.0547103881836
81.7998046875
82.92784118652344
83.33695220947266
84.12478637695312
84.60497283935547
85.04113006591797
85.05110168457031
84.80365753173828
84.50420379638672
84.08303833007812
83.44844818115234
82.60838317871094
82.14535522460938
81.6828384399414
81.09748840332031
80.73392486572266
80.27210998535156
80.09066009521484
79.43987274169922
79.39744567871094
78.81512451171875
79.05257415771484
78.68204498291016
78.25486755371094
78.1059341430664
76.85466003417969
76.88685607910156
76.14604187011719
75.58043670654297
75.57772827148438
76.08805084228516
76.40837097167969
76.59318542480469
77.67168426513672
77.56573486328125
78.26947021484375
79.00204467773438
79.86909484863281
80.33079528808594
81.08403015136719
82.14210510253906
82.66608428955078
83.71115112304688
84.87556457519531
85.87549591064453
86.72576141357422
86.91869354248047
86.52686309814453
85.16156005859375
83.75133514404297
81.99397277832031
80.27143096923828
79.09813690185547
77.7263412475586
76.46845245361328
76.21295166015625
76.38568878173828
75.82251739501953
74.74773406982422
74.38724517822266
73.64360046386719
72.52131652832031
70.86396789550781
69.70795440673828
68.68505096435547
66.85011291503906
67.00345611572266
66.65473937988281
63.76723861694336
64.62413787841797
65.51978302001953
64.52481842041016
66.26417541503906
65.95429229736328
68.17276000976562
68.13230895996094
68.72595977783203
71.16487121582031
71.4323959350586
72.11119079589844
71.99383544921875
71.96595001220703
70.35916900634766
70.97537994384766
71.75225830078125
70.68206024169922
72.1751937866211
73.2354736328125
74.55620574951172
76.13273620605469
77.67900848388672
79.157958984375
79.99784088134766
81.43319702148438
82.41353607177734
83.39672088623047
84.11544799804688
84.69856262207031
84.96945190429688
84.99079895019531
85.21928405761719
85.07184600830078
85.30743408203125
85.23345184326172
85.26913452148438
85.31536865234375
85.2125015258789
85.05399322509766
84.8375244140625
84.7938461303711
84.58123779296875
84.4679183959961
84.18228912353516
84.06340026855469
83.86224365234375
83.66416931152344
83.52625274658203
83.3150405883789
83.59807586669922
84.21372985839844
85.70023345947266
86.59861755371094
87.16342163085938
87.32381439208984
87.43659973144531
87.4598617553711
87.3314437866211
87.51934051513672
87.4219741821289
87.33162689208984
87.44954681396484
87.17062377929688
86.9510498046875
86.16929626464844
85.87615966796875
85.80382537841797
85.96199035644531
86.62425231933594
87.2856674194336
88.42174530029297
89.29021453857422
89.88508605957031
90.27374267578125
90.47673797607422
90.64421081542969
90.78057098388672
90.94317626953125
90.98284912109375
91.0891342163086
91.13914489746094
91.32316589355469
91.48578643798828
91.5664291381836
91.70569610595703
91.73108673095703
91.85187530517578
91.74844360351562
91.72579956054688
91.45085906982422
91.06244659423828
90.41492462158203
89.48645782470703
88.41558837890625
86.96475982666016
85.66749572753906
84.34378051757812
83.43689727783203
83.07337951660156
82.99871826171875
83.58789825439453
84.05712890625
84.50789642333984
85.18167877197266
85.86466217041016
86.23881530761719
86.67426300048828
87.34973907470703
87.99695587158203
88.65958404541016
89.04973602294922
89.7718734741211
90.21717071533203
90.70152282714844
91.08870697021484
91.13490295410156
91.05780792236328
90.38050079345703
89.63931274414062
88.31014251708984
86.89034271240234
85.0948715209961
83.3698959350586
81.37032318115234
79.75559997558594
78.38925170898438
77.79139709472656
77.70309448242188
77.06501007080078
76.69564819335938
76.06558227539062
75.37691497802734
73.90694427490234
72.73477935791016
72.496826171875
72.3157730102539
72.13693237304688
72.91690826416016
74.38844299316406
75.9809341430664
77.28762817382812
78.75
80.06514739990234
81.1829605102539
82.48497772216797
83.313232421875
84.31414031982422
84.6279296875
84.96315002441406
84.82603454589844
84.32513427734375
83.75212860107422
83.09429168701172
82.31671905517578
81.48892211914062
80.71372985839844
79.9622802734375
78.7127685546875
78.00578308105469
77.19309997558594
76.73091125488281
76.23445129394531
77.00504302978516
78.30105590820312
78.81501770019531
79.21622467041016
78.9196548461914
78.0254135131836
77.52375030517578
77.05777740478516
76.28971862792969
76.46343994140625
75.09220123291016
74.18203735351562
74.21635437011719
73.72565460205078
74.99009704589844
76.2627944946289
78.5215835571289
79.66878509521484
80.50838470458984
80.47554779052734
79.8415756225586
78.7018814086914
76.7310562133789
75.59673309326172
73.38826751708984
71.7194595336914
69.05014038085938
68.94133758544922
66.87516784667969
67.0751953125
66.8148422241211
66.86946105957031
66.97213745117188
67.50457000732422
68.54907989501953
68.03571319580078
68.8915786743164
70.13823699951172
70.5545654296875
71.25433349609375
72.63367462158203
73.2073974609375
73.3102798461914
73.66159057617188
73.20559692382812
73.44853210449219
74.06001281738281
73.8497314453125
74.93633270263672
74.72804260253906
75.77082824707031
75.94671630859375
