85.84483337402344
91.33048248291016
94.59664916992188
59.66191864013672
96.77672576904297
95.5926742553711
89.7320327758789
98.7962875366211
89.91777038574219
94.0473861694336
95.0115737915039
66.30043029785156
91.4014663696289
87.10417938232422
80.70145416259766
87.09976196289062
77.11851501464844
79.72879791259766
79.46997833251953
60.7729377746582
78.30509948730469
77.94126892089844
75.24591064453125
86.76747131347656
81.74903106689453
88.8897705078125
92.87870025634766
60.74338150024414
91.8607177734375
88.33541107177734
81.20570373535156
88.5177230834961
79.39413452148438
83.41922760009766
84.75596618652344
61.4968376159668
82.82521057128906
79.20629119873047
73.43059539794922
80.7812728881836
72.59371185302734
76.83976745605469
77.83936309814453
50.75809860229492
76.13314819335938
72.57243347167969
66.94230651855469
74.24703979492188
65.53117370605469
70.40322875976562
70.61285400390625
53.52104949951172
68.9509048461914
68.2416763305664
56.51606750488281
65.94927978515625
50.390167236328125
64.26932525634766
64.9394760131836
52.52703857421875
58.69020080566406
56.766117095947266
61.74388885498047
68.9360122680664
64.59780883789062
67.92469024658203
72.3387680053711
50.07658004760742
74.27919006347656
72.9922103881836
69.1086196899414
78.90154266357422
71.5025863647461
77.96142578125
81.33362579345703
44.15171432495117
84.26807403564453
83.4721450805664
79.73030090332031
90.13733673095703
84.19058227539062
90.0909423828125
93.91044616699219
64.44219207763672
93.55257415771484
90.39402770996094
82.72756958007812
90.63229370117188
80.88459014892578
86.46883392333984
88.1241226196289
60.519535064697266
86.4004898071289
83.3459243774414
79.23468017578125
86.67658996582031
78.68365478515625
82.61357879638672
85.07251739501953
61.64171600341797
85.7933349609375
83.44722747802734
77.42233276367188
86.17430114746094
77.00074005126953
84.36788940429688
86.9837417602539
57.878379821777344
87.41610717773438
85.37747192382812
81.41006469726562
89.5663070678711
80.87801361083984
84.9374008178711
85.09607696533203
59.260894775390625
80.8313980102539
75.06548309326172
67.1609115600586
72.72252655029297
55.730438232421875
67.59265899658203
68.52240753173828
60.1373405456543
64.70687103271484
63.98140335083008
59.80317306518555
72.03289031982422
65.82740020751953
74.66935729980469
79.70983123779297
56.37548065185547
85.84500122070312
85.13302612304688
81.83861541748047
90.25312042236328
82.3354721069336
88.32630920410156
91.27249145507812
60.05122756958008
92.98367309570312
91.56045532226562
87.23422241210938
95.83421325683594
87.2012939453125
91.73394775390625
92.68148040771484
62.724185943603516
89.97093963623047
86.59798431396484
80.14026641845703
87.6019515991211
77.84687042236328
82.51776885986328
84.1945571899414
54.12705612182617
83.0889663696289
80.10008239746094
74.8943862915039
82.63448333740234
73.49526977539062
79.05191040039062
81.50532531738281
60.80086898803711
81.5166244506836
79.23707580566406
74.30960083007812
83.35741424560547
76.47929382324219
81.9527359008789
85.05354309082031
47.10118865966797
87.36701965332031
86.08563995361328
81.0035629272461
89.08106231689453
79.66919708251953
84.83854675292969
85.79507446289062
62.58543014526367
83.53919982910156
80.5352783203125
76.88359069824219
84.35466766357422
76.24181365966797
81.51611328125
83.45719146728516
55.527156829833984
83.79032135009766
81.08189392089844
74.53382873535156
83.10174560546875
73.95391845703125
80.89179229736328
82.99759674072266
54.34772872924805
82.60800170898438
80.13365173339844
76.3509292602539
84.14625549316406
76.24800872802734
80.73556518554688
83.37149047851562
52.9626579284668
84.79540252685547
82.41175842285156
76.81442260742188
85.7276840209961
76.96402740478516
84.0582504272461
86.9798812866211
59.104373931884766
87.40465545654297
85.52407836914062
81.72692108154297
90.32096099853516
82.98152923583984
88.46700286865234
91.61222839355469
66.7753677368164
93.46531677246094
91.79407501220703
87.31963348388672
96.09559631347656
87.66541290283203
93.62871551513672
95.44813537597656
59.09356689453125
94.39091491699219
91.14564514160156
85.11344146728516
92.73265838623047
83.35614776611328
88.30071258544922
89.92671203613281
57.26789093017578
88.56957244873047
85.43688201904297
80.22113800048828
87.72583770751953
79.20993041992188
83.77378845214844
85.56040954589844
54.450740814208984
85.05542755126953
82.4137191772461
76.75391387939453
84.81129455566406
76.31218719482422
81.779541015625
83.88732147216797
56.3126220703125
83.43888092041016
80.96284484863281
76.00554656982422
83.95693969726562
76.06126403808594
80.7361831665039
82.80484771728516
54.73456954956055
82.56791687011719
79.95298767089844
75.13645935058594
83.14041900634766
74.93141174316406
79.8243179321289
81.97838592529297
51.212284088134766
81.31678009033203
78.82614135742188
74.29236602783203
82.04803466796875
74.49080657958984
80.41314697265625
83.21478271484375
55.609954833984375
83.5333480834961
81.739013671875
76.64828491210938
85.54136657714844
77.71211242675781
83.05425262451172
86.01924133300781
58.274017333984375
87.384033203125
85.6682357788086
80.61316680908203
89.72630310058594
82.35651397705078
88.16830444335938
91.12613677978516
53.85414123535156
92.08438110351562
90.17852783203125
85.10147857666016
93.4729232788086
84.81634521484375
90.29545593261719
92.11123657226562
59.602821350097656
90.98420715332031
87.95784759521484
82.94348907470703
89.99422454833984
80.8681869506836
84.99655151367188
85.84711456298828
57.96274185180664
81.94593811035156
78.88510131835938
68.92929077148438
78.67940521240234
71.13306427001953
77.19139099121094
79.59864807128906
56.66669464111328
78.46086883544922
75.82133483886719
72.41226959228516
79.74267578125
71.61630249023438
75.77039337158203
78.11035919189453
54.837364196777344
78.7116470336914
76.39908599853516
69.79472351074219
78.22428894042969
69.26180267333984
76.71572875976562
78.69100952148438
55.4907341003418
78.9086685180664
76.71167755126953
73.5961685180664
81.20954132080078
72.94246673583984
77.2292251586914
80.21854400634766
57.99894332885742
80.83871459960938
79.05098724365234
73.09864044189453
81.56153106689453
72.9443130493164
79.9411849975586
82.20681762695312
60.180843353271484
82.42202758789062
80.37642669677734
76.35511779785156
84.92623138427734
76.74939727783203
82.17633056640625
85.08885192871094
52.06226348876953
86.51604461669922
84.54338073730469
79.45242309570312
88.57703399658203
80.5780258178711
87.12041473388672
90.24983215332031
62.831764221191406
91.51214599609375
89.913818359375
85.98922729492188
94.95182800292969
87.48365783691406
93.79988098144531
96.80282592773438
69.70272827148438
98.04402160644531
95.6353530883789
90.66731262207031
98.11792755126953
88.771484375
94.27972412109375
96.06952667236328
59.12784957885742
95.74866485595703
93.2103271484375
88.35113525390625
96.3261489868164
87.4509506225586
93.03665924072266
94.9515609741211
61.86968994140625
94.56592559814453
91.8547134399414
86.55841064453125
94.3891830444336
85.5408706665039
91.15025329589844
92.9974594116211
61.086299896240234
92.10275268554688
89.37928771972656
83.75304412841797
91.6828842163086
83.11695098876953
87.62981414794922
89.26038360595703
50.102508544921875
87.24725341796875
85.06193542480469
79.56623077392578
88.35185241699219
80.74278259277344
86.22998809814453
89.12662506103516
50.4649772644043
89.60132598876953
87.3205795288086
82.17198944091797
89.99056243896484
80.8228530883789
85.7842025756836
88.05343627929688
41.882144927978516
89.01573181152344
87.16938018798828
81.80289459228516
90.43374633789062
82.44183349609375
86.37435150146484
89.03271484375
66.63347625732422
88.25061798095703
86.60293579101562
81.3683090209961
90.00548553466797
82.04340362548828
87.2808837890625
89.76585388183594
64.37240600585938
90.17640686035156
87.93514251708984
82.9022216796875
91.79145812988281
83.90108489990234
90.62593078613281
93.34649658203125
59.634090423583984
93.98030853271484
91.6568832397461
86.62446594238281
94.79700469970703
86.532470703125
91.64885711669922
93.96404266357422
64.07859802246094
93.85932922363281
91.35547637939453
86.21062469482422
94.41216278076172
86.02137756347656
91.36754608154297
93.638427734375
51.2988166809082
93.62769317626953
91.26458740234375
85.88500213623047
94.32597351074219
86.01679229736328
91.46987915039062
93.77853393554688
63.870262145996094
93.97274017333984
91.6677017211914
86.61229705810547
94.92359924316406
86.70099639892578
92.17302703857422
94.52715301513672
51.76007843017578
94.3914566040039
91.4933853149414
85.08509826660156
92.42910766601562
83.02790069580078
86.89055633544922
89.40370178222656
66.38319396972656
90.32262420654297
88.84844207763672
84.21183776855469
93.30715942382812
85.67811584472656
91.73303985595703
94.66128540039062
63.89635467529297
95.74300384521484
93.57244110107422
88.52924346923828
96.58058166503906
87.53443908691406
92.80587768554688
94.3055648803711
57.07597351074219
92.34336853027344
88.79876708984375
82.72660064697266
89.65113830566406
80.13179016113281
83.36700439453125
84.04084777832031
52.77750778198242
80.46723175048828
76.72798156738281
70.55711364746094
80.74798583984375
74.29724884033203
81.64075469970703
85.2383804321289
59.5169677734375
86.42317962646484
83.49655151367188
77.86760711669922
84.89803314208984
75.48027038574219
80.22676086425781
82.97799682617188
47.021400451660156
84.6623306274414
83.58908081054688
79.54886627197266
88.92191314697266
81.52429962158203
87.83295440673828
90.61316680908203
62.28653335571289
91.08084869384766
88.4829330444336
83.78269958496094
91.2861557006836
82.12902069091797
87.0414047241211
88.45787811279297
43.322227478027344
87.65066528320312
85.24905395507812
79.61549377441406
87.94300842285156
79.25957489013672
84.80287170410156
86.7198257446289
50.980979919433594
85.86515808105469
83.48382568359375
78.49446868896484
86.33285522460938
78.16597747802734
83.06773376464844
84.96297454833984
42.225067138671875
84.43292236328125
81.59972381591797
74.91889953613281
82.88787078857422
74.48955535888672
78.88677215576172
81.50312805175781
61.80992126464844
81.00310516357422
79.03501892089844
74.68820190429688
82.08780670166016
74.45486450195312
78.8828125
81.14275360107422
54.67902374267578
81.71785736083984
79.74634552001953
73.97216796875
82.18099975585938
