87.30506134033203
87.7447738647461
88.92450714111328
89.44176483154297
90.41535186767578
91.69951629638672
92.66490936279297
93.90281677246094
94.61780548095703
95.05595397949219
94.50408172607422
93.6124496459961
91.79004669189453
89.98480224609375
88.34334564208984
86.35539245605469
84.90188598632812
81.81830596923828
80.3848648071289
78.8651123046875
75.284912109375
74.35543060302734
73.55815887451172
74.86711120605469
79.57793426513672
82.20527648925781
84.5865249633789
87.89859771728516
89.27025604248047
89.90321350097656
89.19115447998047
87.68405151367188
86.27112579345703
85.0492172241211
83.99253845214844
82.72122192382812
81.27912902832031
79.89452362060547
79.54373168945312
77.67266845703125
77.17052459716797
76.62652587890625
74.6426773071289
74.25196075439453
73.2398681640625
72.17189025878906
71.02910614013672
68.58794403076172
69.96581268310547
68.51708984375
63.0250244140625
67.563232421875
65.96661376953125
61.646183013916016
59.86344528198242
55.18449783325195
57.36947250366211
61.37974548339844
59.256893157958984
63.65739822387695
64.53517150878906
65.15830993652344
69.34619903564453
69.675048828125
71.63768005371094
72.8405532836914
73.50342559814453
75.95252990722656
75.70401000976562
77.19734191894531
78.84131622314453
80.17782592773438
82.70706176757812
83.44607543945312
85.58014678955078
87.61323547363281
88.65258026123047
89.30747985839844
88.72945404052734
87.79085540771484
86.61312866210938
85.61480712890625
84.64505004882812
83.80062866210938
82.85283660888672
81.6707992553711
81.05889892578125
80.86809539794922
80.06958770751953
79.93138885498047
79.4339828491211
79.27381896972656
78.58565521240234
78.82787322998047
78.62738800048828
77.85411834716797
78.5990219116211
77.89794158935547
77.65326690673828
78.37454986572266
77.92271423339844
78.03960418701172
78.1934814453125
78.215087890625
78.19456481933594
78.0143051147461
78.30682373046875
78.18329620361328
77.77513122558594
78.79879760742188
78.05207824707031
78.92894744873047
78.78650665283203
79.19754028320312
79.46154022216797
78.43569946289062
79.38301849365234
79.33194732666016
79.319091796875
79.99771118164062
79.29019165039062
80.25260162353516
80.2373046875
80.71855926513672
81.74976348876953
82.33987426757812
83.59691619873047
84.21381378173828
85.19747924804688
86.2356948852539
86.80586242675781
87.46595001220703
87.23931884765625
86.40585327148438
84.36253356933594
82.56884002685547
80.28530883789062
78.19072723388672
77.28636169433594
77.09066009521484
77.7539291381836
80.8502426147461
82.2923812866211
84.41117858886719
86.75244140625
88.24821472167969
89.34587097167969
89.29582214355469
88.81124114990234
88.15093231201172
87.37125396728516
86.65921020507812
86.09021759033203
86.0115966796875
85.81511688232422
85.62090301513672
85.79869842529297
85.8667221069336
86.4080810546875
86.73015594482422
87.52416229248047
88.06024932861328
88.9189453125
89.77295684814453
90.61080932617188
91.7480239868164
92.50173950195312
93.18251037597656
93.34547424316406
93.03820037841797
92.2589340209961
91.44007110595703
90.59205627441406
89.67900085449219
88.99527740478516
88.2314453125
87.58382415771484
87.1402816772461
86.54377746582031
86.37171173095703
85.85118103027344
85.50721740722656
85.4906997680664
84.84243774414062
85.17178344726562
84.64098358154297
84.77327728271484
85.221923828125
85.06002044677734
85.26285552978516
85.24675750732422
85.74073791503906
85.84099578857422
85.94068908691406
86.49628448486328
86.86609649658203
87.19318389892578
87.7226791381836
88.2613754272461
88.90361785888672
89.38179779052734
90.22186279296875
90.96390533447266
91.54522705078125
92.44219207763672
92.94247436523438
93.58184814453125
93.80809783935547
93.96726989746094
93.6358413696289
92.8780746459961
92.28704071044922
91.33030700683594
90.58905029296875
89.55757141113281
88.76627349853516
87.87770080566406
87.09530639648438
86.48957824707031
85.67554473876953
84.91185760498047
84.471923828125
83.52806091308594
83.45970916748047
82.53599548339844
82.17041778564453
82.3594970703125
81.22390747070312
81.28172302246094
80.59343719482422
80.27371978759766
79.38176727294922
79.4997787475586
79.2935791015625
78.38563537597656
78.75260162353516
78.51074981689453
77.57622528076172
77.97457885742188
77.31202697753906
77.35972595214844
78.02190399169922
76.97515869140625
77.73332214355469
76.59796905517578
76.32587432861328
77.0395736694336
75.673095703125
75.83528900146484
75.76246643066406
74.72627258300781
75.64957427978516
74.89115142822266
75.77224731445312
75.05559539794922
74.48527526855469
75.0138168334961
74.44989776611328
74.9276351928711
74.18610382080078
74.62541961669922
73.95206451416016
73.5715560913086
74.51085662841797
72.58177947998047
72.95857238769531
70.9272232055664
69.73637390136719
71.07431030273438
73.30725860595703
75.49349212646484
78.27181243896484
78.76028442382812
78.5394515991211
77.87535858154297
77.53987121582031
77.55828857421875
76.98836517333984
77.29002380371094
77.55335998535156
78.23921966552734
78.77532196044922
78.67110443115234
79.69206237792969
79.93309783935547
80.72106170654297
81.74938201904297
82.19529724121094
83.3586654663086
83.89192962646484
84.99349975585938
85.64439392089844
86.58538055419922
87.71002960205078
88.54704284667969
89.25341796875
89.54486846923828
90.13285827636719
90.1823501586914
89.85353088378906
89.44879913330078
88.94307708740234
88.4280776977539
87.7716064453125
86.83048248291016
86.42411041259766
85.53118896484375
85.29100036621094
85.05150604248047
84.44818115234375
84.19707489013672
83.73084259033203
83.9192123413086
83.14826965332031
83.23180389404297
83.32179260253906
83.09766387939453
83.05936431884766
83.06602478027344
82.96194458007812
82.54220581054688
81.59856414794922
81.14875030517578
80.14305114746094
80.14747619628906
80.43963623046875
79.86666870117188
81.1064682006836
81.2387466430664
81.70156860351562
82.82791137695312
83.36459350585938
84.1898193359375
85.05107879638672
85.79220581054688
86.87368774414062
88.13787078857422
88.85227966308594
89.94324493408203
91.30391693115234
92.09494018554688
92.53064727783203
92.43195343017578
91.34628295898438
90.40419006347656
88.75725555419922
87.5318832397461
86.039306640625
84.63013458251953
83.86759185791016
82.15497589111328
81.29247283935547
80.34180450439453
79.14041137695312
78.47216033935547
76.75100708007812
76.02666473388672
74.8782730102539
73.77000427246094
74.65968322753906
72.54535675048828
72.67288208007812
72.0119400024414
69.8222885131836
72.35753631591797
73.42639923095703
73.37702941894531
74.32986450195312
75.39136505126953
76.37139892578125
76.41358184814453
76.89903259277344
77.33370971679688
76.0677261352539
74.67903900146484
73.74876403808594
74.00953674316406
71.99569702148438
71.80550384521484
72.75624084472656
73.64574432373047
74.97879028320312
77.63008117675781
78.39093017578125
79.82173156738281
81.57861328125
82.39339447021484
83.88306427001953
84.66940307617188
86.02112579345703
87.35940551757812
88.18474578857422
89.35310363769531
89.86497497558594
90.6055679321289
91.07140350341797
91.41529846191406
91.50170135498047
91.44890594482422
91.484130859375
91.18115234375
91.18859100341797
91.03536224365234
90.97227478027344
90.86376190185547
90.74727630615234
90.86078643798828
90.60706329345703
90.30589294433594
90.1268539428711
89.12218475341797
88.32681274414062
87.94727325439453
87.72098541259766
87.96209716796875
88.0333480834961
88.18028259277344
88.10408782958984
88.03251647949219
88.21228790283203
87.99427032470703
88.07249450683594
87.95018768310547
88.34846496582031
88.77568817138672
89.04509735107422
89.43209075927734
89.65985870361328
89.9350357055664
90.23841094970703
90.28556060791016
90.42991638183594
90.5956039428711
90.75321197509766
90.90715789794922
90.94400787353516
91.1788558959961
91.08661651611328
91.23307800292969
91.33906555175781
91.44424438476562
91.56698608398438
91.57058715820312
91.77593994140625
91.78582763671875
91.93386840820312
92.02371978759766
91.99285888671875
92.073486328125
92.2402114868164
92.28485870361328
92.44586944580078
92.56401824951172
92.7628173828125
92.76994323730469
92.76141357421875
92.67212677001953
92.2316665649414
91.60279083251953
90.52444458007812
89.4556884765625
88.48405456542969
87.64924621582031
87.41759490966797
87.4239730834961
87.72905731201172
88.1719741821289
88.61026763916016
88.93231964111328
89.15616607666016
89.9034194946289
90.18376159667969
90.5524673461914
91.01519012451172
91.60659790039062
92.05718994140625
92.51470947265625
92.76528930664062
92.86017608642578
92.41050720214844
91.9135971069336
90.92342376708984
89.97288513183594
88.73125457763672
87.46886444091797
86.31092834472656
84.90412902832031
84.06864929199219
83.0546875
82.669921875
81.90735626220703
82.5472640991211
83.03229522705078
84.02842712402344
85.4532241821289
86.17620086669922
87.59820556640625
88.67018127441406
89.44924926757812
90.33323669433594
90.78361511230469
91.48371887207031
91.89349365234375
92.35083770751953
92.71005249023438
93.02117919921875
93.1980209350586
93.23060607910156
93.2159194946289
92.64613342285156
92.23825073242188
91.23511505126953
90.25960540771484
89.07442474365234
87.76383972167969
86.50232696533203
84.91132354736328
83.24754333496094
81.75741577148438
80.18373107910156
78.94629669189453
77.59661865234375
76.98275756835938
76.65695190429688
75.64515686035156
76.60951232910156
77.21654510498047
77.90644836425781
80.22655487060547
80.8908462524414
83.01284790039062
84.43940734863281
85.73973083496094
87.23701477050781
88.2197494506836
89.45710754394531
90.27469635009766
91.04106903076172
91.57378387451172
91.69766235351562
91.91495513916016
91.60206604003906
91.57353210449219
91.06507110595703
90.6135025024414
89.9405746459961
88.97074127197266
87.50624084472656
85.54316711425781
83.06261444091797
81.32255554199219
79.7810287475586
79.74405670166016
80.32716369628906
81.8084716796875
83.78099060058594
84.4560775756836
85.22081756591797
85.8387222290039
86.070556640625
86.1350326538086
86.28048706054688
86.2557144165039
85.94772338867188
85.31513214111328
84.50157928466797
83.52943420410156
82.04549407958984
80.16880798339844
79.26637268066406
77.49616241455078
75.06989288330078
75.59186553955078
73.05138397216797
72.12548065185547
71.51268768310547
