85.05705261230469
90.16742706298828
93.9499740600586
75.36912536621094
94.75887298583984
91.31178283691406
89.67333221435547
93.76123809814453
80.31224060058594
89.1023178100586
89.05586242675781
76.09672546386719
85.09201049804688
82.96903228759766
56.24290466308594
75.37452697753906
69.009765625
77.22616577148438
77.88488006591797
73.12808227539062
84.15216827392578
85.24203491210938
72.81145477294922
89.6276626586914
84.7177734375
87.65337371826172
89.43077087402344
73.0042953491211
88.47984313964844
83.6612548828125
79.69253540039062
85.37956237792969
75.89984893798828
79.99166870117188
81.13363647460938
56.53936004638672
78.04764556884766
76.2047348022461
71.35478210449219
77.27964782714844
65.1352310180664
71.40840911865234
73.67564392089844
53.39055633544922
68.94657897949219
65.32337188720703
58.84733963012695
67.99580383300781
55.91254806518555
63.843101501464844
65.44699096679688
48.63884353637695
66.09684753417969
66.92401885986328
60.844810485839844
74.02629852294922
64.10779571533203
75.05904388427734
78.61930847167969
58.76777267456055
81.94232177734375
79.80073547363281
77.5877456665039
84.43800354003906
73.70695495605469
81.26979064941406
82.2840347290039
61.28529739379883
79.9049072265625
78.01952362060547
67.44422912597656
78.62580108642578
71.12487030029297
72.82398223876953
75.17572784423828
61.72060775756836
76.88275909423828
71.4712905883789
70.94961547851562
75.48001861572266
67.55806732177734
71.4312973022461
75.36125946044922
60.28660202026367
73.88129425048828
73.88219451904297
61.76369094848633
71.30848693847656
63.453880310058594
71.16146850585938
73.44174194335938
55.00049591064453
74.44818878173828
72.51925659179688
68.60261535644531
76.00660705566406
68.3873519897461
69.33602905273438
71.60882568359375
55.88778305053711
67.82329559326172
68.52161407470703
62.669620513916016
74.00501251220703
65.9828109741211
74.09674072265625
75.9996109008789
60.48406219482422
75.38167572021484
71.9885025024414
58.7692985534668
69.92518615722656
61.74234390258789
69.54849243164062
70.80401611328125
55.7768669128418
71.95735931396484
69.53306579589844
63.63087844848633
72.10453033447266
57.97586441040039
73.95757293701172
78.31902313232422
65.24063873291016
80.33997344970703
79.94966125488281
73.25382232666016
82.18878173828125
74.65540313720703
81.7357177734375
84.19699096679688
61.387603759765625
86.1207046508789
83.37360382080078
79.378662109375
86.9072494506836
78.95494079589844
82.95077514648438
87.14559936523438
69.47998809814453
87.55391693115234
86.90464782714844
80.04753112792969
89.84132385253906
81.02974700927734
87.89556121826172
87.36981964111328
73.72818756103516
86.1945571899414
81.92372131347656
77.81244659423828
84.49818420410156
77.76105499267578
78.6452865600586
84.82109832763672
71.47949981689453
83.75411987304688
82.59801483154297
76.05516815185547
83.47038269042969
73.32667541503906
80.86119842529297
82.31310272216797
57.1942138671875
82.37279510498047
79.80120086669922
77.11042785644531
84.76134490966797
75.667724609375
83.0746841430664
85.06549072265625
62.34644317626953
85.03741455078125
82.5318603515625
78.56136322021484
85.37931060791016
74.59320831298828
81.59644317626953
82.66996765136719
65.04163360595703
80.70709228515625
79.13532257080078
68.9861831665039
77.67575073242188
61.6453742980957
77.92479705810547
76.8918685913086
69.31493377685547
73.54904174804688
73.83820343017578
74.24375915527344
80.85733795166016
75.4620361328125
77.59281158447266
82.2673110961914
50.645225524902344
83.08099365234375
80.25270080566406
74.09437561035156
82.68949127197266
73.24937438964844
80.92926788330078
83.13235473632812
61.80613327026367
82.97610473632812
81.2959213256836
77.44609069824219
85.16259765625
77.42728424072266
83.12922668457031
85.8786849975586
50.69387435913086
86.841796875
85.0827407836914
80.89848327636719
89.67512512207031
82.21422576904297
87.45722198486328
90.30301666259766
63.43122100830078
90.22927856445312
86.8302993774414
83.84937286376953
90.1166763305664
81.52324676513672
85.84481048583984
88.01536560058594
71.33273315429688
87.27679443359375
86.43741607666016
79.91088104248047
88.50495910644531
78.65930938720703
84.96917724609375
85.9201431274414
64.25572204589844
85.61262512207031
82.6612777709961
75.60395812988281
84.19906616210938
76.10364532470703
79.42465209960938
81.24999237060547
56.993492126464844
78.29801940917969
76.28816986083984
71.0888671875
80.0208740234375
69.70558166503906
78.19961547851562
79.02207946777344
61.27183532714844
78.7197265625
76.62305450439453
63.800716400146484
76.24446105957031
68.6072998046875
71.68226623535156
73.59514617919922
53.93562698364258
75.6094741821289
73.8916015625
71.49866485595703
81.66132354736328
75.19242858886719
79.53083038330078
82.24951934814453
60.25133514404297
82.72157287597656
79.65115356445312
73.0916519165039
82.32190704345703
75.18480682373047
78.14677429199219
80.86137390136719
48.69049072265625
81.43575286865234
78.64675903320312
74.55601501464844
82.49635314941406
73.46149444580078
80.58584594726562
82.6319808959961
61.08428192138672
82.00370025634766
80.13190460205078
74.9692611694336
83.87934112548828
74.97166442871094
82.9840087890625
85.53816223144531
64.26305389404297
87.56010437011719
85.39939880371094
81.76517486572266
89.42095947265625
81.0490493774414
86.99085998535156
89.97722625732422
69.17498016357422
89.05306243896484
86.36782836914062
81.87010192871094
88.74698638916016
80.36041259765625
84.9853286743164
87.58805084228516
68.55450439453125
85.32638549804688
82.0334701538086
78.32568359375
85.49522399902344
77.1546859741211
81.3583755493164
84.08551025390625
60.52864456176758
83.3270263671875
80.35234832763672
74.66108703613281
83.88204956054688
77.74198150634766
79.1288070678711
81.17803192138672
70.16085815429688
81.84903717041016
78.8029556274414
74.14300537109375
84.18063354492188
79.59577941894531
82.00308227539062
85.01316833496094
69.15157318115234
85.93043518066406
82.86617279052734
79.20366668701172
89.12858581542969
84.94561004638672
86.93254089355469
91.67613983154297
73.94606018066406
90.61003875732422
86.35285186767578
82.73529052734375
87.54754638671875
75.92150115966797
83.40032196044922
83.60687255859375
64.53223419189453
80.95320129394531
78.83073425292969
66.14710235595703
76.6419906616211
69.06334686279297
69.93074798583984
69.79955291748047
60.24825668334961
71.84140014648438
66.20348358154297
66.641845703125
71.6963882446289
65.71792602539062
64.37705993652344
67.38265991210938
65.38002014160156
62.63740921020508
65.45845031738281
69.81812286376953
72.44066619873047
67.14906311035156
72.95683288574219
75.7981948852539
60.461936950683594
76.43743896484375
75.51927947998047
69.03990173339844
78.35162353515625
73.33979797363281
75.10344696044922
78.76907348632812
66.20917510986328
78.29886627197266
74.70069122314453
76.39994812011719
82.66248321533203
74.99310302734375
82.26509094238281
86.13695526123047
52.801475524902344
88.1531753540039
86.70301818847656
81.46935272216797
90.78726959228516
84.06366729736328
87.56443786621094
90.59489440917969
65.95791625976562
90.90623474121094
88.00900268554688
83.35173797607422
90.17543029785156
78.65291595458984
86.70634460449219
87.53474426269531
68.80711364746094
85.87976837158203
84.34305572509766
75.95445251464844
86.01943969726562
77.65799713134766
82.6729507446289
84.69935607910156
62.6076545715332
85.86333465576172
83.01021575927734
80.6476821899414
88.54634857177734
81.98487091064453
86.45661926269531
90.18238067626953
59.051368713378906
90.69947052001953
88.63424682617188
82.67357635498047
90.989990234375
81.8246841430664
87.45333099365234
89.57524871826172
59.734169006347656
90.50579071044922
88.8164291381836
84.0093765258789
93.32044219970703
86.73878479003906
91.69905090332031
95.19416046142578
66.30513000488281
96.19471740722656
94.1467514038086
89.4444808959961
97.84466552734375
89.51004028320312
95.12383270263672
97.40502166748047
65.53384399414062
97.57904815673828
95.38866424560547
89.89783477783203
98.50432586669922
90.73001861572266
95.45063018798828
98.16136932373047
69.30040740966797
98.03096771240234
95.9359130859375
89.45158386230469
98.1428451538086
89.40792083740234
94.56952667236328
96.02777099609375
66.89176940917969
94.74234771728516
91.64868927001953
85.43604278564453
94.05712127685547
86.99386596679688
90.95230102539062
94.26756286621094
67.9630126953125
95.23230743408203
93.12061309814453
88.9039306640625
97.0316390991211
88.51993560791016
94.40370178222656
96.91641998291016
66.7339859008789
96.92432403564453
94.73410034179688
88.7882308959961
96.9352035522461
87.86385345458984
92.56123352050781
94.04166412353516
62.18705368041992
91.86103820800781
88.70565032958984
81.04483032226562
88.91632843017578
80.3559799194336
83.32122039794922
85.00039672851562
59.78944396972656
84.36739349365234
81.2212905883789
76.98125457763672
83.99856567382812
74.97242736816406
79.83332061767578
81.60350036621094
51.6585807800293
79.4389419555664
76.97704315185547
68.87557983398438
76.36053466796875
63.105045318603516
76.3097915649414
78.51905822753906
65.266845703125
81.96034240722656
81.4730453491211
75.90510559082031
85.90689849853516
78.49725341796875
83.99468231201172
86.20709991455078
56.94461441040039
85.7681884765625
82.63762664794922
77.66402435302734
84.6910629272461
75.78756713867188
80.74662017822266
82.1803970336914
39.2235221862793
80.53590393066406
77.11309051513672
71.4698486328125
79.3337173461914
73.91783142089844
76.04676818847656
80.63703155517578
62.45109176635742
80.64202117919922
74.84710693359375
74.38809967041016
78.89551544189453
73.3260269165039
78.59561157226562
83.785888671875
67.74700927734375
84.77835083007812
84.54400634765625
77.0887222290039
87.07127380371094
78.87474822998047
83.33715057373047
85.1796875
61.92487335205078
84.31865692138672
80.67427825927734
75.8326644897461
82.45197296142578
73.57211303710938
75.6397476196289
77.18946075439453
57.83134078979492
73.3995590209961
72.40985870361328
64.18321990966797
73.43633270263672
59.22041702270508
74.59315490722656
75.46195983886719
64.02857971191406
77.52571868896484
75.6131820678711
69.11768341064453
78.79949951171875
72.51631164550781
75.48311614990234
78.25335693359375
58.660953521728516
76.33735656738281
72.43641662597656
65.67578125
73.98504638671875
