84.84871673583984
86.61953735351562
86.16402435302734
87.07321166992188
86.24395751953125
89.10005950927734
87.7403564453125
90.50385284423828
89.17269897460938
92.05514526367188
91.29059600830078
94.27536010742188
93.82203674316406
97.22391510009766
96.4178466796875
99.31869506835938
96.82537078857422
97.95941925048828
93.876708984375
94.41991424560547
89.77546691894531
90.67830657958984
85.87957763671875
86.890869140625
81.72047424316406
83.71238708496094
75.79100799560547
79.27516174316406
61.05350875854492
74.30103302001953
77.43866729736328
76.5989761352539
83.52335357666016
84.26443481445312
89.74186706542969
89.63936614990234
92.11369323730469
89.2725830078125
89.63261413574219
86.07951354980469
86.50932312011719
83.77843475341797
84.36631774902344
81.63134765625
82.7213134765625
78.42376708984375
81.51355743408203
78.48844909667969
79.84803009033203
77.99993896484375
78.20978546142578
76.7989501953125
77.50802612304688
74.69712829589844
78.24470520019531
74.91764068603516
76.2691879272461
73.6405258178711
75.50321960449219
73.8082504272461
75.69049835205078
73.0997314453125
76.17185974121094
72.53877258300781
76.8465805053711
71.27667236328125
77.0741958618164
74.21965789794922
76.38681030273438
74.45374298095703
77.629638671875
76.05634307861328
78.3293685913086
76.50631713867188
77.80902862548828
76.94035339355469
79.45338439941406
77.9391860961914
80.38081359863281
80.5718002319336
80.47831726074219
81.77201843261719
82.08257293701172
83.31560516357422
82.66898345947266
85.02893829345703
82.68726348876953
84.96636199951172
78.98334503173828
82.0841064453125
79.85441589355469
83.4491195678711
86.39555358886719
86.7768783569336
86.91988372802734
86.63562774658203
85.15505981445312
86.36813354492188
84.2030029296875
85.25360107421875
83.05355072021484
84.60069274902344
82.2498779296875
83.69152069091797
81.56078338623047
81.09489440917969
79.67740631103516
77.71871948242188
74.00920104980469
74.94292449951172
72.6258544921875
77.51586151123047
74.82804870605469
78.43357849121094
78.17027282714844
78.12747955322266
80.18312072753906
79.67411041259766
81.35928344726562
81.47650909423828
82.2248764038086
83.2061538696289
84.48382568359375
84.38292694091797
86.8843002319336
86.27287292480469
89.31573486328125
89.0174331665039
91.72239685058594
91.64141845703125
93.62932586669922
93.67991638183594
94.53653717041016
93.65986633300781
93.84596252441406
92.40242767333984
92.3443832397461
91.15352630615234
91.09396362304688
90.38262176513672
90.00916290283203
89.48936462402344
89.18946075439453
88.96121978759766
88.81161499023438
89.25301361083984
88.4394302368164
89.27210235595703
88.17567443847656
88.71337127685547
87.93512725830078
89.1803207397461
88.43865203857422
88.47138977050781
84.46497344970703
84.24915313720703
77.49112701416016
78.93844604492188
70.26341247558594
77.73239135742188
73.72526550292969
77.02667999267578
76.0296630859375
79.40644073486328
76.548583984375
80.01038360595703
78.0917739868164
81.2425537109375
79.49488830566406
81.763427734375
81.1893081665039
82.38841247558594
82.35990142822266
83.60535430908203
83.8299789428711
84.84323120117188
84.35855102539062
86.23184967041016
85.93504333496094
87.09675598144531
87.63372039794922
88.3814926147461
89.32388305664062
89.97245025634766
90.95783996582031
90.98619842529297
91.52870178222656
90.89514923095703
90.97590637207031
89.53404998779297
89.17806243896484
87.472900390625
87.1025390625
85.43914031982422
85.32778930664062
83.50609588623047
83.89449310302734
82.02191162109375
82.54505157470703
80.69277954101562
81.1310043334961
80.104248046875
80.42296600341797
78.71701049804688
79.39752960205078
77.43733215332031
78.80622100830078
77.68951416015625
78.2564926147461
75.43148040771484
76.95466613769531
76.72613525390625
74.69229888916016
75.96847534179688
74.03873443603516
76.02192687988281
75.10552215576172
72.54202270507812
74.85233306884766
74.14161682128906
73.52924346923828
73.63259887695312
72.81385803222656
72.98204040527344
73.27240753173828
70.46420288085938
72.47456359863281
70.04769134521484
71.74810028076172
70.55541229248047
72.4189224243164
76.04698181152344
75.83248901367188
79.51614379882812
77.73336029052734
78.2311782836914
77.17191314697266
78.27890014648438
76.5627212524414
77.85802459716797
75.0272445678711
77.89825439453125
76.07911682128906
76.67404174804688
76.19186401367188
77.55287170410156
77.53474426269531
77.53857421875
77.15176391601562
77.96870422363281
76.99522399902344
77.15249633789062
77.68323516845703
76.05813598632812
76.85401916503906
77.06056213378906
77.60633850097656
77.20890045166016
78.7459487915039
78.99600219726562
80.55915069580078
78.61337280273438
79.79924774169922
79.06636047363281
79.15035247802734
77.32008361816406
77.1221694946289
75.17516326904297
77.14751434326172
73.56282043457031
75.49198913574219
75.00398254394531
75.31510925292969
75.90019989013672
76.76072692871094
79.9780044555664
79.19721221923828
79.8714828491211
79.45870971679688
79.63562774658203
80.33872985839844
80.25211334228516
82.05699157714844
80.04585266113281
81.84416198730469
80.09051513671875
82.27880096435547
80.82817077636719
82.35929870605469
82.19152069091797
83.77449035644531
83.52976989746094
85.60466003417969
85.3817367553711
87.77919006347656
87.6397705078125
90.09751892089844
90.25946807861328
91.97966766357422
91.63018035888672
92.41018676757812
91.20116424560547
90.9866943359375
89.81295776367188
89.45459747314453
87.95075225830078
87.61717224121094
86.79833984375
86.5822982788086
85.53706359863281
85.82769012451172
84.98924255371094
84.86003112792969
84.25022888183594
83.99034881591797
84.17782592773438
84.11199951171875
83.6377182006836
83.5860595703125
83.32391357421875
84.07086181640625
83.79279327392578
84.75747680664062
84.45060729980469
85.38568878173828
84.9533920288086
86.0446548461914
86.24189758300781
87.01016235351562
87.111083984375
88.23280334472656
86.92657470703125
87.80030059814453
85.20021057128906
84.9465560913086
82.1898193359375
80.48209381103516
77.5525894165039
78.16958618164062
73.70814514160156
76.86053466796875
74.83067321777344
76.82450866699219
76.27430725097656
79.18050384521484
78.89063262939453
80.65991973876953
81.31370544433594
81.74510955810547
82.24475860595703
83.8946304321289
83.70258331298828
85.02831268310547
85.10206604003906
86.13143920898438
86.69412231445312
88.273193359375
89.11143493652344
90.58425903320312
91.35963439941406
92.70697021484375
93.55000305175781
94.45249938964844
95.31065368652344
95.64478302001953
96.31924438476562
95.9181137084961
95.57185363769531
94.43881225585938
93.68952941894531
92.2645263671875
91.52063751220703
90.0862808227539
89.31378936767578
88.0038070678711
87.01539611816406
86.2085189819336
85.24128723144531
84.67977905273438
85.3884506225586
85.71985626220703
87.26759338378906
88.64109802246094
90.1473159790039
91.34382629394531
92.16038513183594
92.4044418334961
92.691650390625
92.50579071044922
92.39667510986328
92.01161193847656
91.94954681396484
91.6132583618164
91.49170684814453
91.23484802246094
90.9351577758789
90.84368133544922
90.53071594238281
90.55574798583984
90.5110855102539
90.26156616210938
90.1365966796875
89.57669067382812
88.75521850585938
88.04600524902344
88.13859558105469
88.27913665771484
88.96499633789062
88.89745330810547
89.43803405761719
89.5473861694336
89.63156127929688
90.03726196289062
90.022216796875
90.47688293457031
90.56485748291016
90.48258209228516
90.67923736572266
90.72289276123047
90.68449401855469
90.61587524414062
90.53974151611328
90.30410766601562
89.88594055175781
89.15353393554688
89.00806427001953
89.11156463623047
89.5568618774414
90.44990539550781
91.15245819091797
91.69883728027344
92.1773681640625
92.4698486328125
92.82341766357422
92.86890411376953
93.208251953125
93.32572174072266
93.98148345947266
94.4581298828125
95.02534484863281
95.2529525756836
95.96821594238281
95.88037872314453
96.32611846923828
95.99144744873047
96.4809799194336
95.57420349121094
95.53909301757812
93.67254638671875
92.98355102539062
90.73771667480469
90.38221740722656
89.4134750366211
89.68885803222656
89.65391540527344
90.1496810913086
90.28153991699219
90.80744171142578
90.8955078125
91.35955810546875
91.36487579345703
91.6697998046875
91.77574920654297
91.91315460205078
92.19813537597656
92.50809478759766
93.01213073730469
93.39592742919922
93.8866958618164
94.51856231689453
94.93455505371094
95.36516571044922
95.74005889892578
96.08220672607422
96.5826416015625
96.4407730102539
96.68968963623047
96.13667297363281
96.2705307006836
96.09132385253906
96.70878601074219
97.18870544433594
98.1624526977539
98.65685272216797
99.53345489501953
99.6253433227539
99.97355651855469
99.81507873535156
99.74418640136719
99.2258071899414
98.8455581665039
98.33317565917969
97.89034271240234
97.36929321289062
97.02423858642578
96.58293151855469
96.26513671875
95.89801788330078
95.64200592041016
95.2964096069336
94.81126403808594
93.94599151611328
92.36050415039062
89.9123764038086
86.9261474609375
83.52156829833984
80.32300567626953
75.69309997558594
71.01919555664062
62.79202651977539
70.63357543945312
62.843505859375
70.41644287109375
70.57254791259766
69.88333129882812
68.48674774169922
69.13319396972656
67.9117431640625
66.88285827636719
69.2162094116211
69.14775085449219
73.29464721679688
72.61866760253906
76.64130401611328
77.00556182861328
79.55166625976562
78.65190124511719
81.28749084472656
81.26528930664062
81.85871887207031
82.09959411621094
82.52983856201172
82.52162170410156
82.3037109375
82.0586929321289
82.35675811767578
82.19017028808594
81.74702453613281
81.9554672241211
78.74772644042969
78.5586929321289
73.50963592529297
75.54947662353516
68.04144287109375
72.435791015625
74.38494110107422
75.94788360595703
80.54570007324219
81.56596374511719
84.7735824584961
84.80174255371094
86.19644927978516
85.18753814697266
85.66412353515625
84.1473388671875
84.2162094116211
82.67635345458984
82.86361694335938
81.49134826660156
81.69757080078125
81.16141510009766
82.16897583007812
81.90467834472656
82.02057647705078
81.91051483154297
82.05951690673828
81.91285705566406
81.56954956054688
81.37129974365234
81.52851867675781
81.44499969482422
80.78650665283203
80.56755828857422
80.40657806396484
80.16080474853516
78.92876434326172
