94.60613250732422
93.49542236328125
96.62554931640625
95.34317016601562
97.53596496582031
94.9189682006836
94.89453887939453
92.23619842529297
90.82379913330078
89.05697631835938
86.63626861572266
86.29730224609375
82.30685424804688
83.6565170288086
76.74800872802734
79.80289459228516
73.18795776367188
79.07381439208984
76.44660949707031
83.03181457519531
82.3876724243164
88.83590698242188
86.28655242919922
92.00536346435547
87.69996643066406
90.58610534667969
86.39382934570312
87.68677520751953
84.542724609375
84.7755126953125
82.94380187988281
81.86780548095703
82.48516082763672
78.39845275878906
81.19985961914062
76.1630630493164
79.27445983886719
73.33977508544922
78.1031723022461
71.30776977539062
77.26026916503906
70.12359619140625
74.97978210449219
69.47528839111328
72.03324890136719
67.46763610839844
70.2751235961914
65.66433715820312
66.58242797851562
63.261741638183594
67.89430236816406
55.373573303222656
70.39390563964844
58.23106002807617
72.25694274902344
68.05317687988281
73.02922058105469
71.75590515136719
76.05535125732422
75.19357299804688
78.4835433959961
78.59074401855469
80.86944580078125
81.03086853027344
84.26311492919922
84.54828643798828
87.38252258300781
87.83758544921875
89.51361846923828
88.10340881347656
88.23843383789062
85.91731262207031
86.1344985961914
84.15388488769531
83.72272491455078
82.98390197753906
81.68061828613281
82.38040161132812
79.77763366699219
81.80463409423828
78.5169677734375
80.78932189941406
76.72505950927734
80.46482849121094
75.3169174194336
80.10330200195312
74.99629211425781
79.81755828857422
76.6031494140625
79.02923583984375
76.51580047607422
78.58900451660156
77.28968811035156
76.81609344482422
78.29895782470703
76.02387237548828
78.34539031982422
75.58871459960938
78.87911987304688
75.706298828125
78.78815460205078
74.24989318847656
79.80278015136719
75.7937240600586
79.27925109863281
76.8699722290039
79.8914794921875
77.22713470458984
78.93360137939453
79.05097961425781
78.1465072631836
80.8110580444336
79.08068084716797
81.23953247070312
80.45975494384766
82.39754486083984
80.9240951538086
82.63460540771484
80.88704681396484
81.06414794921875
77.59049987792969
73.7570571899414
73.90673828125
71.54969787597656
70.16221618652344
64.74539184570312
68.32049560546875
59.0301399230957
69.0461196899414
63.925498962402344
70.50432586669922
67.31854248046875
74.13534545898438
72.5075912475586
79.36991119384766
79.5506820678711
82.27083587646484
83.56004333496094
82.74261474609375
84.90791320800781
83.74117279052734
86.80138397216797
84.35211181640625
88.11145782470703
85.43464660644531
87.30487823486328
83.05138397216797
82.02873992919922
78.95482635498047
76.71121978759766
75.15948486328125
74.8349609375
75.89754486083984
76.63646697998047
79.26663208007812
79.77134704589844
82.24303436279297
81.4925308227539
83.57018280029297
81.59519958496094
81.22261047363281
81.22701263427734
80.13932800292969
80.6405029296875
77.9274673461914
80.36691284179688
77.45329284667969
79.94718170166016
77.88552856445312
80.18038177490234
79.00738525390625
80.085693359375
81.66614532470703
80.0551986694336
81.33219909667969
78.1192855834961
78.96283721923828
76.59693908691406
76.47389221191406
76.01261138916016
74.74824523925781
75.79168701171875
76.81797790527344
78.77690887451172
77.47210693359375
81.67461395263672
81.12077331542969
84.1687240600586
83.16049194335938
85.927734375
85.36380004882812
86.17572784423828
86.20649719238281
85.3768310546875
85.8041000366211
85.12004089355469
85.90970611572266
84.34428405761719
85.45575714111328
84.6409912109375
85.39810180664062
85.11807250976562
85.51384735107422
85.78876495361328
85.38104248046875
86.86836242675781
86.21068572998047
87.8317642211914
87.12190246582031
89.04447937011719
88.18966674804688
90.06033325195312
90.15660858154297
91.32770538330078
91.91346740722656
92.73290252685547
93.83203125
93.59760284423828
95.17479705810547
93.95507049560547
94.79326629638672
93.0055160522461
93.1789779663086
91.24647521972656
91.35494995117188
89.81652069091797
89.38033294677734
88.7054672241211
87.55056762695312
87.94927215576172
86.16220092773438
86.7125015258789
84.31885528564453
85.65292358398438
83.64449310302734
84.72108459472656
83.15840148925781
83.48802185058594
82.2064437866211
82.81118774414062
82.04728698730469
81.36857604980469
81.79190063476562
79.74138641357422
81.88127899169922
79.3260726928711
81.34716033935547
78.50871276855469
80.96564483642578
79.0396728515625
80.0716552734375
79.436279296875
79.78663635253906
79.65572357177734
78.77458953857422
79.29593658447266
77.92110443115234
79.7913818359375
77.68315124511719
80.09827423095703
76.92123413085938
79.56689453125
77.98616027832031
79.84122467041016
78.0459213256836
79.09388732910156
78.28829956054688
78.4787826538086
78.45042419433594
78.37409973144531
78.89189147949219
77.06250762939453
78.9875259399414
77.21198272705078
80.67411804199219
78.21469116210938
81.05645751953125
79.04193878173828
81.55189514160156
79.9968490600586
81.99919891357422
81.26795196533203
82.74486541748047
83.10330200195312
83.17568969726562
84.40503692626953
84.21022033691406
85.75220489501953
85.23320770263672
87.24349212646484
86.63035583496094
88.50350189208984
88.1441421508789
89.32624816894531
89.47674560546875
89.9033432006836
90.48382568359375
90.12818145751953
90.65132141113281
89.62399291992188
90.0654067993164
88.83065032958984
89.08517456054688
88.0569076538086
87.94127655029297
87.32821655273438
86.71422576904297
86.41216278076172
85.23182678222656
86.08819580078125
84.36434173583984
85.39019012451172
84.27106475830078
84.69668579101562
83.95232391357422
84.5335922241211
84.07769775390625
83.90868377685547
84.62060546875
83.91053009033203
85.00533294677734
83.21469116210938
83.9530029296875
81.2115707397461
81.76615905761719
78.20858764648438
77.6546401977539
74.32955932617188
76.09943389892578
74.57255554199219
75.8797378540039
74.97289276123047
77.20718383789062
77.34181213378906
77.72815704345703
79.28656768798828
79.1270523071289
79.91980743408203
80.2084732055664
81.35847473144531
81.32917785644531
82.79846954345703
82.6053466796875
84.18995666503906
84.1837158203125
85.48986053466797
85.9495849609375
86.88326263427734
87.26708221435547
88.29845428466797
88.57363891601562
89.48151397705078
89.05056762695312
89.18156433105469
88.27729034423828
87.58052825927734
86.2611083984375
85.98223876953125
84.55581665039062
84.70855712890625
84.3694839477539
85.50102233886719
86.28632354736328
87.80168914794922
88.52564239501953
89.06383514404297
89.12509155273438
88.65824890136719
88.124755859375
87.37652587890625
87.19361877441406
86.36278533935547
86.25455474853516
85.79859161376953
85.98551177978516
86.323486328125
86.26866149902344
86.69961547851562
86.84054565429688
87.31818389892578
87.06188201904297
87.51054382324219
86.78579711914062
87.13006591796875
86.34660339355469
86.63299560546875
85.69495391845703
85.76374053955078
85.52240753173828
85.22371673583984
85.04541778564453
84.33378601074219
84.96887969970703
84.00797271728516
84.88886260986328
82.62914276123047
83.19977569580078
80.29329681396484
82.04108428955078
81.90242767333984
84.02962493896484
84.2611083984375
86.16423034667969
85.92494201660156
87.0580825805664
86.87850952148438
87.75554656982422
87.84371185302734
88.02985382080078
88.07896423339844
88.17434692382812
88.16506958007812
87.83161163330078
87.29142761230469
86.7979965209961
86.19567108154297
85.55919647216797
85.11750793457031
85.56979370117188
85.51116180419922
86.46961975097656
87.0047836303711
87.52278900146484
87.84233856201172
88.33685302734375
88.71257019042969
88.98635864257812
89.54136657714844
89.70782470703125
90.39801788330078
89.96381378173828
90.57929229736328
89.42180633544922
89.71637725830078
87.8362808227539
87.7553482055664
85.9170150756836
86.43428802490234
85.07090759277344
86.22156524658203
85.58358764648438
86.46951293945312
86.60491943359375
87.04078674316406
87.1308364868164
87.07400512695312
87.62157440185547
87.39049530029297
88.01878356933594
87.35247039794922
88.18333435058594
87.59829711914062
88.35717010498047
88.02735900878906
88.27885437011719
87.95210266113281
88.07157897949219
88.07601928710938
88.14906311035156
88.32952880859375
87.91608428955078
88.37788391113281
87.51886749267578
88.33727264404297
87.22098541259766
87.4129638671875
86.35780334472656
86.70358276367188
86.12064361572266
86.1569595336914
86.10707092285156
86.3695297241211
87.38191223144531
87.49234771728516
88.59664916992188
88.50968933105469
89.19578552246094
89.1495361328125
89.71517944335938
89.6298599243164
90.11653900146484
90.18922424316406
90.60215759277344
90.66492462158203
90.87083435058594
91.40606689453125
91.48587799072266
91.89746856689453
91.67288970947266
91.89149475097656
91.60148620605469
90.63947296142578
90.15321350097656
87.77587127685547
87.37714385986328
83.76142120361328
84.53560638427734
81.27261352539062
83.82933044433594
81.40327453613281
83.8731460571289
81.01486206054688
84.15901184082031
80.88468933105469
83.3050537109375
79.96224975585938
81.65909576416016
79.02371978759766
80.62471771240234
77.9696044921875
79.94902038574219
78.72915649414062
82.29309844970703
82.06039428710938
84.87847900390625
86.11418151855469
86.75936126708984
87.8849105834961
86.53730010986328
87.26039123535156
85.04680633544922
85.76624298095703
83.5259780883789
84.0525131225586
82.22586059570312
82.811279296875
82.65576934814453
83.16282653808594
83.87943267822266
83.7764663696289
84.13309478759766
83.12283325195312
83.8511734008789
82.19156646728516
82.58386993408203
80.65203094482422
81.23880004882812
79.6384048461914
79.35147094726562
79.22498321533203
79.00672912597656
79.137451171875
78.63151550292969
78.75631713867188
78.38664245605469
79.21314239501953
79.15646362304688
81.02761840820312
80.00279998779297
81.85700225830078
80.70368194580078
81.03276062011719
79.13265228271484
78.07430267333984
77.44290924072266
76.35425567626953
76.28336334228516
74.50473022460938
75.01361846923828
73.88383483886719
74.5210952758789
73.11292266845703
73.81306457519531
71.97825622558594
72.90908813476562
72.53573608398438
73.39897918701172
74.50759887695312
74.50443267822266
74.7254867553711
74.65943908691406
76.3785400390625
75.45195770263672
76.80742645263672
75.79291534423828
77.03929138183594
