84.63801574707031
85.7445297241211
85.60208892822266
86.71910858154297
86.1305923461914
88.15113830566406
87.4495849609375
89.50909423828125
88.8286361694336
91.49166107177734
90.72289276123047
93.7324447631836
92.92355346679688
96.46310424804688
95.5832748413086
98.57047271728516
96.2651138305664
97.26648712158203
93.21025848388672
93.6888656616211
88.93633270263672
89.95268249511719
85.0394058227539
86.51859283447266
81.3103256225586
82.36965942382812
75.6969223022461
78.43788146972656
59.69657897949219
72.93006896972656
73.41700744628906
76.77117156982422
82.49725341796875
83.8497543334961
88.68754577636719
89.13883972167969
91.11544799804688
88.26587677001953
89.02799224853516
85.09474182128906
86.19475555419922
82.2918930053711
83.91935729980469
80.31053924560547
82.38362884521484
78.75850677490234
80.42353057861328
76.55628204345703
79.42152404785156
74.60908508300781
79.08507537841797
73.35057830810547
77.97970581054688
73.0704345703125
77.6861343383789
73.33561706542969
77.05156707763672
72.267822265625
76.74214172363281
71.22171783447266
76.22567749023438
72.21564483642578
76.41565704345703
72.51863098144531
76.6227798461914
68.7658920288086
76.37004852294922
72.14628601074219
76.45929718017578
72.74158477783203
76.97604370117188
73.98493194580078
78.05532836914062
74.69219207763672
79.11644744873047
76.783447265625
78.49268341064453
77.9764404296875
79.95848846435547
79.34310913085938
80.6732177734375
81.71086883544922
81.35128021240234
82.60343170166016
82.00988006591797
84.70040893554688
80.50526428222656
84.7844009399414
74.87128448486328
81.8809585571289
79.56292724609375
82.95317077636719
85.85955810546875
86.58694458007812
85.92572784423828
86.6185531616211
84.71166229248047
85.55770111083984
83.6404800415039
84.59172821044922
82.53564453125
84.02484130859375
82.1205825805664
82.80355072021484
81.99297332763672
80.37449645996094
79.488525390625
76.4822006225586
73.4712905883789
73.33224487304688
73.2486801147461
75.8416976928711
76.29378509521484
76.47716522216797
77.51911926269531
77.2420654296875
79.11409759521484
78.96707153320312
80.76544189453125
80.52203369140625
82.93199920654297
82.25294494628906
84.43070983886719
83.7466049194336
86.11600494384766
86.05723571777344
88.58317565917969
88.49677276611328
90.87090301513672
90.95343017578125
93.0644760131836
92.6209716796875
93.76793670654297
92.84054565429688
93.01748657226562
91.82127380371094
91.51815032958984
90.60386657714844
90.30126953125
89.67176818847656
89.24955749511719
89.0189437866211
88.43140411376953
88.6624755859375
88.23881530761719
88.4596176147461
88.10498809814453
88.30403900146484
87.90868377685547
88.2619857788086
87.6416015625
88.77764129638672
87.6678695678711
87.57490539550781
84.17588806152344
82.82256317138672
76.77376556396484
77.87972259521484
70.87909698486328
76.8046646118164
73.78765106201172
76.5560073852539
74.98106384277344
78.62604522705078
77.11695861816406
78.52507781982422
78.23020935058594
79.73033142089844
80.37078857421875
80.72391510009766
80.62589263916016
81.76063537597656
82.18794250488281
82.50882720947266
83.11531066894531
83.65735626220703
84.12139892578125
84.83767700195312
85.4592056274414
86.38558959960938
87.3974380493164
87.55606842041016
88.89537048339844
89.63221740722656
90.27970123291016
90.45291137695312
90.97925567626953
90.28643035888672
90.00701141357422
88.84754180908203
88.30438995361328
86.85515594482422
86.13294219970703
84.99140930175781
84.4248046875
83.1611328125
82.74037170410156
81.46341705322266
81.52936553955078
80.38591766357422
80.05524444580078
79.70646667480469
79.47914123535156
78.5848617553711
78.5350341796875
78.20976257324219
77.730712890625
76.9330825805664
76.66321563720703
76.04988098144531
76.2960433959961
75.81771087646484
75.23401641845703
74.44664001464844
75.32063293457031
73.45806884765625
72.15794372558594
72.78565979003906
73.64300537109375
73.15155792236328
72.92752075195312
71.90986633300781
73.1126708984375
69.41691589355469
72.06411743164062
70.51617431640625
70.14100646972656
70.11859893798828
70.38932800292969
68.97582244873047
72.1494369506836
74.7576904296875
76.06378936767578
77.17623901367188
76.75269317626953
77.41168212890625
77.17030334472656
76.8787841796875
75.99425506591797
75.62334442138672
77.04693603515625
75.96221923828125
75.86479949951172
75.39860534667969
75.77129364013672
75.30228424072266
76.97490692138672
76.98063659667969
77.48703002929688
76.51116943359375
76.97484588623047
75.93929290771484
75.11968231201172
75.06749725341797
75.68058776855469
76.14381408691406
77.35075378417969
77.2945327758789
77.56907653808594
78.14517974853516
79.09966278076172
78.88677978515625
78.95365905761719
78.13410949707031
77.65348052978516
76.9209213256836
75.7850112915039
74.71875
74.79015350341797
74.40581512451172
74.29816436767578
73.7147445678711
74.90666961669922
75.75445556640625
76.33092498779297
78.19335174560547
79.04563903808594
79.35554504394531
79.4161605834961
79.63937377929688
79.9346694946289
80.4056396484375
80.64767456054688
79.4868392944336
81.20906829833984
80.39460754394531
81.18500518798828
81.0571060180664
81.51426696777344
81.42405700683594
83.15303039550781
83.13760375976562
84.70816040039062
84.98239135742188
86.98909759521484
87.30414581298828
89.314453125
89.48175048828125
91.40160369873047
91.01746368408203
91.79090118408203
90.4953384399414
90.79508209228516
89.06321716308594
88.80792236328125
87.19208526611328
87.14421081542969
85.832275390625
86.005615234375
84.94530487060547
85.35508728027344
84.06166076660156
84.49553680419922
83.0022201538086
83.81826782226562
83.59346771240234
83.84657287597656
83.27064514160156
83.44722747802734
82.95747375488281
83.7800521850586
82.9131088256836
83.9172134399414
83.08390808105469
84.5059585571289
84.27922821044922
85.23503875732422
85.35173034667969
86.32839965820312
86.33320617675781
87.16041564941406
86.70274353027344
86.75654602050781
85.21781158447266
83.9352035522461
81.4041976928711
79.74691009521484
77.75868225097656
76.01312255859375
74.9013442993164
75.54966735839844
75.4631118774414
76.0564956665039
76.5135726928711
77.68441009521484
78.38069915771484
80.68849182128906
80.41046142578125
80.89714813232422
81.85498046875
83.0404052734375
83.6169662475586
84.42465209960938
84.73783111572266
85.52459716796875
86.45327758789062
87.74549865722656
88.83834838867188
89.76744079589844
91.04153442382812
92.05602264404297
93.1632308959961
93.89539337158203
94.63822174072266
94.98076629638672
95.5556640625
95.1619644165039
94.77965545654297
93.82901000976562
92.87555694580078
91.70751953125
90.79592895507812
89.47831726074219
88.72750854492188
87.5448226928711
86.09207153320312
85.36123657226562
84.3829345703125
84.34071350097656
84.01384735107422
85.39451599121094
86.34777069091797
87.98941040039062
89.16726684570312
90.78912353515625
91.44456481933594
91.83100128173828
91.97647857666016
91.70093536376953
91.66914367675781
91.38439178466797
91.14942932128906
90.8843994140625
90.75792694091797
90.39877319335938
90.3873519897461
90.13346099853516
90.10601043701172
89.71400451660156
89.78619384765625
89.57180786132812
89.21552276611328
88.89237976074219
88.21473693847656
87.25759887695312
87.8636245727539
87.75789642333984
88.26184844970703
88.2801284790039
88.83222198486328
88.70394134521484
89.27755737304688
89.27960968017578
89.64888000488281
89.70992279052734
89.82975769042969
89.97877502441406
89.95758819580078
89.78044128417969
90.2260513305664
89.87794494628906
89.91210174560547
89.49321746826172
89.31185913085938
88.7181167602539
88.2960205078125
88.37371826171875
88.87844848632812
89.84077453613281
90.49712371826172
91.14075469970703
91.23359680175781
91.90478515625
91.96607971191406
92.03535461425781
92.52009582519531
92.79022216796875
93.40347290039062
93.71668243408203
94.43412017822266
94.70021057128906
95.27690887451172
95.1094741821289
95.72489929199219
95.38511657714844
95.6360855102539
94.80996704101562
94.76951599121094
93.09439849853516
92.11878967285156
90.087158203125
89.65876770019531
88.87229919433594
89.12637329101562
89.20587921142578
89.41785430908203
89.62176513671875
90.12332916259766
90.28246307373047
90.47098541259766
90.7380142211914
90.81725311279297
90.88214111328125
91.28651428222656
91.45567321777344
91.81072998046875
92.20618438720703
92.6691665649414
93.23382568359375
93.66383361816406
94.2105941772461
94.64448547363281
95.03765106201172
95.36257934570312
95.7200927734375
95.81454467773438
95.92422485351562
95.65435791015625
95.6164779663086
95.49908447265625
96.18878173828125
96.57868957519531
97.44245910644531
98.06169128417969
98.71752166748047
98.97313690185547
99.29469299316406
99.10527038574219
98.98482513427734
98.50157928466797
98.13883972167969
97.57575225830078
97.23751068115234
96.65524291992188
96.40679931640625
95.70562744140625
95.60966491699219
95.17400360107422
94.99298858642578
94.58710479736328
94.13599395751953
93.05255126953125
91.51046752929688
89.29105377197266
86.50537109375
83.35627746582031
79.07869720458984
75.1877212524414
72.3971176147461
67.21857452392578
70.30380249023438
63.27077865600586
71.15655517578125
67.44347381591797
68.88829040527344
69.66227722167969
69.79597473144531
68.44458770751953
68.99122619628906
68.71092987060547
68.06693267822266
72.00550842285156
73.32140350341797
76.13279724121094
76.07363891601562
77.80078125
78.50712585449219
80.26908874511719
80.77188873291016
81.54104614257812
81.38290405273438
81.80158996582031
81.59608459472656
81.17599487304688
81.70903778076172
81.55050659179688
81.45893859863281
80.29147338867188
80.66874694824219
77.59046173095703
77.78255462646484
72.1185073852539
72.93573760986328
63.79022216796875
71.78217315673828
73.28307342529297
76.32442474365234
79.78129577636719
80.84556579589844
84.04197692871094
84.03596496582031
85.68431091308594
84.56193542480469
85.21013641357422
83.55886840820312
83.55158233642578
81.5833740234375
82.17948913574219
80.44573974609375
81.58345031738281
80.5692138671875
81.74916076660156
81.0137939453125
81.76284790039062
81.3837890625
81.5749740600586
81.47305297851562
81.8077621459961
80.62437438964844
80.76276397705078
80.3388900756836
80.54859924316406
80.36051940917969
79.7265853881836
80.06885528564453
78.28733825683594
