89.49250793457031
87.9500503540039
90.38692474365234
91.3814926147461
91.11725616455078
94.66462707519531
91.57064056396484
95.85684967041016
90.64100646972656
93.5854721069336
89.11145782470703
89.3792724609375
87.01756286621094
84.58175659179688
84.88256072998047
79.75205993652344
82.05720520019531
73.30314636230469
79.05105590820312
68.6093978881836
77.38309478759766
74.156494140625
80.31392669677734
79.18424987792969
85.37458801269531
83.71659088134766
89.21881866455078
84.93707275390625
88.51055908203125
83.45441436767578
85.85435485839844
82.16117095947266
82.96067810058594
81.17768096923828
79.38316345214844
80.40174102783203
76.34984588623047
78.97826385498047
74.24266052246094
78.02239990234375
73.75047302246094
74.38433074951172
72.97578430175781
71.15675354003906
73.11732482910156
69.44648742675781
72.09330749511719
66.83485412597656
68.8420181274414
63.60443878173828
66.82598114013672
65.15667724609375
56.91154861450195
64.81277465820312
58.4276123046875
64.93892669677734
59.707252502441406
63.551673889160156
53.67531204223633
59.02039337158203
60.422279357910156
59.47197341918945
61.39385223388672
62.97819137573242
65.2416000366211
61.376861572265625
68.6724853515625
62.97355270385742
69.11792755126953
69.17697143554688
69.40525817871094
72.0518798828125
70.06012725830078
75.56137084960938
72.02236938476562
77.99015045166016
75.75370788574219
80.66481018066406
81.0140380859375
82.33282470703125
85.97977447509766
84.19763946533203
90.38274383544922
85.99515533447266
91.02680206298828
86.04235076904297
88.08243560791016
85.64340209960938
84.26387786865234
85.08173370361328
81.0484619140625
84.39511108398438
79.40328979492188
83.6054458618164
79.21430969238281
82.10191345214844
80.5239486694336
80.80946350097656
81.87521362304688
79.0117416381836
82.1917953491211
78.1915054321289
82.66710662841797
79.67166137695312
82.8485336303711
81.14138793945312
82.54621887207031
83.45208740234375
82.41381072998047
85.32794952392578
82.30843353271484
85.1208267211914
80.4817886352539
81.2601547241211
76.35580444335938
75.83615112304688
71.98164367675781
70.48188018798828
64.01616668701172
63.38498306274414
62.21603012084961
64.28123474121094
59.661842346191406
60.11591339111328
61.14488220214844
63.08881759643555
62.6537971496582
67.23036193847656
69.87201690673828
71.87740325927734
75.53321075439453
79.0213851928711
82.11310577392578
83.26255798339844
84.58992767333984
84.27986907958984
85.388916015625
85.53311157226562
86.1018295288086
87.28048706054688
87.14237976074219
89.60441589355469
87.80268859863281
90.83511352539062
87.1403579711914
89.250244140625
85.87423706054688
86.40837097167969
84.97166442871094
82.33320617675781
83.7335433959961
78.838134765625
81.94654083251953
77.0435562133789
80.03733825683594
76.77029418945312
77.79020690917969
78.12630462646484
74.4637222290039
78.06414794921875
72.65039825439453
77.78416442871094
73.26622009277344
77.0368881225586
76.17117309570312
74.89387512207031
78.062255859375
73.1581039428711
80.06180572509766
75.15924072265625
80.70140838623047
79.8786849975586
80.74862670898438
83.2992935180664
80.36156463623047
85.0486831665039
79.73316955566406
83.1584701538086
79.34333038330078
79.68963623046875
79.3402099609375
77.16357421875
79.9150161743164
76.33406829833984
79.12364196777344
77.35433197021484
77.4835205078125
78.5224838256836
76.16754150390625
78.23607635498047
74.9261245727539
77.23722076416016
75.68001556396484
76.4813003540039
77.22224426269531
75.97676086425781
78.13597869873047
75.36125946044922
78.01299285888672
76.1338119506836
77.63275146484375
77.71185302734375
77.6286392211914
79.39897155761719
76.9653549194336
79.9590072631836
77.82686614990234
80.43991088867188
79.46146392822266
80.42794036865234
81.80641174316406
80.33233642578125
83.07844543457031
81.23900604248047
84.16610717773438
83.050537109375
85.04222106933594
85.58671569824219
85.34910583496094
87.6888656616211
86.43072509765625
89.49776458740234
88.0902328491211
90.80057525634766
89.6761703491211
90.77061462402344
90.57649230957031
89.01245880126953
89.91803741455078
87.2551498413086
88.47406005859375
85.73347473144531
86.41683197021484
84.90278625488281
84.30342102050781
84.1669692993164
82.20083618164062
83.48103332519531
80.94652557373047
82.36666870117188
80.5464859008789
80.988525390625
80.38463592529297
79.42157745361328
79.91967010498047
78.88528442382812
79.45252990722656
78.17247772216797
79.76738739013672
78.92692565917969
79.23635864257812
78.47246551513672
78.56417083740234
78.6667709350586
77.85592651367188
78.6158676147461
77.62122344970703
77.62641906738281
77.76351165771484
77.31201934814453
77.5903091430664
77.39205932617188
76.88236236572266
77.05996704101562
77.17249298095703
76.7362060546875
76.84844207763672
76.62032318115234
76.87036895751953
76.13650512695312
76.71881866455078
76.53596496582031
77.51392364501953
77.25274658203125
78.8938217163086
78.47865295410156
79.21566772460938
78.90319061279297
79.34447479248047
80.21083068847656
79.75656127929688
81.33268737792969
80.74171447753906
82.22984313964844
82.0814208984375
82.82511901855469
83.92758178710938
83.69465637207031
85.18399810791016
84.94024658203125
86.42845916748047
86.29876708984375
86.94363403320312
87.38104248046875
86.78984832763672
87.84182739257812
86.56685638427734
87.20880126953125
86.23275756835938
85.75904083251953
85.54692840576172
83.62908935546875
84.3935775756836
81.68333435058594
81.79840087890625
79.3088607788086
78.2824478149414
77.38880157470703
75.88494873046875
77.6145248413086
74.08626556396484
78.1728744506836
73.64370727539062
77.46356964111328
74.66561126708984
76.01580810546875
75.8014907836914
73.76074981689453
76.31597137451172
73.53563690185547
75.65144348144531
72.59994506835938
75.57477569580078
73.2955551147461
74.14261627197266
75.2745132446289
73.11570739746094
75.48702239990234
72.2074203491211
75.37944793701172
73.0830307006836
75.03610229492188
74.20408630371094
73.94469451904297
75.50467681884766
73.56599426269531
76.22779846191406
73.09950256347656
76.66152954101562
75.15670776367188
76.04656982421875
76.57325744628906
75.69940185546875
77.73635864257812
74.91300201416016
78.62529754638672
76.39483642578125
78.63290405273438
78.1104507446289
78.27790069580078
79.34723663330078
78.0317611694336
80.8928451538086
78.49596405029297
81.65760803222656
80.37406158447266
81.83599090576172
82.43326568603516
82.07523345947266
84.36627197265625
82.76192474365234
85.85774993896484
84.32424926757812
87.09518432617188
86.72110748291016
87.89323425292969
89.1463851928711
89.05874633789062
91.59622192382812
90.57769012451172
93.31436157226562
92.28522491455078
94.05062103271484
93.50635528564453
93.44252014160156
93.50965881347656
92.07540893554688
92.82635498046875
90.98481750488281
91.77608489990234
90.30049896240234
90.71939086914062
89.938232421875
89.71019744873047
89.5360336303711
88.76295471191406
89.00726318359375
88.03282928466797
88.36376953125
87.73058319091797
87.60543060302734
87.43412017822266
86.88713836669922
86.92037200927734
86.07974243164062
86.28705596923828
84.98529815673828
85.3523941040039
84.33014678955078
84.2829818725586
83.19046783447266
83.20162200927734
81.7362289428711
81.53180694580078
81.05653381347656
81.77542114257812
82.09880828857422
82.39151000976562
83.20018005371094
82.97401428222656
83.99422454833984
83.23046112060547
84.18710327148438
82.552001953125
82.88115692138672
80.72177124023438
81.39346313476562
80.40361785888672
81.35403442382812
81.76725769042969
82.10433197021484
83.40465545654297
83.48441314697266
85.154052734375
84.5615234375
85.65535736083984
85.21430969238281
85.75948333740234
85.65843200683594
85.9560317993164
85.9219970703125
86.20331573486328
85.99445343017578
86.10848236083984
86.1957015991211
86.14803314208984
86.22086334228516
86.26207733154297
86.79107666015625
86.97158813476562
87.87247467041016
88.20980834960938
88.96924591064453
88.84654235839844
89.33546447753906
88.91822052001953
89.20852661132812
88.96939849853516
89.23776245117188
88.9689712524414
89.00789642333984
89.1021957397461
88.73162841796875
89.14063262939453
88.82149505615234
88.8751449584961
88.74884796142578
88.62667846679688
88.8036117553711
88.59829711914062
88.84337615966797
88.54241180419922
88.64761352539062
88.8174819946289
88.75685119628906
88.95342254638672
88.78545379638672
89.09072875976562
88.8067626953125
89.18045043945312
89.14629364013672
89.18753814697266
89.45991516113281
88.98177337646484
89.93571472167969
88.82719421386719
89.62854766845703
88.15541076660156
88.16734313964844
86.56270599365234
86.14368438720703
85.4196548461914
85.4993896484375
86.21695709228516
86.47635650634766
87.50175476074219
87.72525024414062
88.66680145263672
89.16165924072266
89.693115234375
90.43922424316406
90.44192504882812
91.25483703613281
91.00476837158203
91.21800994873047
90.91242218017578
90.10960388183594
90.17511749267578
88.30133819580078
88.67330932617188
86.0682144165039
86.33904266357422
84.10139465332031
83.25988006591797
81.99866485595703
79.72725677490234
80.23616027832031
75.89750671386719
78.5099868774414
73.85526275634766
79.28168487548828
76.23639678955078
81.74053192138672
79.4769515991211
83.31786346435547
81.2114486694336
82.45793914794922
80.41011047363281
79.51361846923828
78.64300537109375
77.5061264038086
78.35672760009766
77.77592468261719
79.71138763427734
80.3618392944336
82.12516021728516
82.88738250732422
84.16360473632812
84.94586181640625
85.2013168334961
85.98614501953125
85.7529525756836
86.16999053955078
85.3720474243164
85.49659729003906
84.90286254882812
84.23702239990234
83.63449096679688
82.48075103759766
82.45311737060547
80.62504577636719
81.71585083007812
80.49979400634766
81.38156127929688
80.18640899658203
81.1644287109375
80.17478942871094
80.79399871826172
79.91280364990234
80.14388275146484
79.96746826171875
79.62407684326172
80.60274505615234
79.42314910888672
80.10649871826172
78.80352783203125
79.51554107666016
78.0079345703125
77.81560516357422
76.91824340820312
76.04009246826172
75.8502426147461
74.9163818359375
75.54786682128906
75.05406951904297
75.81468963623047
75.4242172241211
76.31938934326172
76.03028106689453
76.17854309082031
76.38695526123047
76.67571258544922
76.40022277832031
76.00735473632812
76.50450134277344
76.55674743652344
