74.61481475830078
71.89690399169922
74.07864379882812
77.01366424560547
75.81426239013672
80.01187896728516
75.87626647949219
82.78936767578125
75.08570098876953
79.11591339111328
72.52891540527344
72.20635986328125
71.83445739746094
64.22003936767578
69.67979431152344
61.20695877075195
61.66255187988281
64.9566879272461
51.99491882324219
59.221588134765625
61.38484191894531
62.43083953857422
67.26661682128906
65.96141815185547
72.33753204345703
66.5975341796875
74.57748413085938
72.7065200805664
78.52323150634766
76.94774627685547
76.5841293334961
76.2022476196289
69.77657318115234
73.57089233398438
64.88072967529297
68.39727020263672
62.805877685546875
66.36914825439453
60.499290466308594
63.87199783325195
60.51894760131836
55.805782318115234
58.34983444213867
60.27605056762695
55.559757232666016
56.77339553833008
58.173370361328125
57.70792770385742
59.22283172607422
60.645389556884766
58.72598648071289
63.550880432128906
64.0015640258789
64.36682891845703
66.2044448852539
65.21232604980469
66.70956420898438
66.7542953491211
67.11866760253906
65.52450561523438
67.43223571777344
65.38628387451172
68.37313079833984
66.6269302368164
69.4668197631836
69.7157974243164
68.94224548339844
70.21797180175781
70.7132339477539
71.06342315673828
69.4000473022461
72.0926284790039
72.1847915649414
75.13427734375
73.67332458496094
76.58085632324219
74.94300842285156
78.72959899902344
79.47219848632812
81.16816711425781
82.6948013305664
82.91143798828125
86.13105010986328
83.79813385009766
86.4144058227539
82.74073028564453
85.13182067871094
81.31100463867188
82.81328582763672
81.08236694335938
80.96592712402344
80.65885162353516
79.68659210205078
80.829345703125
78.79662322998047
80.92583465576172
77.98413848876953
80.54428100585938
78.30620574951172
80.37957000732422
79.17023468017578
79.65706634521484
80.68936157226562
78.78547668457031
81.56187438964844
78.81651306152344
81.78446960449219
75.53318786621094
77.71672058105469
70.99674987792969
67.15184020996094
61.26307678222656
63.342124938964844
67.04621887207031
69.06998443603516
72.07445526123047
69.23600769042969
73.71768951416016
72.14822387695312
74.80204010009766
73.63855743408203
76.23445129394531
74.736572265625
75.7821044921875
77.33805084228516
75.7418212890625
78.76138305664062
75.92173767089844
79.58799743652344
76.53722381591797
80.47554779052734
77.56373596191406
78.70143127441406
76.9391860961914
75.6123275756836
76.98733520507812
74.72251892089844
79.4806137084961
75.86539459228516
82.75476837158203
79.77232360839844
86.42261505126953
83.89153289794922
88.9105224609375
88.69749450683594
89.46385192871094
90.35498809814453
86.48245239257812
89.67753601074219
85.39578247070312
89.59813690185547
86.75119018554688
90.73038482666016
89.63432312011719
91.94992065429688
91.94505310058594
92.53499603271484
92.70281982421875
91.9130859375
92.17671203613281
90.76354217529297
91.32917022705078
89.45576477050781
90.35134887695312
88.5129623413086
89.40509796142578
87.76983642578125
88.14488983154297
87.19719696044922
86.82246398925781
86.2116928100586
85.676513671875
85.85071563720703
85.411376953125
86.91006469726562
89.12158966064453
90.28272247314453
91.33790588378906
91.64366149902344
91.83155059814453
92.12422943115234
91.96438598632812
92.38640594482422
92.09659576416016
92.58695983886719
92.51383209228516
93.10498046875
92.82263946533203
93.85114288330078
93.435302734375
94.49642944335938
94.42814636230469
95.37020874023438
95.62319946289062
96.24002075195312
96.81167602539062
96.7986831665039
97.69231414794922
96.71619415283203
97.57603454589844
95.58082580566406
96.12714385986328
93.50106048583984
94.00281524658203
91.86394500732422
91.858154296875
90.60011291503906
89.60277557373047
89.21992492675781
87.32205200195312
87.71089172363281
85.162109375
86.38130950927734
83.57146453857422
84.85834503173828
82.59371948242188
83.19373321533203
82.07457733154297
81.46873474121094
81.26348876953125
79.53192901611328
80.68924713134766
78.0780258178711
80.04065704345703
76.92882537841797
78.57869720458984
76.30712890625
78.47743225097656
75.96353149414062
76.12689208984375
76.25379180908203
74.94405364990234
76.30783081054688
73.34896850585938
76.29576873779297
71.6218032836914
75.81781768798828
73.09980773925781
74.32378387451172
73.21990203857422
73.39315795898438
73.53233337402344
72.68154907226562
74.18708801269531
68.84327697753906
72.31847381591797
66.95578002929688
71.71411895751953
68.32164001464844
71.22639465332031
70.05541229248047
70.83385467529297
71.04402160644531
70.10174560546875
73.2062759399414
69.43789672851562
74.07893371582031
68.47301483154297
73.92052459716797
72.39115905761719
73.26193237304688
74.71550750732422
73.0394287109375
76.2320556640625
68.77666473388672
75.61231994628906
69.92250061035156
68.64849090576172
68.96656799316406
58.37070846557617
69.39338684082031
61.09419250488281
68.27862548828125
68.74549102783203
70.90442657470703
74.68769073486328
72.5490951538086
76.51895141601562
75.77561950683594
75.9306869506836
77.3447265625
76.80479431152344
79.54795837402344
76.9169692993164
80.63523864746094
78.38822937011719
81.37127685546875
80.55419921875
82.39876556396484
83.5687255859375
83.54722595214844
86.03113555908203
85.57740020751953
88.32565307617188
87.5843276977539
89.83692932128906
88.8252944946289
89.78002166748047
88.75425720214844
88.4686508178711
87.94051361083984
86.8551025390625
87.06571197509766
85.31623840332031
85.67996978759766
83.7418441772461
82.8659896850586
81.46488952636719
80.75875854492188
80.19306182861328
80.0409927368164
80.15058898925781
79.6242904663086
80.06600189208984
80.01838684082031
80.36735534667969
79.74247741699219
80.6937026977539
80.64891815185547
80.75821685791016
81.22740173339844
81.00081634521484
82.35492706298828
81.85536193847656
83.17678833007812
82.4944839477539
84.47671508789062
83.55309295654297
85.76624298095703
85.63885498046875
87.460693359375
87.41849517822266
89.0653076171875
89.5009765625
89.19092559814453
88.72245788574219
87.29850769042969
87.62875366210938
87.20901489257812
88.09619140625
86.63229370117188
86.7599868774414
84.3875961303711
83.87833404541016
81.39080810546875
81.18779754638672
79.19869232177734
78.4310531616211
77.45703125
75.64286041259766
74.99810791015625
72.64959716796875
73.24665832519531
71.10847473144531
70.32148742675781
68.92030334472656
67.8690414428711
65.59688568115234
66.44300079345703
65.65897369384766
67.14984893798828
66.83409881591797
66.73851013183594
68.63941955566406
65.35403442382812
66.29305267333984
61.98478698730469
67.8663101196289
59.988582611083984
69.68727111816406
66.16341400146484
71.92996978759766
68.9163589477539
73.04316711425781
72.39130401611328
74.85841369628906
74.26879119873047
75.01271057128906
76.50523376464844
76.11746215820312
78.982666015625
78.28101348876953
82.03358459472656
81.1797103881836
84.8827896118164
84.42918395996094
87.47415161132812
87.47785949707031
88.81324768066406
88.61394500732422
88.24827575683594
88.08836364746094
86.35961151123047
86.8681411743164
84.96249389648438
85.660888671875
83.43317413330078
84.56224060058594
82.6583023071289
83.33446502685547
82.31375122070312
82.5251235961914
81.78337097167969
81.37449645996094
81.2783432006836
80.37102508544922
80.96437072753906
79.51091766357422
80.55616760253906
78.94387817382812
80.52078247070312
78.9378433227539
80.08866119384766
79.1097412109375
79.37181854248047
78.66748809814453
78.34268188476562
78.91822052001953
77.72518920898438
78.70743560791016
77.86767578125
79.39947509765625
78.34491729736328
79.4752197265625
78.68519592285156
79.78992462158203
78.72916412353516
79.3547592163086
79.3591537475586
79.07826232910156
79.90626525878906
78.75466918945312
79.38287353515625
77.67735290527344
79.54899597167969
78.40283966064453
79.65288543701172
78.2539291381836
80.15656280517578
79.32453918457031
81.01311492919922
81.28226470947266
81.61019134521484
82.29988098144531
82.10954284667969
82.9853515625
82.7831039428711
83.43000030517578
83.2244644165039
83.6058120727539
83.36857604980469
83.5696792602539
84.4764633178711
83.87910461425781
85.31633758544922
84.60503387451172
85.76566314697266
85.07976531982422
85.94508361816406
84.95856475830078
85.34297943115234
84.60993194580078
84.5021743774414
84.60514831542969
84.54547119140625
85.802978515625
86.0003662109375
87.78491973876953
87.99317169189453
89.66645050048828
89.81787109375
90.9769058227539
91.3131103515625
91.39649963378906
91.97181701660156
91.15593719482422
91.49321746826172
90.11618041992188
90.37854766845703
88.76488494873047
88.80391693115234
87.61443328857422
87.03137969970703
86.32431030273438
84.93135833740234
85.37158203125
83.17622375488281
84.1819839477539
81.70140075683594
83.01216888427734
81.15269470214844
83.64375305175781
82.8406982421875
85.40083312988281
85.66809844970703
87.02067565917969
86.76123046875
86.95117950439453
86.61932373046875
86.79877471923828
86.13259887695312
86.50604248046875
84.97525787353516
85.53958892822266
81.81009674072266
82.21714782714844
75.21033477783203
77.7095947265625
72.72901153564453
76.46868133544922
72.41502380371094
76.44705200195312
73.78208923339844
76.06394958496094
75.28264617919922
74.92652893066406
75.95160675048828
73.68353271484375
75.66029357910156
71.810546875
78.058349609375
75.5313491821289
82.04357147216797
80.66267395019531
83.98904418945312
83.0361328125
82.22412109375
82.41336822509766
77.97119140625
79.6075210571289
72.75852966308594
77.14370727539062
70.71992492675781
76.47036743164062
72.26386260986328
76.34315490722656
74.42838287353516
77.42058563232422
78.2544174194336
77.1478500366211
79.42081451416016
73.87944030761719
77.27549743652344
67.01338195800781
73.71424865722656
63.641754150390625
71.48015594482422
60.91728973388672
70.75292205810547
51.21704864501953
72.42088317871094
68.95855712890625
75.4244613647461
76.66349029541016
78.00965881347656
78.74103546142578
77.0689926147461
79.87661743164062
77.60294342041016
79.72876739501953
77.18201446533203
77.80402374267578
76.59812927246094
73.52024841308594
73.9007339477539
66.2142562866211
69.71599578857422
53.84837341308594
64.5216293334961
55.769107818603516
66.04884338378906
60.326805114746094
68.99117279052734
65.18414306640625
70.06329345703125
68.0243148803711
