68.58589935302734
69.10828399658203
71.50957489013672
71.73501586914062
70.83365631103516
75.50557708740234
72.03411865234375
78.63538360595703
71.47128295898438
74.58219909667969
70.18090057373047
70.03311920166016
70.22987365722656
60.50541305541992
67.32545471191406
60.11109924316406
64.0298843383789
62.877662658691406
61.02063751220703
59.169525146484375
60.076114654541016
62.73783493041992
65.37088012695312
61.73949432373047
70.2162857055664
64.44842529296875
73.28133392333984
70.88192749023438
75.0213851928711
76.93482208251953
74.0071029663086
76.18710327148438
68.41426086425781
72.73714447021484
62.3623046875
69.05610656738281
62.24592971801758
64.4978256225586
60.52140426635742
61.52165985107422
60.262351989746094
56.138179779052734
58.77680206298828
56.23516845703125
56.6218376159668
50.960044860839844
53.98150634765625
50.554317474365234
60.29103088378906
57.852481842041016
63.068443298339844
59.817142486572266
61.67338180541992
60.864253997802734
63.484596252441406
60.2171745300293
65.73589324951172
64.82958984375
63.32402038574219
64.09835815429688
65.08845520019531
65.60906219482422
64.5168228149414
65.6242904663086
67.27520751953125
66.81563568115234
65.4608383178711
68.1654281616211
67.4391098022461
69.61434936523438
67.93171691894531
69.34471893310547
69.39570617675781
70.61754608154297
71.65408325195312
71.9616928100586
73.6991195678711
72.83230590820312
76.39177703857422
75.61029052734375
79.19317626953125
78.46025085449219
81.97503662109375
80.91242980957031
83.44144439697266
82.13787078857422
82.91891479492188
80.93029022216797
80.83634185791016
80.12334442138672
78.82225799560547
79.6993408203125
77.95767974853516
79.38146209716797
77.06999969482422
78.61937713623047
76.73052215576172
78.36064910888672
77.2964859008789
77.94767761230469
77.65315246582031
78.06427001953125
77.29424285888672
77.8526611328125
76.61724090576172
75.08325958251953
71.1607437133789
70.37630462646484
47.79346466064453
61.693546295166016
65.20655822753906
67.7186508178711
68.31299591064453
71.7764892578125
68.68795013427734
72.66568756103516
69.89814758300781
74.63951110839844
71.71444702148438
75.49272918701172
73.06201934814453
75.20854949951172
75.17632293701172
75.3660888671875
75.48859405517578
75.0058822631836
77.92830657958984
75.44401550292969
78.8398666381836
76.10163116455078
79.35224914550781
77.35903930664062
78.47270202636719
78.0038070678711
74.67394256591797
74.6537094116211
66.09744262695312
71.64306640625
69.42316436767578
75.53853607177734
73.12689971923828
80.45564270019531
76.62549591064453
83.53654479980469
79.32299041748047
83.21826934814453
78.81208801269531
80.85134887695312
79.24398040771484
80.83063507080078
82.92560577392578
82.31298065185547
85.92389678955078
84.4224853515625
88.32818603515625
87.13274383544922
89.40210723876953
88.55329895019531
88.59956359863281
88.66001892089844
86.96672821044922
88.0943374633789
85.57780456542969
87.32267761230469
84.73401641845703
86.33379364013672
84.51936340332031
85.21524047851562
84.47140502929688
83.46265411376953
83.86293029785156
82.07266998291016
83.37895965576172
81.57151794433594
84.61314392089844
85.45962524414062
88.06915283203125
88.47396087646484
89.58599853515625
89.3899154663086
89.88600158691406
89.82785034179688
90.05368041992188
90.19937896728516
90.2287368774414
90.53373718261719
90.8790283203125
90.9577407836914
91.56929779052734
91.4941635131836
92.5423355102539
92.262451171875
93.54682922363281
93.3860855102539
94.53732299804688
94.50675201416016
94.95169830322266
95.27865600585938
94.51790618896484
94.90547943115234
92.90660858154297
93.39099884033203
90.5159912109375
91.15176391601562
88.70951843261719
89.0169677734375
86.95816040039062
86.6792221069336
85.66374969482422
84.12284088134766
84.52625274658203
82.0229721069336
83.4104232788086
80.17534637451172
82.12781524658203
79.19342803955078
80.21923828125
78.33422088623047
78.97728729248047
78.21202087402344
77.28939056396484
77.71696472167969
75.68818664550781
77.5
74.03024291992188
76.63969421386719
73.49720764160156
75.14379119873047
73.53419494628906
74.5770034790039
73.57283782958984
72.11894989013672
73.82780456542969
69.92225646972656
73.42854309082031
69.39108276367188
73.0269775390625
68.68494415283203
72.13916015625
69.28467559814453
71.13003540039062
69.83677673339844
69.22885131835938
71.1460189819336
67.61296081542969
69.94255065917969
65.86702728271484
69.65916442871094
66.05667114257812
69.34053039550781
66.84417724609375
70.3087387084961
69.17862701416016
67.71764373779297
70.15892028808594
67.32334899902344
71.50056457519531
67.1133041381836
72.38737487792969
68.72358703613281
71.81676483154297
71.87664031982422
70.93927764892578
73.35942840576172
66.89147186279297
71.50359344482422
60.672176361083984
66.29356384277344
65.195556640625
59.67422103881836
64.69776153564453
59.60452651977539
62.94196701049805
65.1727066040039
59.41950988769531
69.2770004272461
62.23613357543945
72.24136352539062
68.0744857788086
72.24661254882812
72.431640625
72.14732360839844
74.43289184570312
71.82144165039062
76.47813415527344
72.79718780517578
77.54334259033203
75.84329986572266
78.8641128540039
79.81029510498047
80.28585815429688
82.73503112792969
81.72966003417969
85.6220932006836
83.67501831054688
86.6795654296875
85.3627700805664
86.18838500976562
85.10668182373047
84.4219970703125
84.38793182373047
81.5077896118164
82.98507690429688
79.32791900634766
81.19136810302734
78.44169616699219
80.40406799316406
78.12227630615234
78.49779510498047
78.30889129638672
77.97395324707031
78.46905517578125
77.1961441040039
78.75688171386719
77.0265121459961
78.82057189941406
77.50505828857422
78.90034484863281
77.91397094726562
79.2284164428711
79.41688537597656
78.98918914794922
80.13558197021484
79.79703521728516
81.2115707397461
80.63060760498047
82.41255950927734
81.56487274169922
83.93074798583984
83.48387908935547
85.4129409790039
85.72923278808594
87.14212799072266
86.86843872070312
87.12062072753906
85.9747543334961
86.78327178955078
86.00552368164062
86.94261932373047
85.18611145019531
84.9393539428711
82.29036712646484
82.62178802490234
79.31150817871094
79.32585906982422
76.72532653808594
77.40035247802734
74.8456802368164
74.74205780029297
71.94854736328125
71.40215301513672
71.08543395996094
70.37224578857422
69.58755493164062
66.56802368164062
64.88815307617188
63.24293899536133
66.13109588623047
64.8719253540039
62.37214660644531
63.76585006713867
64.0981216430664
64.25929260253906
64.62777709960938
64.96223449707031
64.12576293945312
63.893348693847656
64.30682373046875
63.67863845825195
66.61752319335938
67.85823822021484
69.82777404785156
68.9783935546875
72.28556823730469
71.2134017944336
73.86145782470703
72.350341796875
75.4737548828125
74.56226348876953
76.9715347290039
78.01457977294922
79.36963653564453
81.00146484375
81.87236785888672
84.51128387451172
84.28639221191406
86.74286651611328
85.48233795166016
87.15982055664062
84.80221557617188
86.04777526855469
84.00181579589844
84.26384735107422
82.80860137939453
82.75457000732422
82.57221221923828
80.98310089111328
81.85643005371094
79.69386291503906
81.4928970336914
79.0204086303711
80.73729705810547
78.94440460205078
80.10600280761719
79.11290740966797
79.56575775146484
79.1895523071289
79.23380279541016
79.54067993164062
77.87805938720703
77.8875961303711
74.464599609375
75.92271423339844
74.51057434082031
75.26068115234375
74.54622650146484
74.32689666748047
74.95269775390625
74.555908203125
75.63602447509766
74.29086303710938
76.80589294433594
74.8924560546875
77.39039611816406
75.87403106689453
77.17069244384766
76.35826873779297
77.1045913696289
76.33165740966797
77.20143127441406
77.50617980957031
76.23722076416016
77.83834838867188
76.61803436279297
77.91719055175781
76.41626739501953
77.6129379272461
77.28135681152344
78.52973937988281
78.36615753173828
78.83369445800781
79.19778442382812
79.18553161621094
80.09989929199219
79.15219116210938
80.75972747802734
79.45423126220703
80.91384887695312
80.17906951904297
81.52316284179688
81.03640747070312
81.57577514648438
82.30219268798828
81.9127426147461
83.02669525146484
82.50264739990234
83.713623046875
82.54071044921875
83.97596740722656
82.6726303100586
83.10908508300781
81.76570892333984
81.72140502929688
82.1177978515625
81.88801574707031
83.50557708740234
83.51075744628906
85.55976867675781
85.58053588867188
87.4146728515625
87.46578216552734
88.78221130371094
88.77163696289062
88.99483489990234
89.19280242919922
88.39944458007812
88.61746215820312
86.98554992675781
87.36664581298828
85.52365112304688
85.68317413330078
83.96326446533203
84.15548706054688
83.12569427490234
82.2966537475586
81.7808837890625
80.38997650146484
80.92023468017578
79.4637451171875
80.80020141601562
80.7395248413086
82.52296447753906
83.33740234375
84.70494842529297
84.64551544189453
84.9684829711914
84.85078430175781
84.8756332397461
84.8008804321289
84.87484741210938
84.02816009521484
84.76551818847656
82.988037109375
83.31422424316406
78.77487182617188
79.20040130615234
72.25165557861328
73.7343978881836
68.44759368896484
71.55213165283203
68.08905029296875
72.30392456054688
70.92607879638672
72.51809692382812
72.09017944335938
71.5398941040039
73.08881378173828
71.32484436035156
73.10043334960938
68.26570892333984
73.89298248291016
71.54765319824219
77.74600982666016
75.87512969970703
79.93006134033203
77.9272689819336
77.64043426513672
76.14918518066406
73.36872100830078
73.61766815185547
69.64457702636719
71.98030853271484
68.23295593261719
71.2011489868164
69.27594757080078
73.22581481933594
72.35933685302734
74.50666046142578
74.85142517089844
73.39452362060547
75.9957275390625
70.5342788696289
73.37970733642578
62.49863815307617
70.01691436767578
56.73383712768555
67.29088592529297
50.05887985229492
65.12342834472656
56.117923736572266
69.44998168945312
67.6439437866211
73.11222076416016
72.43373107910156
73.89314270019531
74.99642181396484
74.95629119873047
76.3144760131836
74.27259063720703
76.26327514648438
72.77452850341797
73.97001647949219
71.13855743408203
69.30764770507812
67.1401138305664
62.635414123535156
64.2177505493164
61.83407974243164
63.86112976074219
60.91035842895508
64.01382446289062
63.25192642211914
65.75548553466797
66.22266387939453
67.6951675415039
67.5459976196289
