73.33336639404297
80.5953140258789
83.9430923461914
62.54509735107422
83.91023254394531
83.02143859863281
78.92296600341797
85.11640930175781
72.88548278808594
79.15492248535156
79.40912628173828
67.2565689086914
75.58092498779297
70.65473937988281
63.68208694458008
69.87681579589844
62.23436737060547
68.12311553955078
70.15464782714844
42.045127868652344
73.18589782714844
74.74786376953125
64.75581359863281
79.60417175292969
75.35022735595703
78.72306823730469
83.75654602050781
69.2401351928711
85.16248321533203
79.87246704101562
77.80119323730469
82.18026733398438
67.35132598876953
76.37309265136719
78.49819946289062
63.44489288330078
68.96393585205078
69.44295501708984
61.78612518310547
62.140342712402344
63.91987228393555
67.8445816040039
68.58402252197266
54.816524505615234
67.0124282836914
71.91963195800781
57.207862854003906
62.74512481689453
64.36263275146484
71.84039306640625
70.51025390625
56.63155746459961
74.58251953125
72.27062225341797
67.73245239257812
76.53497314453125
73.58677673339844
71.52783203125
75.65524291992188
48.0152473449707
77.13395690917969
74.49955749511719
73.21389770507812
79.69867706298828
73.20584106445312
77.97067260742188
81.3514404296875
55.47995376586914
81.0743408203125
79.33794403076172
75.84546661376953
82.85114288330078
75.36731719970703
83.98582458496094
86.65555572509766
56.95964431762695
89.05066680908203
88.88336181640625
82.91785430908203
93.29154968261719
85.46302795410156
91.20350646972656
92.56651306152344
72.14349365234375
91.90275573730469
88.19637298583984
83.22483825683594
90.2153549194336
82.43389129638672
85.72318267822266
88.03768157958984
58.43321228027344
87.21600341796875
84.52627563476562
79.47399139404297
87.61290740966797
78.98176574707031
85.13320922851562
87.07357025146484
49.16167449951172
87.15361022949219
85.36961364746094
79.31777954101562
88.14612579345703
81.29490661621094
85.04386138916016
87.7430419921875
63.41493225097656
87.2672119140625
85.01570129394531
79.92962646484375
83.83631134033203
64.43736267089844
76.1696548461914
70.51958465576172
66.99412536621094
71.38082122802734
72.61787414550781
73.1334457397461
80.37266540527344
72.6417236328125
79.88961029052734
83.17204284667969
62.3116455078125
83.53465270996094
82.12902069091797
73.91648864746094
85.40619659423828
78.68534851074219
81.60983276367188
85.18204498291016
63.90983963012695
86.44493103027344
84.80744934082031
82.23494720458984
90.82652282714844
84.5297622680664
90.32722473144531
94.49078369140625
72.40674591064453
95.88668060302734
95.24168395996094
88.2216567993164
99.18170166015625
93.0172348022461
97.36436462402344
99.97077178955078
82.12530517578125
99.99484252929688
96.19110870361328
92.90056610107422
99.69818878173828
91.95375061035156
96.69404602050781
99.87999725341797
80.94669342041016
99.87902069091797
99.30183410644531
90.85432434082031
102.02946472167969
95.54378509521484
99.05108642578125
101.68412780761719
79.10166931152344
100.98356628417969
97.86990356445312
92.71477508544922
99.93717956542969
90.70767211914062
95.61253356933594
97.25506591796875
67.11751556396484
96.21781158447266
95.14920806884766
88.3162612915039
99.1482162475586
91.2988510131836
97.7301254272461
99.67059326171875
76.1951675415039
100.50448608398438
97.84652709960938
92.84028625488281
101.1861343383789
93.50069427490234
97.59449768066406
100.4128646850586
76.73725891113281
100.30705261230469
98.24799346923828
93.68726348876953
102.01466369628906
93.32583618164062
100.33692169189453
102.91727447509766
73.85599517822266
103.96251678466797
102.53217315673828
95.84623718261719
105.89441680908203
98.89984893798828
102.74259185791016
105.35828399658203
82.79690551757812
104.29653930664062
100.8155288696289
95.41596221923828
102.14400482177734
92.78488159179688
96.92716217041016
98.55533599853516
71.84996795654297
96.31465148925781
93.27721405029297
87.13123321533203
94.72321319580078
85.10352325439453
90.70318603515625
92.18279266357422
54.56914138793945
91.05551147460938
88.23957061767578
81.38047790527344
89.8863296508789
81.60411071777344
85.72702026367188
87.72198486328125
60.32440948486328
86.49842071533203
84.20062255859375
78.46287536621094
86.39497375488281
76.58555603027344
82.41969299316406
84.11791229248047
20.86054039001465
83.81367492675781
81.3757553100586
75.90828704833984
83.73897552490234
75.18946838378906
79.12274932861328
81.97251892089844
44.09589385986328
80.76060485839844
77.72041320800781
72.3642807006836
79.34951782226562
72.82608795166016
76.8074722290039
79.1642837524414
51.0445671081543
79.1213607788086
77.341064453125
72.00297546386719
80.18172454833984
72.67400360107422
77.67422485351562
80.06026458740234
59.5485954284668
80.28976440429688
78.11339569091797
72.78176879882812
80.9542236328125
71.712646484375
76.3202133178711
74.34039306640625
63.44984436035156
60.8262825012207
62.75115966796875
67.4765396118164
72.39575958251953
66.28768157958984
75.16140747070312
79.69001770019531
58.83470916748047
81.76653289794922
81.17849731445312
75.16577911376953
85.00465393066406
77.75719451904297
83.04067993164062
86.25331115722656
65.05022430419922
88.40975952148438
86.70027923583984
83.47928619384766
92.16992950439453
84.32404327392578
90.7843017578125
94.45994567871094
71.9283447265625
95.75494384765625
95.01399993896484
89.10906982421875
98.6041488647461
90.28362274169922
96.06737518310547
97.46317291259766
74.12872314453125
97.09374237060547
93.67185974121094
88.50959777832031
95.7957534790039
87.5934829711914
90.80014038085938
93.2317123413086
73.06546783447266
91.60253143310547
88.62560272216797
83.86259460449219
90.60266876220703
79.29053497314453
87.40606689453125
89.14707946777344
65.07763671875
89.31697082519531
87.82589721679688
80.24064636230469
89.98719787597656
83.03646087646484
87.07799530029297
89.8553466796875
71.58905029296875
91.53060150146484
89.08006286621094
86.52305603027344
94.45135498046875
87.08333587646484
92.43893432617188
96.22303009033203
77.389404296875
96.61466217041016
95.77173614501953
90.46720123291016
97.6675033569336
85.28215789794922
93.27904510498047
92.35967254638672
75.25814819335938
90.27227020263672
87.46898651123047
78.0748519897461
89.67315673828125
84.3841781616211
87.48139953613281
90.01143646240234
71.69754791259766
89.68424987792969
85.48055267333984
81.66122436523438
87.22380828857422
77.88316345214844
80.6224594116211
82.24179077148438
65.92318725585938
76.8755874633789
73.43946075439453
70.54302978515625
76.94429016113281
67.07855224609375
76.2490234375
78.47843933105469
58.315391540527344
77.70558166503906
75.2282943725586
61.78368377685547
73.93876647949219
65.0618667602539
71.88165283203125
73.13671875
62.554344177246094
78.19062805175781
76.1801986694336
70.48944854736328
80.04644775390625
75.83323669433594
78.516357421875
83.0574722290039
66.49817657470703
85.93633270263672
83.80735778808594
81.9073257446289
90.18245697021484
82.59093475341797
89.26243591308594
93.1901626586914
72.2169189453125
94.78952026367188
93.9061279296875
88.4686279296875
96.92076873779297
87.68128204345703
93.87289428710938
95.144775390625
65.04556274414062
94.13508605957031
91.09333801269531
84.302490234375
92.73514556884766
84.85353088378906
88.24494934082031
90.2251968383789
62.87372589111328
89.83854675292969
86.69873809814453
82.51722717285156
90.07836151123047
81.44709014892578
86.44895935058594
88.63631439208984
63.0432243347168
87.50891876220703
85.05946350097656
78.68256378173828
87.26663208007812
78.34075927734375
84.73800659179688
86.14234161376953
60.29599380493164
86.44800567626953
84.30790710449219
78.43474578857422
88.01520538330078
81.03367614746094
84.90648651123047
87.92658996582031
61.14745330810547
88.18899536132812
85.3959732055664
80.81099700927734
88.77689361572266
80.21625518798828
85.34214782714844
87.82476806640625
62.52323913574219
87.37229919433594
84.8553237915039
79.89250946044922
87.18083190917969
76.99239349365234
85.45963287353516
87.5999984741211
61.916236877441406
89.24404907226562
88.34172821044922
82.7831802368164
91.73973846435547
84.14422607421875
89.00432586669922
91.66554260253906
63.71928024291992
91.97354888916016
89.81482696533203
85.34098815917969
93.51976776123047
85.4489517211914
90.94613647460938
93.40681457519531
62.32024383544922
93.46485137939453
91.575927734375
85.55904388427734
94.3709945678711
86.19263458251953
92.2333755493164
94.9380111694336
62.97587203979492
96.51194763183594
94.99227905273438
89.8593521118164
99.49411010742188
92.62091064453125
97.25096893310547
100.20954895019531
74.34291076660156
100.05802917480469
97.32354736328125
91.85835266113281
99.36478424072266
90.35831451416016
94.8974609375
96.54608917236328
65.37361907958984
94.597900390625
91.85643768310547
85.16947174072266
92.75480651855469
83.27188873291016
88.88232421875
90.20792388916016
67.29417419433594
90.740966796875
89.51365661621094
83.83489990234375
94.32577514648438
87.42083740234375
92.6996841430664
95.17980194091797
64.46101379394531
95.17604064941406
92.73727416992188
86.63556671142578
94.95494079589844
86.77239227294922
90.46257781982422
91.62338256835938
69.3361587524414
88.09950256347656
82.42286682128906
74.80052947998047
83.2177505493164
75.47657775878906
79.2532958984375
82.51605224609375
55.78205871582031
81.66075134277344
78.00160217285156
76.2247314453125
83.15843200683594
76.93663024902344
81.89876556396484
87.50664520263672
73.40965270996094
90.03447723388672
89.41986846923828
84.55229949951172
92.27801513671875
81.61190032958984
88.58392333984375
88.98072814941406
66.02654266357422
87.11702728271484
84.4591064453125
76.24237060546875
85.98371887207031
80.44389343261719
84.24993896484375
87.63565826416016
71.92491149902344
88.75186157226562
84.33279418945312
82.28340148925781
86.31429290771484
75.89759826660156
80.1828842163086
79.16815185546875
68.9632568359375
70.00723266601562
68.83879852294922
69.21648406982422
79.96746826171875
74.62141418457031
81.03014373779297
84.8970947265625
65.1675033569336
85.33737182617188
84.46531677246094
75.67404174804688
86.57186126708984
80.05036926269531
82.87168884277344
84.60565185546875
67.15949249267578
82.95549774169922
77.2671127319336
74.99295043945312
77.36006927490234
67.62044525146484
64.95458984375
72.07112121582031
65.93672180175781
74.04059600830078
70.58724975585938
73.0810317993164
79.635009765625
