73.11335754394531
69.44029998779297
74.97412109375
72.28439331054688
76.96772003173828
76.14097595214844
73.46613311767578
74.30526733398438
67.8808364868164
70.51161193847656
65.32099151611328
67.45880889892578
63.1451416015625
62.8560905456543
63.2959098815918
57.6735725402832
57.93478012084961
63.28229904174805
60.990455627441406
65.29740905761719
62.070594787597656
69.02059173583984
68.15348815917969
69.53033447265625
72.92574310302734
72.1574935913086
77.92597961425781
72.53638458251953
77.53533935546875
70.24408721923828
73.04182434082031
67.63304138183594
67.34527587890625
65.62734985351562
62.65087127685547
63.91380310058594
58.69239044189453
61.71696472167969
53.70554733276367
55.653724670410156
55.24585723876953
58.17134094238281
52.73804473876953
50.3790168762207
59.12578582763672
55.96760177612305
57.32611083984375
62.58344650268555
62.099220275878906
60.868900299072266
60.33667755126953
63.545291900634766
58.82404327392578
65.89802551269531
61.81050491333008
67.0952377319336
65.62728118896484
66.49809265136719
64.17506408691406
69.26431274414062
67.52971649169922
69.38965606689453
70.02999114990234
69.03079986572266
71.33642578125
67.90587615966797
72.13864135742188
68.60053253173828
72.761962890625
71.69931030273438
73.31189727783203
73.20174407958984
75.5124282836914
76.36985778808594
76.11322784423828
78.86522674560547
78.30955505371094
82.4188003540039
80.83052825927734
84.25440216064453
81.4068374633789
83.14370727539062
80.85551452636719
80.70162963867188
79.62925720214844
78.92424011230469
78.85928344726562
77.58052825927734
78.46520233154297
75.80044555664062
78.10709381103516
75.53548431396484
76.84239196777344
76.57759857177734
75.29013061523438
76.62335968017578
75.26421356201172
77.01190948486328
75.58319854736328
77.02082061767578
75.4757080078125
76.89009857177734
76.43977355957031
75.95293426513672
77.12357330322266
75.40731811523438
77.91254425048828
76.33714294433594
78.52896881103516
77.03218841552734
76.72859191894531
77.60120391845703
68.63291931152344
73.77429962158203
48.90461349487305
66.2655258178711
64.87201690673828
67.2784194946289
67.10234832763672
71.39783477783203
63.659481048583984
73.23712158203125
63.356475830078125
74.6238021850586
67.09342956542969
74.6617431640625
71.228515625
73.98601531982422
74.6546630859375
73.71265411376953
77.0389175415039
72.02281951904297
78.50259399414062
71.12531280517578
79.99555206298828
75.03363800048828
82.8001708984375
80.91938018798828
84.90963745117188
85.62236022949219
85.46613311767578
87.87078857421875
85.89561462402344
89.12628173828125
87.96694946289062
89.26774597167969
90.01023864746094
86.22857666015625
89.27091217041016
80.72987365722656
86.84577178955078
76.74543762207031
85.76117706298828
80.8770980834961
86.9023208618164
86.49594116210938
87.01067352294922
88.61723327636719
87.29032135009766
89.3131103515625
89.30870819091797
89.57461547851562
91.24446868896484
89.83480072021484
91.90908813476562
89.87784576416016
90.88105010986328
90.00912475585938
88.83930969238281
89.30439758300781
86.3255386352539
88.60346984863281
84.57144165039062
88.97745513916016
86.32085418701172
90.22425842285156
88.30342102050781
89.8681869506836
89.24259948730469
88.93496704101562
89.7514877319336
88.1629409790039
89.90898895263672
88.01899719238281
89.73617553710938
88.4736557006836
89.53164672851562
89.07899475097656
89.08992767333984
90.03463745117188
89.0571517944336
90.63818359375
89.33932495117188
91.25847625732422
90.2903060913086
91.84063720703125
91.60809326171875
92.22655487060547
93.16535949707031
92.74717712402344
94.57586669921875
93.42001342773438
95.62712097167969
94.21192169189453
95.5098648071289
94.21826934814453
93.94734191894531
93.17012786865234
91.07557678222656
91.06027221679688
88.15640258789062
89.3995361328125
85.86294555664062
87.4063491821289
84.87024688720703
85.450927734375
83.62162780761719
83.51985168457031
83.04496765136719
81.10836791992188
82.03729248046875
79.755126953125
80.9794692993164
77.81751251220703
79.58229064941406
77.18424224853516
78.29920196533203
77.44654083251953
76.15971374511719
77.02285766601562
74.1962661743164
76.88945007324219
72.3705825805664
76.07064819335938
72.60675811767578
75.22632598876953
72.65924835205078
73.55506134033203
74.009521484375
72.64324188232422
73.5909652709961
70.66474914550781
73.64300537109375
69.35945892333984
72.60446166992188
67.06598663330078
70.25489807128906
67.54714965820312
70.12882995605469
68.61804962158203
68.33967590332031
69.90648651123047
67.715087890625
70.41136169433594
66.97917938232422
69.98612213134766
66.368896484375
70.63877868652344
68.7476577758789
69.75218200683594
69.45405578613281
68.83778381347656
69.78134155273438
66.85861206054688
67.97040557861328
64.83364868164062
63.014739990234375
60.003997802734375
65.70562744140625
63.72997283935547
65.84049224853516
67.4510498046875
65.73593139648438
69.51384735107422
66.78023529052734
71.36326599121094
67.189453125
74.32125854492188
71.27880859375
74.77137756347656
74.33096313476562
76.65441131591797
76.84852600097656
76.60678100585938
78.87339782714844
77.86328125
81.03041076660156
79.82725524902344
82.48539733886719
82.32225799560547
83.83467864990234
84.99571228027344
85.15628051757812
87.50446319580078
86.16259002685547
89.0208740234375
87.04126739501953
88.6672592163086
87.14854431152344
86.8852310180664
86.42202758789062
84.74427795410156
85.67366790771484
82.8451919555664
84.64906311035156
81.8337631225586
83.42549896240234
81.51283264160156
82.01680755615234
81.90383911132812
80.35530853271484
81.29609680175781
77.75763702392578
80.2384033203125
76.01829528808594
80.03033447265625
76.79639434814453
80.18143463134766
78.22431182861328
80.05947875976562
79.7580795288086
79.51998901367188
80.7601547241211
78.98054504394531
82.54588317871094
79.49022674560547
83.23080444335938
81.11797332763672
84.5172348022461
83.51392364501953
85.3792495727539
86.37728118896484
86.36761474609375
88.92957305908203
86.5339584350586
89.1306381225586
83.89285278320312
85.95972442626953
80.07891082763672
81.64436340332031
76.53461456298828
77.27330017089844
74.2374267578125
74.840576171875
75.32245635986328
75.4701919555664
78.99461364746094
77.73674774169922
80.81300354003906
77.93585968017578
79.17203521728516
76.15616607666016
76.40507507324219
75.06365966796875
72.68739318847656
73.03855895996094
68.75978088378906
71.66971588134766
64.72621154785156
70.00041198730469
63.089656829833984
68.99803924560547
61.173702239990234
69.36875915527344
65.0805892944336
68.00151824951172
65.72744750976562
63.77983474731445
64.2604751586914
61.825374603271484
65.25349426269531
63.88200378417969
66.79283905029297
65.59342956542969
68.36766815185547
66.73825073242188
70.99808502197266
69.86507415771484
73.64947509765625
72.82835388183594
75.89469146728516
75.7724838256836
78.20989227294922
79.17704772949219
79.52127838134766
81.49282836914062
80.56344604492188
82.98218536376953
82.29708099365234
85.47645568847656
84.45091247558594
86.51425170898438
84.96742248535156
85.72209167480469
84.01264190673828
84.47260284423828
83.25955200195312
82.55685424804688
82.0551528930664
81.4118423461914
81.27867889404297
79.9180679321289
80.85917663574219
79.54338836669922
79.77298736572266
78.77823638916016
78.94103240966797
78.82029724121094
78.29003143310547
77.6639404296875
77.61628723144531
77.39168548583984
77.32062530517578
76.8830337524414
76.37085723876953
77.2405776977539
76.50920104980469
77.12428283691406
76.23384857177734
75.80811309814453
75.59738159179688
75.27620697021484
75.13558959960938
73.35990142822266
74.64208221435547
74.17484283447266
75.4104995727539
75.58013916015625
77.83126831054688
77.39749908447266
78.29751586914062
77.65499877929688
78.0238265991211
77.8099136352539
77.6306381225586
77.90425109863281
76.97978210449219
77.76612091064453
76.20389556884766
77.38488006591797
75.82097625732422
77.30538940429688
75.92891693115234
78.53148651123047
78.34590148925781
80.10578155517578
80.08006286621094
80.53282928466797
80.69956970214844
81.16657257080078
81.2190170288086
81.15306854248047
81.58834075927734
81.63477325439453
81.98295593261719
82.18190002441406
82.5654525756836
82.56417083740234
82.73077392578125
82.9891586303711
83.13448333740234
83.09503173828125
83.48554229736328
83.54881286621094
83.91614532470703
84.09379577636719
84.849853515625
85.41577911376953
86.17967987060547
86.52445983886719
87.25027465820312
87.4656982421875
87.80941009521484
88.01095581054688
88.10681915283203
88.42355346679688
88.58819580078125
88.90596771240234
88.26225280761719
88.45613861083984
87.18900299072266
87.22113037109375
85.7230453491211
85.8509750366211
84.35139465332031
83.96162414550781
83.11260223388672
82.59029388427734
81.50109100341797
80.52981567382812
80.30561828613281
79.51742553710938
80.28001403808594
79.6773452758789
81.3882827758789
82.27560424804688
83.69212341308594
84.45703125
84.44971466064453
84.88558197021484
84.49187469482422
84.5325927734375
84.2803955078125
83.95706939697266
84.16094970703125
82.84867858886719
83.56697082519531
80.4634017944336
81.18421173095703
75.1608657836914
76.0981216430664
66.3001480102539
71.25154113769531
64.34599304199219
69.98532104492188
65.09821319580078
69.87318420410156
67.44666290283203
69.25389862060547
69.07844543457031
71.5182113647461
71.45782470703125
76.1412124633789
77.40541076660156
79.63922882080078
81.62859344482422
80.1368408203125
82.27588653564453
79.16741180419922
80.88709259033203
77.02059173583984
78.52759552001953
75.27082061767578
76.20313262939453
76.52301788330078
76.61576843261719
77.92488861083984
77.03716278076172
80.39478302001953
77.60633850097656
81.06244659423828
78.28514862060547
79.40834045410156
76.97233581542969
74.48454284667969
75.16243743896484
68.42292785644531
72.82569122314453
60.99154281616211
66.54805755615234
65.16302490234375
64.13528442382812
69.35980224609375
71.5869140625
69.10916137695312
73.45136260986328
70.84452819824219
72.84242248535156
72.25032806396484
73.55209350585938
74.5346908569336
72.52865600585938
75.58951568603516
71.32439422607422
75.12918853759766
67.82913970947266
71.48602294921875
64.25757598876953
65.9856185913086
58.67583084106445
67.22279357910156
62.357601165771484
67.58714294433594
66.71489715576172
69.20022583007812
70.45512390136719
