73.20905303955078
78.25322723388672
81.7956771850586
55.36471939086914
85.35601043701172
83.12771606445312
78.59732818603516
86.5768814086914
77.84988403320312
80.19497680664062
79.82728576660156
60.434226989746094
75.09967041015625
74.46163177490234
65.69744873046875
65.9089126586914
64.00867462158203
62.98953628540039
67.78700256347656
54.098995208740234
69.68986511230469
66.44482421875
67.45819091796875
76.22308349609375
70.62787628173828
77.29212951660156
81.34403991699219
56.34990310668945
84.68672943115234
82.03529357910156
75.98125457763672
81.74251556396484
70.99335479736328
74.87784576416016
75.62995147705078
46.87176513671875
70.38646697998047
65.0510025024414
60.10474395751953
64.77195739746094
58.305240631103516
60.123111724853516
61.118125915527344
48.89377975463867
65.09473419189453
61.43465805053711
61.498191833496094
66.22321319580078
60.40126419067383
68.84663391113281
70.98336029052734
53.87213134765625
72.0129165649414
70.45716857910156
66.99693298339844
74.27233123779297
67.13162994384766
72.59534454345703
75.35562896728516
49.072906494140625
75.80416870117188
74.16497039794922
69.16727447509766
78.2544174194336
70.18167114257812
75.53778839111328
79.22345733642578
42.722084045410156
79.79768371582031
78.5186538696289
73.97623443603516
81.75249481201172
74.565185546875
80.2718276977539
84.19338989257812
60.4915771484375
86.0660171508789
85.56292724609375
82.11859130859375
91.48746490478516
83.78999328613281
90.52030181884766
92.19148254394531
53.778663635253906
90.79332733154297
87.43019104003906
81.16111755371094
89.073974609375
80.36659240722656
84.68202209472656
86.61420440673828
53.947021484375
86.03216552734375
84.16352844238281
78.97723388671875
87.01423645019531
78.06751251220703
83.36356353759766
85.73267364501953
44.135826110839844
85.63432312011719
83.64921569824219
78.48503875732422
86.57890319824219
77.67500305175781
83.45087432861328
86.06632232666016
46.784149169921875
85.52497863769531
81.94633483886719
73.17431640625
75.80127716064453
66.01905059814453
70.82760620117188
76.12496185302734
58.59608459472656
79.7363052368164
79.61994171142578
73.16419219970703
83.43409729003906
76.12844848632812
81.64222717285156
83.57711791992188
57.32588195800781
84.74860382080078
83.1490478515625
77.6507339477539
86.94718933105469
78.87598419189453
84.73565673828125
87.64461517333984
55.90951156616211
88.0936279296875
86.37654876708984
78.71253967285156
87.32132720947266
79.8076400756836
83.3860855102539
87.2347183227539
67.1107177734375
90.7575454711914
90.44202423095703
86.5851058959961
96.82746124267578
90.6292495727539
95.80646514892578
98.44624328613281
76.1971664428711
96.68849182128906
93.5723648071289
87.6274185180664
96.0042495727539
88.31958770751953
93.70181274414062
96.9639892578125
65.31671142578125
98.51385498046875
97.46660614013672
91.90864562988281
101.48311614990234
94.13404083251953
98.25811004638672
100.62437438964844
73.376708984375
99.34182739257812
96.57646942138672
90.16788482666016
98.20745849609375
89.5448989868164
93.69957733154297
95.566650390625
67.52269744873047
94.54747772216797
92.95263671875
89.05039978027344
98.65696716308594
90.92957305908203
96.79763793945312
99.17568969726562
66.93338012695312
99.1905288696289
96.92366027832031
91.46228790283203
100.08042907714844
91.87222290039062
97.14095306396484
99.69795989990234
65.33577728271484
100.07827758789062
98.02682495117188
92.90878295898438
101.65421295166016
93.8460464477539
99.4129867553711
102.28662872314453
66.87539672851562
103.26325225830078
101.59233856201172
96.3158187866211
105.35160827636719
97.64855194091797
102.10638427734375
104.23303985595703
75.8187484741211
102.33340454101562
99.0813217163086
92.6246109008789
100.09558868408203
90.97240447998047
95.08687591552734
96.55992889404297
66.92045593261719
94.76005554199219
91.79080200195312
85.62083435058594
93.17147064208984
84.38725280761719
88.7923583984375
90.4965591430664
59.84183120727539
89.1329116821289
86.58365631103516
80.69126892089844
88.29657745361328
79.21593475341797
84.39579010009766
86.11698913574219
49.2821044921875
85.12869262695312
82.1601333618164
76.80021667480469
84.73193359375
76.43682861328125
81.00399017333984
83.28184509277344
49.855838775634766
81.84087371826172
80.01081085205078
73.7024917602539
82.49205017089844
73.35369110107422
78.73616790771484
80.46695709228516
54.21977996826172
79.96549224853516
75.89901733398438
68.02706146240234
78.3007583618164
70.82962036132812
75.09898376464844
78.32079315185547
45.472721099853516
78.02469635009766
76.0711898803711
71.07190704345703
78.89456939697266
70.71025085449219
76.38032531738281
79.17514038085938
52.83632278442383
80.09165954589844
78.15755462646484
71.23091125488281
80.98223876953125
71.97020721435547
74.90320587158203
75.4943618774414
54.86518478393555
66.20885467529297
56.35625076293945
59.36578369140625
66.31310272216797
63.84965515136719
71.75396728515625
75.46831512451172
55.481197357177734
80.52095031738281
78.98619842529297
75.33159637451172
83.82386779785156
75.7264175415039
81.94309997558594
84.8266372680664
59.40842056274414
86.9832992553711
85.33224487304688
81.09777069091797
90.04502868652344
82.78050994873047
88.89757537841797
92.05577850341797
59.43015670776367
94.29042053222656
93.03946685791016
88.92135620117188
97.61648559570312
89.5931625366211
94.95460510253906
96.901611328125
61.07394027709961
95.65496826171875
92.60362243652344
86.68665313720703
94.36334991455078
85.56731414794922
90.1727523803711
92.26637268066406
61.73836898803711
90.89717864990234
87.6343765258789
81.63417053222656
89.08125305175781
79.66899871826172
85.59701538085938
87.98645782470703
58.81682586669922
87.92390441894531
86.04508209228516
81.42372131347656
89.3118667602539
81.07164001464844
87.04841613769531
89.77740478515625
53.10496520996094
90.46939849853516
88.50553894042969
84.26307678222656
92.9444808959961
85.26866149902344
91.62770080566406
94.79336547851562
63.9445686340332
96.68765258789062
94.927490234375
89.40604400634766
96.79715728759766
86.66639709472656
90.06644439697266
90.25558471679688
57.13292694091797
88.78239440917969
86.98865509033203
82.61168670654297
91.92499542236328
84.60419464111328
88.25696563720703
90.39786529541016
62.3514404296875
87.42840576171875
83.97138977050781
77.75955963134766
84.43986511230469
75.18267059326172
78.48385620117188
79.74801635742188
47.99678421020508
77.45045471191406
73.20808410644531
69.46504211425781
75.99629211425781
66.31659698486328
73.1844482421875
76.29241180419922
46.5639533996582
75.94872283935547
73.4350357055664
66.32645416259766
74.52482604980469
64.41043090820312
69.75065612792969
72.34656524658203
50.825401306152344
76.3746337890625
74.251953125
72.08775329589844
80.34757995605469
74.41558074951172
80.77690887451172
84.1767349243164
55.13922882080078
85.27320098876953
83.548828125
80.26300048828125
89.06485748291016
81.81316375732422
88.82352447509766
92.5954360961914
59.97673797607422
95.05603790283203
93.55870819091797
88.1616439819336
96.7447280883789
87.85628509521484
92.3662338256836
94.17908477783203
61.355438232421875
92.84876251220703
89.96934509277344
84.06680297851562
91.82891845703125
83.14404296875
88.0235824584961
90.19111633300781
56.30706024169922
89.3548812866211
87.03805541992188
81.09095001220703
89.41400909423828
81.43232727050781
85.31867980957031
87.20552062988281
52.76404571533203
86.27681732177734
83.82698822021484
77.99128723144531
86.94300842285156
77.64476013183594
83.42168426513672
86.23833465576172
56.925228118896484
86.1186752319336
84.05160522460938
78.59912109375
87.21823120117188
78.74690246582031
84.1109848022461
86.47449493408203
56.33902359008789
86.58174133300781
83.88593292236328
79.41841125488281
87.2271957397461
79.43972778320312
84.45436096191406
86.9292221069336
59.6615104675293
86.66792297363281
84.39854431152344
78.85770416259766
87.30330657958984
78.3357925415039
83.74691772460938
86.41618347167969
54.661956787109375
87.11317443847656
85.74256896972656
80.65480041503906
89.30838775634766
81.33060455322266
86.85892486572266
89.46754455566406
55.76585388183594
89.88428497314453
87.8035659790039
82.54412078857422
91.50112915039062
83.22962951660156
88.96728515625
91.60066223144531
51.40386199951172
91.80335235595703
89.71778106689453
84.10226440429688
92.75496673583984
84.85685729980469
90.62374877929688
93.54686737060547
61.306617736816406
94.76049041748047
93.30573272705078
88.53861999511719
98.04790496826172
90.75672149658203
96.24098205566406
98.98763275146484
67.62020111083984
98.55682373046875
96.00888061523438
89.65419006347656
97.52484893798828
88.73031616210938
92.95052337646484
94.56224060058594
63.131805419921875
92.83837890625
89.6839828491211
83.63522338867188
90.8712387084961
82.33751678466797
86.46260833740234
88.667236328125
56.89646911621094
90.2967300415039
89.39157104492188
85.24703216552734
94.51532745361328
87.01119995117188
92.18936157226562
94.37779998779297
63.94419860839844
93.81159973144531
91.26500701904297
85.5031509399414
93.73648071289062
85.07713317871094
89.0451431274414
90.06079864501953
61.94740676879883
85.61564636230469
81.42472839355469
75.88611602783203
83.80235290527344
75.9826889038086
80.96807098388672
83.5600814819336
59.35344314575195
83.2430191040039
80.80281066894531
75.23515319824219
82.75442504882812
74.59210968017578
80.12017059326172
84.57306671142578
51.910423278808594
89.10027313232422
88.36363220214844
82.57905578613281
91.19251251220703
82.69420623779297
85.95499420166016
86.99076080322266
56.756996154785156
84.11993408203125
81.15132904052734
75.91069793701172
84.56802368164062
77.62409210205078
83.29058074951172
86.50709533691406
63.39866256713867
87.07066345214844
83.97564697265625
77.04283905029297
83.82469177246094
73.53514099121094
75.79670715332031
73.57708740234375
46.58599853515625
63.12467956542969
63.6923942565918
64.6051254272461
77.63481903076172
72.69065856933594
79.37047576904297
82.9988784790039
54.6794319152832
83.94877624511719
82.4153823852539
77.40802001953125
86.04330444335938
78.31551361083984
81.99296569824219
83.79954528808594
58.895931243896484
80.09302520751953
74.97406768798828
67.55218505859375
72.73786163330078
62.49530029296875
66.68619537353516
72.11140441894531
54.766971588134766
75.57022094726562
74.03430938720703
69.44332122802734
78.56314849853516
