74.5660171508789
81.41156005859375
84.35029602050781
54.215084075927734
87.95359802246094
86.16022491455078
81.76298522949219
87.61868286132812
77.07788848876953
79.9665298461914
80.11344909667969
54.70419692993164
76.33927154541016
67.76383209228516
65.0244369506836
65.27581787109375
55.86313247680664
67.21994018554688
72.6021499633789
56.83449935913086
69.71044921875
72.99935150146484
64.06062316894531
78.14704132080078
70.56013488769531
80.5681381225586
83.33613586425781
62.0066032409668
85.70186614990234
82.21903228759766
75.0947036743164
81.221923828125
67.69957733154297
73.25155639648438
74.33592224121094
53.75804138183594
67.01676940917969
68.0732192993164
65.73078155517578
61.651893615722656
58.90033721923828
64.8836898803711
61.03730392456055
53.81441879272461
65.28701782226562
58.42404556274414
55.30132293701172
67.01235961914062
56.73781204223633
67.484375
72.22410583496094
40.576698303222656
73.88833618164062
73.15582275390625
67.30955505371094
75.24337005615234
69.52106475830078
73.5921401977539
77.45659637451172
57.97807312011719
76.99539947509766
76.28080749511719
68.58635711669922
78.40408325195312
73.06117248535156
75.57139587402344
79.52476501464844
59.824806213378906
79.86861419677734
78.4422378540039
75.9779281616211
83.66548919677734
76.45658111572266
82.58949279785156
85.52842712402344
60.03401565551758
88.41917419433594
87.22265625
83.92085266113281
93.38693237304688
84.95521545410156
91.38761901855469
92.92166900634766
64.61397552490234
91.02084350585938
87.60651397705078
82.46688079833984
89.43929290771484
80.04350280761719
85.92479705810547
87.52178955078125
59.39815139770508
86.8431625366211
84.42526245117188
79.40837097167969
87.09346008300781
79.1405029296875
83.90574645996094
86.79008483886719
55.10189437866211
86.18574523925781
84.60660552978516
79.18356323242188
87.1754379272461
79.6454849243164
84.91788482666016
87.17049407958984
56.368473052978516
87.6375503540039
85.42858123779297
78.72000885009766
85.73204803466797
75.6910400390625
74.57356262207031
66.41500854492188
57.03815841674805
76.05138397216797
76.47809600830078
72.75646209716797
82.10625457763672
74.17462158203125
80.19612884521484
83.1075439453125
41.64409255981445
84.20313262939453
82.45926666259766
76.9618911743164
85.83657836914062
78.0247802734375
83.3050537109375
86.60555267333984
60.591957092285156
87.44866943359375
85.78547668457031
80.7818603515625
90.01555633544922
83.81871032714844
89.32913208007812
93.44065856933594
70.30715942382812
95.319580078125
94.34456634521484
89.68185424804688
99.54202270507812
92.64585876464844
98.1545639038086
101.13323974609375
71.0660171508789
99.81130981445312
96.89606475830078
89.31428527832031
98.03787994384766
90.87289428710938
94.6958236694336
97.9365234375
71.31690216064453
98.4666748046875
97.31000518798828
91.46308135986328
101.61648559570312
94.76167297363281
99.27273559570312
102.46627807617188
77.7683334350586
101.62239837646484
99.24928283691406
92.1485595703125
100.57113647460938
91.956298828125
95.87013244628906
97.723876953125
69.04637145996094
96.50738525390625
94.66767883300781
90.66576385498047
99.87745666503906
91.85784912109375
97.78807830810547
100.00150299072266
63.49909973144531
100.03941345214844
97.78018951416016
92.18128204345703
100.75933837890625
92.37202453613281
97.82608032226562
100.34416961669922
62.03975296020508
100.55992889404297
98.47504425048828
93.27600860595703
101.96166229248047
94.0661392211914
99.67381286621094
102.4098892211914
61.92164611816406
103.34037017822266
101.73072814941406
96.3578109741211
105.6742935180664
98.44532012939453
103.1126937866211
105.91925811767578
79.49935150146484
104.70588684082031
101.87088012695312
94.90155792236328
102.40880584716797
93.29415893554688
97.27101135253906
98.73741149902344
67.16671752929688
97.01486206054688
93.77091217041016
87.75381469726562
95.20462799072266
86.20869445800781
90.89303588867188
92.48822784423828
60.89089584350586
91.08705139160156
88.32693481445312
81.81017303466797
89.9082260131836
81.33204650878906
85.96855163574219
87.38936614990234
58.152862548828125
86.65121459960938
83.47418975830078
78.1668701171875
86.3084945678711
76.6787338256836
82.8952407836914
84.54425048828125
56.42064666748047
84.10922241210938
81.66120147705078
75.99809265136719
83.9985122680664
74.6297836303711
80.54325866699219
82.3753433227539
46.83519744873047
80.96302795410156
77.2990951538086
69.66548156738281
80.14005279541016
71.37039947509766
75.79119873046875
77.98368072509766
53.47593688964844
79.22515106201172
76.90779876708984
71.91139221191406
79.89934539794922
70.0485610961914
77.87284851074219
80.45846557617188
44.494815826416016
80.3124771118164
78.70556640625
72.67729187011719
80.90840911865234
73.30438232421875
75.0981216430664
73.99824523925781
45.442562103271484
63.526485443115234
66.90320587158203
58.030582427978516
73.0924072265625
63.16514205932617
70.27574920654297
75.63343811035156
48.286136627197266
79.21353912353516
78.95072174072266
76.38838958740234
84.11102294921875
76.48056030273438
83.52203369140625
86.3589859008789
62.14330291748047
88.03672790527344
86.94537353515625
81.93655395507812
91.45660400390625
83.98477935791016
90.10635375976562
93.56600189208984
61.72603988647461
95.60334014892578
94.14777374267578
89.9152603149414
98.72975158691406
90.55181121826172
95.79735565185547
97.72587585449219
57.07917404174805
96.62446594238281
93.56686401367188
87.3856201171875
95.41342163085938
86.51368713378906
91.1881332397461
93.10308837890625
44.2593879699707
92.18486785888672
89.56991577148438
83.48210144042969
90.8985595703125
81.63002014160156
86.92333221435547
88.80338287353516
60.6963005065918
88.96094512939453
86.81786346435547
81.96206665039062
90.44392395019531
82.33697509765625
87.7336196899414
90.58946990966797
54.72692108154297
91.38838958740234
89.60420227050781
84.62462615966797
93.66173553466797
85.9218978881836
92.02522277832031
95.33790588378906
56.191619873046875
97.34261322021484
95.84603881835938
90.95176696777344
98.7473373413086
88.83728790283203
92.25653076171875
92.54705047607422
61.78554153442383
88.65190124511719
84.93514251708984
80.30098724365234
88.45013427734375
82.52384948730469
87.8125
91.7586898803711
70.1382064819336
90.5291976928711
87.49876403808594
80.5689468383789
87.54705810546875
77.89482879638672
81.51042175292969
83.45743560791016
57.148868560791016
80.13809204101562
77.37142181396484
69.95952606201172
78.14363098144531
68.5468978881836
74.42108154296875
76.84098052978516
57.3446044921875
77.05316162109375
75.0693588256836
67.39364624023438
75.89695739746094
65.72078704833984
71.82052612304688
73.32784271240234
51.895267486572266
75.22869873046875
74.76925659179688
71.45405578613281
79.6300277709961
72.38459777832031
80.48822021484375
83.89893341064453
54.34187698364258
86.50579071044922
85.49725341796875
80.89690399169922
90.21698760986328
82.89366149902344
88.91423034667969
92.701904296875
59.353580474853516
95.16944885253906
94.0256118774414
88.50899505615234
97.56123352050781
89.14520263671875
93.60163116455078
95.37776184082031
52.21366500854492
94.10671997070312
91.15528106689453
85.0099868774414
92.90801239013672
84.56592559814453
89.03506469726562
91.12947082519531
47.21866989135742
90.27446746826172
87.84336853027344
81.94390869140625
90.00776672363281
81.49057006835938
86.60326385498047
88.67969512939453
54.294471740722656
88.14608764648438
85.64520263671875
80.47801208496094
88.06816864013672
79.41594696044922
84.9796142578125
87.18607330322266
56.62607192993164
86.40646362304688
83.94538116455078
78.97663116455078
88.11847686767578
81.17952728271484
85.43865966796875
88.4364013671875
62.13308334350586
88.12085723876953
85.7401123046875
80.4623794555664
88.90756225585938
80.80583953857422
85.86476135253906
88.15912628173828
45.95558166503906
88.01591491699219
85.27241516113281
81.03179931640625
88.38796997070312
79.4135971069336
85.03353118896484
87.51824188232422
56.13277053833008
88.87644958496094
87.1896743774414
81.32289123535156
90.82772827148438
83.50289154052734
88.20792388916016
90.75800323486328
57.244117736816406
91.23609924316406
89.40760803222656
83.4963150024414
92.56842803955078
84.65584564208984
90.09442901611328
92.80323028564453
60.799232482910156
93.34136962890625
91.11628723144531
85.47543334960938
94.18719482421875
86.305908203125
91.7850341796875
94.95005798339844
60.82429885864258
96.0091323852539
94.2506332397461
89.32362365722656
98.32849884033203
90.37105560302734
96.36439514160156
99.33113861083984
67.80062103271484
99.5201644897461
97.12806701660156
90.75650787353516
99.08788299560547
90.3799057006836
94.51669311523438
96.22993469238281
64.19361114501953
94.54485321044922
91.48657989501953
85.10255432128906
92.781494140625
84.01972198486328
88.03899383544922
89.9261703491211
43.16871643066406
89.92095947265625
88.56669616699219
84.47223663330078
94.32575225830078
87.57526397705078
92.78302001953125
95.53860473632812
61.86705780029297
95.23336791992188
92.7362289428711
86.84880065917969
95.03083038330078
86.87657165527344
91.05179595947266
92.85406494140625
64.18084716796875
88.98189544677734
83.79319763183594
77.1114730834961
83.87964630126953
74.40763854980469
80.82939910888672
83.62062072753906
55.40126419067383
83.3093032836914
80.45326232910156
74.87395477294922
82.83037567138672
74.62589263916016
80.41156768798828
84.65834045410156
59.26164245605469
89.71393585205078
89.55247497558594
83.4225082397461
92.7169189453125
84.73895263671875
88.04986572265625
89.36404418945312
60.205745697021484
86.81068420410156
83.41896057128906
78.36620330810547
86.90483856201172
79.24893951416016
85.35555267333984
88.69872283935547
59.90634536743164
89.67450714111328
86.94696807861328
80.91568756103516
87.15957641601562
77.69451904296875
79.75941467285156
79.6859130859375
54.541717529296875
72.49343872070312
63.98889923095703
58.36798095703125
76.41634368896484
73.52877044677734
79.04474639892578
82.86194610595703
49.42898178100586
83.6092758178711
82.20758056640625
76.48577117919922
86.04730224609375
77.73959350585938
83.45074462890625
85.22140502929688
54.21158981323242
83.06671142578125
78.94631958007812
68.98516082763672
76.31991577148438
64.19731903076172
68.97451782226562
73.42839050292969
50.306121826171875
77.0506591796875
75.21171569824219
69.49073028564453
79.74944305419922
