71.05093383789062
70.48102569580078
73.63814544677734
73.96003723144531
74.09396362304688
75.43147277832031
74.42041778564453
73.14942932128906
71.09508514404297
69.26505279541016
66.2952651977539
65.51058197021484
61.08860778808594
63.859642028808594
59.80168914794922
58.555641174316406
60.729984283447266
59.42082977294922
61.313560485839844
61.94426345825195
61.16686248779297
66.50601959228516
66.80326080322266
67.23722076416016
70.39522552490234
72.26753997802734
75.25460052490234
74.19520568847656
74.38600158691406
72.4710464477539
70.78600311279297
67.79267120361328
63.658206939697266
66.7611083984375
61.35068130493164
62.132442474365234
58.196956634521484
50.603919982910156
53.683223724365234
34.87482452392578
56.45234298706055
52.54116439819336
55.516273498535156
57.7379264831543
60.484439849853516
60.56691360473633
58.84759521484375
60.35291290283203
59.449951171875
61.733516693115234
63.881309509277344
62.07585906982422
60.93377685546875
63.573646545410156
64.24268341064453
64.4035415649414
64.25585174560547
65.54962921142578
66.42620086669922
65.24929809570312
67.24757385253906
66.98314666748047
69.83740234375
68.00848388671875
68.59593200683594
69.3082046508789
68.28633117675781
70.45338439941406
69.8747329711914
71.1512680053711
72.32247924804688
72.75550079345703
74.51093292236328
74.21578979492188
75.85162353515625
76.71831512451172
78.4802474975586
79.7558364868164
81.13528442382812
82.32527160644531
82.58512115478516
82.39788818359375
81.49337005615234
80.75585174560547
79.76695251464844
79.46794128417969
78.82642364501953
77.41581726074219
77.62289428710938
76.8896255493164
76.82320404052734
76.08160400390625
75.78351593017578
76.54308319091797
75.8232421875
75.97299194335938
75.64297485351562
75.77223205566406
75.55543518066406
75.9134521484375
75.89718627929688
75.52106475830078
76.47197723388672
76.34827423095703
76.7308578491211
76.60435485839844
77.06158447265625
77.66950988769531
76.92632293701172
77.94427490234375
76.10403442382812
73.95912170410156
71.76506042480469
66.36304473876953
57.22721862792969
48.706512451171875
61.883094787597656
63.05231857299805
66.20358276367188
67.56123352050781
69.05081939697266
69.30731201171875
69.52787780761719
69.27131652832031
72.19022369384766
71.20970916748047
72.32740020751953
72.03894805908203
72.87812805175781
73.52871704101562
73.25634765625
74.68550109863281
74.51313018798828
75.18284606933594
76.59208679199219
78.86036682128906
80.802978515625
82.62731170654297
83.9871597290039
85.0419692993164
85.92771911621094
86.20165252685547
86.91724395751953
87.50740814208984
88.35003662109375
88.76307678222656
88.77784729003906
88.1381607055664
86.87362670898438
85.53507232666016
83.50920867919922
82.9684829711914
83.17678833007812
84.48905181884766
86.5159912109375
87.2166748046875
88.12202453613281
88.318359375
89.06295776367188
89.53543090820312
89.91643524169922
90.44988250732422
90.72805786132812
90.68880462646484
90.40641784667969
90.09392547607422
89.50125122070312
88.819580078125
88.05656433105469
87.41162109375
86.86125183105469
85.80634307861328
85.69920349121094
86.15100860595703
87.2928237915039
88.25946807861328
88.69906616210938
88.7877426147461
88.76753997802734
88.72517395019531
88.74327087402344
88.54574584960938
88.58308410644531
88.70896911621094
88.65172576904297
88.8061294555664
88.81603240966797
88.9281005859375
89.09343719482422
89.14554595947266
89.42713165283203
89.69554138183594
90.0087661743164
90.42878723144531
90.84014892578125
91.22795104980469
91.668212890625
92.24830627441406
92.76610565185547
93.32740020751953
93.87255859375
94.31858825683594
94.66004943847656
94.67140197753906
94.45045471191406
93.91458892822266
93.0674057006836
91.91091918945312
90.69202423095703
89.39227294921875
88.33812713623047
87.45720672607422
86.3807144165039
85.71647644042969
84.78726196289062
83.90764617919922
83.24664306640625
82.64436340332031
81.8454360961914
80.98677062988281
80.61614227294922
79.90104675292969
79.3738021850586
78.6157455444336
78.14663696289062
77.86603546142578
77.18377685546875
76.4928970336914
76.15841674804688
75.61869812011719
75.19871520996094
75.60252380371094
74.29093933105469
73.499267578125
73.8174057006836
73.15221405029297
72.9952163696289
73.18515014648438
72.48977661132812
73.11360931396484
71.9083480834961
72.23453521728516
71.48297882080078
70.78681182861328
70.24388885498047
68.8246841430664
68.34111022949219
68.78428649902344
69.12056732177734
67.30825805664062
68.50464630126953
68.01262664794922
67.37405395507812
67.73383331298828
69.06925964355469
67.36199188232422
69.46023559570312
68.57058715820312
69.0807113647461
68.80211639404297
68.43446350097656
69.323974609375
68.686767578125
68.39854431152344
66.70188903808594
67.61072540283203
64.43360137939453
59.888572692871094
58.30459213256836
60.56817626953125
62.62053298950195
63.384300231933594
64.81623840332031
65.19178771972656
63.693843841552734
68.59831237792969
70.03726959228516
71.44161224365234
72.45711517333984
73.44688415527344
74.83487701416016
74.6791763305664
75.86497497558594
76.63449096679688
77.53742980957031
78.3201904296875
79.3785400390625
80.24043273925781
81.22689056396484
82.18879699707031
83.18365478515625
84.18680572509766
85.27372741699219
85.98944854736328
86.79661560058594
87.29146575927734
87.35475158691406
87.19287872314453
86.8260726928711
86.1544189453125
85.59075927734375
84.76728820800781
84.27059936523438
83.44701385498047
83.2406005859375
82.38154602050781
81.96073913574219
81.9137954711914
81.14392852783203
81.00545501708984
80.6366958618164
79.30713653564453
78.40848541259766
77.67430877685547
77.92617797851562
77.79132080078125
78.28436279296875
78.24113464355469
78.36376190185547
79.10234832763672
78.55179595947266
79.47096252441406
79.25066375732422
79.82975769042969
80.40373992919922
80.54278564453125
81.3727035522461
81.67178344726562
82.67305755615234
83.27131652832031
84.10523986816406
85.38198852539062
86.18144989013672
87.35420227050781
87.4190444946289
87.5675048828125
86.0528335571289
84.38754272460938
82.25253295898438
79.91751098632812
78.44874572753906
76.3875961303711
75.2403335571289
75.94204711914062
76.00068664550781
77.86256408691406
79.01313018798828
79.52230834960938
79.29606628417969
78.79875183105469
77.54865264892578
75.41840362548828
74.80957794189453
73.24871063232422
72.29583740234375
70.71742248535156
69.61814880371094
69.38780975341797
66.62576293945312
67.40383911132812
64.56558990478516
65.24654388427734
65.92675018310547
65.52305603027344
66.2502670288086
64.06584930419922
67.28466033935547
62.902671813964844
62.693870544433594
61.24564743041992
61.96938705444336
63.862098693847656
62.222835540771484
66.05095672607422
66.85745239257812
68.4178695678711
69.79345703125
70.7264175415039
72.13316345214844
72.11144256591797
74.58872985839844
75.7896957397461
77.61858367919922
78.32749938964844
79.47357177734375
80.25691986083984
80.79678344726562
81.80795288085938
83.11337280273438
84.28472137451172
85.22421264648438
85.39765930175781
85.37249755859375
84.95085906982422
84.0234375
83.44499969482422
82.8105697631836
82.09097290039062
81.37152099609375
81.10722351074219
80.58024597167969
80.05047607421875
79.30571746826172
79.4280776977539
79.2248306274414
78.61576080322266
78.1720962524414
77.71847534179688
77.62411499023438
77.54682159423828
77.14250946044922
77.10334777832031
76.76654815673828
76.54168701171875
76.30854034423828
76.17394256591797
75.93372344970703
75.79825592041016
75.76604461669922
75.23150634765625
74.43157196044922
74.91883850097656
74.07331848144531
73.83494567871094
72.89753723144531
73.4800033569336
74.8470458984375
75.9944076538086
76.96160125732422
77.21308898925781
77.81535339355469
77.3151626586914
77.25819396972656
77.29891204833984
77.39068603515625
76.97419738769531
76.7545394897461
76.55343627929688
76.53731536865234
75.90232849121094
75.93270874023438
76.40750122070312
77.40579986572266
78.52088928222656
79.60479736328125
79.89631652832031
80.26050567626953
80.67457580566406
80.47642517089844
80.72010040283203
80.95619201660156
81.18694305419922
81.45777130126953
81.54524993896484
81.9295883178711
81.81671905517578
81.9573745727539
82.32001495361328
82.7006607055664
83.0044937133789
82.84622955322266
82.84599304199219
82.96952056884766
83.03681182861328
83.26425170898438
83.7499008178711
84.5316390991211
85.0555648803711
85.66722106933594
86.2170181274414
86.62677001953125
87.33187866210938
87.50186157226562
88.00177764892578
88.35125732421875
88.87928771972656
89.0221939086914
88.79508209228516
88.41996002197266
88.03900146484375
87.31402587890625
86.45508575439453
85.94389343261719
85.006103515625
84.50450897216797
83.55928039550781
83.03466796875
82.29568481445312
81.2279052734375
80.6925277709961
79.70819854736328
79.4608383178711
79.13684844970703
79.50780487060547
80.95108795166016
81.95687103271484
83.09272766113281
83.88062286376953
84.24082946777344
84.30121612548828
84.1434555053711
84.12699890136719
83.82979583740234
83.7284164428711
83.62297821044922
82.9198226928711
82.43951416015625
80.8627700805664
78.82425689697266
75.48380279541016
72.91700744628906
70.30176544189453
68.47593688964844
67.35040283203125
67.93868255615234
68.29889678955078
68.7845687866211
67.65777587890625
67.52604675292969
68.47024536132812
70.06477355957031
72.06779479980469
74.42839050292969
77.43946838378906
79.47567749023438
80.70296478271484
81.20352172851562
80.81400299072266
79.9045639038086
79.20126342773438
78.06339263916016
76.86699676513672
75.83979034423828
75.37776184082031
74.63261413574219
75.66146850585938
76.22569274902344
77.29248046875
78.38390350341797
78.5535888671875
78.94171905517578
78.73890686035156
77.7750015258789
76.11646270751953
73.69680786132812
72.61446380615234
70.11791229248047
67.25196838378906
62.635677337646484
62.42302322387695
62.95891571044922
66.81522369384766
69.61270141601562
70.97238159179688
71.33032989501953
72.42845153808594
72.62654113769531
72.75563049316406
73.5147933959961
73.27165222167969
73.83538055419922
74.02664184570312
74.24982452392578
73.11748504638672
72.81841278076172
70.3895034790039
67.9411849975586
65.97071838378906
62.59748840332031
60.518917083740234
62.165000915527344
63.29740905761719
63.343505859375
66.53433227539062
66.91260528564453
67.85931396484375
