81.92639923095703
86.08773040771484
89.29740905761719
67.44392395019531
89.80907440185547
87.79988861083984
85.34272766113281
93.631591796875
85.70793151855469
93.03728485107422
96.52928161621094
76.41454315185547
97.84638214111328
96.23155975341797
91.16639709472656
97.66983795166016
86.15679931640625
92.25405883789062
92.23651123046875
71.05736541748047
87.55138397216797
83.88923645019531
73.61995697021484
80.99115753173828
69.2273941040039
74.09538269042969
75.1718978881836
58.101600646972656
81.37086486816406
82.15455627441406
77.52394104003906
89.99592590332031
84.44036102294922
89.96074676513672
91.55231475830078
72.56184387207031
90.6747055053711
87.02388000488281
79.94667053222656
87.46467590332031
79.46097564697266
80.59548950195312
82.35962677001953
63.18503189086914
82.40306854248047
78.66006469726562
74.86772155761719
81.61105346679688
74.68716430664062
75.07841491699219
77.56942749023438
56.02263259887695
76.87720489501953
73.6683349609375
71.37362670898438
78.21932220458984
71.20687103271484
73.62017059326172
75.50102233886719
53.935546875
73.58154296875
70.52728271484375
69.34458923339844
75.20256042480469
67.48706817626953
71.9219741821289
74.5538101196289
54.875282287597656
72.21814727783203
69.30402374267578
68.29473876953125
73.72087097167969
65.14193725585938
72.2281265258789
74.46076965332031
52.58126449584961
71.72359466552734
69.13262939453125
65.45325469970703
73.8560791015625
65.463134765625
72.0665054321289
75.18535614013672
56.44043731689453
75.4019775390625
74.56879425048828
72.16860961914062
81.24005126953125
75.33349609375
82.25275421142578
86.60592651367188
50.27809524536133
88.35893249511719
86.40275573730469
81.51358032226562
89.36901092529297
81.41098022460938
86.42031860351562
89.01242065429688
60.179264068603516
89.63214111328125
88.05785369873047
82.13017272949219
91.31391143798828
83.4044418334961
87.808837890625
89.1640625
62.8304557800293
86.22258758544922
82.65731048583984
72.79483032226562
82.33053588867188
74.65689849853516
79.01370239257812
80.95541381835938
57.60419464111328
80.55628967285156
77.23249816894531
69.26742553710938
77.66477966308594
70.41268157958984
70.89253234863281
72.88282775878906
54.93186950683594
73.59769439697266
69.9085464477539
64.39976501464844
72.24630737304688
65.2765121459961
63.092891693115234
66.08566284179688
54.65102767944336
66.50736999511719
64.24592590332031
62.0969352722168
69.78329467773438
65.91893005371094
59.4705696105957
66.59412384033203
58.883060455322266
70.13397216796875
69.07305908203125
66.84829711914062
76.4868392944336
72.82563018798828
74.59434509277344
79.8619384765625
63.278297424316406
78.91334533691406
74.27975463867188
69.25091552734375
73.29914855957031
64.07589721679688
59.848388671875
60.436546325683594
58.026702880859375
65.74649047851562
64.41764831542969
63.07547378540039
73.60895538330078
69.68954467773438
71.5958251953125
76.34939575195312
50.51496505737305
77.635986328125
75.1586685180664
70.9205551147461
77.88663482666016
69.81588745117188
74.35138702392578
76.18171691894531
58.31995391845703
73.9150619506836
71.07443237304688
65.7919921875
73.62187957763672
63.131309509277344
73.11885070800781
75.79827117919922
60.09440994262695
77.79081726074219
77.59371948242188
71.60767364501953
80.78626251220703
72.03771209716797
78.63043975830078
80.63233947753906
55.21259689331055
80.64152526855469
78.67195892333984
72.65125274658203
81.47669219970703
73.58689880371094
78.92059326171875
81.71228790283203
52.63222122192383
82.45940399169922
80.52094268798828
75.01032257080078
84.09984588623047
75.95511627197266
80.04509735107422
82.67742156982422
36.50518035888672
83.08507537841797
81.66561126708984
77.62239074707031
86.87835693359375
80.31937408447266
85.73875427246094
89.43024444580078
68.55941009521484
90.12394714355469
88.71803283691406
82.1993408203125
90.84442138671875
81.90997314453125
86.3602523803711
87.99159240722656
59.623756408691406
85.89122009277344
83.05635070800781
75.93477630615234
84.2193603515625
75.05184936523438
80.26885986328125
82.28738403320312
57.231529235839844
81.37529754638672
78.13463592529297
70.89069366455078
80.31732940673828
71.98981475830078
75.82551574707031
77.42606353759766
43.44115447998047
77.43032836914062
74.4677963256836
69.23393249511719
77.8808364868164
69.61909484863281
75.1310806274414
78.17656707763672
47.95396423339844
78.36547088623047
76.18929290771484
71.18267059326172
79.05111694335938
70.44954681396484
74.67707824707031
77.15291595458984
47.51986312866211
76.84478759765625
73.65626525878906
69.5752182006836
77.72433471679688
68.32365417480469
74.45245361328125
77.053466796875
53.29360580444336
76.54971313476562
74.05931091308594
69.37484741210938
77.47552490234375
67.86105346679688
74.42958068847656
76.8470687866211
57.74009704589844
74.93768310546875
72.45462036132812
67.04017639160156
74.04442596435547
68.02569580078125
76.05281066894531
80.38093566894531
55.47114944458008
83.43489074707031
81.97339630126953
76.52853393554688
85.47492980957031
77.41839599609375
82.74702453613281
84.96363067626953
49.72745132446289
84.28627014160156
82.04924774169922
76.26741027832031
85.74095916748047
78.10784149169922
84.15159606933594
87.41357421875
53.44963836669922
88.95118713378906
87.193115234375
82.78850555419922
91.2981948852539
83.47371673583984
88.57273864746094
91.20575714111328
51.50786590576172
90.53549194335938
87.5040054321289
81.8607177734375
89.36200714111328
80.51911163330078
85.18478393554688
87.02595520019531
56.162567138671875
85.94833374023438
83.53563690185547
77.74922943115234
85.97039031982422
76.86864471435547
82.42479705810547
84.656982421875
57.55634689331055
84.74846649169922
82.39307403564453
76.67877960205078
85.00162506103516
76.78118896484375
82.14338684082031
84.75262451171875
56.724395751953125
85.60264587402344
83.51962280273438
77.81828308105469
86.83000183105469
79.37850952148438
84.54786682128906
87.34062957763672
55.343387603759766
88.69488525390625
86.81523895263672
82.07125091552734
91.26436614990234
83.74575805664062
88.56124877929688
91.12602233886719
49.04586410522461
89.78912353515625
86.2165756225586
79.30606842041016
86.15882873535156
76.54625701904297
79.55132293701172
80.22879791259766
52.064414978027344
77.98709106445312
74.26080322265625
65.57337188720703
74.12349700927734
64.87474060058594
73.07260131835938
75.51007080078125
60.53516387939453
77.987060546875
77.24270629882812
70.59974670410156
81.42435455322266
73.2296142578125
82.88851928710938
86.36231231689453
70.56452941894531
90.18563842773438
90.09007263183594
83.46641540527344
94.80261993408203
86.80803680419922
92.1407470703125
93.07528686523438
69.7452621459961
90.81490325927734
87.70515441894531
78.43848419189453
87.03105926513672
77.76954650878906
82.03295135498047
83.31781768798828
64.31289672851562
82.76126861572266
79.96249389648438
71.3070297241211
81.56900787353516
73.18167877197266
82.03114318847656
85.99880981445312
66.30265045166016
89.64139556884766
88.62028503417969
83.40837860107422
93.0445556640625
85.07221221923828
90.20209503173828
92.36723327636719
58.452476501464844
91.75894927978516
89.11207580566406
82.96643829345703
91.07533264160156
82.14397430419922
87.04180908203125
88.83916473388672
60.161556243896484
88.7594985961914
86.84654998779297
82.130615234375
90.76470947265625
82.7514419555664
88.43560028076172
90.93614959716797
59.47860336303711
90.96054077148438
88.71410369873047
83.43839263916016
91.89469909667969
83.1399154663086
89.07530975341797
91.33234405517578
60.34059143066406
91.11515045166016
88.59468841552734
82.89083862304688
91.06316375732422
82.97888946533203
88.59056091308594
91.41573333740234
60.61735534667969
92.35946655273438
90.4279556274414
85.2662353515625
93.7764663696289
85.86973571777344
90.92748260498047
93.40531158447266
62.38278579711914
93.95637512207031
91.92565155029297
86.96687316894531
95.6653823852539
87.76396179199219
93.07431030273438
95.5237045288086
62.79512023925781
95.66667175292969
93.37339782714844
88.24788665771484
96.52745819091797
88.28955078125
93.38050842285156
95.6982192993164
62.470890045166016
94.92778015136719
92.02322387695312
86.19160461425781
93.25729370117188
83.78255462646484
88.560791015625
90.60723876953125
58.326759338378906
90.9753646850586
89.00321960449219
84.61298370361328
93.13584899902344
85.07196807861328
90.82975006103516
93.6202621459961
63.78661346435547
94.09410095214844
92.11776733398438
87.0963134765625
95.77285766601562
87.63069915771484
93.54747772216797
96.12748718261719
66.1234130859375
96.73259735107422
94.71929931640625
89.10193634033203
97.73819732666016
89.41779327392578
94.45596313476562
96.4867172241211
68.57539367675781
96.53985595703125
94.49716186523438
89.26458740234375
98.46299743652344
90.73918914794922
96.05371856689453
98.4928207397461
65.18318176269531
98.16419219970703
95.39883422851562
89.54248046875
97.27979278564453
88.53732299804688
92.71914672851562
94.51158142089844
57.21247100830078
93.02104949951172
89.81803894042969
84.02373504638672
91.22990417480469
82.18089294433594
86.29158020019531
88.8883056640625
62.72144317626953
88.65589141845703
86.28536987304688
81.49239349365234
89.22622680664062
80.22283935546875
85.79434204101562
87.70294189453125
58.17454147338867
86.23477935791016
83.45648193359375
77.63855743408203
85.46047973632812
75.48236846923828
83.1778335571289
86.03483581542969
66.04811096191406
88.1042709350586
86.95953369140625
81.57894897460938
90.0367660522461
81.02940368652344
86.20185852050781
87.89502716064453
58.82155990600586
86.04418182373047
83.42473602294922
77.51338958740234
86.39669036865234
78.84332275390625
84.66023254394531
87.45572662353516
54.319480895996094
87.86911010742188
84.74424743652344
78.79670715332031
85.53759002685547
75.66130065917969
76.89568328857422
76.0595703125
60.436622619628906
64.25776672363281
72.28839111328125
68.7459716796875
81.80587005615234
75.78378295898438
81.06431579589844
84.00662231445312
45.908935546875
84.27156829833984
81.31282806396484
76.07853698730469
83.03058624267578
72.88703155517578
77.11717987060547
78.8549575805664
41.83518981933594
77.52867889404297
75.50191497802734
72.67587280273438
79.87236785888672
71.91596221923828
78.3209228515625
81.29492950439453
54.47549057006836
81.28020477294922
78.9890365600586
74.53767395019531
82.13444519042969
