88.94866180419922
83.13387298583984
91.90110778808594
86.7152099609375
91.37106323242188
93.76276397705078
86.56639862060547
97.14512634277344
92.24871063232422
96.1422348022461
97.90296173095703
86.08119201660156
96.45104217529297
88.80845642089844
90.41999816894531
91.04158782958984
76.56181335449219
89.13758850097656
80.64844512939453
84.12097930908203
83.75337982177734
78.57270050048828
83.18555450439453
77.7837142944336
83.8145523071289
74.51768493652344
87.0466079711914
82.3199462890625
88.01058959960938
91.2776107788086
83.15438842773438
92.35890197753906
84.59202575683594
87.1470947265625
86.37376403808594
80.19355773925781
84.4942855834961
78.365478515625
80.34331512451172
79.41787719726562
74.45356750488281
78.25230407714844
72.58824157714844
74.69223022460938
74.66459655761719
71.54024505615234
72.41938781738281
69.20368957519531
67.8503189086914
69.76394653320312
65.63518524169922
63.44170379638672
64.6363754272461
59.47225570678711
64.9496841430664
61.13715744018555
56.71971893310547
67.3601303100586
52.08541488647461
68.84036254882812
66.64563751220703
69.04121398925781
71.59546661376953
55.80325698852539
73.38594055175781
68.17964935302734
72.6214370727539
74.59154510498047
65.29661560058594
77.33827209472656
73.39167022705078
76.66954803466797
79.93971252441406
69.51554107666016
82.69587707519531
78.6642837524414
81.69577026367188
85.796630859375
75.90895080566406
88.70169067382812
86.3988265991211
88.17717742919922
92.48868560791016
81.35071563720703
92.16325378417969
87.89286804199219
86.32691955566406
89.0431137084961
78.2201156616211
86.95645904541016
83.24144744873047
81.52344512939453
85.11088562011719
76.21922302246094
83.47679901123047
81.538818359375
79.3235092163086
83.30888366699219
75.15917205810547
82.11250305175781
80.02983093261719
77.92202758789062
82.39086151123047
76.08732604980469
81.16873168945312
80.74907684326172
76.92205810546875
82.38565063476562
75.7296371459961
81.49417877197266
80.832275390625
76.60875701904297
82.74078369140625
76.37422180175781
82.05093383789062
82.183837890625
78.86568450927734
86.67313385009766
77.32929992675781
89.1117935180664
87.21520233154297
87.40105438232422
91.64187622070312
82.67000579833984
92.19747924804688
89.61517333984375
87.45149993896484
91.55127716064453
77.93018341064453
88.3396987915039
84.55824279785156
80.73567199707031
85.26517486572266
61.92971420288086
82.49410247802734
79.43335723876953
77.47055053710938
81.04527282714844
72.19671630859375
79.7679214477539
73.93120574951172
79.41848754882812
76.84590911865234
75.0101318359375
80.24247741699219
68.03950500488281
80.43537139892578
78.35846710205078
76.39544677734375
82.32776641845703
75.71893310546875
78.75521850585938
79.28844451904297
74.12577819824219
77.67852020263672
79.02493286132812
68.9295654296875
80.05753326416016
75.14317321777344
77.21575927734375
81.26785278320312
66.93933868408203
82.23470306396484
79.28487396240234
79.44438171386719
84.93745422363281
72.30501556396484
87.02409362792969
85.69741821289062
84.67505645751953
91.0995864868164
82.1778564453125
91.88676452636719
89.99681091308594
87.13992309570312
91.91246795654297
83.4954605102539
89.75316619873047
88.43109130859375
83.76953125
89.88420867919922
81.3641586303711
87.3513412475586
85.48184967041016
79.96566772460938
85.58794403076172
66.07984924316406
84.26448822021484
79.92695617675781
80.918212890625
84.37150573730469
73.00663757324219
84.86993408203125
81.1055679321289
82.58393859863281
85.48606872558594
75.80154418945312
86.32856750488281
83.21907043457031
84.21842956542969
87.37181854248047
79.10084533691406
88.59127044677734
86.25264739990234
86.1201171875
90.24867248535156
82.61900329589844
91.20609283447266
89.76542663574219
88.67390441894531
93.3221664428711
86.3504638671875
92.90592956542969
91.28406524658203
88.33149719238281
92.63310241699219
86.69078063964844
90.50296020507812
90.35528564453125
85.37481689453125
90.5903091430664
84.62223052978516
87.22132110595703
87.36140441894531
81.23221588134766
86.83439636230469
81.51141357421875
83.44639587402344
84.10072326660156
78.63510131835938
84.00455474853516
79.32891845703125
80.8612060546875
81.78125762939453
77.0862045288086
81.09921264648438
77.42732238769531
78.41950225830078
79.38336944580078
75.86437225341797
79.57078552246094
75.90962219238281
77.29669189453125
77.9959716796875
74.5291519165039
78.27493286132812
74.95358276367188
75.6396484375
76.02745819091797
74.25891876220703
76.7532958984375
73.94178771972656
76.0268783569336
74.53250885009766
72.50785827636719
76.05473327636719
71.12500762939453
75.66522979736328
73.47319793701172
72.94763946533203
75.3051528930664
66.4272689819336
75.1981430053711
70.1820068359375
72.26602935791016
73.84912872314453
67.89382934570312
76.26368713378906
68.57542419433594
80.50544738769531
73.90536499023438
83.4374771118164
80.76260375976562
82.6751480102539
82.242919921875
79.03143310546875
81.68138122558594
73.51274108886719
80.08889770507812
72.58163452148438
79.31098175048828
76.37730407714844
77.3538589477539
80.71845245361328
73.54070281982422
82.51752471923828
78.45408630371094
81.31524658203125
83.15414428710938
77.1568603515625
85.34009552001953
81.93123626708984
84.30216217041016
87.28460693359375
81.01367950439453
89.45757293701172
86.15232849121094
87.63846588134766
90.41255950927734
82.73857116699219
90.24751281738281
86.17683410644531
86.54280853271484
88.33261108398438
79.32771301269531
86.77769470214844
81.38861846923828
82.71581268310547
83.8744125366211
76.84081268310547
83.64754486083984
78.7049331665039
80.93457794189453
82.10099792480469
76.03471374511719
83.04889678955078
78.07876586914062
80.27548217773438
81.92251586914062
75.11438751220703
82.98176574707031
77.56982421875
80.98909759521484
82.75212860107422
75.74604797363281
84.35970306396484
79.12313842773438
82.34465789794922
84.77032470703125
75.78827667236328
86.68254852294922
82.20072937011719
84.9083251953125
88.61064910888672
77.83067321777344
90.7494888305664
87.82096099853516
89.01580047607422
93.99430847167969
82.64268493652344
94.68920135498047
91.48092651367188
88.4115982055664
92.43610382080078
79.6153335571289
88.79053497314453
85.8172607421875
79.75540161132812
86.29528045654297
75.28024291992188
82.54595947265625
81.2752456665039
72.57333374023438
81.10253143310547
71.8876953125
77.24052429199219
77.51181030273438
65.15721893310547
76.84720611572266
67.21549987792969
73.07176971435547
74.12259674072266
64.00639343261719
75.18235778808594
62.911170959472656
73.87989044189453
73.31782531738281
70.40782165527344
76.24523162841797
74.59972381591797
74.42134857177734
77.1796646118164
73.67355346679688
75.25643920898438
77.8877944946289
67.80661010742188
80.82008361816406
69.81065368652344
82.54719543457031
81.59966278076172
79.00383758544922
86.97700500488281
75.95435333251953
88.6248550415039
88.20750427246094
84.67994689941406
92.44522857666016
85.72136688232422
92.39714050292969
93.16434478759766
87.76151275634766
95.2234115600586
90.24347686767578
92.95173645019531
94.56932067871094
87.99883270263672
94.55093383789062
91.37687683105469
91.26339721679688
94.07064819335938
88.010498046875
93.24299621582031
92.17926788330078
89.14466857910156
94.28797149658203
88.63001251220703
92.54057312011719
92.001708984375
85.81816101074219
91.57247924804688
83.65184020996094
89.94957733154297
88.90420532226562
86.72697448730469
90.65869903564453
87.09199523925781
89.48688507080078
90.14965057373047
87.39010620117188
90.59404754638672
89.4779281616211
88.27892303466797
91.22542572021484
86.54467010498047
89.54037475585938
89.16838836669922
84.73735809326172
90.89571380615234
82.0576400756836
90.59574890136719
88.53240966796875
87.99989318847656
92.52237701416016
85.22815704345703
94.42715454101562
90.94902801513672
92.91067504882812
94.80984497070312
90.21418762207031
95.33819580078125
92.80117797851562
93.26243591308594
95.4311294555664
90.97303771972656
95.4481430053711
93.22270965576172
92.85028839111328
95.29397583007812
89.0474853515625
94.30859375
89.93637084960938
90.28426361083984
90.70693969726562
84.08177185058594
90.3961410522461
82.99662780761719
89.55628204345703
87.39185333251953
87.20143127441406
90.01399993896484
86.23970031738281
90.05266571044922
88.81289672851562
88.41667175292969
90.76136779785156
87.67508697509766
90.51951599121094
89.93724822998047
88.91072082519531
91.54537200927734
88.67930603027344
91.2354965209961
91.18513488769531
89.76710510253906
92.59705352783203
90.12017059326172
92.29377746582031
92.60736846923828
90.50972747802734
93.94761657714844
90.93938446044922
93.16250610351562
93.77642059326172
90.1523666381836
94.51676940917969
89.72846221923828
92.39246368408203
92.03522491455078
86.52086639404297
91.90016174316406
81.66044616699219
89.74160766601562
85.5176773071289
86.2442398071289
88.56710052490234
80.50806427001953
90.61690521240234
80.33062744140625
91.21965789794922
89.53030395507812
89.51701354980469
94.0725326538086
87.12422180175781
95.4156494140625
93.0226821899414
93.40235900878906
96.35867309570312
89.69977569580078
95.9714584350586
92.76016235351562
92.0516586303711
94.29983520507812
87.32313537597656
92.85961151123047
89.30839538574219
88.54420471191406
90.39241790771484
83.01351928710938
89.0575942993164
84.66002655029297
86.67140197753906
87.67598724365234
85.30461883544922
87.15853881835938
86.65058135986328
84.87511444091797
87.12751007080078
84.60244750976562
85.38215637207031
86.15170288085938
82.9260482788086
85.60079956054688
84.50487518310547
82.55457305908203
85.46048736572266
83.1380844116211
81.62320709228516
85.29490661621094
72.95134735107422
82.39436340332031
77.72042083740234
82.10680389404297
77.2785415649414
80.0220718383789
82.77812957763672
73.09944915771484
81.5363540649414
79.2526626586914
73.35881042480469
78.93888092041016
72.9951400756836
76.13294982910156
78.12358093261719
67.52925872802734
79.82026672363281
72.16975402832031
77.28670501708984
79.17897033691406
67.17851257324219
80.06721496582031
73.42731475830078
73.80377197265625
77.05126953125
62.063087463378906
74.70366668701172
74.41613006591797
67.17494201660156
77.7603759765625
73.54270935058594
77.63721466064453
81.02570343017578
72.87799072265625
83.12194061279297
79.60911560058594
79.96300506591797
82.92374420166016
