84.45073699951172
88.82869720458984
81.11750793457031
89.98210144042969
85.18984985351562
89.77906799316406
90.6672592163086
87.30857849121094
94.03024291992188
86.12092590332031
95.58391571044922
93.29454040527344
95.95038604736328
99.38741302490234
93.6609115600586
102.51668548583984
94.52740478515625
99.36400604248047
96.09062957763672
91.572998046875
94.62565612792969
81.8006820678711
91.30328369140625
85.14900207519531
84.6678466796875
85.43675994873047
69.7981948852539
82.445556640625
72.8721694946289
79.70336151123047
65.23278045654297
84.33670806884766
83.37393951416016
85.99748229980469
92.02710723876953
82.33667755126953
93.77677154541016
88.32682800292969
89.3354263305664
89.78205871582031
79.837890625
88.6913833618164
77.96885681152344
85.15435028076172
83.12138366699219
79.23319244384766
84.09062194824219
66.82621002197266
83.19117736816406
74.67027282714844
79.92052459716797
79.98377990722656
73.5714111328125
80.65563201904297
43.880096435546875
79.52841186523438
72.38174438476562
78.2367172241211
76.85852813720703
71.46426391601562
79.1501235961914
60.030574798583984
78.81761932373047
72.56571197509766
76.48779296875
77.5293197631836
69.89395904541016
78.56481170654297
67.56608581542969
79.01457214355469
75.27568817138672
76.10946655273438
78.48704528808594
73.82735443115234
79.75186920166016
75.77596282958984
80.72315216064453
79.09730529785156
78.79368591308594
81.99054718017578
78.54056549072266
82.70267486572266
82.21876525878906
81.826171875
85.03247833251953
82.99600982666016
85.42936706542969
85.09150695800781
82.43804931640625
84.77452087402344
80.24764251708984
85.63490295410156
85.28565216064453
86.9268569946289
86.26020050048828
86.33269500732422
85.20169830322266
85.83283996582031
83.5875015258789
84.94831848144531
82.78619384765625
83.17145538330078
83.71759033203125
81.08139038085938
83.12865447998047
80.16175079345703
78.11485290527344
79.78942108154297
66.37223052978516
79.28590393066406
63.56009292602539
81.0418930053711
73.68980407714844
80.89556884765625
80.78318786621094
77.48688507080078
83.43852233886719
72.61100006103516
84.3918685913086
79.85086822509766
83.94612121582031
85.05724334716797
81.409912109375
88.39690399169922
81.04647827148438
89.968017578125
87.5984878540039
90.3250503540039
93.16748046875
89.79136657714844
96.67279052734375
91.68443298339844
97.29154205322266
94.82734680175781
94.2354507446289
95.14289093017578
90.138427734375
93.92223358154297
88.859619140625
91.734130859375
89.78547668457031
89.03116607666016
90.56940460205078
87.05948638916016
90.6710205078125
87.03182983398438
89.91046142578125
88.79200744628906
87.97218322753906
90.19021606445312
86.30909729003906
91.38068389892578
86.38710021972656
89.46241760253906
85.30365753173828
82.91802215576172
81.44029235839844
76.49628448486328
79.11178588867188
71.21245574951172
79.86000061035156
71.25466918945312
80.49942779541016
76.25471496582031
80.50909423828125
79.71723937988281
78.91261291503906
81.88746643066406
78.95065307617188
83.41373443603516
80.76841735839844
83.31008911132812
83.20223999023438
82.39908599853516
86.12113189697266
82.63302612304688
86.77005004882812
85.38549041748047
87.2984390258789
88.19705200195312
87.19868469238281
90.91461181640625
87.91478729248047
91.85411071777344
90.73738098144531
91.26285552978516
92.79161071777344
89.2683334350586
92.34618377685547
87.58712005615234
89.68901062011719
87.5785903930664
86.17337036132812
87.20381927490234
82.17048645019531
85.72259521484375
80.97248077392578
83.23661804199219
82.04605865478516
80.20050048828125
81.87625885009766
76.83448791503906
81.44417572021484
77.25997161865234
79.28458404541016
78.19541931152344
76.61042022705078
79.42203521728516
73.8646011352539
78.69088745117188
74.97279357910156
77.45218658447266
76.06682586669922
74.28033447265625
77.05374145507812
72.76759338378906
76.33052825927734
72.25643920898438
75.08438873291016
75.0122299194336
72.024169921875
76.01802825927734
71.85420989990234
75.33772277832031
71.08113098144531
72.30816650390625
73.23799133300781
73.57252502441406
71.84654998779297
75.38191223144531
75.25043487548828
78.36759948730469
77.63855743408203
80.22242736816406
79.28955841064453
78.60814666748047
78.83722686767578
77.12225341796875
79.1340560913086
76.70355987548828
78.2026596069336
76.36222839355469
77.71307373046875
77.61842346191406
76.26580047607422
78.1363296508789
76.62254333496094
78.20458221435547
77.00061798095703
76.82107543945312
77.52068328857422
75.66445922851562
77.1558609008789
74.4609603881836
76.39845275878906
75.38473510742188
78.45435333251953
77.03547668457031
79.52381896972656
78.23502349853516
80.22474670410156
79.66253662109375
79.37908935546875
81.1462173461914
76.95866394042969
79.37618255615234
74.69601440429688
77.742919921875
75.87955474853516
75.13115692138672
76.43156433105469
74.12442779541016
77.67212677001953
76.7899398803711
79.31903839111328
78.0418930053711
81.66600799560547
78.66563415527344
80.45073699951172
81.132080078125
79.71028900146484
82.99848937988281
80.01802062988281
82.37348937988281
82.0321044921875
80.66011047363281
84.45205688476562
79.1949691772461
85.20648956298828
82.46349334716797
84.6567611694336
86.35408020019531
83.57283020019531
89.3884048461914
84.79319763183594
90.8932113647461
90.55694580078125
90.38935089111328
94.24470520019531
88.27198791503906
94.28668212890625
89.577392578125
91.10704040527344
90.92617797851562
86.26568603515625
90.5102310180664
84.19409942626953
88.44781494140625
85.91455841064453
84.73979187011719
87.25251007080078
81.4024658203125
86.8718032836914
82.96115112304688
84.84980773925781
85.0619125366211
81.74143981933594
85.8525619506836
82.09134674072266
84.9388198852539
83.72389221191406
83.50686645507812
86.10586547851562
83.129150390625
86.14218139648438
85.31541442871094
85.62639617919922
87.67516326904297
85.513427734375
88.70118713378906
88.14842987060547
86.38189697265625
89.89201354980469
78.89482116699219
87.86796569824219
80.67973327636719
83.54483032226562
82.6643295288086
79.218994140625
83.16642761230469
76.11674499511719
83.58057403564453
66.3218002319336
84.46601867675781
77.0256118774414
83.38217163085938
83.8460693359375
79.61198425292969
86.98148345947266
72.44862365722656
87.88117218017578
83.3126220703125
86.21851348876953
88.26065826416016
82.46768951416016
91.12989807128906
82.51937866210938
92.24696350097656
90.07955932617188
91.83486938476562
94.76885223388672
90.48635864257812
96.76712036132812
93.13206481933594
96.63409423828125
96.64306640625
94.06464385986328
97.18075561523438
91.46760559082031
94.70039367675781
91.8227310180664
90.72783660888672
91.47573852539062
86.1103744506836
89.52549743652344
85.23731231689453
86.5068130493164
86.14207458496094
82.97972869873047
87.67007446289062
82.29024505615234
89.96500396728516
86.59757995605469
91.77831268310547
91.69880676269531
91.82389068603516
93.74871063232422
90.95059967041016
93.58390808105469
91.36803436279297
92.34396362304688
91.82610321044922
90.97306823730469
91.70530700683594
90.50689697265625
91.06988525390625
90.52142333984375
90.61485290527344
90.54063415527344
90.4439697265625
89.8267593383789
90.23722076416016
88.57472229003906
89.45354461669922
88.13833618164062
88.78880310058594
88.6606674194336
88.88135528564453
89.8951416015625
89.0579605102539
90.14219665527344
89.91700744628906
90.01432800292969
90.66870880126953
89.94136810302734
91.06023406982422
90.43727111816406
90.77067565917969
91.47218322753906
90.02449798583984
91.87877655029297
89.86212158203125
91.05201721191406
90.17423248291016
89.25279998779297
90.2366943359375
88.92012023925781
91.20993041992188
90.46793365478516
91.91519165039062
92.18108367919922
92.17488098144531
93.19930267333984
92.86741638183594
93.09336853027344
94.20665740966797
92.88139343261719
95.65605163574219
93.95972442626953
96.26788330078125
95.8843765258789
95.712646484375
97.36929321289062
94.9356918334961
97.80987548828125
95.47999572753906
96.09180450439453
96.20112609863281
91.67731475830078
94.77934265136719
86.27266693115234
92.88887023925781
86.650146484375
91.52310180664062
89.88450622558594
90.22944641113281
91.99095916748047
89.13375854492188
92.68756866455078
89.96112060546875
92.1976089477539
91.77015686035156
91.2213134765625
92.83588409423828
91.28357696533203
93.19652557373047
93.03125762939453
93.38510131835938
94.75504302978516
94.03962707519531
95.48036193847656
95.7525634765625
95.57048034667969
97.04109954833984
95.79829406738281
97.15523529052734
96.75042724609375
95.55168151855469
97.69751739501953
94.09819030761719
98.88119506835938
95.54576110839844
99.73469543457031
98.64140319824219
99.57685089111328
100.81462860107422
98.65985107421875
101.07933044433594
98.61817169189453
99.66651916503906
98.85641479492188
97.82022857666016
98.30239868164062
96.76725006103516
96.96964263916016
96.78353881835938
95.7443618774414
96.02529907226562
96.04264068603516
93.76937866210938
96.43843078613281
90.89556884765625
93.56285858154297
90.27947235107422
85.58055877685547
88.25638580322266
75.46949005126953
85.18714141845703
78.36746978759766
82.29696655273438
77.37799835205078
81.5628433227539
77.76168823242188
79.9197006225586
79.01394653320312
76.65901184082031
79.16717529296875
74.25790405273438
79.383544921875
73.6973648071289
80.4305191040039
72.77852630615234
80.17639923095703
80.65056610107422
75.15572357177734
84.18099975585938
72.84884643554688
84.48030853271484
83.3835678100586
81.32476043701172
85.78742218017578
78.61215209960938
85.2187271118164
83.85742950439453
80.80113220214844
86.25959014892578
78.25879669189453
84.94924926757812
83.81947326660156
76.67958068847656
82.92457580566406
74.66907501220703
76.2592544555664
79.97073364257812
75.33842468261719
77.41812133789062
83.95631408691406
73.00209045410156
86.6270751953125
87.02660369873047
83.06353759765625
89.70710754394531
80.6841049194336
88.08629608154297
85.21490478515625
82.66650390625
85.98631286621094
76.26241302490234
85.06246185302734
79.15106964111328
83.4677963256836
82.8056640625
80.14750671386719
84.61795806884766
79.42430877685547
83.68536376953125
82.59160614013672
81.76375579833984
83.46722412109375
78.61424255371094
82.8924331665039
80.46644592285156
81.62022399902344
81.7920150756836
79.48099517822266
81.46658325195312
