86.64353942871094
87.08453369140625
87.48844909667969
87.32881164550781
88.44612121582031
89.26028442382812
89.63341522216797
90.72689056396484
91.265869140625
92.13013458251953
93.35553741455078
94.18941497802734
95.82978820800781
96.98064422607422
98.48018646240234
99.52304077148438
98.72069549560547
97.59712219238281
95.40081024169922
93.25794219970703
91.69921112060547
89.31163787841797
88.18011474609375
86.16181182861328
84.46137237548828
83.55895233154297
81.22403717041016
79.87076568603516
79.35722351074219
76.83087921142578
79.31365966796875
81.83955383300781
83.59355163574219
87.68267059326172
90.3690414428711
91.66290283203125
92.23908996582031
90.76325225830078
89.73539733886719
88.54088592529297
87.05863189697266
86.19815826416016
85.32011413574219
84.77566528320312
84.54005432128906
83.9977798461914
83.47848510742188
82.86688995361328
82.37871551513672
82.0559310913086
81.02922058105469
80.82299041748047
80.68685913085938
80.6344985961914
80.74478912353516
80.32884216308594
79.50322723388672
79.90780639648438
80.27090454101562
79.03289794921875
79.31895446777344
79.57501220703125
79.97701263427734
79.59054565429688
79.4183578491211
80.12134552001953
80.5881576538086
79.78618621826172
80.7920913696289
81.07421875
79.81354522705078
80.29077911376953
80.80732727050781
81.40689849853516
81.44808197021484
81.27914428710938
82.01355743408203
82.5050277709961
83.15440368652344
83.44043731689453
84.03713989257812
84.431396484375
84.51519775390625
85.47969055175781
86.08513641357422
86.0295639038086
87.55078887939453
86.79261779785156
84.68660736083984
82.36088562011719
76.7034683227539
84.19104766845703
88.14522552490234
88.29049682617188
88.74545288085938
88.92578125
88.33450317382812
87.60325622558594
86.72958374023438
86.53042602539062
85.83780670166016
85.75809478759766
85.42749786376953
84.87239837646484
84.91126251220703
83.54627990722656
82.270263671875
81.41973114013672
78.61365509033203
79.01557159423828
78.95439147949219
79.09140014648438
79.9842300415039
80.70501708984375
80.99256134033203
81.80984497070312
81.66204833984375
82.3404541015625
83.10723114013672
83.82339477539062
84.64464569091797
85.12592315673828
85.70123291015625
86.91822814941406
87.99549102783203
88.63150024414062
90.21812438964844
91.30335235595703
92.61624908447266
94.13397216796875
95.43310546875
96.24588012695312
96.81412506103516
96.37657165527344
95.94261932373047
94.81362915039062
93.67909240722656
93.12164306640625
92.04972076416016
91.34138488769531
90.97160339355469
90.23161315917969
90.3057632446289
89.6893539428711
89.46737670898438
89.36279296875
89.4758529663086
89.3178482055664
89.1759033203125
88.90374755859375
89.2210922241211
89.31327056884766
89.09176635742188
87.90862274169922
85.3277816772461
82.14424133300781
79.57148742675781
77.12653350830078
76.40426635742188
76.36964416503906
75.8259506225586
77.3936538696289
77.65104675292969
78.12855529785156
78.9882583618164
78.90281677246094
80.43840026855469
80.28082275390625
80.95979309082031
81.54776763916016
81.76858520507812
82.40437316894531
82.33179473876953
83.16563415527344
83.59449768066406
84.24891662597656
85.04113006591797
85.65522003173828
86.38381958007812
87.42803192138672
87.83674621582031
88.7392578125
89.4233169555664
90.536376953125
90.8610610961914
91.4389877319336
91.77924346923828
91.54553985595703
90.79630279541016
89.80447387695312
88.78330993652344
87.86495971679688
86.89702606201172
85.77284240722656
84.7232666015625
84.231201171875
83.58485412597656
82.66069793701172
82.04530334472656
81.73138427734375
80.59461212158203
80.37010955810547
79.74666595458984
80.0370101928711
78.69354248046875
78.59394836425781
78.53278350830078
76.12721252441406
77.47623443603516
76.78288269042969
77.05320739746094
75.79386901855469
75.13316345214844
75.5081787109375
75.6014175415039
75.3892822265625
74.19231414794922
73.2265625
74.1197280883789
74.30067443847656
74.49748229980469
73.42121124267578
73.2419204711914
72.07260131835938
71.63236236572266
71.55242156982422
70.04642486572266
71.20207214355469
71.67422485351562
71.0466537475586
73.39579010009766
76.12492370605469
77.29350280761719
78.56562042236328
78.41941833496094
77.90434265136719
77.8031234741211
77.7272720336914
77.27767944335938
77.04763793945312
77.03858947753906
76.77874755859375
77.45537567138672
76.6883773803711
77.20377349853516
77.6493911743164
76.9244155883789
78.18509674072266
78.26807403564453
78.32701110839844
77.80500793457031
77.43485260009766
76.09860229492188
76.61152648925781
75.53599548339844
76.21198272705078
77.26910400390625
78.80325317382812
78.53424072265625
79.5841064453125
79.99497985839844
79.88988494873047
79.72423553466797
79.3874740600586
78.66756439208984
76.9659652709961
76.7573471069336
75.14556884765625
75.52813720703125
74.6332778930664
74.91862487792969
75.10257720947266
74.8967056274414
75.1159439086914
76.46919250488281
78.05628204345703
79.16455078125
79.19493865966797
78.93135833740234
79.16818237304688
79.85730743408203
80.45697021484375
80.62007141113281
80.29995727539062
80.54317474365234
80.25086212158203
80.46749114990234
81.51902770996094
81.46768188476562
82.302734375
83.11421966552734
84.30490112304688
85.00130462646484
85.8875503540039
86.84417724609375
88.21438598632812
89.27779388427734
90.54292297363281
91.5848388671875
91.7547378540039
91.85762786865234
91.49394989013672
90.54177856445312
89.76934051513672
89.04377746582031
88.17723846435547
87.28224182128906
86.92615509033203
86.44898223876953
85.6556625366211
85.4367446899414
85.3934555053711
84.90115356445312
84.67649841308594
84.2972183227539
84.10411071777344
84.18193817138672
83.89440155029297
83.96733856201172
83.8567123413086
84.2215576171875
83.91439819335938
84.061767578125
84.58952331542969
84.76211547851562
84.8702392578125
85.80070495605469
86.12506866455078
86.6793441772461
86.83595275878906
87.27330780029297
87.29216003417969
86.59114074707031
85.66360473632812
83.67430877685547
81.77806854248047
80.18350219726562
77.2713623046875
77.24201965332031
75.77806091308594
76.42501831054688
77.13309478759766
76.49781036376953
77.40196990966797
78.7957763671875
79.38214111328125
80.09980773925781
80.91714477539062
81.77388763427734
82.49871826171875
83.32823944091797
83.84705352783203
84.30204010009766
85.25985717773438
85.69182586669922
86.80618286132812
87.81024932861328
88.62026977539062
89.98991394042969
91.13143920898438
92.29570007324219
93.47068786621094
94.51919555664062
95.31051635742188
96.06144714355469
96.3974838256836
96.15509033203125
95.31971740722656
94.40165710449219
93.14193725585938
92.05669403076172
90.85773468017578
89.47899627685547
88.22855377197266
87.56456756591797
86.0893783569336
85.25450134277344
84.45661163330078
83.52378845214844
84.14611053466797
85.66543579101562
86.9866943359375
89.08087921142578
90.81488037109375
91.95845031738281
92.65833282470703
92.7855453491211
92.83589935302734
92.55664825439453
92.21208190917969
91.919189453125
91.56926727294922
91.42384338378906
90.99746704101562
90.90340423583984
90.63906860351562
90.51673889160156
90.33134460449219
90.17654418945312
90.13674926757812
89.67821502685547
89.39283752441406
88.96456146240234
88.28678894042969
88.19192504882812
88.0060806274414
88.2579345703125
88.6917495727539
89.13829803466797
89.40438079833984
89.42078399658203
89.61099243164062
89.75344848632812
89.77425384521484
89.94157409667969
90.07706451416016
90.0955810546875
90.20474243164062
90.06312561035156
90.09539031982422
90.17398834228516
89.93831634521484
89.73758697509766
89.41227722167969
88.98619842529297
88.85608673095703
89.2772445678711
90.00755310058594
90.92237854003906
91.48113250732422
91.87590026855469
92.22655487060547
92.49961853027344
92.6552963256836
93.00390625
93.2754898071289
93.58533477783203
94.19996643066406
94.6297607421875
95.27632141113281
95.68424987792969
95.79242706298828
96.13349914550781
96.10967254638672
96.01790618896484
95.9297866821289
95.51582336425781
94.76675415039062
93.52189636230469
91.90483093261719
90.36537170410156
89.40662384033203
89.11006927490234
89.5223388671875
89.78250885009766
90.33281707763672
90.61905670166016
91.18669891357422
91.47504425048828
91.73564147949219
91.83747100830078
92.14253234863281
92.425048828125
92.59091186523438
92.85049438476562
93.30732727050781
93.6690902709961
94.1434555053711
94.5631103515625
94.9567642211914
95.28571319580078
95.76984405517578
96.05204772949219
96.50985717773438
96.71981048583984
96.82605743408203
96.6326904296875
96.42218017578125
96.21851348876953
96.2507553100586
96.71380615234375
97.26709747314453
97.9487533569336
98.57184600830078
98.98961639404297
99.30181121826172
99.43043518066406
99.36261749267578
99.08187103271484
98.65253448486328
98.27594757080078
97.8044662475586
97.27767181396484
96.85230255126953
96.37744903564453
95.95429229736328
95.7430191040039
95.36335754394531
95.15678405761719
94.96316528320312
94.42028045654297
93.22492980957031
91.6497573852539
88.75101470947266
85.5306625366211
81.74727630615234
78.06159973144531
73.04683685302734
67.40838623046875
63.09693145751953
65.39651489257812
66.71852111816406
66.9727783203125
71.51060485839844
71.40180206298828
68.06407928466797
71.48015594482422
69.92027282714844
72.70999908447266
74.13802337646484
75.653564453125
76.25885009765625
78.67000579833984
79.19141387939453
80.08665466308594
80.99980926513672
81.51129150390625
82.192626953125
82.76081085205078
82.94581604003906
82.87619018554688
82.9773941040039
82.79225158691406
82.53136444091797
82.57132720947266
82.4803466796875
82.74971008300781
82.0736083984375
81.64786529541016
79.1894760131836
76.38197326660156
71.8762435913086
68.91685485839844
66.56470489501953
72.6915283203125
75.45592498779297
77.4496841430664
81.3829116821289
82.94509887695312
85.29537963867188
86.07447814941406
86.1877670288086
86.29920196533203
85.5503158569336
85.09364318847656
84.00564575195312
82.8759994506836
82.21662902832031
81.79238891601562
82.29508972167969
82.0808334350586
82.26483154296875
82.91443634033203
82.8348159790039
82.89861297607422
82.90613555908203
83.10851287841797
82.42864227294922
82.08012390136719
81.89492797851562
82.02848815917969
82.48339080810547
82.21430969238281
81.76219940185547
81.52005767822266
80.64495849609375
