81.52393341064453
79.66979217529297
82.16947174072266
80.49877166748047
83.30582427978516
82.07127380371094
84.2982406616211
83.96082305908203
85.60659790039062
86.37353515625
87.62189483642578
89.329345703125
89.6447525024414
92.35401153564453
90.68851470947266
92.58161163330078
87.75122833251953
89.20352172851562
83.07502746582031
85.64205169677734
79.3584213256836
82.35261535644531
76.32099151611328
78.67335510253906
73.30113983154297
75.95660400390625
71.06128692626953
72.2440414428711
69.6610336303711
74.07415771484375
74.53059387207031
77.66358947753906
80.74308013916016
82.20659637451172
85.4476318359375
82.18716430664062
84.779541015625
79.07791137695312
82.27157592773438
75.81901550292969
80.64537811279297
74.36299896240234
78.99882507324219
73.55117797851562
77.10220336914062
73.11614990234375
75.52013397216797
73.58700561523438
74.29783630371094
73.82181549072266
71.77650451660156
74.29519653320312
70.30290222167969
73.8629150390625
67.6678237915039
73.67864990234375
67.5633773803711
73.71617889404297
63.87374496459961
72.43551635742188
63.281253814697266
71.9717788696289
65.13624572753906
70.46852111816406
65.3785171508789
70.37200164794922
65.09734344482422
68.37382507324219
68.05107879638672
67.43523406982422
68.70836639404297
62.20723342895508
69.04094696044922
62.89664077758789
69.08931732177734
57.5941162109375
68.31689453125
54.561927795410156
67.74110412597656
59.26443862915039
67.44367980957031
64.0097427368164
68.68999481201172
68.04582977294922
71.57889556884766
69.41631317138672
77.0712890625
73.76834106445312
82.46331787109375
80.06537628173828
86.71449279785156
83.3856430053711
86.7035903930664
83.83805847167969
85.23035430908203
83.91816711425781
84.06158447265625
84.38185119628906
83.87014770507812
85.09140014648438
84.30326843261719
85.62820434570312
84.31816101074219
85.4035873413086
83.75560760498047
83.47367858886719
81.61040496826172
80.0794448852539
78.97935485839844
76.96328735351562
77.14827728271484
76.3212661743164
79.34380340576172
79.28575134277344
82.91272735595703
81.48002624511719
83.51095581054688
81.60013580322266
82.19082641601562
80.1492919921875
80.32579040527344
79.95368194580078
78.64727783203125
78.54743957519531
77.82254791259766
78.27536010742188
77.77617645263672
78.24993896484375
78.12670135498047
78.75314331054688
78.8077621459961
79.23046112060547
80.27658081054688
80.04180908203125
81.76385498046875
81.70662689208984
83.80978393554688
83.60051727294922
85.91693115234375
85.5785903930664
87.01886749267578
86.63285064697266
86.37012481689453
85.91724395751953
84.31770324707031
84.38096618652344
82.08399963378906
83.01895904541016
79.91597747802734
81.70816802978516
78.38307189941406
81.25926208496094
77.3338394165039
78.86019134521484
72.98880004882812
75.67101287841797
72.52650451660156
75.25831604003906
73.74034881591797
75.18513488769531
74.91217803955078
74.48469543457031
75.03121948242188
74.29402160644531
75.46619415283203
74.3114013671875
75.70478820800781
73.76329040527344
75.66881561279297
74.69756317138672
75.71540832519531
75.02349090576172
75.63738250732422
75.28608703613281
76.19049072265625
75.72476196289062
76.19522094726562
76.69406127929688
76.24528503417969
77.98053741455078
77.48538208007812
79.7585678100586
79.42103576660156
81.35187530517578
80.90140533447266
83.04102325439453
82.18500518798828
83.7265396118164
83.63594055175781
84.94923400878906
85.25386810302734
85.93585205078125
86.35506439208984
86.36492156982422
86.48023223876953
85.33007049560547
85.43819427490234
83.75994110107422
83.63714599609375
81.78155517578125
82.12055206298828
80.38117980957031
80.39854431152344
78.7221908569336
78.6724624633789
77.24795532226562
77.33809661865234
76.46113586425781
76.0886459350586
76.16510009765625
75.01756286621094
75.40838623046875
73.45796203613281
74.8918685913086
73.44977569580078
74.10612487792969
72.31542205810547
72.22026062011719
72.31230926513672
72.1042251586914
71.6240234375
72.4357681274414
71.30179595947266
71.25785064697266
70.84501647949219
69.85027313232422
70.34049987792969
69.10777282714844
69.9723129272461
68.63555145263672
70.34379577636719
68.97248840332031
70.4365463256836
68.84909057617188
70.07649230957031
67.83931732177734
69.4428939819336
69.17691802978516
69.9756088256836
69.45201873779297
68.31752014160156
69.814697265625
69.55347442626953
69.242431640625
68.3592758178711
68.4726791381836
69.16952514648438
68.87376403808594
69.44996643066406
70.41846466064453
69.01193237304688
70.4507827758789
69.72419738769531
70.04745483398438
70.14298248291016
71.78392028808594
70.831787109375
71.27381134033203
71.41044616699219
72.32051849365234
72.076171875
72.96642303466797
72.59477996826172
73.41666412353516
72.40596771240234
72.83013916015625
71.57486724853516
70.71400451660156
68.13300323486328
67.20328521728516
66.83600616455078
63.119197845458984
64.1510009765625
60.199100494384766
64.77412414550781
58.89412307739258
66.26053619384766
64.30204010009766
65.86088562011719
68.04266357421875
63.90381622314453
69.10214233398438
65.9649887084961
68.72382354736328
66.70405578613281
71.9019546508789
70.29479217529297
74.22339630126953
74.3575668334961
75.54925537109375
76.37184143066406
76.66439056396484
78.28462219238281
77.66097259521484
80.27770233154297
79.71931457519531
82.45980834960938
81.73700714111328
84.35745239257812
83.38265228271484
84.88378143310547
83.60035705566406
83.95079803466797
82.31171417236328
82.07991790771484
81.20906829833984
80.20071411132812
79.9415054321289
78.85107421875
79.26806640625
77.49059295654297
77.98086547851562
76.63206481933594
77.26464080810547
75.90972900390625
77.05111694335938
75.86187744140625
76.82288360595703
76.05960083007812
76.16886901855469
75.77880096435547
76.3971176147461
76.37980651855469
76.7288818359375
76.58007049560547
77.30249786376953
77.20294189453125
77.3086166381836
77.47673034667969
78.2812728881836
78.648193359375
79.33573913574219
79.8876724243164
80.91632843017578
81.4600830078125
82.46871948242188
82.94470977783203
83.26154327392578
83.33639526367188
81.72071075439453
81.31964111328125
78.26368713378906
78.37187957763672
73.95584106445312
75.15396118164062
70.27381134033203
73.07339477539062
64.57854461669922
70.4874496459961
59.17921447753906
67.96354675292969
60.740135192871094
68.24735260009766
62.37257385253906
68.91524505615234
65.42295837402344
71.34902954101562
67.32221221923828
72.8218994140625
70.0855712890625
75.09510803222656
71.75932312011719
75.83968353271484
72.38224792480469
76.62179565429688
74.1008071899414
78.42499542236328
77.84630584716797
81.59959411621094
81.90480041503906
84.24000549316406
85.76605987548828
86.56887817382812
87.77804565429688
85.986328125
86.3427505493164
83.05473327636719
83.6031265258789
79.77772521972656
81.03569030761719
76.71237182617188
78.35516357421875
75.52000427246094
78.12911224365234
77.170166015625
80.49544525146484
81.01006317138672
83.40865325927734
83.65839385986328
85.08650970458984
85.09052276611328
85.8055648803711
85.3583755493164
85.56307220458984
85.02061462402344
85.32003784179688
84.79671478271484
84.6340103149414
84.4777603149414
84.2935562133789
84.12970733642578
84.12565612792969
84.00294494628906
84.168701171875
83.9329833984375
84.09728240966797
83.97579956054688
84.0752944946289
83.79633331298828
83.67285919189453
82.80137634277344
83.00994873046875
82.02857971191406
82.94404602050781
82.48331451416016
82.86275482177734
82.7556381225586
83.1611557006836
82.71434783935547
83.25069427490234
82.98194885253906
83.29146575927734
82.78862762451172
82.92189025878906
82.22244262695312
82.2032470703125
81.76939392089844
82.56856536865234
82.9256591796875
83.51631164550781
84.1145248413086
84.36971282958984
84.58006286621094
84.7136459350586
84.89773559570312
84.99427032470703
84.92388153076172
84.81118774414062
85.2366714477539
85.16047668457031
86.04891967773438
86.2130355834961
87.23051452636719
87.27452850341797
87.76921844482422
87.63030242919922
87.8441162109375
87.73372650146484
87.7693099975586
87.4656753540039
87.46891021728516
87.25706481933594
87.2061538696289
86.94893646240234
86.30355834960938
85.98067474365234
84.64960479736328
84.1910400390625
82.91630554199219
83.3507308959961
83.02059173583984
84.11054992675781
83.87367248535156
84.71672058105469
84.55650329589844
85.44541931152344
85.19656372070312
86.28070068359375
86.03055572509766
87.17827606201172
86.91205596923828
87.89083099365234
87.97626495361328
88.75166320800781
88.47787475585938
89.25186157226562
89.14400482177734
89.52916717529297
89.33586120605469
89.34375762939453
88.87025451660156
88.37950134277344
87.55358123779297
86.7061767578125
86.27622985839844
86.14485931396484
86.53718566894531
87.06595611572266
88.13104248046875
88.69527435302734
89.5086898803711
89.86273956298828
90.23099517822266
90.2623519897461
90.06913757324219
89.78648376464844
89.25788116455078
88.81080627441406
87.90560913085938
87.4170150756836
86.48391723632812
86.02364349365234
84.730224609375
84.3226547241211
82.50926208496094
82.00872039794922
79.74178314208984
79.80899810791016
77.92672729492188
79.06500244140625
78.33277130126953
79.30284118652344
78.00292205810547
78.3999252319336
77.71202850341797
78.151123046875
76.6997299194336
77.00911712646484
75.651611328125
76.08448791503906
75.10708618164062
75.20706939697266
74.6546859741211
76.32441711425781
76.5125961303711
77.78226470947266
77.22980499267578
76.84625244140625
76.38099670410156
75.25879669189453
74.58726501464844
74.39896392822266
73.98223114013672
74.59400177001953
75.23069763183594
75.94503784179688
76.71632385253906
76.90679168701172
77.42147064208984
77.27325439453125
77.790771484375
76.78936004638672
75.8869857788086
72.69277954101562
71.26829528808594
66.29230499267578
64.75408172607422
49.2149658203125
63.29972457885742
66.35679626464844
71.33049774169922
73.17806243896484
76.75330352783203
76.23171997070312
78.14122772216797
76.5265121459961
78.04396057128906
75.4350814819336
75.43515014648438
73.4093017578125
73.28733825683594
71.78455352783203
72.63806915283203
72.0318832397461
72.78475952148438
72.3707504272461
72.90695190429688
73.15994262695312
72.346435546875
72.91253662109375
71.69498443603516
70.69860076904297
68.96080780029297
69.06085205078125
67.0098648071289
68.94590759277344
