78.20103454589844
81.79183959960938
84.93994140625
68.53641510009766
86.49962615966797
84.27593231201172
81.90495300292969
90.41837310791016
83.665771484375
89.04537963867188
93.2279052734375
76.95747375488281
94.26660919189453
91.84492492675781
87.62425994873047
92.79048919677734
81.12865447998047
86.89556121826172
87.31465911865234
65.515869140625
82.16558074951172
78.91517639160156
71.23847198486328
77.03646087646484
62.955318450927734
74.00065612792969
75.32551574707031
57.028316497802734
76.9234848022461
78.04401397705078
72.35157012939453
84.90379333496094
79.08330535888672
85.03710174560547
85.93501281738281
66.34917449951172
85.25180053710938
81.86326599121094
73.78142547607422
82.23328399658203
75.18295288085938
74.89749145507812
77.11715698242188
65.70368194580078
77.70149993896484
73.68544006347656
71.67323303222656
78.06480407714844
70.59674072265625
71.92130279541016
74.72518157958984
62.81464767456055
71.1079330444336
67.50538635253906
68.85240173339844
73.6932601928711
63.47383499145508
71.11229705810547
72.87664794921875
59.79154586791992
68.20951080322266
67.73054504394531
62.10547637939453
65.72418975830078
46.581199645996094
68.72474670410156
67.6391830444336
57.90477752685547
66.96001434326172
65.92120361328125
56.071449279785156
56.025062561035156
60.12079620361328
63.55791473388672
62.97943878173828
61.01924514770508
64.73686218261719
65.86219787597656
60.65512466430664
62.62331008911133
57.478302001953125
72.97813415527344
75.39725494384766
62.682159423828125
80.49378967285156
81.08837127685547
72.92367553710938
86.6131820678711
81.17439270019531
85.15518951416016
86.72284698486328
67.86577606201172
86.08158874511719
82.71931457519531
77.26525115966797
85.01876068115234
76.96063995361328
80.82120513916016
83.42520904541016
63.36490249633789
83.04946899414062
80.73751068115234
76.71672821044922
84.56940460205078
75.87220764160156
82.46022033691406
84.53190612792969
59.51294708251953
84.59520721435547
81.05841064453125
74.93312072753906
81.35101318359375
72.72440338134766
73.63998413085938
76.2510986328125
63.08106231689453
79.2325668334961
77.8108139038086
74.78861236572266
84.36180877685547
78.29676818847656
83.09916687011719
86.7070541381836
69.44182586669922
86.8808364868164
83.12738800048828
79.4122543334961
85.44841003417969
75.25907897949219
81.27555084228516
82.76327514648438
56.31415557861328
81.22203063964844
78.57414245605469
72.74466705322266
81.04754638671875
72.34571838378906
78.95347595214844
80.91048431396484
53.84162521362305
82.36737060546875
80.64083862304688
74.84806060791016
83.60686492919922
73.86382293701172
78.7146987915039
78.71887969970703
55.01509094238281
70.7925033569336
59.93684005737305
65.17089080810547
77.10216522216797
72.48737335205078
79.83751678466797
84.1387939453125
63.581634521484375
86.0360107421875
83.510009765625
79.81005096435547
86.3556900024414
76.79998779296875
82.22523498535156
83.84090423583984
55.77988815307617
82.28178405761719
79.80261993408203
74.5530014038086
82.04293823242188
72.93357849121094
78.79984283447266
81.08204650878906
46.731746673583984
80.61140441894531
78.47796630859375
72.48534393310547
81.1594009399414
73.32182312011719
78.63115692138672
81.02796173095703
55.27944564819336
82.11820983886719
80.26525115966797
75.35509490966797
84.10517120361328
76.40908813476562
81.67872619628906
84.50377655029297
61.27944564819336
85.3243637084961
83.38746643066406
79.24604034423828
87.89527130126953
80.06478881835938
86.28568267822266
89.23590087890625
66.42224884033203
90.19699096679688
87.9809799194336
83.4972152709961
90.90482330322266
81.25797271728516
87.09680938720703
88.22327423095703
53.374210357666016
86.55160522460938
83.42866516113281
76.70042419433594
84.38971710205078
75.40106201171875
80.40625
81.95564270019531
53.442955017089844
81.40013885498047
78.49494171142578
71.71984100341797
80.12681579589844
71.63236999511719
75.8157730102539
77.76888275146484
55.2629280090332
77.53569030761719
74.5962905883789
70.26866149902344
77.24996185302734
69.08644104003906
73.13322448730469
75.52637481689453
53.82471466064453
74.72494506835938
71.31609344482422
67.52760314941406
75.29582977294922
66.36170196533203
72.14877319335938
74.30722045898438
50.21424865722656
72.93302154541016
71.01776123046875
65.4447021484375
73.64869689941406
64.02276611328125
70.69752502441406
73.02794647216797
32.39148712158203
72.72174072265625
71.17528533935547
64.23613739013672
73.1978530883789
65.67569732666016
70.29093170166016
72.0912857055664
50.34785079956055
73.1617202758789
70.92609405517578
65.44389343261719
74.44609832763672
67.20198822021484
71.0174789428711
73.36310577392578
53.951778411865234
74.55899047851562
72.15444946289062
68.63275146484375
75.6968765258789
67.1950912475586
73.21920776367188
74.90663146972656
45.0786018371582
72.71369171142578
68.87854766845703
59.5495491027832
67.24512481689453
56.90055847167969
57.24986267089844
64.40441131591797
57.202484130859375
70.30670928955078
71.00269317626953
67.78384399414062
75.80482482910156
66.92469024658203
73.61088562011719
76.1015625
42.34461975097656
76.28419494628906
74.31220245361328
68.48014831542969
77.7567138671875
68.94339752197266
76.1758804321289
79.2418441772461
37.71866989135742
81.13365173339844
80.05744934082031
74.74717712402344
84.04132080078125
75.81690979003906
81.34506225585938
83.29251861572266
45.4553108215332
82.96031188964844
80.9844741821289
74.40100860595703
83.92184448242188
75.43021392822266
80.52485656738281
82.33292388916016
56.273319244384766
81.31562042236328
78.43460845947266
72.38792419433594
80.66996002197266
72.58246612548828
76.98532104492188
78.98213958740234
54.18998718261719
79.005126953125
76.38655090332031
71.14570617675781
79.47562408447266
71.98429870605469
75.9862060546875
79.02838897705078
55.71926498413086
79.51815032958984
77.30500793457031
72.59253692626953
81.10037231445312
73.46440887451172
78.62252044677734
81.45668029785156
60.66450500488281
82.73147583007812
81.00765991210938
77.38465118408203
86.18292999267578
79.04072570800781
84.82523345947266
88.21800994873047
68.52870178222656
88.83421325683594
85.67564392089844
81.05719757080078
87.12264251708984
77.05491638183594
81.2938232421875
82.35248565673828
61.451316833496094
78.30158996582031
75.00715637207031
69.61405944824219
75.89497375488281
64.06180572509766
72.0384521484375
73.33866119384766
53.15215301513672
68.66358947753906
66.66057586669922
61.45075988769531
65.96235656738281
55.23296356201172
66.10363006591797
68.26461791992188
58.05588150024414
66.0381088256836
66.345458984375
65.41980743408203
71.76464080810547
63.46016311645508
73.04483032226562
76.3938217163086
55.75653839111328
76.86576080322266
76.26863861083984
72.0350341796875
80.94339752197266
72.51952362060547
82.25332641601562
85.6775894165039
51.49462890625
88.67037963867188
88.13756561279297
83.04842376708984
92.0477523803711
82.51317596435547
88.75489807128906
89.01249694824219
61.743919372558594
86.51441192626953
83.55681610107422
75.01152038574219
85.38475036621094
78.27037048339844
84.07804870605469
86.62605285644531
64.09264373779297
87.60741424560547
85.27967834472656
79.36321258544922
87.96202087402344
80.0533218383789
84.41930389404297
86.72587585449219
66.5705337524414
86.96895599365234
84.24647521972656
79.67506408691406
87.63829803466797
79.40650177001953
84.167724609375
86.72078704833984
65.72895812988281
86.44365692138672
83.90821075439453
79.4419937133789
87.41242218017578
79.11143493652344
85.02146911621094
87.44803619384766
61.60234832763672
87.39895629882812
85.07521057128906
79.48119354248047
87.5215072631836
78.70999145507812
84.32991790771484
86.40399169921875
57.46498489379883
87.055419921875
85.14852905273438
80.0178451538086
88.60043334960938
80.5681381225586
85.87155151367188
88.33940887451172
64.15791320800781
88.460205078125
86.091796875
80.83134460449219
88.93849182128906
80.53264617919922
85.56205749511719
87.97555541992188
62.56230545043945
88.22069549560547
86.33033752441406
81.65545654296875
89.97991943359375
81.55512237548828
87.30017852783203
89.46508026123047
64.17608642578125
89.27887725830078
86.93754577636719
81.0693359375
89.40099334716797
80.82186889648438
86.14727020263672
88.13858032226562
63.01323318481445
87.63945770263672
85.10519409179688
79.35586547851562
88.29802703857422
80.95539093017578
86.41046142578125
89.08638763427734
66.32539367675781
90.30703735351562
88.37767791748047
83.4425048828125
92.2122573852539
84.35429382324219
89.6829605102539
92.19159698486328
69.40725708007812
92.56816864013672
90.2629165649414
85.42665100097656
93.4849853515625
84.9912338256836
90.34391784667969
92.2291488647461
66.60629272460938
90.96913146972656
87.68222045898438
81.26980590820312
88.7799301147461
80.43856048583984
85.70667266845703
88.68222045898438
66.06028747558594
90.44914245605469
88.79683685302734
84.23332977294922
92.78094482421875
84.63603210449219
89.99091339111328
92.00751495361328
67.69153594970703
91.02041625976562
87.79852294921875
81.82183837890625
88.95111846923828
79.69014739990234
83.43500518798828
84.20006561279297
60.1624755859375
82.43553924560547
80.57881164550781
76.27198028564453
86.18505096435547
78.54808807373047
84.80825805664062
86.56231689453125
59.01042556762695
85.69316101074219
82.7487564086914
75.63957214355469
83.34932708740234
74.07167053222656
78.91480255126953
80.80218505859375
51.6561279296875
83.14784240722656
82.56879425048828
77.35942840576172
86.01371765136719
76.79536437988281
82.1102523803711
83.43897247314453
57.98863983154297
81.39944458007812
78.37772369384766
72.81430053710938
80.78440856933594
72.29116821289062
78.9812240600586
82.12297058105469
60.119266510009766
83.19051361083984
81.35277557373047
75.826904296875
82.9280014038086
71.24650573730469
77.06632232666016
76.04948425292969
51.30289840698242
67.5295639038086
65.31442260742188
64.63175201416016
74.51714324951172
69.63209533691406
76.41445922851562
80.28703308105469
59.431304931640625
81.45454406738281
79.00072479248047
74.01100158691406
80.73461151123047
71.47608184814453
75.62035369873047
76.48925018310547
54.72470474243164
75.0806655883789
72.73499298095703
69.26055145263672
76.6906509399414
68.42781829833984
73.47412109375
75.22518157958984
51.708194732666016
72.60645294189453
69.34424591064453
63.6802978515625
70.44409942626953
