79.01114654541016
85.8966293334961
88.53002166748047
56.78590774536133
90.0791244506836
88.68107604980469
83.50436401367188
93.11144256591797
86.22008514404297
92.56328582763672
96.4109878540039
54.422821044921875
98.82514953613281
96.53358459472656
89.17189025878906
95.96074676513672
85.66474151611328
88.88213348388672
89.42023468017578
59.50687789916992
86.2134017944336
82.1463851928711
75.04763793945312
81.9338150024414
72.3753433227539
75.0896224975586
77.22086334228516
39.7182731628418
80.37023162841797
81.1193618774414
78.92875671386719
89.82830810546875
82.9944076538086
88.61312866210938
90.03277587890625
60.43878936767578
87.09700775146484
83.86334228515625
76.97455596923828
84.38954162597656
73.9607162475586
80.39282989501953
81.68668365478516
60.02798843383789
81.2073974609375
78.56269836425781
70.62086486816406
79.7225341796875
71.87275695800781
74.8816146850586
77.03775024414062
54.07427978515625
76.73243713378906
73.21572875976562
69.54206848144531
76.95328521728516
69.15535736083984
72.26780700683594
74.46238708496094
57.90542984008789
72.73851013183594
71.04366302490234
66.1375732421875
71.28227233886719
61.50811767578125
70.91463470458984
70.28437805175781
54.84099578857422
69.28472137451172
67.14434051513672
54.58566665649414
64.11331939697266
56.766990661621094
55.98863220214844
59.3255729675293
55.89424133300781
61.312835693359375
63.65602111816406
64.30467224121094
73.18832397460938
66.0945816040039
76.00566101074219
79.83065032958984
57.4415283203125
84.08985137939453
84.72525024414062
81.06180572509766
92.06846618652344
84.83928680419922
89.72835540771484
91.27855682373047
64.8326416015625
89.29376220703125
86.42798614501953
79.89897155761719
88.04369354248047
79.53706359863281
84.84783172607422
86.90971374511719
62.069541931152344
87.37310791015625
85.18962097167969
79.81661224365234
88.55194091796875
80.46202850341797
85.94056701660156
88.49293518066406
61.82089614868164
89.08846282958984
85.65274047851562
80.52381896972656
86.51090240478516
77.20185852050781
80.4379653930664
83.28787231445312
57.947601318359375
85.34184265136719
84.30665588378906
82.13140106201172
90.87911987304688
81.767578125
90.03321838378906
91.0951156616211
62.55521011352539
89.3167953491211
85.44816589355469
80.28924560546875
87.11708068847656
77.38197326660156
83.4390640258789
84.94509887695312
58.77153396606445
84.10372161865234
81.74906921386719
75.65974426269531
84.31192016601562
75.34444427490234
82.35440826416016
84.58836364746094
62.63207244873047
86.294921875
84.11302947998047
80.12323760986328
87.79676055908203
77.93125915527344
82.99160766601562
82.13288116455078
64.51799011230469
77.5582275390625
70.44790649414062
73.40896606445312
83.33768463134766
77.07862091064453
85.3907699584961
88.87574005126953
61.82966232299805
90.36737823486328
87.37417602539062
82.49510192871094
89.57909393310547
80.50029754638672
85.17728424072266
86.90156555175781
55.64248275756836
85.7369384765625
82.82596588134766
77.52216339111328
85.55396270751953
76.51138305664062
82.60187530517578
84.51889038085938
56.45906448364258
84.36786651611328
82.31063079833984
75.59945678710938
84.61406707763672
76.64129638671875
82.11517333984375
84.74077606201172
57.7748908996582
86.05524444580078
84.17707061767578
79.12200164794922
87.8958511352539
80.2052001953125
85.2796630859375
88.08228302001953
53.60855484008789
89.16677856445312
87.0041732788086
83.26337432861328
91.78905487060547
83.67572021484375
90.26541900634766
93.00863647460938
62.85448455810547
93.91844940185547
91.3197021484375
86.77964782714844
94.12129211425781
84.50846099853516
89.94631958007812
91.24744415283203
46.93429946899414
89.42694091796875
86.05180358886719
80.31966400146484
87.759521484375
78.15033721923828
83.75315856933594
85.3659896850586
44.063446044921875
84.4175796508789
81.67704010009766
74.76294708251953
82.89414978027344
74.79602813720703
79.06039428710938
81.2160415649414
55.39567184448242
80.74308776855469
78.29940795898438
72.07974243164062
80.74159240722656
72.77233123779297
76.3046646118164
78.72588348388672
55.146175384521484
78.05371856689453
74.82235717773438
70.98828887939453
78.5113296508789
69.24880981445312
75.76249694824219
77.93711853027344
51.76714324951172
76.63676452636719
74.59950256347656
68.86809539794922
76.94100189208984
68.02833557128906
74.58792114257812
76.01797485351562
43.26927185058594
77.3117904663086
74.5976333618164
68.24031829833984
76.58089447021484
69.3499984741211
72.78376770019531
75.66580963134766
50.36408996582031
76.41560363769531
73.72412109375
69.71033477783203
77.45123291015625
70.388671875
74.87763977050781
77.8395767211914
55.89183807373047
77.01251220703125
75.02889251708984
71.22415161132812
79.14666748046875
68.82123565673828
76.78215789794922
78.12666320800781
30.60904312133789
74.64192962646484
70.18502044677734
63.616172790527344
69.794921875
60.704925537109375
66.40251159667969
72.18916320800781
53.02817153930664
76.69483184814453
75.66825103759766
72.80059051513672
80.24803161621094
72.15995025634766
77.43865203857422
79.50799560546875
55.9542121887207
79.44377899169922
77.69580078125
73.65470886230469
82.03025817871094
73.89942932128906
80.79882049560547
83.79952239990234
52.786216735839844
85.35347747802734
83.8088150024414
79.30211639404297
87.75982666015625
79.3076171875
84.4239273071289
86.7232666015625
67.81511688232422
86.30778503417969
85.33155059814453
78.68551635742188
87.6941909790039
79.03414154052734
83.84122467041016
85.46031951904297
60.01388931274414
84.65959167480469
81.88619232177734
75.8145523071289
83.99337005615234
75.64883422851562
80.31192779541016
82.18128967285156
49.86441421508789
82.41507720947266
79.9963150024414
74.85388946533203
83.18080139160156
75.2582778930664
80.09304809570312
82.50145721435547
49.308685302734375
82.71570587158203
80.57257843017578
76.4999008178711
84.5152359008789
76.08761596679688
82.48072814941406
85.4208755493164
52.26764678955078
86.5583724975586
84.99671173095703
80.39562225341797
89.5033950805664
81.71327209472656
88.687255859375
91.82836151123047
59.494544982910156
92.42599487304688
89.28809356689453
82.71371459960938
89.61665344238281
79.60511016845703
83.75540161132812
84.83175659179688
54.68190002441406
82.3955307006836
79.12776947021484
71.49647521972656
79.21703338623047
70.97603607177734
72.96571350097656
74.62989807128906
52.60927200317383
72.36483001708984
68.27559661865234
63.60891342163086
70.61548614501953
63.79350662231445
69.3056640625
71.72792053222656
56.19844436645508
72.88677978515625
73.28938293457031
65.51556396484375
75.85846710205078
69.56481170654297
74.82789611816406
78.62257385253906
55.38200759887695
81.69237518310547
80.25193786621094
77.26556396484375
86.19293975830078
79.34615325927734
86.49757385253906
90.16739654541016
69.60709381103516
93.5004653930664
90.78234100341797
87.75706481933594
93.49824523925781
83.3026123046875
87.1226577758789
88.02506256103516
63.78683090209961
86.1983413696289
85.02143859863281
80.13861846923828
89.93851470947266
82.21475219726562
88.56401062011719
91.05175018310547
60.35655212402344
91.13402557373047
88.7362060546875
83.27059173583984
91.44026184082031
82.77448272705078
88.28468322753906
90.3661117553711
59.65297317504883
90.4545669555664
88.07807922363281
82.67141723632812
90.84598541259766
82.48025512695312
87.49888610839844
89.75975799560547
49.20697021484375
89.80716705322266
87.2752914428711
82.59777069091797
90.92650604248047
82.85050964355469
88.677734375
91.11377716064453
47.42338562011719
91.06551361083984
88.62814331054688
83.51368713378906
91.38451385498047
82.25341796875
87.89315795898438
90.13877868652344
58.41117858886719
90.7638931274414
88.81784057617188
83.42707061767578
92.18462371826172
83.9109115600586
89.48009490966797
91.81498718261719
62.18802261352539
91.9822769165039
89.57490539550781
84.20132446289062
92.29714965820312
84.01282501220703
88.84725189208984
91.41960144042969
59.91307830810547
92.08377075195312
90.21394348144531
85.84455108642578
93.9766616821289
85.64813232421875
91.02880859375
93.2142333984375
58.4430046081543
92.82443237304688
90.19401550292969
85.02494049072266
92.96871185302734
84.0173110961914
89.58380126953125
91.37566375732422
58.594276428222656
90.70208740234375
88.48231506347656
83.63533782958984
92.49097442626953
84.11347961425781
90.4141616821289
92.9632339477539
62.378604888916016
93.94840240478516
91.95748901367188
87.28263854980469
95.90996551513672
87.66679382324219
93.39541625976562
95.89143371582031
59.925987243652344
96.26592254638672
93.84538269042969
89.06804656982422
97.04821014404297
88.36869812011719
93.67401123046875
95.45295715332031
52.550594329833984
93.94674682617188
90.48906707763672
84.42778015136719
91.94922637939453
83.56987762451172
88.98152923583984
91.90602111816406
66.84557342529297
93.58909606933594
91.85922241210938
87.73430633544922
96.1727066040039
87.39952087402344
93.71871185302734
95.4031753540039
63.873313903808594
94.41087341308594
90.99362182617188
84.8739242553711
91.81587982177734
81.9113540649414
86.06361389160156
86.95996856689453
55.53509521484375
86.81352233886719
85.74237823486328
83.1700668334961
91.73262023925781
83.296630859375
89.04561614990234
90.57624053955078
57.615516662597656
89.21931457519531
85.95527648925781
80.47317504882812
87.5853500366211
78.17875671386719
83.5308609008789
85.81134796142578
57.000572204589844
88.18428039550781
86.7985610961914
81.99540710449219
89.53317260742188
80.14886474609375
85.52510070800781
86.91133880615234
55.41759490966797
85.49320220947266
82.82524108886719
76.43972778320312
84.94000244140625
77.44876098632812
82.7623062133789
85.94425964355469
51.52263259887695
87.26920318603516
84.86617279052734
79.19258880615234
85.75135803222656
74.81786346435547
77.40679931640625
76.27438354492188
58.77275848388672
71.52064514160156
70.38574981689453
66.06024169921875
79.52779388427734
73.40668487548828
81.51438903808594
84.63103485107422
53.85445785522461
85.13755798339844
82.67832946777344
76.25364685058594
83.45714569091797
73.81694793701172
77.97135162353516
79.04093933105469
53.78237533569336
78.83395385742188
77.2116928100586
70.90992736816406
79.64976501464844
72.50779724121094
75.80130767822266
77.41934204101562
50.15031433105469
75.65176391601562
70.87114715576172
67.3609390258789
74.59453582763672
