84.32197570800781
90.23826599121094
92.82987213134766
59.113121032714844
93.5819320678711
91.74310302734375
86.77812194824219
95.69647216796875
87.57073974609375
94.19791412353516
97.49189758300781
66.88261413574219
99.54801940917969
98.73661041259766
94.67902374267578
104.23140716552734
96.26383209228516
101.13660430908203
101.85446166992188
59.001708984375
97.47760772705078
93.31539916992188
86.74603271484375
93.14141845703125
83.4005355834961
86.76688385009766
87.088623046875
60.55442428588867
83.24201202392578
79.36421966552734
75.92680358886719
84.87097930908203
79.04930114746094
88.08963012695312
93.61155700683594
65.61035919189453
97.21510314941406
94.3804702758789
88.08118438720703
95.22723388671875
85.48233032226562
90.0643310546875
91.4935531616211
53.20926284790039
90.10147857666016
87.02413940429688
81.01850128173828
89.2353286743164
80.15245819091797
84.84750366210938
87.3121566772461
55.74403762817383
86.5484848022461
83.84331512451172
79.25241088867188
86.62281799316406
77.97635650634766
83.24527740478516
85.52482604980469
56.79569625854492
84.79721069335938
82.30883026123047
77.53968811035156
85.68107604980469
77.62417602539062
82.52174377441406
84.39281463623047
52.4620246887207
85.38932037353516
82.61448669433594
77.97879028320312
86.44834899902344
77.53158569335938
84.04173278808594
86.80794525146484
48.41682815551758
87.68212127685547
85.45333099365234
80.10623168945312
89.23300170898438
80.90760803222656
87.61170196533203
90.11605834960938
51.513999938964844
91.1956787109375
89.67389678955078
85.12484741210938
93.52123260498047
85.62510681152344
88.25736236572266
87.12409973144531
68.3442153930664
90.55914306640625
90.98126983642578
86.8922348022461
95.02227783203125
86.30658721923828
90.55687713623047
92.64205169677734
61.38663864135742
91.87512969970703
89.00385284423828
83.02084350585938
91.13237762451172
81.54688262939453
87.67108154296875
88.71089935302734
62.1709098815918
86.13097381591797
82.63195037841797
76.42410278320312
85.02583312988281
77.8883056640625
82.98674011230469
86.2228775024414
60.12882614135742
87.03071594238281
85.44502258300781
80.44220733642578
89.49749755859375
81.5494155883789
88.05413055419922
90.9953384399414
49.41507339477539
92.36957550048828
91.02815246582031
87.11295318603516
96.45123291015625
89.33590698242188
96.13084411621094
99.927734375
51.851776123046875
102.013671875
100.01114654541016
94.33003234863281
101.77267456054688
92.3812255859375
96.85658264160156
98.1859359741211
32.46238327026367
96.72151947021484
93.72168731689453
87.92779541015625
96.03486633300781
87.44744873046875
92.57968139648438
94.78231811523438
57.38336944580078
94.54363250732422
91.98310089111328
86.91761779785156
95.2707290649414
87.06509399414062
91.89360046386719
92.39637756347656
49.58945083618164
86.8656005859375
81.15242767333984
74.98785400390625
80.75735473632812
73.89532470703125
79.35089874267578
82.88981628417969
35.35251998901367
83.66549682617188
81.84082794189453
77.6574478149414
86.1059799194336
77.51890563964844
83.9880142211914
87.07958221435547
53.66923141479492
87.77362060546875
85.96385192871094
81.6043472290039
90.1812744140625
82.54498291015625
88.09252166748047
91.22466278076172
43.00886917114258
92.6611328125
91.08386993408203
86.22703552246094
95.5110092163086
88.03931427001953
94.11898803710938
96.83871459960938
57.21040725708008
96.64634704589844
93.68721008300781
87.4765396118164
94.85271453857422
85.38690185546875
89.91468048095703
91.06642150878906
49.937374114990234
89.37920379638672
86.30509948730469
80.02666473388672
88.02104949951172
79.30529022216797
83.92522430419922
85.77254486083984
43.6541633605957
84.72084045410156
82.1854019165039
75.59821319580078
84.43846130371094
75.44856262207031
80.85285186767578
82.67768096923828
60.438777923583984
81.38951873779297
78.5162353515625
73.94259643554688
81.93428039550781
73.53044891357422
77.40360260009766
80.07833862304688
48.107154846191406
79.0774917602539
76.32295989990234
71.31878662109375
79.35578918457031
70.14297485351562
74.07274627685547
76.8521499633789
52.48408508300781
76.59700012207031
72.96090698242188
70.10531616210938
79.0771713256836
72.9605484008789
80.95127868652344
83.5346908569336
58.09235763549805
83.45528411865234
80.47626495361328
76.08468627929688
82.85043334960938
74.62457275390625
80.2572021484375
82.3142318725586
59.137474060058594
82.2607192993164
79.6653060913086
74.27356719970703
83.87159729003906
74.8976058959961
81.0431900024414
83.88116455078125
53.939117431640625
83.03546905517578
80.6019515991211
74.1134262084961
81.96450805664062
75.52124786376953
81.2061996459961
84.00959014892578
58.33786392211914
85.40242004394531
83.32745361328125
78.20852661132812
85.99642944335938
77.12828826904297
81.96121978759766
82.8288345336914
57.39908981323242
80.97119140625
78.56766510009766
71.43588256835938
79.64588165283203
71.08195495605469
76.66983795166016
80.47228240966797
52.96782684326172
82.61734771728516
81.17020416259766
76.37004852294922
85.10232543945312
77.48300170898438
82.82371520996094
85.23560333251953
54.00102996826172
86.09986114501953
83.46891784667969
77.9144515991211
86.864013671875
78.77906799316406
84.54002380371094
87.72361755371094
46.1076774597168
89.38346099853516
87.96263885498047
83.14555358886719
92.92949676513672
86.1533432006836
92.52550506591797
96.02601623535156
42.28750228881836
97.22305297851562
94.79236602783203
89.00794219970703
96.6562271118164
87.31590270996094
91.86002349853516
93.45252990722656
62.43256378173828
92.14479064941406
89.1616439819336
83.4766616821289
91.24080657958984
82.79793548583984
87.5787582397461
89.87722778320312
50.691123962402344
89.51787567138672
87.12210845947266
81.5472183227539
89.88981628417969
81.61215209960938
87.07547760009766
89.74708557128906
55.083126068115234
89.91490173339844
87.99788665771484
82.54617309570312
91.78131866455078
83.95381927490234
89.62457275390625
92.53863525390625
54.82828140258789
92.70744323730469
89.76496887207031
83.60279083251953
90.302734375
80.20697784423828
82.89053344726562
83.37015533447266
57.540733337402344
81.0098648071289
78.69788360595703
74.57807922363281
82.5728759765625
74.37777709960938
81.00150299072266
84.597412109375
60.11642837524414
86.54764556884766
84.6922607421875
80.15656280517578
89.30465698242188
81.6533432006836
87.53701782226562
90.41382598876953
45.3167724609375
91.92195892333984
90.69364929199219
86.72174072265625
96.00373077392578
89.14851379394531
95.3412857055664
98.88432312011719
57.421173095703125
100.75211334228516
99.13636016845703
94.03450775146484
102.13031768798828
93.13579559326172
97.36126708984375
98.44122314453125
47.89301300048828
96.15267181396484
92.48173522949219
86.22663879394531
93.2668685913086
83.41293334960938
87.96033477783203
89.42015838623047
55.96324157714844
89.3213882446289
88.39949798583984
84.66773223876953
95.00169372558594
88.27603912353516
94.86711883544922
97.89395904541016
49.582706451416016
98.06509399414062
95.46538543701172
89.93878173828125
97.9952163696289
89.47708129882812
94.35049438476562
96.42567443847656
55.280941009521484
96.02332305908203
93.55953216552734
87.95637512207031
96.1953125
87.79624938964844
92.80499267578125
94.79496765136719
57.52158737182617
93.69627380371094
91.22417449951172
85.58815002441406
94.38529205322266
86.64797973632812
92.10197448730469
94.597412109375
47.61400604248047
94.96501922607422
92.6208267211914
87.45381927490234
96.06071472167969
87.68134307861328
93.34111022949219
95.6281967163086
56.28535461425781
95.49246215820312
93.05006408691406
87.55487060546875
95.61925506591797
87.0478744506836
91.86455535888672
94.08876037597656
55.49989700317383
95.26858520507812
93.62029266357422
89.09566497802734
97.75294494628906
89.85520935058594
95.41815948486328
97.85408782958984
48.24785232543945
98.36646270751953
96.57884979248047
91.79307556152344
100.61381530761719
92.79283142089844
98.50994110107422
101.0395278930664
56.09202194213867
101.30476379394531
98.9293441772461
93.48596954345703
101.51824188232422
92.412109375
96.80854797363281
97.60010528564453
47.366458892822266
94.790283203125
92.0836410522461
86.79676055908203
95.55686950683594
87.77783966064453
93.5776596069336
96.26788330078125
58.31776809692383
96.78295135498047
94.83741760253906
89.74652862548828
98.25301361083984
90.14254760742188
95.6771469116211
98.33150482177734
51.865966796875
99.23929595947266
97.2763900756836
92.63372039794922
101.22337341308594
93.3075942993164
98.9288330078125
101.60054779052734
54.92198181152344
101.94178771972656
99.51610565185547
94.03852081298828
102.0899429321289
93.7397689819336
99.45454406738281
102.41056060791016
51.851993560791016
103.67606353759766
101.85075378417969
96.86341094970703
105.29073333740234
96.87503051757812
101.96089935302734
103.9779281616211
47.62630081176758
103.04019927978516
100.27555847167969
94.51850128173828
102.36862182617188
93.55559539794922
98.60594940185547
100.60616302490234
28.747079849243164
100.12165069580078
97.27665710449219
90.92776489257812
97.83766174316406
86.76619720458984
89.26493835449219
87.86557006835938
52.794334411621094
79.05115509033203
73.00180053710938
60.617313385009766
70.0951156616211
64.95327758789062
70.18629455566406
73.89249420166016
45.82548522949219
75.27420806884766
73.55831146240234
68.200927734375
78.43251037597656
70.11827087402344
78.19751739501953
82.08071899414062
47.942752838134766
84.31995391845703
83.13467407226562
78.28973388671875
87.30665588378906
79.92232513427734
85.13507080078125
88.0736083984375
48.21297073364258
88.1941146850586
85.91339874267578
80.65283966064453
88.79838562011719
80.15904998779297
85.53533172607422
87.3787612915039
56.535457611083984
85.45319366455078
80.16763305664062
73.5841293334961
76.17639923095703
64.58679962158203
73.68042755126953
79.09468078613281
39.887176513671875
85.62592315673828
86.05815887451172
82.4645004272461
91.73003387451172
83.5263442993164
88.9701156616211
90.99251556396484
54.856014251708984
89.2761459350586
86.00460052490234
79.73950958251953
88.16996765136719
79.06175231933594
85.21808624267578
87.5063247680664
57.524986267089844
88.04735565185547
85.74517822265625
80.83485412597656
88.48931884765625
80.22215270996094
85.01261138916016
86.98212432861328
51.77824401855469
87.23848724365234
85.11796569824219
79.87696838378906
87.47898864746094
