81.40448760986328
79.02762603759766
82.37101745605469
80.1194839477539
83.54019927978516
81.74787902832031
84.84217071533203
83.49601745605469
86.23555755615234
86.20530700683594
88.00540161132812
89.36708068847656
90.16960144042969
92.43856811523438
90.7059097290039
92.08320617675781
86.9859848022461
88.6853256225586
82.64763641357422
85.18589782714844
78.43602752685547
81.50257110595703
75.26516723632812
78.21375274658203
72.32525634765625
74.91111755371094
70.40475463867188
72.61602020263672
68.86087799072266
74.53057861328125
73.79549407958984
79.04305267333984
81.54942321777344
82.83912658691406
85.28096771240234
81.72509765625
84.01820373535156
78.42912292480469
81.76300048828125
75.73113250732422
80.08817291259766
74.24202728271484
78.2085952758789
73.77848815917969
76.6503677368164
73.50529479980469
75.10429382324219
73.36942291259766
72.9944076538086
73.7789535522461
71.02833557128906
73.27668762207031
68.44739532470703
72.96664428710938
64.572509765625
73.40620422363281
63.717220306396484
72.77984619140625
64.34172058105469
72.1450424194336
65.29902648925781
71.46417236328125
65.2466812133789
69.12962341308594
67.39081573486328
68.5548324584961
67.88882446289062
64.93338775634766
67.77890014648438
63.58476257324219
68.73045349121094
59.41609573364258
68.7476806640625
58.3514518737793
67.82904815673828
59.9233512878418
67.23863220214844
59.33009338378906
65.47372436523438
62.285499572753906
67.4084701538086
66.33655548095703
69.31719970703125
67.15612030029297
73.06871795654297
70.4844741821289
77.9701156616211
75.87166595458984
83.09931945800781
81.5189208984375
86.49834442138672
83.72102355957031
85.78562927246094
83.37723541259766
83.83612823486328
83.00221252441406
82.80388641357422
82.8125
82.46531677246094
83.2589111328125
82.90487670898438
83.62372589111328
83.77574920654297
84.22019958496094
84.3511734008789
83.58265686035156
83.00562286376953
81.36566925048828
79.99607849121094
77.87581634521484
76.60037231445312
75.44825744628906
76.0440673828125
77.65017700195312
79.4498062133789
81.27012634277344
82.7673110961914
83.72852325439453
82.92130279541016
83.50257873535156
81.68478393554688
81.82723236083984
79.650634765625
80.2557373046875
78.63487243652344
78.91960906982422
78.0838851928711
78.23113250732422
77.9432601928711
78.0130386352539
78.34034729003906
77.28455352783203
79.07259368896484
78.34123992919922
80.19706726074219
79.32415771484375
81.54316711425781
81.39786529541016
83.02698516845703
83.8162841796875
84.61931610107422
85.78560638427734
84.77777099609375
85.56642150878906
83.06378936767578
83.65266418457031
80.6109619140625
81.21636199951172
77.84503173828125
78.14791870117188
75.30194091796875
76.88819885253906
74.64928436279297
76.04515075683594
75.37211608886719
76.2911605834961
76.36994171142578
76.19572448730469
76.6586685180664
75.50032043457031
76.95118713378906
75.55291748046875
76.83448791503906
74.74305725097656
76.61681365966797
75.03567504882812
75.92611694335938
75.06730651855469
75.62175750732422
75.19691467285156
75.6786880493164
75.59259796142578
75.23484802246094
76.1637191772461
75.5555648803711
76.77165222167969
75.28902435302734
77.1779556274414
75.79817962646484
78.28485107421875
77.37127685546875
79.5794677734375
79.12593078613281
81.25534057617188
80.8411865234375
81.88622283935547
82.14519500732422
82.74967193603516
83.32197570800781
83.9135513305664
84.8552474975586
85.08404541015625
86.15189361572266
86.02249908447266
86.84699249267578
86.06887817382812
86.34959411621094
85.13640594482422
84.79192352294922
83.45567321777344
83.0634765625
81.85768127441406
81.18989562988281
80.58373260498047
79.52452087402344
78.82550811767578
78.08335876464844
77.75194549560547
77.12413787841797
76.85132598876953
76.3506088256836
75.45386505126953
75.33628845214844
74.88396453857422
74.31232452392578
73.80496978759766
73.77623748779297
72.89752197265625
72.68492126464844
71.91436767578125
72.6758041381836
71.35074615478516
71.41825103759766
70.98612213134766
71.5412368774414
70.32005310058594
70.74000549316406
69.68623352050781
69.46344757080078
70.26176452636719
69.04998016357422
69.46758270263672
69.08113861083984
70.22927856445312
68.94355010986328
69.85648345947266
68.08236694335938
69.65857696533203
68.743408203125
69.69657897949219
69.09522247314453
69.6646499633789
69.20147705078125
68.1629409790039
68.4393539428711
69.17676544189453
69.38548278808594
67.4640121459961
69.531005859375
68.68170928955078
70.3973159790039
67.57455444335938
70.22055053710938
68.81098175048828
71.15686798095703
70.10395812988281
71.15216827392578
71.19522094726562
70.826416015625
71.0904541015625
70.7967529296875
72.47832489013672
72.04158782958984
73.6344985961914
71.78339385986328
73.37136840820312
70.40147399902344
70.78534698486328
68.99694061279297
67.4607162475586
66.5989761352539
62.168365478515625
65.20043182373047
51.34485626220703
62.269351959228516
60.913116455078125
61.01145935058594
68.17328643798828
62.677001953125
67.88618469238281
63.709930419921875
65.13487243652344
64.7637710571289
65.31024169921875
63.23619842529297
66.24394989013672
67.32976531982422
68.64374542236328
72.18785095214844
72.57530212402344
75.29163360595703
74.63919067382812
77.67102813720703
76.47345733642578
80.24806213378906
78.82913970947266
81.79959869384766
81.4538803100586
83.63362884521484
83.30250549316406
84.39717864990234
83.68850708007812
83.68250274658203
82.6186752319336
81.59657287597656
80.95674896240234
79.95621490478516
79.45703125
78.78197479248047
78.4500503540039
77.5320816040039
77.12998962402344
76.80826568603516
76.75801849365234
76.4009780883789
76.18177795410156
75.70054626464844
75.86400604248047
75.21854400634766
76.0316390991211
75.36912536621094
76.11443328857422
75.52737426757812
76.45266723632812
75.92679595947266
76.94644927978516
76.2038803100586
77.58149719238281
76.59654998779297
78.18990325927734
78.22944641113281
79.4830551147461
79.30696868896484
80.49302673339844
81.26806640625
81.86820220947266
83.25559997558594
83.0572509765625
84.74407958984375
82.47401428222656
83.97867584228516
80.26260375976562
81.38815307617188
76.64427185058594
78.08417510986328
72.9222183227539
75.12931823730469
71.36965942382812
71.98414611816406
68.09417724609375
68.69270324707031
65.87098693847656
65.79352569580078
64.13694763183594
65.49239349365234
64.33627319335938
66.55139923095703
64.89984130859375
68.00619506835938
67.62091827392578
69.68016815185547
69.13896942138672
71.8473892211914
73.49826049804688
71.89612579345703
74.3188247680664
72.93257141113281
76.49325561523438
74.76979064941406
78.75289154052734
77.13412475585938
81.88497161865234
80.71697998046875
85.31376647949219
84.19879913330078
87.68971252441406
85.8689956665039
87.03289031982422
83.97023010253906
84.0551986694336
80.94164276123047
80.900146484375
78.05878448486328
78.3343734741211
76.47651672363281
78.94039154052734
78.62316131591797
81.14485168457031
81.75569152832031
83.58586883544922
83.97296142578125
84.76677703857422
85.21533966064453
85.04912567138672
84.93059539794922
84.82455444335938
84.59542083740234
84.59285736083984
84.26229095458984
84.25841522216797
83.91594696044922
84.05061340332031
83.87328338623047
83.63030242919922
83.69108581542969
83.7927017211914
83.68036651611328
83.81339263916016
83.8373794555664
83.74441528320312
83.65068817138672
83.24578857421875
83.03699493408203
82.62647247314453
82.64041137695312
82.87979125976562
82.88800048828125
83.02729034423828
83.17664337158203
83.10922241210938
82.96668243408203
83.12384796142578
82.58245849609375
82.67555236816406
82.23802185058594
82.1152114868164
81.9011459350586
82.48497009277344
83.02286529541016
83.70048522949219
83.85674285888672
84.22903442382812
84.16338348388672
84.52864074707031
84.66352081298828
84.6585693359375
84.7553939819336
84.54864501953125
84.66498565673828
84.55474090576172
85.01154327392578
85.15982818603516
86.25102233886719
86.42951965332031
87.0604248046875
87.05059814453125
87.39495086669922
87.16748809814453
87.13761138916016
87.16178131103516
87.11627960205078
87.0135726928711
86.6661605834961
86.74093627929688
86.30652618408203
86.2550277709961
85.32726287841797
85.29939270019531
83.85269927978516
83.98468017578125
82.66847229003906
83.86470794677734
83.58383178710938
84.69694519042969
84.30269622802734
85.4666976928711
85.1175537109375
86.10660552978516
86.02412414550781
86.98092651367188
86.99554443359375
87.76631164550781
87.85944366455078
88.53155517578125
88.59413146972656
88.90099334716797
89.05298614501953
89.25098419189453
89.31820678710938
89.18366241455078
89.10687255859375
88.64021301269531
88.03007507324219
87.06280517578125
86.05343627929688
85.49006652832031
85.25398254394531
85.71698760986328
86.40425872802734
87.26283264160156
87.94662475585938
88.83932495117188
89.1704330444336
89.59809875488281
89.63681030273438
89.69143676757812
89.26598358154297
88.89958190917969
88.10670471191406
87.62792205810547
86.74182891845703
86.01901245117188
84.873291015625
84.1648941040039
82.7214126586914
81.96293640136719
80.05177307128906
79.86174774169922
78.70536041259766
80.6063003540039
79.94489288330078
80.86539459228516
80.03681945800781
80.49397277832031
79.37705993652344
79.46083068847656
77.96794128417969
78.69410705566406
77.01212310791016
77.43765258789062
75.52603912353516
76.65176391601562
75.219970703125
77.21174621582031
76.62850189208984
79.33656311035156
78.73469543457031
78.7121353149414
77.82432556152344
76.97127532958984
76.40999603271484
75.50141906738281
75.17784881591797
74.3219223022461
75.30721282958984
74.89120483398438
76.67860412597656
76.6799545288086
77.74669647216797
77.94609832763672
78.58599853515625
78.03812408447266
77.4251937866211
75.86861419677734
72.79547119140625
70.12522888183594
66.62556457519531
60.89806365966797
63.21623611450195
60.91498565673828
69.56502532958984
69.84842681884766
75.35465240478516
75.39376831054688
77.69188690185547
76.7188491821289
77.97461700439453
76.19091033935547
76.0498275756836
73.32209777832031
73.45220947265625
72.05751037597656
72.23607635498047
71.43310546875
72.12079620361328
72.12052917480469
72.55118560791016
73.21727752685547
72.46530151367188
72.19591522216797
71.39985656738281
70.9212417602539
69.39173126220703
68.1583023071289
68.51451110839844
68.33190155029297
