86.7116928100586
91.89732360839844
94.83051300048828
74.27947235107422
94.75884246826172
92.99040985107422
89.39419555664062
97.68037414550781
88.71163940429688
97.53479766845703
100.70378875732422
80.46270751953125
102.27909088134766
101.83008575439453
95.16065216064453
104.51915740966797
94.09068298339844
99.92816162109375
99.76018524169922
76.06029510498047
96.52376556396484
92.69347381591797
83.56358337402344
90.9940185546875
80.45862579345703
85.33985137939453
85.69628143310547
64.40353393554688
83.07667541503906
81.35982513427734
78.47736358642578
89.89956665039062
86.44444274902344
91.32271575927734
96.44224548339844
78.36288452148438
96.81636047363281
92.71588134765625
88.2864761352539
94.61238098144531
86.73107147216797
87.97309875488281
90.29216766357422
70.27143859863281
88.11566925048828
84.00498962402344
83.07373046875
88.83258819580078
80.18157958984375
84.9217529296875
86.85198974609375
71.5791244506836
84.1520767211914
81.46105194091797
77.6505355834961
84.4629135131836
72.18620300292969
83.30563354492188
84.72756958007812
67.2785415649414
83.51969146728516
82.18790435791016
70.91753387451172
80.75811004638672
70.7956314086914
79.16380310058594
80.70137023925781
70.85444641113281
82.29833984375
79.9294662475586
71.1613540649414
79.3984146118164
74.56605529785156
72.98717498779297
74.58043670654297
68.79502868652344
79.32710266113281
75.63262176513672
74.30768585205078
77.9869384765625
74.01898956298828
61.18452835083008
62.559146881103516
72.73688507080078
81.33594512939453
82.5203628540039
80.16659545898438
90.74873352050781
88.41227722167969
91.04092407226562
97.30802154541016
81.40513610839844
98.68414306640625
95.4635238647461
92.87983703613281
99.81071472167969
90.44842529296875
97.36315155029297
99.57171630859375
65.19721984863281
99.5020751953125
97.02671813964844
91.61524200439453
98.58309173583984
87.88362121582031
94.08113098144531
93.99828338623047
74.28966522216797
92.65121459960938
89.68981170654297
84.3441162109375
93.8845443725586
86.89192962646484
92.08293151855469
93.72126007080078
69.76060485839844
93.29425048828125
89.84661865234375
85.57620239257812
92.7545166015625
83.91697692871094
88.99215698242188
91.3221206665039
58.16664123535156
91.1339340209961
89.23088073730469
82.90811157226562
92.21440887451172
83.9844741821289
90.57936096191406
93.21529388427734
68.99636840820312
95.42475891113281
93.87065124511719
89.75750732421875
99.04988861083984
92.32026672363281
97.61093139648438
100.51591491699219
80.72587585449219
100.88325500488281
97.03240203857422
93.80036926269531
99.74960327148438
89.6409912109375
95.64544677734375
96.90693664550781
69.30945587158203
95.21359252929688
92.73062896728516
85.8879623413086
94.54195404052734
83.55729675292969
90.59355926513672
89.08069610595703
74.1506118774414
86.93035888671875
84.46936798095703
75.06119537353516
85.91622161865234
76.85865783691406
84.55448150634766
86.61849212646484
70.3926773071289
87.89285278320312
85.64065551757812
80.36026763916016
88.80536651611328
81.6385726928711
85.1336669921875
87.9520492553711
58.509864807128906
88.40705871582031
85.81011962890625
82.67549133300781
90.45722198486328
82.29248046875
87.90696716308594
90.44192504882812
63.3751106262207
90.99736785888672
89.6783218383789
85.6363525390625
94.62310028076172
86.18272399902344
93.87499237060547
96.50225830078125
68.4052505493164
97.92350006103516
96.213623046875
91.06777954101562
99.66581726074219
90.84041595458984
96.5680160522461
97.94818878173828
72.20232391357422
96.97270965576172
93.4400405883789
88.18623352050781
95.17920684814453
85.85834503173828
89.883056640625
91.79943084716797
58.315277099609375
90.32028198242188
87.16273498535156
82.409912109375
89.60124206542969
80.44871520996094
86.39576721191406
87.77320861816406
64.99723052978516
86.70600128173828
84.72396850585938
78.1830825805664
86.18910217285156
76.96234130859375
83.086181640625
84.58453369140625
60.37184143066406
84.80888366699219
82.3145751953125
74.08924865722656
84.20396423339844
76.57183837890625
79.74622344970703
81.94757843017578
57.22248077392578
82.83060455322266
80.11893463134766
74.9006576538086
83.44970703125
76.10179138183594
79.28644561767578
81.4823989868164
61.81797790527344
81.03338623046875
78.38154602050781
74.73858642578125
81.67790985107422
73.85546875
79.58370208740234
81.93608856201172
64.08051300048828
81.0494384765625
79.93805694580078
75.03562927246094
82.48955535888672
74.94268035888672
80.66039276123047
82.97744750976562
60.360172271728516
84.05203247070312
82.04182434082031
75.14520263671875
84.61222076416016
77.3592529296875
82.9437484741211
85.14253234863281
63.03715133666992
86.47010803222656
84.34632110595703
79.42520904541016
87.65189361572266
77.90789031982422
83.53064727783203
85.15502166748047
54.91324996948242
83.67864227294922
79.61289978027344
74.55033874511719
81.1293716430664
70.84664916992188
78.28639221191406
79.6193618774414
62.08113479614258
81.12385559082031
78.07193756103516
76.45543670654297
83.1810302734375
73.41740417480469
80.7558822631836
83.80741119384766
63.75175094604492
84.01811218261719
83.85980224609375
77.73463439941406
87.87871551513672
79.61388397216797
86.7181625366211
89.36529541015625
67.07162475585938
91.47974395751953
89.87053680419922
85.31295013427734
94.74571228027344
88.5842514038086
93.10160827636719
96.70454406738281
70.0988540649414
97.43070220947266
94.49390411376953
90.18376922607422
97.02333068847656
87.66944122314453
92.51569366455078
94.13523864746094
68.73397827148438
92.02865600585938
89.46068572998047
83.14156341552734
90.97250366210938
81.32879638671875
88.61714172363281
90.10335540771484
62.36515426635742
90.02881622314453
87.93268585205078
80.904541015625
89.89227294921875
81.82170104980469
87.04315948486328
89.44803619384766
64.38448333740234
90.25148010253906
88.14100646972656
83.16939544677734
91.70068359375
84.46320343017578
89.34822082519531
92.11420440673828
58.72576141357422
93.52836608886719
91.97486114501953
87.497802734375
96.10646057128906
87.03929901123047
93.47742462158203
94.2673110961914
75.15003204345703
91.99711608886719
88.21550750732422
77.7200927734375
85.65573120117188
76.89085388183594
77.82162475585938
77.25942993164062
69.0799789428711
80.44242858886719
79.74092102050781
63.11763381958008
78.2442626953125
75.10246276855469
79.46345520019531
82.19109344482422
68.64769744873047
86.9693832397461
85.52310943603516
78.87966918945312
88.52262115478516
82.93342590332031
84.7188949584961
88.51960754394531
73.64849090576172
92.49378204345703
91.13821411132812
88.93553924560547
98.17505645751953
91.55902099609375
97.38835906982422
100.49071502685547
79.90316009521484
100.5190200805664
96.22018432617188
92.42362976074219
97.97218322753906
88.0335693359375
92.10137939453125
92.95354461669922
66.54985046386719
89.57987213134766
86.63223266601562
82.1692123413086
91.41182708740234
84.7978286743164
91.33027648925781
95.4670181274414
64.37788391113281
97.58267211914062
95.74413299560547
91.64287567138672
99.44529724121094
90.44544982910156
96.4099349975586
98.38674926757812
61.032012939453125
97.8788833618164
95.31344604492188
90.12407684326172
97.9978256225586
89.12715911865234
95.17146301269531
97.23625183105469
67.21807861328125
97.36907196044922
94.991943359375
89.1683578491211
97.38008880615234
88.03266143798828
93.53694915771484
95.31348419189453
66.44107055664062
95.4075927734375
93.30217742919922
87.83377838134766
96.57212829589844
88.41091918945312
93.86447143554688
96.15303039550781
51.657840728759766
96.1861343383789
93.73744201660156
88.5793228149414
96.43450927734375
87.72874450683594
92.83674621582031
95.27635955810547
60.963008880615234
95.93621826171875
94.29412841796875
89.52912902832031
98.15857696533203
89.89985656738281
95.76670837402344
98.27617645263672
61.24073028564453
98.40061950683594
96.16436004638672
90.81849670410156
99.64314270019531
91.8636245727539
97.68854522705078
100.33851623535156
67.14724731445312
101.03646087646484
98.5803451538086
93.70552062988281
101.84009552001953
93.4737777709961
98.47571563720703
100.70301818847656
65.81242370605469
99.97273254394531
96.72501373291016
91.97936248779297
98.52513885498047
89.07555389404297
93.75282287597656
96.260009765625
69.11572265625
96.38546752929688
94.34449768066406
90.30838775634766
98.61317443847656
90.17042541503906
96.39483642578125
99.0607681274414
68.53250122070312
99.55853271484375
97.88536834716797
92.771728515625
101.48186492919922
93.18943786621094
99.56048583984375
102.07351684570312
72.21391296386719
102.57625579833984
100.38402557373047
94.5976333618164
102.88589477539062
94.14000701904297
98.64713287353516
100.34246063232422
54.24842071533203
99.98021697998047
98.11565399169922
93.64674377441406
102.66163635253906
94.84447479248047
100.97249603271484
103.59127807617188
70.89833068847656
103.95652770996094
101.15377044677734
96.43584442138672
103.68269348144531
94.2109603881836
99.84963989257812
101.22206115722656
69.72677612304688
100.02911376953125
96.8656005859375
90.95890045166016
98.16295623779297
87.90074920654297
93.23127746582031
93.07698822021484
71.17689514160156
90.65940856933594
87.43836975097656
82.40201568603516
90.39359283447266
81.79153442382812
87.18323516845703
89.2637710571289
62.866310119628906
88.20736694335938
85.41645812988281
80.09231567382812
87.41251373291016
77.67689514160156
84.63041687011719
87.31375122070312
65.82559967041016
88.39482116699219
86.76586151123047
81.99264526367188
89.04933166503906
79.61737060546875
85.2435531616211
87.3611068725586
62.893184661865234
87.04447174072266
85.49055480957031
80.04638671875
89.62060546875
81.6181640625
87.50747680664062
89.92005920410156
51.15056610107422
89.9029541015625
86.09284210205078
81.14203643798828
85.58502197265625
74.52862548828125
74.82510375976562
70.63800811767578
66.7651596069336
80.88639831542969
83.2643051147461
77.89531707763672
89.83092498779297
83.27317810058594
87.6783447265625
90.50409698486328
59.9002799987793
89.702392578125
85.99259948730469
80.52913665771484
87.5246810913086
79.15343475341797
83.4502944946289
86.23763275146484
59.695804595947266
86.3910903930664
84.52847290039062
78.78893280029297
87.28782653808594
78.40129852294922
83.88997650146484
84.62588500976562
52.41815185546875
83.336669921875
80.74252319335938
73.16812896728516
82.54440307617188
