84.84461212158203
91.15787506103516
94.35877227783203
56.36803436279297
96.7013931274414
95.48240661621094
91.07351684570312
100.353515625
91.98451232910156
96.9939956665039
97.74882507324219
62.20326614379883
93.95443725585938
89.86705017089844
83.2040023803711
89.43093872070312
79.63810729980469
82.48770904541016
82.39756774902344
51.76963424682617
81.23245239257812
79.72688293457031
74.8866195678711
86.00521087646484
80.60929107666016
88.65621185302734
93.03221893310547
64.67211151123047
93.64071655273438
90.1736831665039
83.77151489257812
90.75102996826172
80.8620376586914
85.41183471679688
86.53656005859375
54.2478141784668
84.87317657470703
81.8641586303711
75.98966217041016
83.74231719970703
74.9793930053711
79.03812408447266
80.89595031738281
45.921878814697266
79.55644989013672
76.72163391113281
71.58380889892578
78.6571273803711
69.89396667480469
74.60645294189453
75.49832916259766
46.2589111328125
73.56173706054688
70.89293670654297
65.71259307861328
71.66070556640625
64.24406433105469
64.65926361083984
66.27958679199219
44.25799560546875
71.267333984375
72.1756591796875
69.0009536743164
79.33507537841797
73.12470245361328
82.23657989501953
86.25810241699219
55.2132453918457
88.82172393798828
86.09618377685547
80.8421859741211
87.82172393798828
78.84293365478516
83.15547943115234
84.45735931396484
54.65711975097656
83.44422149658203
80.65081787109375
74.75611877441406
82.5579605102539
73.46979522705078
78.8840560913086
81.3473129272461
51.396793365478516
80.38965606689453
77.80558776855469
72.50163269042969
80.43368530273438
73.09674835205078
77.60675811767578
79.54349517822266
48.98704528808594
79.40850830078125
77.19241333007812
71.4923095703125
79.71686553955078
71.17688751220703
76.97222900390625
79.1463851928711
46.874271392822266
78.9839859008789
77.22872161865234
72.20735931396484
80.00640106201172
72.28802490234375
76.52616882324219
79.67820739746094
50.295780181884766
79.53133392333984
77.43621826171875
72.30985260009766
80.23593139648438
72.75389862060547
78.22284698486328
80.16387939453125
52.00575637817383
80.00547790527344
78.28056335449219
72.91864013671875
81.40184783935547
72.38996887207031
77.27571868896484
79.48004913330078
50.695499420166016
79.07820129394531
78.01879119873047
73.01520538330078
81.82178497314453
74.8237533569336
79.42301940917969
82.76914978027344
50.912784576416016
84.5953598022461
82.80033111572266
77.4953384399414
86.19625091552734
77.54812622070312
82.90885162353516
84.99112701416016
57.194766998291016
86.99079132080078
85.94023895263672
82.85718536376953
92.23812866210938
85.58859252929688
91.39969635009766
94.11602783203125
62.82457733154297
92.87126159667969
89.24769592285156
82.57372283935547
90.56822204589844
83.33251953125
89.71407318115234
92.84788513183594
50.14377212524414
93.05448150634766
90.44628143310547
84.76190948486328
93.27561950683594
84.86431884765625
90.6606674194336
93.13875579833984
49.810516357421875
93.9861831665039
92.24944305419922
87.70811462402344
96.81583404541016
89.02758026123047
94.54362487792969
96.76653289794922
59.14301300048828
95.34497833251953
91.75560760498047
85.23158264160156
92.30931091308594
82.92311096191406
87.2172622680664
88.3841323852539
57.199153900146484
87.39815521240234
85.93983459472656
81.4328384399414
91.2830581665039
83.16078186035156
89.16307067871094
91.28292083740234
44.47119903564453
90.79251861572266
88.23115539550781
82.77239227294922
91.09476470947266
83.02078247070312
87.99920654296875
90.38630676269531
50.197662353515625
90.75096893310547
88.79254913330078
83.92767333984375
92.34170532226562
83.96109771728516
89.96896362304688
92.72659301757812
48.092533111572266
93.76358032226562
92.1128158569336
87.11673736572266
96.32776641845703
88.76126098632812
94.6468734741211
97.55604553222656
57.09193420410156
98.06074523925781
95.66267395019531
89.7633285522461
97.4647216796875
88.32341766357422
92.80894470214844
94.24760437011719
52.2181396484375
92.5927505493164
89.51997375488281
83.32347106933594
91.15101623535156
82.18389129638672
87.00121307373047
88.82588958740234
46.1008186340332
87.46589660644531
84.58861541748047
78.75007629394531
86.86265563964844
77.78874969482422
83.07134246826172
84.87452697753906
53.65214920043945
84.497314453125
81.56504821777344
76.2647476196289
84.29511260986328
75.3944320678711
80.50882720947266
82.68866729736328
54.135379791259766
82.72821807861328
80.1876220703125
74.22056579589844
82.15769958496094
73.68463134765625
78.56102752685547
81.08110046386719
42.89167022705078
80.90342712402344
78.1655502319336
72.49821472167969
80.9077377319336
73.71876525878906
77.80884552001953
79.98310852050781
42.22203826904297
80.24408721923828
77.30187225341797
72.93217468261719
80.044189453125
71.67626190185547
75.88106536865234
79.1023941040039
41.33747100830078
80.92877197265625
81.01512145996094
77.25035858154297
86.22763061523438
78.28897857666016
83.22743225097656
84.83749389648438
46.7302360534668
83.06827545166016
80.0776596069336
75.10954284667969
82.9892807006836
75.64967346191406
81.01815795898438
83.55305480957031
50.828941345214844
84.87889099121094
83.46366119384766
78.41259002685547
87.7446517944336
79.75859832763672
86.09473419189453
89.2176513671875
52.853946685791016
90.92680358886719
89.39735412597656
84.77867126464844
93.88036346435547
86.28296661376953
91.8653793334961
94.29206085205078
35.21512985229492
94.06810760498047
91.23103332519531
85.28463745117188
93.13512420654297
84.03935241699219
88.85924530029297
90.6048355102539
46.8083610534668
89.57102966308594
86.82024383544922
81.13114166259766
88.97607421875
80.33573150634766
85.46845245361328
87.6332778930664
46.64876937866211
87.34793853759766
84.8384017944336
79.67195892333984
87.65206146240234
79.52250671386719
84.5842056274414
86.74171447753906
50.85900115966797
85.829345703125
82.77934265136719
76.83291625976562
84.69916534423828
76.5988540649414
82.66838073730469
85.57455444335938
56.673118591308594
86.72355651855469
84.8310317993164
80.77818298339844
89.78255462646484
82.2617416381836
88.28013610839844
91.87657165527344
40.136924743652344
94.22016143798828
92.93033599853516
88.06743621826172
96.61298370361328
87.42171478271484
92.19547271728516
92.9608154296875
51.27988052368164
90.01307678222656
86.5258560180664
80.38823699951172
87.3924331665039
77.81427001953125
82.01958465576172
83.20073699951172
35.86470031738281
81.44304656982422
78.4162368774414
71.50650787353516
78.60920715332031
68.49127197265625
74.41763305664062
76.36170196533203
55.633907318115234
74.91197967529297
72.92586517333984
68.69641876220703
77.67550659179688
70.90161895751953
75.43964385986328
79.50238800048828
48.093502044677734
80.74168395996094
77.96715545654297
71.99612426757812
79.86856079101562
70.3370361328125
74.53057098388672
75.50411987304688
55.17814254760742
73.03221893310547
71.22588348388672
67.99200439453125
77.77159118652344
71.50686645507812
78.45445251464844
82.20038604736328
51.23115539550781
85.43777465820312
84.51548767089844
80.66244506835938
89.95580291748047
82.21772766113281
88.02613067626953
90.77082824707031
54.83578109741211
92.29536437988281
90.7319107055664
86.02603149414062
94.65217590332031
86.46308898925781
91.58146667480469
93.92323303222656
42.88254928588867
93.58809661865234
91.3302230834961
85.9659652709961
94.10563659667969
85.76404571533203
90.94651794433594
93.24939727783203
41.18708801269531
93.13294982910156
90.75176239013672
85.55712890625
93.74099731445312
85.31167602539062
90.24346923828125
92.05511474609375
54.06238555908203
91.51481628417969
89.12808227539062
83.81719970703125
92.89730834960938
84.9022445678711
90.50688171386719
93.16869354248047
46.90114974975586
93.63568878173828
91.33326721191406
85.9583740234375
94.13880157470703
85.82193756103516
91.00251770019531
93.36241912841797
51.7507438659668
93.4757308959961
91.3154525756836
86.07701110839844
94.66426086425781
86.37767791748047
91.82691192626953
94.3012466430664
45.63052749633789
94.38351440429688
92.06038665771484
86.9742660522461
95.2712173461914
87.00762176513672
92.27384948730469
94.70063781738281
56.463958740234375
94.79200744628906
92.49518585205078
87.25863647460938
95.6111831665039
87.27596282958984
92.67646789550781
95.02177429199219
43.19877243041992
94.95149993896484
92.53157043457031
87.01414489746094
94.9339828491211
86.5277328491211
91.60142517089844
94.11087799072266
45.795249938964844
94.51014709472656
92.47087860107422
87.46703338623047
95.62116241455078
87.56954193115234
93.17601776123047
95.86349487304688
57.542301177978516
96.6257095336914
94.76324462890625
89.80435180664062
98.63346862792969
90.79341125488281
96.34580993652344
99.15296936035156
50.6368293762207
99.44508361816406
97.05242919921875
91.46260070800781
99.24072265625
90.14569854736328
94.70280456542969
96.11669158935547
51.975929260253906
94.16819763183594
90.88997650146484
84.57618713378906
92.10614776611328
82.97472381591797
87.246826171875
89.03924560546875
57.451202392578125
88.02091217041016
85.47834777832031
79.23030853271484
88.3812255859375
80.49824523925781
86.68132781982422
90.29579162597656
62.383243560791016
92.56507110595703
91.4920425415039
86.30309295654297
95.37438201904297
87.36011505126953
92.28753662109375
94.23179626464844
45.80120849609375
92.86302947998047
89.57941436767578
83.23900604248047
90.35818481445312
80.98098754882812
85.01653289794922
85.92160034179688
41.68134307861328
84.63939666748047
82.68940734863281
77.9994125366211
87.1680908203125
78.04368591308594
82.79678344726562
83.51131439208984
45.96650695800781
81.30171203613281
79.51081085205078
76.404541015625
86.25993347167969
79.59593963623047
86.75153350830078
90.46509552001953
56.47560119628906
92.44099426269531
90.59944915771484
85.52751159667969
93.46470642089844
84.7342529296875
89.2889175415039
90.43341064453125
46.87755584716797
86.45126342773438
80.35470581054688
68.13634490966797
72.00811004638672
72.69184112548828
80.69152069091797
85.36388397216797
59.74079132080078
88.00068664550781
87.09104919433594
82.38447570800781
91.72467803955078
84.39723205566406
89.41375732421875
91.97477722167969
52.585792541503906
91.95146942138672
89.70268249511719
84.08763122558594
92.45818328857422
83.80998229980469
88.3858413696289
90.13088989257812
56.620296478271484
88.00702667236328
84.4544677734375
77.9952163696289
84.8838882446289
