83.33367156982422
90.99879455566406
93.67391967773438
69.55989837646484
93.87342834472656
92.53690338134766
86.37450408935547
96.012451171875
87.37725067138672
96.1747055053711
99.06417083740234
78.27417755126953
101.44894409179688
100.8847885131836
94.34059143066406
104.70396423339844
95.03166198730469
100.69170379638672
100.72660064697266
77.95753479003906
97.3670425415039
93.59275817871094
83.45966339111328
91.57066345214844
81.19847869873047
85.97919464111328
86.4747314453125
57.937164306640625
82.84864044189453
80.95775604248047
76.99933624267578
88.05964660644531
83.60778045654297
89.93708038330078
95.51577758789062
75.75345611572266
96.94529724121094
93.11759948730469
88.70181274414062
95.06783294677734
86.2371826171875
88.67376708984375
90.93943786621094
64.03050231933594
89.27445983886719
86.1875991821289
81.59907531738281
89.24713897705078
80.73595428466797
84.78731536865234
86.957275390625
63.190460205078125
86.01907348632812
83.097900390625
79.14999389648438
86.40830993652344
78.3913803100586
83.14119720458984
85.69590759277344
64.01459503173828
84.90778350830078
82.64104461669922
77.81842803955078
85.78380584716797
76.9817886352539
83.29013061523438
85.66931915283203
63.51224136352539
85.50843811035156
83.07388305664062
78.10022735595703
86.8134536743164
78.18507385253906
84.46961212158203
87.04163360595703
57.53493881225586
87.39088439941406
85.4224624633789
79.95677185058594
89.03685760498047
80.4898452758789
87.74715423583984
90.47174835205078
61.026607513427734
91.22306060791016
89.01541900634766
83.60604095458984
91.99031829833984
78.73086547851562
86.77825927734375
87.12657165527344
78.53447723388672
91.71638488769531
91.00553894042969
86.56878662109375
94.26040649414062
84.39033508300781
91.12606048583984
92.84334564208984
71.70991516113281
91.54695129394531
89.4288558959961
81.95134735107422
90.29630279541016
81.52018737792969
86.78839111328125
87.20030212402344
67.23163604736328
85.29786682128906
82.65892028808594
73.3222427368164
84.74633026123047
77.6227035522461
83.0808334350586
85.72028350830078
65.7670669555664
88.00890350341797
85.74044799804688
80.86930847167969
90.0357437133789
83.27486419677734
87.7356185913086
90.95693969726562
69.41606903076172
93.3051528930664
91.54559326171875
88.51038360595703
97.76061248779297
91.218994140625
96.83866119384766
100.61150360107422
76.90853118896484
101.68384552001953
99.0366439819336
94.17232513427734
100.94734954833984
91.53016662597656
96.37689971923828
98.0550765991211
69.57347106933594
95.75389862060547
93.39706420898438
87.7178955078125
95.54492950439453
86.35907745361328
92.98503112792969
94.78227233886719
68.99535369873047
94.7868881225586
92.58580017089844
85.33682250976562
94.90483856201172
85.64054870605469
90.80780029296875
90.05657958984375
70.96638488769531
86.33348083496094
82.468505859375
68.88153839111328
80.31338500976562
71.04532623291016
80.26944732666016
83.17814636230469
66.14120483398438
84.94296264648438
83.42325592041016
76.22791290283203
85.93903350830078
78.1500244140625
83.98963928222656
86.45780944824219
62.141292572021484
88.24840545654297
86.58657836914062
81.34205627441406
90.504150390625
83.20439147949219
88.34427642822266
91.3833999633789
65.58297729492188
93.21903991699219
91.3530502319336
87.78247833251953
96.6054916381836
89.5402603149414
94.1633071899414
96.90672302246094
51.667747497558594
95.71475219726562
92.77938842773438
86.89661407470703
94.02496337890625
84.76541137695312
88.72433471679688
90.31651306152344
57.61552047729492
88.28569793701172
85.9088134765625
79.39969635009766
87.39140319824219
78.19841766357422
83.51870727539062
85.00271606445312
48.41716384887695
84.54869842529297
81.66039276123047
76.1324462890625
83.86649322509766
74.23176574707031
79.80940246582031
81.6156997680664
21.50325584411621
81.44764709472656
79.35437774658203
72.4009780883789
81.45408630371094
73.57182312011719
76.1517333984375
79.0067367553711
55.662174224853516
79.372314453125
76.6688232421875
69.96280670166016
79.02128601074219
72.2260513305664
73.16155242919922
76.09083557128906
57.330169677734375
76.03559112548828
74.55936431884766
70.23001861572266
82.03976440429688
75.2817153930664
80.75206756591797
83.3406753540039
59.76625061035156
82.83617401123047
80.27703094482422
75.71068572998047
83.35169982910156
74.28974151611328
79.37255859375
82.4400863647461
48.398284912109375
82.33268737792969
80.2962646484375
75.83518981933594
83.771728515625
75.36972045898438
80.64268493652344
83.28868865966797
48.70574188232422
82.58208465576172
78.96534729003906
73.42072296142578
82.75547790527344
75.88134002685547
81.69376373291016
84.81360626220703
53.071651458740234
85.59526062011719
83.14908599853516
77.48544311523438
85.42510223388672
76.43053436279297
80.5949478149414
82.03548431396484
56.88447570800781
80.29000091552734
77.26048278808594
73.80193328857422
81.15636444091797
73.28314208984375
78.87393951416016
82.69330596923828
56.167213439941406
83.65765380859375
81.76365661621094
76.6752700805664
85.23135375976562
76.71595764160156
82.73457336425781
85.40567016601562
61.33153533935547
86.06289672851562
84.08940124511719
77.32894897460938
87.24292755126953
80.38703918457031
84.4442138671875
87.91658782958984
61.741241455078125
90.30775451660156
88.77359771728516
85.42756652832031
94.4671401977539
88.06430053710938
93.21098327636719
96.6713638305664
67.55327606201172
97.02124786376953
93.9358901977539
89.04330444335938
95.99050903320312
86.97476959228516
91.11778259277344
92.97511291503906
62.41754150390625
91.43008422851562
88.47643280029297
83.16559600830078
90.90135192871094
82.1598129272461
87.65058135986328
89.73020935058594
59.806617736816406
89.41710662841797
86.98554992675781
81.72028350830078
89.9120101928711
81.810302734375
87.02684020996094
89.79383087158203
52.25424575805664
90.22124481201172
88.20325469970703
83.57383728027344
92.15900421142578
84.6386947631836
89.787841796875
92.42179870605469
60.9859504699707
91.91761016845703
88.17012786865234
82.47298431396484
88.22708892822266
78.55655670166016
80.23792266845703
81.3956527709961
62.66460037231445
80.7530288696289
78.72338104248047
75.8287582397461
84.39400482177734
76.8908462524414
81.84198760986328
85.07044219970703
62.520450592041016
87.03711700439453
85.30270385742188
81.80345153808594
90.2550048828125
82.78944396972656
88.15006256103516
91.0460433959961
64.92416381835938
92.82727813720703
91.35528564453125
88.43270874023438
97.37179565429688
90.15990447998047
96.67713928222656
100.07990264892578
68.93092346191406
101.21359252929688
99.1912841796875
93.90225219726562
101.2569351196289
91.6550521850586
96.5184326171875
97.4918212890625
64.184326171875
94.74819946289062
91.40225982666016
84.87879943847656
91.91363525390625
82.63362884521484
87.32888793945312
89.13350677490234
60.29049301147461
91.00341796875
90.42239379882812
86.5343246459961
96.61992645263672
89.47335815429688
95.45887756347656
98.10025024414062
62.40243148803711
98.0540771484375
95.45751190185547
89.49650573730469
97.66739654541016
89.04930877685547
93.84374237060547
96.14874267578125
64.7661361694336
95.93350982666016
93.40933990478516
87.80145263671875
96.0682144165039
87.68085479736328
92.03063201904297
93.9413070678711
62.195594787597656
93.23280334472656
91.25664520263672
85.9138412475586
94.86821746826172
86.78461456298828
92.13825225830078
94.69426727294922
44.72258377075195
95.0376205444336
92.6377182006836
87.79981994628906
96.07675170898438
87.75154113769531
93.24536895751953
95.61119842529297
59.54891586303711
95.30007934570312
92.86114501953125
87.25711822509766
95.10408782958984
86.62906646728516
92.15830993652344
94.87081146240234
62.82788848876953
96.0979995727539
94.28178405761719
89.614013671875
98.22467803955078
89.73703002929688
95.88695526123047
98.34219360351562
59.3273811340332
98.93338012695312
97.21803283691406
92.25105285644531
101.18757629394531
93.01594543457031
99.00577545166016
101.4320297241211
62.429080963134766
101.41461181640625
98.98745727539062
92.89268493652344
100.51825714111328
90.62462615966797
95.17236328125
95.85833740234375
60.812374114990234
94.32310485839844
92.07152557373047
87.68486785888672
96.25470733642578
88.56686401367188
94.094482421875
96.7124252319336
45.852882385253906
97.17444610595703
95.01854705810547
90.06324768066406
98.661376953125
90.50995635986328
96.17833709716797
98.93312072753906
49.205238342285156
99.76839447021484
97.81098937988281
93.35469055175781
101.79643249511719
93.79918670654297
99.47447204589844
101.95454406738281
57.80260467529297
101.85579681396484
99.28868103027344
93.98146057128906
102.33795166015625
94.52159881591797
100.24827575683594
103.24337005615234
59.87626647949219
104.32826232910156
102.26078033447266
97.21904754638672
105.34980773925781
96.81645202636719
101.69039154052734
103.58654022216797
64.02235412597656
102.5211410522461
99.7272720336914
94.33541107177734
102.06502532958984
93.47339630126953
98.52372741699219
100.63050842285156
69.470458984375
99.36637878417969
95.81417846679688
89.82572174072266
94.8611831665039
83.1711654663086
85.27813720703125
84.08179473876953
63.10590744018555
70.46475219726562
62.76258850097656
67.95247650146484
74.22463989257812
67.83906555175781
68.79721069335938
71.51118469238281
55.22105026245117
76.44102478027344
74.20915985107422
70.91050720214844
79.53477478027344
74.20375061035156
79.0684814453125
83.41476440429688
57.60095977783203
85.9631118774414
84.2255630493164
79.42789459228516
88.41923522949219
80.20526123046875
85.87834930419922
88.26296997070312
53.34050750732422
88.34892272949219
86.00863647460938
79.4473648071289
88.87683868408203
81.03480529785156
84.64835357666016
86.2564468383789
63.485877990722656
82.329833984375
75.88288116455078
70.45059967041016
75.61972045898438
70.47309875488281
78.64702606201172
84.65898132324219
61.80184555053711
88.51473236083984
88.14470672607422
83.46096801757812
92.15956115722656
82.72660827636719
89.02972412109375
90.24149322509766
56.57872009277344
88.48265838623047
85.46163177490234
79.23119354248047
87.960205078125
79.32410430908203
85.72612762451172
88.26687622070312
54.423072814941406
88.50730895996094
86.28863525390625
79.86812591552734
88.4334716796875
79.5254135131836
85.03339385986328
87.31904602050781
60.533172607421875
87.57511138916016
85.00357055664062
79.12212371826172
86.5828628540039
