78.23784637451172
84.66969299316406
87.47135925292969
54.604591369628906
88.62638092041016
87.30073547363281
82.50154876708984
92.12071990966797
85.20813751220703
91.498779296875
95.26091003417969
64.1803207397461
96.52136993408203
93.79109954833984
87.12034606933594
93.42912292480469
82.93107604980469
86.75106048583984
87.07950592041016
46.6342887878418
83.6019058227539
79.45087432861328
72.69950103759766
79.442626953125
69.25215148925781
73.95653533935547
76.28223419189453
52.89155197143555
79.62395477294922
80.52125549316406
77.87716674804688
88.63874053955078
81.45938110351562
86.44810485839844
87.59542846679688
55.685062408447266
84.79936981201172
81.64531707763672
75.90280151367188
82.98822784423828
73.44084930419922
78.26484680175781
80.07306671142578
39.22499084472656
78.58052825927734
75.35725402832031
69.79975128173828
77.95079803466797
70.10751342773438
74.01565551757812
76.27153015136719
37.60788345336914
74.89441680908203
72.62896728515625
66.95836639404297
73.91386413574219
66.56031036376953
70.10684967041016
71.78035736083984
48.993282318115234
70.99173736572266
68.59423065185547
60.97036361694336
69.26637268066406
58.35432815551758
65.16690063476562
67.08511352539062
53.05599594116211
63.473514556884766
63.65122604370117
49.97209548950195
60.38097381591797
51.525638580322266
52.62556457519531
61.33307647705078
51.194252014160156
64.2574691772461
65.69107055664062
59.87778091430664
71.78898620605469
64.43620300292969
73.41470336914062
78.31356811523438
58.152381896972656
83.00433349609375
83.30325317382812
79.42864227294922
90.10848236083984
82.26761627197266
87.23944091796875
88.5429458618164
59.96902847290039
86.41850280761719
83.61377716064453
77.89482116699219
85.78752136230469
76.85582733154297
81.97476196289062
84.36015319824219
54.75433349609375
84.31037902832031
82.36390686035156
77.48711395263672
85.45303344726562
77.63973236083984
83.51598358154297
85.9338150024414
55.73495864868164
86.72444915771484
83.71512603759766
77.73884582519531
84.6018295288086
73.04640197753906
77.73544311523438
77.86203002929688
45.68691635131836
74.67304229736328
71.59159851074219
67.0805892944336
76.52487182617188
69.25304412841797
76.59329223632812
80.22447967529297
55.07233810424805
83.28438568115234
81.95647430419922
78.79688262939453
87.43964385986328
78.94448852539062
84.6446304321289
85.5141372680664
54.662376403808594
83.55104064941406
80.00727081298828
74.04764556884766
81.0860595703125
71.33515930175781
76.8078384399414
78.2862777709961
52.99103546142578
76.46410369873047
72.86492919921875
67.27605438232422
75.50740814208984
65.36809539794922
74.72236633300781
78.68134307861328
56.6224365234375
82.5211181640625
80.954833984375
77.37599182128906
85.92221069335938
78.60321807861328
85.08475494384766
88.45061492919922
58.5632209777832
90.3497085571289
88.00628662109375
83.5530014038086
90.86726379394531
81.30863189697266
86.26428985595703
87.57514953613281
59.64208984375
86.14987182617188
82.91299438476562
76.94760131835938
85.05838012695312
76.09773254394531
81.23287200927734
83.46553802490234
34.734127044677734
82.75475311279297
80.23228454589844
74.58975982666016
83.23683166503906
74.6353759765625
80.32317352294922
83.22891235351562
51.98026657104492
84.2215805053711
81.8913803100586
76.89559936523438
85.64595031738281
77.33711242675781
83.05396270751953
85.5342025756836
50.76130676269531
86.44465637207031
84.52218627929688
80.16431427001953
88.32721710205078
80.72834777832031
86.88681030273438
89.59685516357422
62.22660827636719
91.38326263427734
89.0570068359375
84.71354675292969
93.64102172851562
84.34510803222656
90.3653793334961
92.05773162841797
59.10800552368164
90.36012268066406
87.66426086425781
82.30540466308594
88.2878189086914
79.80590057373047
84.06307220458984
85.54349517822266
59.985511779785156
84.46127319335938
80.92827606201172
75.51493835449219
83.06793212890625
74.72628784179688
79.31224060058594
80.71865844726562
45.672855377197266
80.54228973388672
77.20191955566406
72.19779968261719
79.50503540039062
70.2787857055664
76.07769775390625
78.68505096435547
42.64275360107422
77.73761749267578
74.96776580810547
69.67122650146484
77.41200256347656
68.82332611083984
74.31938171386719
76.57577514648438
52.97288131713867
75.8548812866211
73.63326263427734
67.55441284179688
75.99535369873047
67.57936096191406
73.31741333007812
74.87396240234375
42.53546142578125
74.89505004882812
72.07344818115234
67.11865234375
75.69245910644531
67.8864974975586
71.7826156616211
74.54096221923828
47.579010009765625
75.36620330810547
72.4278564453125
68.0666732788086
75.25330352783203
68.32199096679688
73.31331634521484
75.78258514404297
48.3124885559082
76.08905792236328
73.68093872070312
68.63460540771484
77.23110961914062
68.99440002441406
75.12882232666016
77.28421020507812
57.252357482910156
75.63324737548828
70.67484283447266
65.53668212890625
70.91252899169922
58.87443542480469
62.33066177368164
63.23695373535156
44.972984313964844
72.93568420410156
72.45401000976562
69.48249816894531
78.42181396484375
70.81277465820312
76.15151977539062
78.61305236816406
20.078500747680664
78.80290222167969
77.19165802001953
72.83168029785156
80.98763275146484
73.4628677368164
79.33183288574219
82.48078918457031
51.28886795043945
84.30831909179688
82.8631362915039
78.52162170410156
88.04170227050781
80.38423919677734
86.36958312988281
88.96658325195312
54.2465934753418
88.52735900878906
85.7437744140625
79.89337921142578
87.40497589111328
78.1815185546875
83.14432525634766
84.46403503417969
42.95540237426758
82.3494873046875
78.7771987915039
72.3750228881836
80.52257537841797
71.93476104736328
76.7869644165039
79.44747924804688
50.243934631347656
79.14570617675781
77.13016510009766
71.62371063232422
80.19087982177734
72.2698974609375
77.30337524414062
79.82815551757812
53.39222717285156
80.42668151855469
78.13421630859375
72.88461303710938
81.83635711669922
73.80645751953125
79.5145034790039
82.49710845947266
53.589691162109375
83.61212158203125
81.88829040527344
77.39141845703125
86.29866790771484
79.048583984375
85.01463317871094
88.41046905517578
58.84927749633789
90.52355194091797
88.79167938232422
83.99710845947266
91.56593322753906
81.71592712402344
86.14038848876953
86.75138092041016
41.74775314331055
84.25044250488281
80.39706420898438
73.8757553100586
80.93868255615234
71.6878433227539
75.74059295654297
76.92914581298828
43.98221206665039
74.72027587890625
71.31101989746094
63.97578811645508
71.907958984375
61.80445861816406
67.4697265625
69.42877197265625
46.088096618652344
69.8828353881836
68.56312561035156
61.8232307434082
71.8056869506836
64.69953918457031
70.76949310302734
74.52088165283203
53.60597229003906
77.35934448242188
76.13591003417969
71.2973861694336
79.98921966552734
70.93840026855469
77.25977325439453
80.18502807617188
53.71476745605469
82.10479736328125
81.46035766601562
77.28366088867188
87.5006103515625
80.71257781982422
87.86380767822266
91.35459899902344
62.97365951538086
92.4053955078125
89.05602264404297
82.65096282958984
89.67461395263672
80.68856811523438
85.62456512451172
88.47398376464844
60.304901123046875
88.83711242675781
86.61314392089844
81.21194458007812
89.5516128540039
81.15335083007812
86.38738250732422
88.48219299316406
58.7868537902832
88.32466888427734
85.91622161865234
80.64726257324219
88.83415222167969
80.23697662353516
85.67305755615234
87.85994720458984
56.50230026245117
87.56993865966797
85.23249053955078
79.74675750732422
87.880126953125
79.84678649902344
85.01781463623047
88.02190399169922
59.750244140625
89.3759765625
87.31937408447266
82.27737426757812
90.3355712890625
81.94163513183594
86.87499237060547
88.95126342773438
53.15608596801758
89.24906158447266
87.13597106933594
82.04938507080078
90.53418731689453
82.32817077636719
87.67808532714844
89.98221588134766
57.98573303222656
89.95042419433594
87.50102996826172
82.09677124023438
90.29572296142578
81.80807495117188
86.74772644042969
88.83236694335938
52.51118469238281
88.52838134765625
86.47491455078125
81.74097442626953
91.25882720947266
83.77526092529297
89.96690368652344
92.4177017211914
60.79838943481445
92.50434875488281
89.94326782226562
84.7687759399414
92.65022277832031
83.90101623535156
89.21936798095703
91.18765258789062
56.490264892578125
90.72650909423828
87.96666717529297
82.57569122314453
90.56713104248047
82.50907897949219
88.3841781616211
91.20736694335938
60.015594482421875
92.14999389648438
90.0824203491211
85.3138198852539
94.06720733642578
86.01167297363281
91.82270812988281
94.4469985961914
62.62248611450195
94.88356018066406
92.61908721923828
87.52688598632812
95.8455581665039
87.45287322998047
92.89354705810547
94.97368621826172
62.51659393310547
94.32611846923828
91.25231170654297
85.4219970703125
92.3724136352539
82.89202117919922
87.10029602050781
89.14518737792969
58.428916931152344
89.52900695800781
87.9782943725586
83.57231140136719
92.81864166259766
84.90612030029297
90.9895248413086
93.30272674560547
63.37596130371094
92.9421157836914
89.78971099853516
84.00133514404297
90.9907455444336
81.10795593261719
85.49602508544922
86.2633056640625
50.39873504638672
84.21871948242188
82.45494842529297
78.73484802246094
88.95677947998047
81.26016998291016
87.81900024414062
89.72932434082031
56.006813049316406
88.63025665283203
85.5171127319336
79.55540466308594
86.6975326538086
77.40038299560547
81.97664642333984
83.77909088134766
48.00816345214844
85.09196472167969
84.56147003173828
80.57030487060547
89.32975006103516
80.475341796875
85.34504699707031
86.67864227294922
52.78965377807617
85.15560913085938
82.14424896240234
76.10389709472656
83.66133880615234
75.45954132080078
80.78128814697266
83.95610046386719
53.652099609375
85.58210754394531
83.9344482421875
79.20097351074219
86.69327545166016
76.95223999023438
81.33565521240234
81.05059814453125
43.54634094238281
75.88579559326172
72.48689270019531
67.15734100341797
75.34500122070312
69.99574279785156
76.50257110595703
81.0242919921875
53.99672317504883
83.43140411376953
81.84490203857422
76.61048889160156
85.2245101928711
76.33972930908203
81.1001968383789
82.00979614257812
31.80899429321289
79.27914428710938
75.71861267089844
69.23753356933594
77.05667877197266
69.72189331054688
74.00677490234375
75.77082061767578
51.19303512573242
74.22276306152344
70.7897720336914
64.75299072265625
71.99164581298828
