87.95387268066406
84.03817749023438
89.0604248046875
84.58587646484375
89.76632690429688
86.63096618652344
90.36455535888672
89.25541687011719
90.94952392578125
92.20492553710938
91.56898498535156
95.17224884033203
92.62960815429688
98.6025161743164
94.89189147949219
101.07718658447266
96.78877258300781
99.56120300292969
95.07549285888672
94.6322021484375
92.538330078125
89.28517150878906
90.35691833496094
83.4539794921875
88.38900756835938
76.7907485961914
85.96477508544922
68.14925384521484
83.5912857055664
63.153018951416016
83.9894027709961
60.74754333496094
86.95592498779297
79.67119598388672
91.70050811767578
88.2846908569336
93.61522674560547
90.81793212890625
90.18633270263672
89.46006774902344
86.95671844482422
87.87460327148438
84.47859191894531
86.38831329345703
83.22853088378906
84.65681457519531
82.25487518310547
83.56201934814453
82.58411407470703
81.59622955322266
82.52161407470703
80.53199768066406
81.96233367919922
79.25308990478516
81.18463134765625
79.2695541381836
81.32124328613281
80.00411224365234
79.41818237304688
79.75975036621094
79.55284118652344
80.8115234375
78.92317199707031
81.31241607666016
78.47666931152344
80.5540542602539
78.31392669677734
80.2126235961914
78.58155822753906
80.97502136230469
80.38771057128906
80.99937438964844
81.03035736083984
80.28498077392578
82.353515625
80.30707550048828
82.926513671875
81.32255554199219
84.10271453857422
82.59658813476562
84.2157974243164
83.4856948852539
85.04857635498047
85.5835952758789
85.33375549316406
87.12373352050781
85.36756134033203
88.476318359375
83.2840576171875
88.1828842163086
64.38681030273438
85.99052429199219
85.946044921875
90.05360412597656
87.60809326171875
90.1377182006836
86.92719268798828
88.83114624023438
86.34839630126953
87.4932632446289
85.7503662109375
86.30572509765625
85.0995101928711
84.82852172851562
85.14593505859375
83.40875244140625
83.70808410644531
81.1443099975586
80.18406677246094
78.78260803222656
79.13946533203125
79.62133026123047
79.28089904785156
80.9196548461914
79.77984619140625
81.78975677490234
80.3747329711914
83.66350555419922
82.19339752197266
84.19307708740234
83.68282318115234
85.64820861816406
85.86759185791016
86.3922348022461
88.25273132324219
87.75814056396484
90.64134216308594
89.87004852294922
93.4404525756836
92.08687591552734
96.21003723144531
95.08795166015625
97.66219329833984
96.51618194580078
96.78689575195312
95.71151733398438
94.14865112304688
94.2646713256836
91.64996337890625
93.03312683105469
90.05113983154297
91.8757095336914
88.88787841796875
90.96711730957031
88.64321899414062
90.27703094482422
88.95117950439453
89.74736022949219
89.38322448730469
88.89803314208984
89.50595092773438
89.35541534423828
89.58231353759766
88.59751892089844
86.41131591796875
84.70519256591797
78.77165222167969
79.98377227783203
73.63378143310547
77.19378662109375
72.54082489013672
79.17012786865234
74.02751159667969
79.1589126586914
76.24205017089844
81.25812530517578
77.70530700683594
81.66645812988281
79.13671112060547
81.13578033447266
80.4646987915039
82.2660903930664
82.70271301269531
82.20504760742188
83.98226165771484
83.5710220336914
85.00106811523438
84.7271728515625
86.58130645751953
86.4693832397461
87.89015197753906
87.77423858642578
89.13411712646484
89.75456237792969
90.83321380615234
91.31200408935547
91.65828704833984
91.3135986328125
91.2982177734375
89.7359390258789
90.18595886230469
87.7904052734375
88.29409790039062
85.33317565917969
86.43563842773438
83.96411895751953
84.447265625
82.52592468261719
83.07078552246094
81.95275115966797
80.7695541381836
81.43162536621094
79.47272491455078
80.98948669433594
77.7524642944336
80.44617462158203
75.93675231933594
79.69026947021484
75.37944030761719
79.38899230957031
76.34719848632812
77.5606918334961
76.13247680664062
76.75536346435547
76.89704132080078
74.66532897949219
76.05532836914062
72.24129486083984
76.52869415283203
68.22940063476562
77.03495788574219
69.40553283691406
75.53229522705078
69.04002380371094
75.06633758544922
69.66101837158203
75.03201293945312
71.33377838134766
71.70890045166016
71.70125579833984
71.17851257324219
75.17733001708984
75.96973419189453
79.56023406982422
76.90032196044922
79.52255249023438
77.43319702148438
78.53857421875
77.24669647216797
76.59712219238281
78.60671997070312
75.27325439453125
78.0706558227539
74.65650177001953
79.52416229248047
75.20135498046875
79.43730163574219
76.22332000732422
79.2051010131836
77.20781707763672
78.61595916748047
78.20594024658203
76.74295806884766
78.09614562988281
74.82006072998047
77.53256225585938
76.0610580444336
79.16259002685547
77.23883819580078
79.74447631835938
79.97468566894531
79.78446197509766
80.4913101196289
78.69713592529297
79.83889770507812
76.45963287353516
76.97711181640625
75.4155502319336
74.41133880615234
76.40670776367188
71.83036804199219
76.14298248291016
73.50414276123047
75.33245086669922
76.01467895507812
75.72315216064453
80.37105560302734
75.95752716064453
81.14027404785156
78.58200073242188
80.04347229003906
79.95877075195312
79.0661392211914
81.87770080566406
77.74382781982422
82.30137634277344
78.3282241821289
82.6733627319336
81.0926742553711
82.76004791259766
82.47344970703125
83.16948699951172
85.1594467163086
83.75785827636719
87.5883560180664
85.48680877685547
90.0587387084961
88.1812744140625
91.96504974365234
90.82762145996094
92.67620849609375
91.42631530761719
91.23792266845703
90.42803192138672
88.94941711425781
89.04177856445312
87.4488525390625
87.7110595703125
86.13676452636719
86.27214050292969
85.79600524902344
85.09241485595703
85.22896575927734
84.21134185791016
84.59243774414062
84.2417984008789
84.01606750488281
83.96914672851562
83.8792495727539
83.77404022216797
83.0202865600586
84.49368286132812
84.01460266113281
84.36488342285156
84.34492492675781
85.01626586914062
85.12564086914062
85.23689270019531
86.7229232788086
85.97608184814453
88.07542419433594
86.39085388183594
88.57271575927734
85.5389175415039
86.13360595703125
82.37263488769531
82.06307983398438
77.97493743896484
78.1014175415039
75.7798080444336
75.7234115600586
76.53372955322266
76.23825073242188
78.3055191040039
77.20938110351562
79.89407348632812
78.42533111572266
82.1415786743164
78.98858642578125
83.8283462524414
81.37364959716797
84.74993896484375
83.42259979248047
85.28687286376953
85.04833984375
85.80828857421875
87.6388168334961
87.39736938476562
90.06455993652344
89.31050872802734
92.59803009033203
91.64725494384766
94.57396697998047
94.46395874023438
96.02188110351562
96.47105407714844
95.80242156982422
96.68389129638672
93.8333511352539
95.29228973388672
90.79497528076172
93.01127624511719
88.59044647216797
90.53772735595703
86.64141082763672
87.629638671875
85.5451431274414
85.25312042236328
84.12508392333984
84.53923797607422
85.20748901367188
86.05571746826172
88.41413116455078
89.0401840209961
92.09175872802734
91.27127838134766
93.51168060302734
91.87332153320312
93.25281524658203
91.82477569580078
92.51335144042969
91.70606231689453
91.44044494628906
91.51568603515625
90.68405151367188
91.31999969482422
89.85323333740234
90.97956085205078
89.50025177001953
90.62855529785156
89.51219940185547
89.85481262207031
89.07447052001953
88.54959106445312
88.42202758789062
87.57180786132812
88.6273422241211
88.02572631835938
89.24736022949219
88.67762756347656
89.85952758789062
88.9834976196289
90.13467407226562
89.26849365234375
90.21009826660156
90.04098510742188
89.94672393798828
90.32827758789062
89.95809173583984
90.56892395019531
89.59095001220703
90.45409393310547
89.40055084228516
89.67512512207031
88.50334167480469
88.94621276855469
88.670166015625
89.68494415283203
90.06367492675781
90.91069793701172
91.52132415771484
91.99675750732422
92.24873352050781
92.29022216796875
92.71183013916016
92.87812805175781
93.17198181152344
93.8790283203125
94.1255874633789
95.03931427001953
95.05010986328125
95.89468383789062
95.613525390625
96.1362075805664
95.82095336914062
96.15739440917969
95.42156982421875
95.37651824951172
94.09745025634766
93.29547119140625
91.22000122070312
90.54840850830078
88.79875183105469
89.18766021728516
89.06993103027344
90.1729736328125
89.76041412353516
90.92521667480469
90.40077209472656
91.79703521728516
91.12065124511719
92.44654846191406
91.53854370117188
92.76780700683594
91.94099426269531
93.18771362304688
92.93488311767578
93.70255279541016
93.970458984375
94.40348052978516
95.16448974609375
94.82572174072266
96.2023696899414
95.4395980834961
96.90020751953125
95.89801025390625
97.13483428955078
95.82318115234375
96.61897277832031
95.60432434082031
96.40272521972656
96.4954833984375
97.3812026977539
98.21426391601562
98.29335021972656
99.4053955078125
98.86267852783203
99.80489349365234
98.80952453613281
99.26617431640625
98.2755126953125
98.10906982421875
97.5870132446289
96.8192138671875
96.9952163696289
95.64126586914062
96.41346740722656
94.81952667236328
95.91331481933594
94.59620666503906
95.0815658569336
94.1328353881836
92.65503692626953
91.86842346191406
86.42935180664062
87.06892395019531
76.82708740234375
80.86127471923828
58.243343353271484
75.61128234863281
67.42861938476562
70.12371063232422
69.28813171386719
70.73384857177734
69.5007095336914
71.74100494384766
67.60034942626953
72.60682678222656
69.84062957763672
75.36355590820312
72.54953002929688
77.70870208740234
75.9571304321289
79.35120391845703
78.85234069824219
80.8508529663086
80.36361694335938
82.02986907958984
82.61276245117188
82.3438491821289
82.39888000488281
82.79407501220703
82.95552062988281
82.52452850341797
83.14940643310547
82.36249542236328
82.72559356689453
81.98810577392578
81.8250503540039
80.03067779541016
79.45520782470703
76.3578109741211
73.09717559814453
61.537513732910156
70.60891723632812
72.4562759399414
76.13311004638672
79.6455307006836
79.8105697631836
85.3392105102539
84.0746078491211
86.98561096191406
84.90018463134766
86.72904205322266
84.59616088867188
84.97637939453125
83.11106872558594
82.63471984863281
82.51683807373047
81.69685363769531
82.71634674072266
81.58763122558594
83.50564575195312
81.55912780761719
83.78499603271484
82.30355834960938
83.43245697021484
82.42493438720703
82.95997619628906
82.2808609008789
81.58924102783203
82.25420379638672
81.90864562988281
83.55976104736328
81.15960693359375
82.78581237792969
