79.6040267944336
84.98725891113281
87.3259506225586
77.66374969482422
90.17890930175781
88.08081817626953
86.62570190429688
93.87366485595703
85.7611312866211
92.90685272216797
92.47853088378906
79.20579528808594
91.26582336425781
86.14094543457031
79.35665130615234
86.46418762207031
79.21479034423828
77.83213806152344
78.54801940917969
65.58380889892578
77.12879943847656
75.35286712646484
62.319740295410156
75.73822784423828
72.0521469116211
78.47518157958984
82.32728576660156
74.25940704345703
86.83094024658203
83.47213745117188
82.44537353515625
86.46876525878906
75.50704193115234
81.34583282470703
82.18376159667969
67.0826187133789
80.1373062133789
76.24034118652344
73.228515625
79.01696014404297
70.7154541015625
73.6663589477539
76.6423568725586
63.945945739746094
74.23420715332031
71.660400390625
67.45649719238281
73.52983856201172
65.4870376586914
69.80558776855469
72.74169921875
58.13606643676758
69.31832885742188
67.02548217773438
61.085304260253906
69.55531311035156
59.883453369140625
65.39268493652344
67.72230529785156
50.912445068359375
64.26934051513672
62.730865478515625
48.6215705871582
60.1229133605957
63.25336837768555
61.044979095458984
64.4859619140625
62.2728385925293
67.76873016357422
69.5625991821289
69.59720611572266
74.99861907958984
73.22248840332031
78.33350372314453
79.24478912353516
79.6694107055664
83.38536071777344
78.02413177490234
82.80335235595703
81.63243103027344
70.29949188232422
82.78101348876953
80.20380401611328
73.83280181884766
82.38074493408203
77.60198974609375
73.19775390625
79.74113464355469
72.26251983642578
75.47677612304688
77.30355834960938
59.10719299316406
77.6696548461914
74.65190887451172
69.70970916748047
77.05144500732422
68.46591186523438
75.12454223632812
76.70784759521484
57.947418212890625
77.11307525634766
74.80912017822266
67.87699890136719
77.18485260009766
69.5220947265625
75.31499481201172
76.71829986572266
60.52207565307617
77.33199310302734
76.33883666992188
70.59310913085938
79.72337341308594
72.54888153076172
76.97127532958984
80.20054626464844
62.83138656616211
80.01874542236328
75.95143127441406
67.40335083007812
75.33834838867188
66.07333374023438
67.8113021850586
69.48120880126953
60.53375244140625
70.97038269042969
67.90876007080078
64.33548736572266
71.43385314941406
63.84406280517578
71.80318450927734
75.42941284179688
55.90446853637695
76.26595306396484
76.17314147949219
61.54049301147461
78.1799545288086
74.23294830322266
71.50672149658203
77.5294418334961
71.54136657714844
77.5879135131836
79.58683776855469
73.9084701538086
84.03189086914062
79.82521057128906
83.84325408935547
87.59608459472656
74.2767333984375
87.94967651367188
85.32427215576172
77.0521469116211
86.82637023925781
82.16494750976562
81.18119812011719
87.26666259765625
77.7819595336914
86.78252410888672
85.50318145751953
79.58663177490234
88.03816986083984
82.09664154052734
84.9023208618164
89.19343566894531
74.92517852783203
89.21868133544922
89.39338684082031
80.00909423828125
91.96366119384766
87.43830871582031
87.76322937011719
91.22091674804688
79.23343658447266
88.20860290527344
86.28910827636719
79.40564727783203
86.6264877319336
79.04009246826172
81.98090362548828
84.51106262207031
70.4985122680664
83.1004409790039
81.79710388183594
75.95370483398438
83.8180923461914
76.89395904541016
80.84237670898438
83.62091064453125
68.23782348632812
82.62013244628906
80.96373748779297
75.42219543457031
84.17797088623047
76.81436157226562
82.0981674194336
84.39017486572266
69.60202026367188
84.76302337646484
83.46470642089844
78.08715057373047
86.97196960449219
79.95816802978516
84.88327026367188
88.48870086669922
73.2849349975586
89.05472564697266
89.1266860961914
79.55396270751953
91.7121810913086
87.37155151367188
87.6159439086914
92.10331726074219
81.5174789428711
89.89510345458984
88.72339630126953
81.66341400146484
88.19581604003906
82.44485473632812
84.1383056640625
85.80120849609375
74.3833236694336
84.15023040771484
81.9718246459961
76.24439239501953
82.63223266601562
76.41162872314453
78.97874450683594
80.70541381835938
68.47479248046875
79.93415832519531
78.16854095458984
72.00213623046875
79.17788696289062
71.73464965820312
76.12091827392578
77.73448944091797
64.06375122070312
77.71143341064453
74.80077362060547
69.98845672607422
76.10161590576172
69.28649139404297
73.69802856445312
76.02659606933594
62.6242561340332
75.5428466796875
73.72724151611328
68.5595474243164
75.24491882324219
67.76200103759766
72.5570297241211
74.59342193603516
61.37702560424805
74.44932556152344
71.51280212402344
65.70084381103516
74.49190521240234
66.38185119628906
72.50694274902344
74.48979949951172
60.05070114135742
73.19852447509766
72.43118286132812
66.00643920898438
73.84789276123047
64.3294677734375
72.24816131591797
73.731201171875
59.00161361694336
73.07188415527344
72.51426696777344
60.31452178955078
71.97431182861328
67.16786193847656
72.99742126464844
74.68721008300781
65.63177490234375
76.80560302734375
73.3304214477539
72.05937957763672
76.73190307617188
70.03478240966797
75.2329330444336
77.72593688964844
63.37871170043945
78.67942810058594
76.6246337890625
73.78047180175781
80.96073913574219
74.12736511230469
79.94034576416016
82.71966552734375
69.6832504272461
84.30994415283203
83.01420593261719
79.2001953125
87.60600280761719
80.33927154541016
86.15393829345703
88.3423080444336
75.00534057617188
88.18180847167969
85.85226440429688
80.14263916015625
87.08250427246094
79.65277099609375
82.95811462402344
84.69691467285156
69.67670440673828
83.87065887451172
81.3576431274414
75.69689178466797
82.81393432617188
75.87419128417969
79.41653442382812
81.62326049804688
67.17741394042969
81.62613677978516
79.80081176757812
72.25762939453125
81.78722381591797
75.6479721069336
78.16980743408203
79.23938751220703
69.52092742919922
78.7370376586914
75.51638793945312
70.56250762939453
78.4521713256836
71.59092712402344
77.49238586425781
78.99090576171875
66.81552124023438
81.06901550292969
79.40288543701172
74.92858123779297
83.1972427368164
76.0792007446289
82.4157943725586
85.51580047607422
69.95767974853516
87.94385528564453
87.09320831298828
81.9703598022461
90.76683807373047
84.17005157470703
87.32451629638672
88.72600555419922
74.28483581542969
86.32402038574219
82.66358947753906
76.97853088378906
82.84536743164062
74.23770141601562
78.162353515625
78.86270141601562
66.31903839111328
77.46125793457031
74.16663360595703
70.05912780761719
75.33306121826172
67.22118377685547
70.75703430175781
71.74745178222656
60.640411376953125
71.32527923583984
68.14653015136719
67.33221435546875
73.30890655517578
64.21927642822266
70.34638977050781
72.96515655517578
61.76315689086914
73.62263488769531
70.24269104003906
66.80055236816406
71.43014526367188
63.89920425415039
67.990234375
66.89286041259766
60.27353286743164
69.77388763427734
66.19769287109375
66.94490814208984
73.77483367919922
63.82103729248047
75.22613525390625
78.21139526367188
61.411354064941406
82.1225357055664
81.18245697021484
76.60785675048828
86.50813293457031
80.98082733154297
85.09291076660156
89.10413360595703
72.07050323486328
89.37271881103516
88.43822479248047
80.37793731689453
90.5841064453125
84.69711303710938
85.71040344238281
89.60364532470703
79.28082275390625
87.7598876953125
87.42668914794922
80.6257095336914
87.80745697021484
83.12248992919922
85.29048156738281
85.58599090576172
77.59427642822266
85.21477508544922
80.4753189086914
78.24524688720703
84.2586669921875
76.13571166992188
81.79247283935547
83.20346069335938
69.34359741210938
84.15018463134766
81.79967498779297
77.84449005126953
85.81144714355469
78.65266418457031
84.35578918457031
86.56610870361328
74.64801788330078
87.44873809814453
85.08616638183594
80.86506652832031
88.10199737548828
79.72605895996094
85.4206771850586
87.36859893798828
73.82921600341797
87.78082275390625
85.58380889892578
81.0501708984375
88.53275299072266
81.67151641845703
85.61869812011719
88.09539794921875
74.45055389404297
88.18022155761719
85.79322052001953
81.23106384277344
88.78144073486328
81.79180145263672
85.49652099609375
88.05281066894531
76.0123062133789
87.86888122558594
86.04454803466797
80.77017211914062
88.47840881347656
82.45963287353516
84.76924133300781
87.2883071899414
78.7284164428711
86.61224365234375
84.77815246582031
80.75813293457031
86.51020812988281
80.16188049316406
84.00102233886719
85.4825439453125
78.12445068359375
86.24993133544922
84.04109954833984
81.85699462890625
86.95331573486328
80.68148040771484
85.27873992919922
87.13252258300781
79.51580047607422
88.01193237304688
86.39359283447266
83.75659942626953
88.79630279541016
85.6108169555664
87.59529876708984
88.52631378173828
86.9937973022461
89.24402618408203
86.44324493408203
88.17842864990234
86.60259246826172
84.63605499267578
85.78041076660156
80.52265167236328
83.85182189941406
78.72159576416016
79.93437194824219
81.51593017578125
69.3169174194336
82.52965545654297
73.77796173095703
82.28695678710938
82.47470092773438
77.48321533203125
86.74725341796875
77.9596939086914
86.42456817626953
87.37931060791016
76.18104553222656
89.14702606201172
82.53849029541016
85.94971466064453
88.0859146118164
75.3411865234375
86.74751281738281
82.06708526611328
81.02604675292969
81.6710205078125
76.00200653076172
82.38150787353516
73.97688293457031
79.40591430664062
82.70069122314453
76.34384155273438
79.554443359375
81.27124786376953
74.06853485107422
77.965576171875
81.3688735961914
68.0703353881836
84.64273834228516
84.9645004272461
77.30491638183594
88.85811614990234
83.42218017578125
85.79808044433594
89.62525177001953
79.17815399169922
88.65524291992188
86.19761657714844
84.60090637207031
87.98922729492188
79.15419006347656
87.32293701171875
86.48949432373047
79.7762222290039
88.81680297851562
83.40716552734375
84.0027084350586
87.34508514404297
76.21913146972656
83.9908676147461
81.4878158569336
72.56900024414062
78.11903381347656
70.66163635253906
74.51793670654297
76.73043823242188
60.699703216552734
79.57008361816406
79.65361022949219
73.84315490722656
83.90780639648438
78.69660949707031
81.19058990478516
84.80339050292969
73.74552154541016
83.95291900634766
83.42868041992188
76.24332427978516
83.94932556152344
78.88072204589844
79.26944732666016
80.92041778564453
72.8232650756836
78.18733215332031
74.07215881347656
71.33572387695312
73.51927185058594
