84.43753814697266
90.18863677978516
92.77787017822266
56.0509147644043
93.48799133300781
91.72019958496094
86.76488494873047
95.80043029785156
88.02936553955078
94.183349609375
97.47042083740234
64.47075653076172
99.68270111083984
98.48926544189453
94.63496398925781
104.27360534667969
96.49019622802734
101.02436828613281
101.62693786621094
56.53830337524414
97.69722747802734
93.56280517578125
86.26321411132812
93.0458984375
83.21276092529297
86.76216888427734
87.25051879882812
53.341609954833984
83.59607696533203
79.75733947753906
74.9958267211914
84.7481460571289
79.42790985107422
87.869384765625
93.42572784423828
56.21673583984375
97.33334350585938
94.7019271850586
87.92133331298828
95.27774810791016
85.84635162353516
89.94065856933594
91.2646255493164
53.91865539550781
89.90665435791016
86.65792083740234
80.91329193115234
89.09202575683594
80.22647857666016
85.32459259033203
87.03482055664062
52.24013900756836
86.67588806152344
83.84632873535156
78.65454864501953
86.50789642333984
77.91963958740234
83.3116683959961
85.03524017333984
57.922569274902344
85.21037292480469
82.73186492919922
77.54104614257812
85.48603820800781
76.81368255615234
82.12818908691406
84.9019775390625
48.85603332519531
85.56967163085938
83.42997741699219
77.76704406738281
86.72197723388672
78.33003997802734
84.31566619873047
86.70133209228516
55.50345993041992
87.31510925292969
85.68439483642578
80.65563201904297
89.42950439453125
81.5963363647461
87.13180541992188
90.15141296386719
53.31487274169922
91.27000427246094
89.2960433959961
84.39523315429688
93.19696807861328
84.77334594726562
88.86474609375
86.82847595214844
54.12556457519531
90.6428451538086
90.8862075805664
86.24710083007812
94.73035430908203
86.14717864990234
90.89700317382812
92.59122467041016
46.65224075317383
91.6952896118164
88.67984008789062
83.26104736328125
91.04354095458984
81.41461181640625
87.2803955078125
88.94357299804688
50.601802825927734
86.25370025634766
82.53746795654297
77.19937896728516
85.08880615234375
76.94039916992188
83.44558715820312
85.98948669433594
50.537811279296875
87.07353973388672
85.46392822265625
80.25850677490234
89.63497161865234
81.91807556152344
87.57141876220703
90.84931182861328
51.38679122924805
92.54214477539062
91.44559478759766
86.80802917480469
96.48098754882812
89.50735473632812
96.08712005615234
99.87946319580078
60.69983673095703
102.03749084472656
99.9836196899414
94.25981140136719
101.7834701538086
92.5880355834961
96.90025329589844
98.2082748413086
57.73076248168945
96.77630615234375
93.93411254882812
88.14193725585938
96.052490234375
87.30500030517578
92.56575012207031
94.8302230834961
48.12883377075195
94.58636474609375
91.95061492919922
86.84272003173828
95.26930236816406
87.04536437988281
91.99996948242188
92.39179229736328
53.5651969909668
86.9047622680664
81.78761291503906
74.72095489501953
81.65201568603516
72.61724090576172
80.01421356201172
82.69302368164062
42.115840911865234
83.8724594116211
81.78630065917969
77.98770904541016
85.95536041259766
77.62052917480469
83.92860412597656
86.91339874267578
57.92567443847656
87.95257568359375
85.899658203125
81.60421752929688
89.97969055175781
82.25857543945312
88.60256958007812
91.28030395507812
56.91872024536133
92.68228149414062
91.08221435546875
86.73103332519531
95.61460876464844
88.15151977539062
94.16615295410156
96.86697387695312
50.52705764770508
96.4533920288086
93.65963745117188
87.5164566040039
94.94082641601562
85.2805404663086
89.99568176269531
91.18562316894531
54.9825325012207
89.53980255126953
86.57881164550781
79.66050720214844
88.1262435913086
79.1604995727539
83.93061065673828
85.85044860839844
48.158233642578125
84.94562530517578
81.8838882446289
76.49359893798828
84.32272338867188
75.1594467163086
80.8248062133789
82.42710876464844
54.662960052490234
81.95381164550781
79.13943481445312
73.78330993652344
81.61366271972656
71.64836883544922
77.65975952148438
79.7234115600586
48.25041198730469
79.19458770751953
76.50044250488281
70.4393539428711
78.22428131103516
67.80611419677734
74.7777099609375
76.61204528808594
60.029144287109375
75.49481201171875
72.48779296875
69.63422393798828
78.98181915283203
73.74382019042969
80.34544372558594
83.50434875488281
47.667945861816406
83.37374114990234
81.07186126708984
74.88846588134766
82.88805389404297
74.11425018310547
80.03113555908203
82.58273315429688
37.28738784790039
82.40716552734375
80.06658935546875
75.27902221679688
84.06491088867188
76.71498107910156
81.64363098144531
83.63453674316406
41.15306091308594
83.19818878173828
80.5911865234375
74.01017761230469
83.08138275146484
75.51948547363281
81.4120101928711
84.41394805908203
49.97125244140625
85.23473358154297
83.54204559326172
76.99757385253906
85.94783782958984
77.35013580322266
81.64241027832031
82.4378662109375
52.3843879699707
80.7732925415039
77.95073699951172
72.35286712646484
79.8040542602539
71.4937973022461
77.1956787109375
80.78766632080078
54.33562088012695
82.61930847167969
81.47270965576172
75.8549575805664
84.96272277832031
77.08615112304688
82.47348022460938
85.24829864501953
49.234825134277344
85.74141693115234
83.332763671875
78.4366455078125
86.82600402832031
78.94573211669922
84.75821685791016
87.72724151611328
53.96425247192383
89.296630859375
88.02635192871094
83.87173461914062
93.07080841064453
85.69499206542969
92.4724349975586
95.98303985595703
61.08493423461914
97.22541809082031
94.86173248291016
89.01962280273438
96.63389587402344
87.2763671875
91.93000793457031
93.53880310058594
46.887088775634766
92.13520812988281
89.10227966308594
83.22056579589844
91.47545623779297
82.72279357910156
87.7370376586914
89.81324005126953
40.014259338378906
89.70024871826172
87.20861053466797
81.86954498291016
90.08035278320312
81.78655242919922
87.01353454589844
89.60273742675781
49.19246292114258
90.15308380126953
87.79960632324219
83.09312438964844
91.64170837402344
83.86150360107422
89.66262817382812
92.25725555419922
54.81361770629883
92.70802307128906
89.91094207763672
83.53857421875
90.1727523803711
79.36203002929688
83.13109588623047
83.092529296875
35.82728958129883
80.93333435058594
78.65790557861328
73.39568328857422
82.53964233398438
75.29077911376953
81.47964477539062
84.60696411132812
44.07805252075195
86.33100128173828
84.45530700683594
80.40494537353516
89.35565185546875
81.55553436279297
87.53866577148438
90.52327728271484
49.01386642456055
91.93758392333984
90.67787170410156
86.41349029541016
95.95043182373047
88.967529296875
95.29460906982422
98.80066680908203
54.53818893432617
100.72661590576172
99.06295013427734
93.99717712402344
102.18253326416016
93.0367431640625
97.4745864868164
98.5907211303711
58.64326858520508
96.16658782958984
92.5796127319336
86.04398345947266
93.50065612792969
83.51882934570312
88.01344299316406
89.56116485595703
39.394039154052734
89.63877868652344
88.43910217285156
84.95294952392578
94.98435974121094
88.28224182128906
94.81878662109375
97.85637664794922
57.67831802368164
98.0753402709961
95.54412841796875
89.97807312011719
97.93870544433594
89.40058898925781
94.51212310791016
96.51435089111328
51.58638000488281
95.97968292236328
93.50364685058594
87.96610260009766
96.17657470703125
87.65186309814453
92.83618927001953
94.8679428100586
58.63245391845703
93.7892837524414
91.22129821777344
86.12397766113281
94.52281951904297
86.28236389160156
92.17552947998047
94.57337188720703
53.530338287353516
94.96841430664062
92.76692199707031
87.59980010986328
96.05681610107422
87.63194274902344
93.15730285644531
95.50154113769531
57.79914855957031
95.57786560058594
93.18634033203125
87.51171875
95.65509033203125
86.76286315917969
91.87068939208984
94.19500732421875
42.71660614013672
95.3810806274414
93.77372741699219
89.01626586914062
97.78071594238281
90.06694030761719
95.46360778808594
97.95879364013672
58.75970458984375
98.4073715209961
96.51667785644531
91.7258071899414
100.66995239257812
92.8304443359375
98.46461486816406
101.04399108886719
52.844322204589844
101.26776123046875
98.82816314697266
93.58648681640625
101.5211181640625
92.65643310546875
96.84881591796875
97.72762298583984
55.046688079833984
94.88935089111328
92.01411437988281
86.88445281982422
95.55355072021484
87.56076049804688
93.51121520996094
96.23222351074219
47.46741485595703
96.81903076171875
94.76970672607422
89.7845230102539
98.22511291503906
90.10722351074219
95.72958374023438
98.30269622802734
61.63816833496094
99.24893951416016
97.31187438964844
92.5805435180664
101.23921203613281
93.20685577392578
98.93706512451172
101.5893325805664
53.086238861083984
101.9124526977539
99.45814514160156
94.09330749511719
102.0783920288086
93.68638610839844
99.35716247558594
102.28829956054688
53.19350051879883
103.59967803955078
101.78459167480469
96.76165771484375
105.30662536621094
96.83833312988281
102.07945251464844
104.01931762695312
57.53963851928711
103.13053131103516
100.2825698852539
94.58948516845703
102.3763656616211
93.64462280273438
98.7045669555664
100.63890838623047
55.89459228515625
100.07678985595703
97.27558898925781
91.1784896850586
97.93938446044922
86.93302154541016
89.30220031738281
88.02454376220703
62.11896514892578
79.43457794189453
72.70716094970703
66.96558380126953
68.60523986816406
64.07142639160156
69.70783233642578
73.31786346435547
49.68779373168945
75.22880554199219
72.8150405883789
68.98778533935547
78.9664077758789
70.62535858154297
77.73556518554688
81.92350006103516
54.919368743896484
84.45753479003906
83.0026626586914
78.58966064453125
87.45166778564453
79.73828887939453
85.48143005371094
87.92881774902344
53.555416107177734
88.25861358642578
85.79805755615234
80.74073791503906
88.74363708496094
79.5789566040039
85.4039306640625
87.6538314819336
53.978675842285156
85.30449676513672
80.77227783203125
72.46614074707031
76.80866241455078
67.150390625
72.35355377197266
79.09856414794922
51.711544036865234
85.64569854736328
85.71907043457031
82.47915649414062
91.83402252197266
84.07534790039062
89.11810302734375
91.0574722290039
57.24861145019531
89.20454406738281
85.89936065673828
80.19728088378906
87.91545104980469
79.60124969482422
85.27050018310547
87.23767852783203
53.39607238769531
88.16310119628906
85.9981460571289
80.70619201660156
88.82460021972656
79.95417022705078
85.2052230834961
87.09158325195312
54.19016647338867
87.10877990722656
85.175537109375
79.63861846923828
87.59217071533203
