82.88070678710938
83.31948852539062
84.99383544921875
85.28807830810547
86.88650512695312
88.09107208251953
89.50524139404297
90.69886016845703
91.21197509765625
91.22681427001953
89.19465637207031
87.88352966308594
85.48114013671875
83.59574890136719
82.258056640625
79.05057525634766
79.12108612060547
76.15226745605469
75.1351547241211
73.76094818115234
69.7209243774414
70.64946746826172
72.5428466796875
73.00607299804688
76.62433624267578
78.8076171875
82.16673278808594
83.89619445800781
84.98492431640625
83.953125
82.6845703125
81.86781311035156
79.69632720947266
79.47342681884766
77.52342224121094
77.01538848876953
76.73606872558594
73.83515167236328
75.3797378540039
72.62330627441406
73.95320892333984
73.294189453125
70.41633605957031
73.00003051757812
69.69596099853516
70.56536865234375
70.69313049316406
66.98458862304688
70.04244232177734
65.1458511352539
67.85890197753906
67.18978118896484
64.22917175292969
68.70378112792969
61.615943908691406
64.3310775756836
65.01223754882812
58.525352478027344
65.38402557373047
58.406982421875
53.6143798828125
61.85102462768555
52.90156555175781
61.84794235229492
66.05532836914062
60.6751708984375
69.58000946044922
69.37265014648438
73.22725677490234
75.7837905883789
76.73731994628906
80.11076354980469
79.72686004638672
80.95184326171875
79.46514129638672
79.3408432006836
78.45645141601562
76.55140686035156
77.29720306396484
74.3411865234375
75.97291564941406
74.34728240966797
73.17613220214844
74.48048400878906
71.6976318359375
73.74017333984375
72.38116455078125
72.2151107788086
72.50375366210938
70.34087371826172
72.77061462402344
71.264892578125
70.55592346191406
72.02517700195312
69.93401336669922
72.44441223144531
70.54434204101562
71.20841217041016
72.15796661376953
68.93948364257812
72.99749755859375
70.23528289794922
71.78421020507812
72.02082824707031
70.3056411743164
73.1622543334961
70.7561264038086
72.60869598388672
72.23077392578125
70.60001373291016
73.37647247314453
71.76469421386719
74.14014434814453
73.3576431274414
73.44328308105469
75.05537414550781
72.63114166259766
73.6226577758789
70.63593292236328
70.38028717041016
68.78558349609375
67.65089416503906
69.18992614746094
68.09461212158203
69.93490600585938
71.26809692382812
69.71279907226562
72.47250366210938
72.30176544189453
73.1631851196289
74.19657897949219
73.2814712524414
76.54243469238281
75.66740417480469
76.45162200927734
76.72319030761719
75.32630157470703
75.51768493652344
73.41751861572266
75.677490234375
76.5050048828125
77.5750732421875
79.94243621826172
80.88934326171875
83.27061462402344
84.29261016845703
85.44161224365234
85.11851501464844
83.94341278076172
83.15862274169922
81.43844604492188
81.88363647460938
81.71128845214844
82.31468200683594
82.92607116699219
82.55453491210938
82.99838256835938
82.27205657958984
82.8160171508789
82.498291015625
82.89069366455078
83.73079681396484
83.53605651855469
84.87421417236328
84.94242095947266
85.96267700195312
86.72474670410156
87.30075073242188
87.90574645996094
87.53043365478516
87.41732025146484
86.30896759033203
85.3931884765625
83.91166687011719
82.9694595336914
82.10095977783203
80.57115173339844
80.64659118652344
79.22652435302734
79.27212524414062
79.75688171386719
79.42170715332031
80.77204895019531
80.23808288574219
80.7026596069336
80.51688385009766
79.97660064697266
80.33970642089844
79.75564575195312
80.10111999511719
79.63213348388672
79.79910278320312
80.34748077392578
79.9993667602539
80.86932373046875
80.91748046875
81.26403045654297
81.91570281982422
81.67621612548828
82.68498992919922
82.6458511352539
83.52749633789062
84.2430191040039
84.56787109375
85.59375762939453
86.05903625488281
86.98931884765625
87.5445785522461
88.08753967285156
88.5235366821289
88.34664916992188
88.38375091552734
87.61131286621094
87.228271484375
86.198486328125
85.48250579833984
84.87230682373047
83.7065658569336
83.38325500488281
82.186767578125
81.78726959228516
81.0223617553711
80.07636260986328
80.02935028076172
78.62407684326172
78.94200134277344
77.58478546142578
77.19801330566406
77.57059478759766
75.62474822998047
76.48085021972656
75.6898193359375
75.42185974121094
75.43853759765625
74.09883117675781
74.68046569824219
73.78519439697266
73.3787612915039
74.2386245727539
72.96656799316406
73.43168640136719
72.12822723388672
72.73979949951172
73.03094482421875
71.65521240234375
73.16118621826172
70.77567291259766
71.72045135498047
72.10763549804688
70.1822280883789
71.95272827148438
70.04519653320312
72.06949615478516
70.79499816894531
69.73971557617188
71.48963928222656
68.88980865478516
71.64794158935547
70.86581420898438
69.53230285644531
71.56148529052734
68.3022689819336
70.36827850341797
69.83065795898438
68.36494445800781
69.76378631591797
67.35384368896484
69.48812866210938
69.58169555664062
69.74419403076172
73.89797973632812
73.3508071899414
75.48919677734375
75.39984893798828
75.46142578125
74.76776885986328
72.98126983642578
73.35934448242188
71.58325958251953
72.83346557617188
73.68824005126953
73.19001007080078
74.36441802978516
74.1839599609375
75.4009780883789
76.58229064941406
76.06755065917969
77.96788787841797
77.52439880371094
78.81694030761719
79.58722686767578
80.18367767333984
81.62965393066406
81.7164306640625
83.2166976928711
83.74739074707031
84.43605041503906
85.00951385498047
85.02842712402344
85.18977355957031
84.48635864257812
84.4287109375
83.52654266357422
83.02828216552734
82.29056549072266
81.28990173339844
81.40819549560547
80.1480712890625
80.26270294189453
79.84645080566406
78.92901611328125
79.09102630615234
77.8631362915039
78.68998718261719
78.04475402832031
77.78506469726562
78.47870635986328
77.47624969482422
78.37323760986328
77.32730102539062
77.53130340576172
77.43582916259766
76.42338562011719
76.93575286865234
74.98526763916016
75.25951385498047
75.3189697265625
74.55867004394531
76.20802307128906
75.991455078125
77.00265502929688
78.15662384033203
78.06727600097656
79.3129653930664
79.60466766357422
80.59239959716797
81.46024322509766
82.10580444335938
83.71721649169922
84.63257598876953
86.09051513671875
86.71610260009766
87.23200225830078
86.75055694580078
85.90196228027344
84.28178405761719
82.75426483154297
81.67630004882812
79.8532485961914
79.29198455810547
77.26229858398438
76.57308959960938
76.0196304321289
73.90843963623047
73.87113952636719
71.95547485351562
71.22859191894531
71.31561279296875
68.74449157714844
69.93928527832031
67.33432006835938
67.08073425292969
67.41265869140625
64.84778594970703
67.03939819335938
65.75962829589844
66.58162689208984
68.03714752197266
66.70796966552734
70.98550415039062
69.75125122070312
70.48121643066406
71.84393310546875
67.95616912841797
69.33300018310547
68.10794830322266
66.39141082763672
67.33515930175781
62.67349624633789
64.6659927368164
66.9182357788086
64.60611724853516
70.55736541748047
70.07032775878906
72.91019439697266
74.90824890136719
75.3256607055664
77.86888122558594
78.39807891845703
80.34955596923828
81.30168914794922
81.67671203613281
82.87947082519531
82.89244842529297
84.20010375976562
84.50602722167969
85.30453491210938
85.68539428710938
85.67481231689453
85.84021759033203
85.46988677978516
85.58814239501953
85.11737060546875
85.15515899658203
85.13922882080078
84.5025634765625
84.83590698242188
84.2784423828125
84.63978576660156
84.60247802734375
84.37063598632812
84.71842193603516
84.32978820800781
84.45535278320312
83.806884765625
82.87818145751953
82.86044311523438
81.89118194580078
82.42716217041016
82.09012603759766
82.28641510009766
82.45378875732422
82.05508422851562
83.16407775878906
83.2801513671875
83.75569915771484
84.17963409423828
84.00822448730469
84.6816177368164
84.43211364746094
84.7335433959961
84.72579956054688
84.67362976074219
85.18018341064453
84.83472442626953
85.20087432861328
85.10325622558594
85.24237060546875
85.58070373535156
85.1966781616211
85.6980209350586
85.5595474243164
85.82526397705078
85.90372467041016
85.5628662109375
86.0063705444336
85.95525360107422
85.99427795410156
85.97795104980469
85.91777801513672
86.22384643554688
85.86483001708984
86.29558563232422
86.17320251464844
86.1370849609375
86.36882781982422
86.03605651855469
86.27347564697266
86.08602142333984
85.89292907714844
85.57830047607422
84.87062072753906
84.71400451660156
83.9660415649414
84.26956939697266
84.41077423095703
84.58805084228516
85.1575698852539
85.14735412597656
85.60604858398438
85.80960845947266
86.03623962402344
86.43446350097656
86.48632049560547
87.139404296875
87.50666809082031
87.83554077148438
88.35978698730469
88.66153717041016
89.33975982666016
89.57121276855469
89.99177551269531
90.10562896728516
90.09209442138672
90.03556823730469
89.33135986328125
88.85678100585938
87.92303466796875
87.0261459350586
86.1859359741211
84.9078598022461
84.3013687133789
83.00520324707031
82.66793823242188
81.49299621582031
80.94161224365234
80.47964477539062
79.74656677246094
80.01749420166016
79.46074676513672
80.32360076904297
80.40276336669922
81.75621795654297
82.3826904296875
83.54280090332031
84.39608764648438
84.54972839355469
84.95532989501953
84.91300964355469
84.85733032226562
84.46414947509766
84.07482147216797
83.06488037109375
82.32064819335938
81.23237609863281
79.83174133300781
79.5196533203125
77.96054077148438
77.60586547851562
75.41417694091797
74.91178131103516
74.19893646240234
71.6172866821289
72.5233383178711
70.47327423095703
69.4407958984375
69.13096618652344
64.6423110961914
66.64276123046875
67.66532897949219
67.943115234375
70.98856353759766
72.24229431152344
74.17417907714844
75.99100494384766
76.76617431640625
78.97148895263672
79.4110107421875
80.96654510498047
81.38922882080078
81.82466125488281
81.91748046875
81.00494384765625
80.72283935546875
79.85417175292969
80.47352600097656
80.4736328125
80.0680923461914
79.11414337158203
77.09310150146484
75.87825012207031
73.91899871826172
73.36734008789062
74.05982971191406
74.18746185302734
76.02922821044922
77.25248718261719
78.54426574707031
79.85115814208984
80.0643310546875
81.06062316894531
80.72625732421875
81.58892059326172
81.24293518066406
81.23297882080078
81.3331298828125
80.31983947753906
80.10558319091797
78.78092956542969
78.19152069091797
76.56633758544922
73.97233581542969
73.91016387939453
70.5997314453125
70.31094360351562
66.38787078857422
