78.21591186523438
83.66674041748047
86.50350189208984
65.30510711669922
87.42355346679688
85.90126037597656
81.48020935058594
90.47654724121094
83.03761291503906
89.30095672607422
92.8349838256836
70.85399627685547
95.67562103271484
94.40239715576172
89.7900161743164
97.0649642944336
87.15482330322266
90.45761108398438
90.73133850097656
65.49314880371094
87.30403900146484
83.40257263183594
75.62641906738281
82.64749908447266
72.35011291503906
76.68157958984375
77.1726303100586
49.108543395996094
76.6557388305664
75.3738021850586
70.6664047241211
83.43706512451172
78.08679962158203
85.86369323730469
89.24291229248047
65.82188415527344
88.23135375976562
84.54674530029297
77.78606414794922
85.01034545898438
76.1358871459961
80.5179672241211
81.9055404663086
58.616790771484375
80.57225036621094
77.76673889160156
71.93866729736328
79.71790313720703
70.97368621826172
75.49208068847656
77.31295776367188
54.511043548583984
76.62823486328125
73.66017150878906
68.54792022705078
76.87114715576172
68.2238540649414
72.76660919189453
74.70135498046875
55.30559539794922
74.57208251953125
72.45746612548828
66.06292724609375
73.81719970703125
65.05337524414062
69.64451599121094
71.66956329345703
51.9737663269043
71.37785339355469
68.04205322265625
62.703617095947266
69.42393493652344
60.78379821777344
67.02460479736328
67.39592742919922
48.17129898071289
65.6887435913086
62.6685676574707
50.15443420410156
57.39044952392578
53.1556282043457
59.46966552734375
66.92236328125
50.73311996459961
73.83841705322266
74.78181457519531
71.40572357177734
83.05787658691406
78.4917221069336
86.24868774414062
90.22409057617188
65.76699829101562
90.76252746582031
87.96412658691406
81.97030639648438
90.05980682373047
81.71634674072266
86.93071746826172
89.45176696777344
67.68061065673828
89.74606323242188
88.13634490966797
81.99878692626953
90.8792724609375
82.8367691040039
86.0687026977539
87.580810546875
60.89252471923828
83.97028350830078
79.9385757446289
73.9423599243164
81.90312957763672
74.73125457763672
81.94727325439453
86.21880340576172
69.62300872802734
88.0118637084961
86.4542465209961
78.64616394042969
87.7110595703125
78.93666076660156
82.81228637695312
84.74360656738281
55.739742279052734
83.94947814941406
81.42829895019531
75.48167419433594
83.92005157470703
75.64168548583984
81.39649200439453
84.0455322265625
60.61195755004883
84.64485168457031
82.9566421508789
77.79566955566406
87.4257583618164
80.66889190673828
86.2124252319336
89.82805633544922
70.65079498291016
91.31563568115234
89.82669830322266
82.86341094970703
91.53986358642578
82.95111083984375
86.51602172851562
87.86136627197266
64.4624252319336
85.74111938476562
82.86011505126953
76.48405456542969
84.78031158447266
77.00955963134766
79.27484893798828
80.50288391113281
58.68540573120117
79.4859619140625
77.78375244140625
71.47063446044922
80.90105438232422
73.40148162841797
78.29859924316406
80.68647003173828
55.678524017333984
80.13188171386719
78.1190414428711
72.93803405761719
81.13642120361328
73.38178253173828
78.07759094238281
80.70405578613281
56.88737106323242
80.77737426757812
78.56986999511719
73.5190658569336
81.94023895263672
74.04208374023438
79.54934692382812
81.98843383789062
59.77072525024414
83.52139282226562
82.14816284179688
77.61491394042969
86.78050994873047
79.40705871582031
84.95967102050781
88.01492309570312
65.16120147705078
89.01031494140625
87.7701187133789
82.67233276367188
91.80609130859375
84.72384643554688
89.22616577148438
91.95380401611328
66.51483154296875
90.6361312866211
87.98806762695312
80.99031829833984
89.04689025878906
80.38177490234375
84.05598449707031
85.59475708007812
56.763694763183594
84.44300079345703
81.51569366455078
75.12001037597656
83.2107925415039
74.1215591430664
79.06232452392578
81.0984115600586
52.83738708496094
80.01102447509766
77.28813934326172
71.27698516845703
79.61289978027344
69.67964172363281
75.84949493408203
77.99420928955078
46.03280258178711
77.09070587158203
74.61914825439453
68.589111328125
77.08355712890625
68.46943664550781
73.31661987304688
76.0282974243164
55.52487564086914
75.0621109008789
73.03848266601562
67.52684020996094
75.80101776123047
67.07969665527344
71.7677230834961
74.07041931152344
48.2878303527832
74.01592254638672
71.78619384765625
65.36422729492188
74.50064086914062
66.65731811523438
71.7071533203125
73.99993896484375
38.17325210571289
74.25269317626953
71.39414978027344
65.6289291381836
74.2008285522461
66.51444244384766
73.01033782958984
75.15581512451172
49.95356369018555
74.94190216064453
73.38516235351562
68.78794860839844
76.27892303466797
67.96882629394531
73.82402038574219
77.0234375
56.733524322509766
77.67373657226562
75.5569839477539
70.94285583496094
79.21273803710938
71.12911224365234
75.4091796875
76.61498260498047
53.60618591308594
74.43055725097656
70.95891571044922
63.266849517822266
69.4200439453125
58.357421875
62.987464904785156
64.62609100341797
51.71181869506836
66.35871124267578
63.283790588378906
65.49401092529297
70.28167724609375
59.80646514892578
70.19934844970703
70.75355529785156
51.52052688598633
73.888671875
71.84711456298828
68.6660385131836
78.18197631835938
71.51648712158203
78.01578521728516
81.37374877929688
58.100032806396484
83.03582000732422
81.55191040039062
76.64486694335938
86.5062255859375
79.20409393310547
85.6485366821289
88.8856201171875
67.10662841796875
89.69135284423828
87.21192169189453
81.39793395996094
88.83944702148438
79.73672485351562
83.95701599121094
85.72383880615234
59.27728271484375
84.38642120361328
81.50476837158203
75.5264892578125
83.33335876464844
75.01827239990234
80.09955596923828
81.92639923095703
57.78328323364258
81.36392211914062
78.87493896484375
73.98930358886719
82.07830810546875
73.98807525634766
79.03379821777344
81.50640869140625
57.3533821105957
81.55076599121094
79.59426879882812
75.11685180664062
83.26946258544922
75.9118423461914
81.17559814453125
84.05147552490234
60.258506774902344
85.10839080810547
83.67692565917969
78.87139129638672
88.17750549316406
81.10029602050781
86.21338653564453
88.92180633544922
61.16872024536133
86.86656188964844
83.20010375976562
75.75794219970703
82.54135131835938
72.0450210571289
76.45421600341797
76.4101333618164
39.217430114746094
73.70862579345703
69.62439727783203
65.02207946777344
70.3717269897461
59.766334533691406
69.24706268310547
70.70819854736328
53.864593505859375
73.31192016601562
71.96514892578125
68.79725646972656
77.77639770507812
70.61426544189453
76.45918273925781
78.96968841552734
55.693443298339844
79.84143829345703
77.9107437133789
74.79830932617188
83.72687530517578
77.42434692382812
83.71129608154297
87.9877700805664
72.5406723022461
90.96898651123047
90.35162353515625
83.08074951171875
92.18284606933594
83.34602355957031
85.98930358886719
87.04327392578125
57.34675598144531
84.0447006225586
80.37566375732422
75.02822875976562
82.7554931640625
74.89337158203125
82.32652282714844
86.2189712524414
65.23611450195312
88.98014068603516
87.66260528564453
82.66446685791016
91.51321411132812
83.42181396484375
88.26078796386719
90.63032531738281
65.73797607421875
90.11183166503906
87.79808807373047
81.98350524902344
90.37995147705078
82.0381851196289
87.03421020507812
89.35287475585938
62.791351318359375
89.24299621582031
86.95311737060547
81.5471420288086
90.0142822265625
81.87554931640625
86.67334747314453
88.75597381591797
62.39413070678711
87.88485717773438
85.62986755371094
80.72348022460938
88.8359375
80.66413116455078
86.09561920166016
88.48045349121094
64.75403594970703
88.40179443359375
86.16401672363281
80.69033813476562
88.69767761230469
80.14036560058594
84.98509216308594
87.32584381103516
64.5851821899414
88.33711242675781
86.54857635498047
81.72811126708984
90.34315490722656
82.40462493896484
87.76788330078125
90.17082214355469
66.2173080444336
90.25128173828125
87.98877716064453
82.75802612304688
91.14388275146484
83.48676300048828
89.15482330322266
92.1155776977539
68.81645202636719
92.88322448730469
90.71808624267578
85.46988677978516
93.73516082763672
85.53471374511719
90.59130096435547
92.86593627929688
68.1762466430664
92.4618911743164
90.05862426757812
84.16967010498047
91.9537353515625
83.33193969726562
87.290771484375
88.8677978515625
62.21849060058594
88.62541961669922
86.70946502685547
81.95365142822266
90.55281829833984
82.67166137695312
88.24256896972656
90.8521499633789
65.8377685546875
91.68872833251953
89.91825103759766
85.02983856201172
93.70531463623047
85.87136840820312
91.45657348632812
94.15862274169922
69.36904907226562
94.60050201416016
92.45791625976562
87.08869171142578
95.38651275634766
86.83915710449219
91.54060363769531
93.05914306640625
67.56602478027344
91.43082427978516
88.83592224121094
84.038818359375
92.67228698730469
85.5597915649414
91.1875
94.35322570800781
72.28185272216797
95.17427825927734
93.26042938232422
87.3106918334961
95.72152709960938
87.25041961669922
91.54397583007812
93.37316131591797
68.65215301513672
91.73519134521484
88.75856018066406
82.13746643066406
89.74835968017578
80.73587799072266
84.19042205810547
85.48751831054688
61.112648010253906
84.26604461669922
82.70567321777344
76.7957763671875
85.66216278076172
77.20137786865234
81.92637634277344
83.74138641357422
50.727516174316406
83.03929901123047
80.24825286865234
74.13143157958984
82.0150375366211
73.28215026855469
78.24826049804688
80.31878662109375
56.64469909667969
82.96348571777344
81.23773956298828
76.11304473876953
83.3875503540039
73.8972396850586
78.51192474365234
80.02497863769531
53.06081771850586
79.6482162475586
77.10062408447266
73.16374206542969
81.66138458251953
74.43004608154297
80.0277328491211
82.67841339111328
58.23274612426758
83.09698486328125
80.40303039550781
73.69035339355469
80.32931518554688
70.33324432373047
70.87496185302734
67.88343048095703
45.84690475463867
64.28852081298828
66.81714630126953
68.94456481933594
79.2699203491211
73.29190063476562
79.73873138427734
82.83582305908203
58.26588821411133
82.76214599609375
79.50830078125
72.95722961425781
80.07077026367188
70.09192657470703
75.5877914428711
77.39846801757812
51.934898376464844
77.38125610351562
75.67837524414062
70.61698913574219
79.21409606933594
70.48411560058594
75.61116027832031
77.28426361083984
51.37248992919922
74.13350677490234
70.88811492919922
66.02305603027344
73.60755920410156
