73.77567291259766
79.01211547851562
82.0030517578125
66.28790283203125
83.11720275878906
81.67109680175781
77.7911605834961
86.53899383544922
80.53429412841797
85.67762756347656
89.28844451904297
76.66558074951172
91.2134780883789
87.96121978759766
83.43649291992188
88.40618896484375
77.79351043701172
82.11148071289062
82.37190246582031
61.57535934448242
78.8949966430664
75.14252471923828
68.52598571777344
74.8951644897461
65.06631469726562
69.08753204345703
70.88099670410156
56.54454803466797
72.39877319335938
73.13668823242188
71.50145721435547
81.81272888183594
75.765869140625
81.71994018554688
82.26343536376953
63.97535705566406
80.2850341796875
76.4830551147461
71.50326538085938
77.86044311523438
68.86534881591797
72.97840881347656
74.49748992919922
58.3958625793457
73.50338745117188
70.66551971435547
64.90419006347656
72.31893920898438
63.408348083496094
69.13581085205078
70.32559967041016
54.97679138183594
69.5714340209961
67.6769027709961
60.238121032714844
67.84564208984375
59.44581985473633
66.06856536865234
67.53414154052734
51.53882598876953
64.66649627685547
61.69001007080078
58.24296951293945
65.48907470703125
58.3165168762207
58.95598220825195
62.54066467285156
41.50115966796875
59.38843536376953
54.11288833618164
55.88841247558594
60.709938049316406
53.36567687988281
54.099918365478516
57.175933837890625
44.16648483276367
55.21809768676758
54.77034378051758
58.84107208251953
65.62784576416016
62.272132873535156
66.67239379882812
70.6341323852539
59.53020477294922
75.33721923828125
75.8335952758789
74.87043762207031
83.2855453491211
76.1721420288086
82.80256652832031
83.43023681640625
65.87519836425781
81.96629333496094
78.62300109863281
73.31084442138672
80.9777603149414
72.08007049560547
77.92912292480469
79.65975189208984
61.07774353027344
79.58918762207031
77.46180725097656
72.28583526611328
80.96566009521484
73.75308227539062
78.00379180908203
81.34644317626953
64.5221176147461
80.71882629394531
79.17680358886719
72.25198364257812
78.3568115234375
69.0326919555664
72.29043579101562
73.6238784790039
55.46593475341797
75.41415405273438
75.09725952148438
68.76825714111328
80.60096740722656
76.17705535888672
78.42967224121094
83.57661437988281
70.98458862304688
81.97833251953125
80.13145446777344
73.37364196777344
81.14485931396484
73.38435363769531
75.68218994140625
78.27369689941406
59.6164665222168
77.53925323486328
75.44198608398438
68.91413879394531
77.91459655761719
71.40901184082031
74.17787170410156
78.19512939453125
59.26237869262695
78.43333435058594
78.13397979736328
68.12701416015625
80.6209487915039
73.91921997070312
75.46656799316406
77.86267852783203
63.99905776977539
69.6554946899414
70.23640441894531
55.42193603515625
76.0163803100586
74.07750701904297
76.33734893798828
82.3298110961914
72.68611907958984
82.73600006103516
82.5123062133789
74.85038757324219
82.85172271728516
76.00721740722656
78.22486114501953
80.28714752197266
67.83631896972656
78.92286682128906
76.9142837524414
70.11528015136719
78.19629669189453
70.66055297851562
75.3227310180664
77.75950622558594
64.35995483398438
76.79572296142578
74.42460632324219
69.79046630859375
77.54061126708984
70.65074157714844
74.65262603759766
77.7139663696289
62.89142990112305
78.0849609375
76.65721130371094
72.62429809570312
80.49887084960938
73.30728912353516
77.78436279296875
80.63835906982422
63.50530242919922
81.55207824707031
80.28141784667969
74.61604309082031
83.97686767578125
77.37957000732422
82.04878997802734
85.57684326171875
70.64201354980469
86.15679168701172
85.17768096923828
77.91595458984375
86.84378051757812
79.87300109863281
82.40422821044922
84.39691925048828
69.34989166259766
82.23721313476562
79.55150604248047
74.2259292602539
80.82474517822266
73.09955596923828
76.4358901977539
78.0144271850586
62.21553039550781
77.056396484375
74.6133041381836
68.95824432373047
76.26669311523438
67.83097839355469
72.34099578857422
74.08221435546875
60.3912353515625
73.58849334716797
70.93712615966797
64.96601867675781
72.8656005859375
65.22357940673828
70.0594253540039
71.81511688232422
57.708885192871094
70.68799591064453
68.80471801757812
63.231815338134766
70.9275131225586
63.66008377075195
68.63652038574219
70.5395736694336
53.7512092590332
68.99046325683594
66.93028259277344
64.0172119140625
71.01160430908203
63.30487060546875
66.05258178710938
68.97933959960938
53.674190521240234
69.98226928710938
67.25772094726562
63.4008674621582
69.44963836669922
62.850406646728516
65.33819580078125
68.04048156738281
52.94358825683594
69.57745361328125
68.48867797851562
59.53715515136719
69.09396362304688
62.436012268066406
67.7900161743164
70.59059143066406
57.10279846191406
70.55621337890625
69.2171401977539
63.16785430908203
72.08480834960938
65.73890686035156
68.77729797363281
71.14498901367188
54.14549255371094
68.00643157958984
65.07189178466797
59.277034759521484
62.44548416137695
54.40180969238281
57.14921951293945
61.997779846191406
54.02880096435547
67.5901107788086
67.38920593261719
65.33790588378906
72.7002182006836
66.13280487060547
69.58729553222656
72.37561798095703
58.3395881652832
73.04682922363281
71.90258026123047
65.73577117919922
74.25943756103516
67.0584945678711
72.47822570800781
75.69257354736328
64.83737182617188
77.19882202148438
76.3777847290039
72.09668731689453
79.75321197509766
73.21076202392578
78.99043273925781
79.13294982910156
69.55409240722656
80.38795471191406
75.88377380371094
74.28086853027344
80.49571228027344
71.92174530029297
76.45021057128906
78.05778503417969
59.21064758300781
77.49492645263672
74.48458862304688
69.30597686767578
76.7836685180664
67.97298431396484
73.171142578125
75.24207305908203
58.68125534057617
75.3001708984375
72.82054901123047
67.21070098876953
75.36141204833984
66.59131622314453
73.04104614257812
75.06668853759766
59.8848876953125
75.30049133300781
73.14230346679688
69.02546691894531
77.0967788696289
69.35916900634766
74.67324829101562
77.47679138183594
60.624778747558594
78.5459976196289
77.12564086914062
72.35572052001953
81.80690002441406
75.22905731201172
80.27127075195312
83.961181640625
70.56281280517578
84.76617431640625
82.81365203857422
76.28475189208984
82.74835968017578
73.8032455444336
77.49302673339844
78.0739974975586
64.62698364257812
75.21377563476562
71.38909912109375
66.3858413696289
72.4822769165039
63.963783264160156
67.224853515625
68.19669342041016
55.1616096496582
65.46623992919922
61.65675354003906
61.349334716796875
63.171363830566406
55.11784362792969
62.57538986206055
64.01742553710938
45.33646774291992
66.60113525390625
60.92430114746094
62.95194625854492
69.9537582397461
62.603553771972656
68.73468017578125
71.59848022460938
42.18031692504883
73.90996551513672
71.74363708496094
68.2048110961914
77.82371520996094
71.46027374267578
77.19982147216797
82.2157211303711
69.49703216552734
83.4449462890625
84.93856048583984
75.11515808105469
85.72476959228516
79.573486328125
81.02832794189453
81.43412780761719
69.94866943359375
80.41624450683594
77.26078796386719
74.8798599243164
82.9241943359375
75.83296966552734
81.1462631225586
83.82681274414062
66.40022277832031
83.79446411132812
81.63707733154297
76.44676971435547
84.26912689208984
76.44271087646484
80.82289123535156
83.2023696899414
67.3065185546875
83.156982421875
80.88902282714844
75.24800872802734
83.47100067138672
75.76471710205078
80.67845916748047
82.74638366699219
66.44790649414062
82.63809967041016
80.40092468261719
74.71273803710938
83.42487335205078
76.55867004394531
80.89942169189453
83.88944244384766
68.67084503173828
83.51942443847656
81.49974060058594
76.58783721923828
84.03730010986328
76.06362915039062
80.36556243896484
82.60335540771484
66.27115631103516
83.24100494384766
81.33624267578125
77.0319595336914
84.89154052734375
77.52445220947266
82.0063705444336
84.34663391113281
68.5460433959961
84.57520294189453
82.128662109375
77.08678436279297
84.78671264648438
76.08282470703125
82.02098846435547
84.06730651855469
64.72733306884766
84.8935546875
83.47916412353516
77.93504333496094
86.97529602050781
79.72150421142578
83.95418548583984
86.44503021240234
69.58848571777344
85.90616607666016
83.95600891113281
78.2450942993164
86.27423095703125
78.7182846069336
82.44365692138672
84.8229751586914
67.74772644042969
83.9317398071289
81.6816177368164
75.96592712402344
84.85572814941406
78.34353637695312
82.56136322021484
85.73033142089844
70.82516479492188
86.23200988769531
84.88509368896484
79.19357299804688
88.32049560546875
81.30628967285156
85.9168472290039
88.62788391113281
73.45511627197266
88.7493667602539
86.89437103271484
81.558837890625
89.69171142578125
82.33810424804688
86.34707641601562
88.59210205078125
72.81591796875
87.08454895019531
83.8458251953125
78.28057098388672
85.00614166259766
76.16857147216797
81.80184936523438
84.53519439697266
65.3583984375
86.0848388671875
85.17900085449219
78.90450286865234
88.7459945678711
82.42616271972656
85.4645767211914
88.2524642944336
73.7413558959961
86.84515380859375
84.3353500366211
77.35623931884766
84.67741394042969
76.14993286132812
79.1984634399414
80.30309295654297
62.409706115722656
78.87999725341797
78.38301849365234
72.87501525878906
83.71591186523438
78.42709350585938
80.7660140991211
83.30943298339844
69.65621948242188
81.85809326171875
79.13214874267578
73.30975341796875
80.30584716796875
72.53279876708984
75.91663360595703
77.99942779541016
63.94581604003906
79.76119995117188
79.47705841064453
74.06559753417969
81.82928466796875
74.19888305664062
77.61983489990234
79.28992462158203
65.80773162841797
77.7772216796875
75.04325103759766
69.28569030761719
76.99116516113281
69.6332015991211
75.2215805053711
78.1729736328125
64.063720703125
79.21381378173828
77.7884750366211
72.05741119384766
79.20848846435547
70.86138153076172
72.34862518310547
70.9169692993164
55.50447463989258
66.6397476196289
63.33465576171875
62.076072692871094
71.29405975341797
65.9413833618164
72.50394439697266
76.62935638427734
63.069915771484375
77.76876831054688
75.59867858886719
70.06161499023438
76.91869354248047
68.0782470703125
72.29905700683594
72.24425506591797
58.60371780395508
71.24761199951172
68.78573608398438
64.13304901123047
71.66423797607422
63.35310745239258
69.72074890136719
70.53746032714844
52.30316925048828
68.43231201171875
64.66828155517578
60.43656539916992
66.25028991699219
