78.57955932617188
84.03392028808594
86.75686645507812
53.20650100708008
87.80577087402344
86.24412536621094
81.49664306640625
90.6302261352539
83.20218658447266
89.52743530273438
92.98190307617188
61.23259353637695
95.49740600585938
94.15562438964844
89.69019317626953
97.26043701171875
87.15960693359375
91.0254898071289
91.21846008300781
48.74092102050781
87.81832122802734
83.88396453857422
76.66160583496094
83.4295883178711
72.78458404541016
76.991455078125
77.34379577636719
46.90019226074219
76.55357360839844
75.57992553710938
71.133056640625
83.18047332763672
77.70905303955078
85.74285125732422
89.32430267333984
58.614036560058594
88.61669158935547
84.62262725830078
78.14471435546875
85.37970733642578
75.87064361572266
81.1242904663086
82.29164123535156
45.27776336669922
80.9359359741211
77.92797088623047
73.15804290771484
80.0680160522461
70.82324981689453
76.34756469726562
78.11840057373047
42.038536071777344
76.97289276123047
74.33662414550781
69.95520782470703
77.19171905517578
67.31643676757812
72.73149108886719
74.98495483398438
48.11927795410156
74.68858337402344
72.17794036865234
65.34303283691406
74.39820861816406
64.70877838134766
70.989990234375
71.91155242919922
45.408634185791016
72.40595245361328
69.26103973388672
61.36704635620117
70.51663970947266
61.64254379272461
68.24022674560547
69.42495727539062
51.77467727661133
68.0291748046875
63.736328125
50.244014739990234
62.633541107177734
52.73701477050781
58.67552947998047
65.5746078491211
53.90681457519531
73.12671661376953
74.03189086914062
70.64524841308594
82.84435272216797
77.60535430908203
86.12361907958984
90.36888122558594
55.46072769165039
91.0908432006836
88.45658874511719
82.41524505615234
90.44599914550781
82.17715454101562
87.34097290039062
89.9218978881836
55.39182662963867
90.48599243164062
88.78092193603516
82.44574737548828
91.38623046875
83.11778259277344
86.52850341796875
88.03466033935547
60.72505569458008
84.32008361816406
80.69074249267578
74.78414154052734
83.58499908447266
76.7679443359375
82.92405700683594
87.40214538574219
65.1068344116211
87.98519134521484
85.7812271118164
78.90110778808594
86.705322265625
77.80503845214844
82.41039276123047
84.46814727783203
55.91232681274414
83.73352813720703
81.3395004272461
76.0566177368164
84.18553161621094
75.51360321044922
81.6110610961914
84.19844818115234
54.57036590576172
85.20038604736328
83.61756896972656
78.52674865722656
87.83786010742188
80.2696762084961
87.07915496826172
90.57852172851562
63.45559310913086
91.89079284667969
90.09913635253906
83.57522583007812
91.9120864868164
82.74071502685547
87.13449096679688
88.47745513916016
50.39256286621094
86.58746337890625
83.61283111572266
77.39606475830078
85.8529052734375
77.26020050048828
80.09010314941406
80.96187591552734
53.759090423583984
79.57301330566406
77.73290252685547
72.39384460449219
80.5350112915039
72.8846664428711
77.80715942382812
80.40808868408203
51.829429626464844
80.29912567138672
78.08122253417969
72.3417739868164
81.25211334228516
73.4806900024414
78.29312896728516
80.67413330078125
44.45515441894531
80.8770980834961
78.80313110351562
73.58209228515625
82.28875732421875
74.08934020996094
79.3576889038086
82.23435974121094
53.59126281738281
83.60269927978516
82.46102142333984
77.74803161621094
87.06582641601562
79.51655578613281
85.32339477539062
88.3108139038086
55.7559814453125
89.59978485107422
87.95668029785156
82.93758392333984
92.10346984863281
84.5925521850586
89.38682556152344
91.82203674316406
60.19469451904297
90.56060028076172
87.5245132446289
81.30158233642578
88.92044067382812
80.01854705810547
84.08861541748047
85.74433135986328
55.084693908691406
84.29634857177734
81.41232299804688
75.34346008300781
83.11959838867188
74.37191772460938
79.09075164794922
81.0644760131836
43.71975326538086
80.13658905029297
77.54837036132812
71.11540222167969
79.59059143066406
70.92217254638672
75.78911590576172
78.10661315917969
47.247535705566406
77.09671020507812
74.20915985107422
69.2958755493164
77.4039077758789
68.44404602050781
73.79290008544922
76.34806823730469
41.428627014160156
75.09201049804688
72.6485366821289
68.72765350341797
75.62910461425781
66.77323913574219
72.32341766357422
74.59580993652344
30.189083099365234
73.88301849365234
72.34236145019531
66.72850036621094
75.29698181152344
66.79832458496094
71.88859558105469
73.8697509765625
47.35353088378906
74.3056411743164
72.27672576904297
65.84961700439453
75.47560119628906
65.9504165649414
73.09584045410156
74.93975067138672
49.504425048828125
75.36028289794922
73.2918701171875
68.82774353027344
76.52530670166016
69.10549926757812
74.98577117919922
77.47752380371094
45.67152786254883
77.54205322265625
75.78192138671875
71.13639831542969
79.4137954711914
71.46639251708984
75.51449584960938
77.17150115966797
48.7200927734375
74.84453582763672
70.76605987548828
63.07115173339844
69.61465454101562
55.88777542114258
63.95464324951172
66.0080337524414
55.83590316772461
67.23004150390625
66.2003173828125
64.9684066772461
72.45299530029297
64.21781158447266
69.72652435302734
72.07197570800781
47.90795135498047
74.6453628540039
73.6448974609375
68.95923614501953
79.13992309570312
71.94956970214844
78.39989471435547
81.84536743164062
52.2972412109375
83.52619934082031
81.81305694580078
77.47662353515625
86.69491577148438
79.6059341430664
85.82125854492188
89.05423736572266
47.791786193847656
89.99329376220703
87.31987762451172
81.642578125
89.06322479248047
79.96820068359375
84.33712005615234
85.8548355102539
41.57120132446289
84.58149719238281
81.74977111816406
75.87991333007812
83.74491882324219
74.3581771850586
80.23113250732422
82.31096649169922
48.78312301635742
81.90457153320312
79.45687103271484
73.88459777832031
82.25801849365234
73.89407348632812
79.32422637939453
82.00556182861328
47.5450439453125
82.09017944335938
79.99890899658203
74.83079528808594
83.62779998779297
75.67081451416016
81.10311126708984
84.21391296386719
51.307861328125
85.39533233642578
83.86351776123047
78.94461822509766
88.37820434570312
80.9052734375
86.30664825439453
88.791259765625
57.373451232910156
86.62840270996094
83.00996398925781
75.87120819091797
82.25727081298828
71.96499633789062
76.0771255493164
77.01985168457031
48.54609680175781
73.48929595947266
69.60696411132812
62.89020538330078
71.23930358886719
60.347171783447266
69.17460632324219
72.12251281738281
47.70953369140625
74.14460754394531
72.62954711914062
69.72907257080078
78.34329986572266
70.92620086669922
77.1841812133789
79.54191589355469
52.936893463134766
80.47578430175781
78.3714599609375
75.45761108398438
84.809814453125
78.4810562133789
84.99671173095703
89.2463150024414
63.670440673828125
91.9580307006836
90.80777740478516
83.88187408447266
92.07889556884766
82.89395904541016
86.0872802734375
87.03247833251953
51.86199951171875
84.22651672363281
80.57015228271484
75.0395736694336
83.11746215820312
75.48087310791016
82.44048309326172
86.42548370361328
46.89106750488281
89.10247802734375
87.81344604492188
82.8338394165039
91.67081451416016
83.51140594482422
88.50753021240234
90.7411880493164
43.853946685791016
90.4827651977539
87.940673828125
82.28435516357422
90.61373138427734
82.10893249511719
87.31863403320312
89.7222900390625
56.13899612426758
89.47779083251953
87.28680419921875
81.89567565917969
90.23136901855469
82.03081512451172
86.933837890625
88.92288970947266
53.95848083496094
88.07988739013672
85.79978942871094
80.30741119384766
89.06551361083984
80.83088684082031
86.23736572265625
88.68946075439453
46.87189483642578
88.66089630126953
86.32781219482422
80.97586822509766
88.95298767089844
80.35184478759766
85.23965454101562
87.6528091430664
46.53915023803711
88.64700317382812
86.90193176269531
81.90736389160156
90.60225677490234
82.4367904663086
87.94966125488281
90.3287353515625
49.197021484375
90.57073211669922
88.29776763916016
82.83381652832031
91.52667236328125
83.61575317382812
89.58914947509766
92.49341583251953
56.01521301269531
93.19317626953125
91.1321792602539
85.69103240966797
94.0726547241211
85.89055633544922
90.90170288085938
93.19495391845703
54.48951721191406
92.73404693603516
90.19854736328125
84.1590805053711
92.03726196289062
82.91416931152344
87.20878601074219
88.77413940429688
53.56043243408203
88.91514587402344
86.99248504638672
82.23492431640625
90.77601623535156
82.85333251953125
88.47438049316406
91.04463958740234
52.42924880981445
91.86373138427734
90.06275939941406
85.01110076904297
93.96717071533203
86.09222412109375
91.664306640625
94.30575561523438
55.03532409667969
94.78775024414062
92.67769622802734
87.24440002441406
95.65188598632812
87.05714416503906
91.79271697998047
93.22856140136719
52.55860137939453
91.76591491699219
89.15209197998047
84.32915496826172
93.17047119140625
85.79595947265625
91.55965423583984
94.72940826416016
59.56687927246094
95.50387573242188
93.5384750366211
87.52755737304688
95.9673080444336
87.41128540039062
91.81834411621094
93.67411041259766
59.24451446533203
92.11936950683594
89.00706481933594
82.66677856445312
90.21361541748047
81.16473388671875
84.65020751953125
85.96309661865234
57.05744552612305
84.2562484741211
82.50088500976562
76.74647521972656
85.45643615722656
77.43548583984375
81.7708969116211
83.73369598388672
55.35588073730469
82.80457305908203
79.87152099609375
74.08073425292969
81.93244171142578
73.78643035888672
77.83184814453125
80.41120147705078
50.507694244384766
82.47526550292969
81.14454650878906
75.402099609375
83.33428955078125
74.6995620727539
79.15526580810547
80.4027328491211
54.20827865600586
79.94524383544922
77.8587646484375
72.76365661621094
81.9283447265625
74.3242416381836
80.206787109375
82.83765411376953
49.09636306762695
83.25218200683594
80.3322525024414
73.95795440673828
80.25679016113281
68.97699737548828
70.45613861083984
66.65238952636719
48.754703521728516
61.14106369018555
67.90666198730469
68.45235443115234
79.46578979492188
73.43424224853516
80.03943634033203
82.95471954345703
47.93023681640625
82.76587677001953
79.66412353515625
73.4858627319336
80.37495422363281
70.6371078491211
75.61672973632812
77.51317596435547
49.813026428222656
77.98922729492188
76.1498031616211
70.50540161132812
79.58477020263672
71.00410461425781
75.68305206298828
77.38780975341797
52.988677978515625
74.93541717529297
71.64388275146484
67.1975326538086
73.97862243652344
