85.56979370117188
88.7233657836914
92.26290130615234
71.98384857177734
92.22660064697266
90.34516906738281
88.42464447021484
95.96483612060547
87.56558227539062
95.70906829833984
98.76563262939453
79.93822479248047
100.17808532714844
100.16468811035156
92.40467834472656
103.81139373779297
95.2281265258789
100.9434585571289
100.3947982788086
83.69775390625
98.52796936035156
94.19973754882812
87.57189178466797
93.69867706298828
86.53746032714844
83.42798614501953
85.76617431640625
76.79631805419922
82.68030548095703
76.99746704101562
82.3692855834961
88.4028091430664
85.63177490234375
86.73326873779297
94.15495300292969
82.34867858886719
95.90278625488281
92.63510131835938
89.53069305419922
94.85431671142578
83.78746795654297
91.22802734375
92.24287414550781
72.33635711669922
90.36592102050781
88.23053741455078
78.12779235839844
88.1279067993164
80.03152465820312
85.01643371582031
86.10353088378906
65.09259033203125
86.9754638671875
84.13613891601562
79.587890625
87.3539047241211
80.1916275024414
82.600830078125
85.4567642211914
66.17916107177734
83.94007110595703
82.03286743164062
78.59015655517578
85.37643432617188
75.82901000976562
83.95923614501953
85.87440490722656
62.07279586791992
85.0875473022461
84.02283477783203
76.5213623046875
86.08430480957031
78.25930786132812
84.03864288330078
85.98700714111328
68.70439147949219
87.92108154296875
85.7015151977539
81.40982818603516
89.74119567871094
82.87664794921875
86.89556884765625
90.4264907836914
67.53073120117188
90.49835968017578
89.17695617675781
84.37887573242188
92.02362060546875
79.50505828857422
89.91533660888672
88.10736846923828
80.83436584472656
90.8294677734375
91.69285583496094
85.13084411621094
93.93070983886719
84.29427337646484
91.12818145751953
92.27388000488281
67.82715606689453
92.0872573852539
88.96439361572266
83.46917724609375
91.43527221679688
82.7302017211914
86.98741912841797
88.58313751220703
52.05650329589844
85.2869644165039
81.89208984375
75.543212890625
84.63799285888672
74.26899719238281
84.35000610351562
86.45580291748047
68.15080261230469
87.9902572631836
86.736572265625
78.95042419433594
89.4473648071289
82.82074737548828
87.42093658447266
90.19559478759766
70.72705078125
93.24220275878906
91.44815063476562
88.5020980834961
97.50942993164062
91.2933349609375
96.14824676513672
100.44099426269531
79.86978149414062
101.50580596923828
99.14973449707031
94.98218536376953
101.41859436035156
91.12487030029297
97.23628997802734
98.38678741455078
72.39065551757812
96.54546356201172
93.98953247070312
86.61418914794922
95.45928955078125
86.6906967163086
92.56255340576172
94.53179931640625
70.12468719482422
94.99430847167969
92.58011627197266
86.26109313964844
95.33966064453125
87.41275024414062
91.14521789550781
91.32180786132812
69.21039581298828
86.88391876220703
82.1235580444336
72.1965103149414
81.29459381103516
71.84945678710938
80.05609893798828
83.03956604003906
57.69725036621094
83.77783203125
82.36457061767578
77.21160888671875
85.74323272705078
77.56122589111328
84.17514038085938
86.83064270019531
61.6526985168457
88.17952728271484
86.36933135986328
80.75298309326172
90.07090759277344
82.66755676269531
88.42375946044922
91.31148529052734
60.14476013183594
93.0494613647461
91.45113372802734
86.60199737548828
96.06278228759766
88.7579116821289
93.92897033691406
96.66756439208984
66.65730285644531
96.49073791503906
93.06786346435547
87.96622467041016
94.78993225097656
85.7647933959961
89.64127349853516
91.15303802490234
65.4148941040039
88.94452667236328
85.38768768310547
80.13134002685547
87.78279876708984
78.00833892822266
84.65608215332031
86.07470703125
65.37709045410156
84.76187133789062
82.23931121826172
74.278564453125
83.73705291748047
75.30201721191406
79.96542358398438
81.63312530517578
58.205631256103516
82.16683197021484
79.43267059326172
71.50733947753906
81.84770965576172
74.3087158203125
77.158935546875
79.8487319946289
56.004371643066406
79.15493774414062
75.63836669921875
72.03959655761719
79.00360870361328
71.00603485107422
75.7686996459961
76.7640609741211
51.87430953979492
75.07652282714844
73.16996002197266
70.5863265991211
80.26554870605469
75.16011047363281
80.22444915771484
83.67721557617188
61.74958801269531
83.76412963867188
81.21395874023438
74.2916030883789
83.06065368652344
75.22034454345703
79.17158508300781
82.47514343261719
59.81052017211914
82.19818115234375
79.73410034179688
75.56304931640625
83.7540054321289
76.23002624511719
81.13487243652344
83.71517944335938
52.96516799926758
82.43445587158203
79.55506896972656
73.9197998046875
82.88416290283203
74.63922882080078
80.49252319335938
84.23237609863281
44.386295318603516
84.46800231933594
83.06181335449219
77.82913208007812
85.81322479248047
76.75390625
81.4703140258789
83.12107849121094
61.16460418701172
80.78926086425781
78.36104583740234
70.69091796875
79.97315979003906
72.99933624267578
76.94483947753906
80.71321105957031
60.86985397338867
82.36319732666016
80.64716339111328
78.14828491210938
85.11136627197266
75.8813705444336
83.364990234375
86.1277084350586
64.52823638916016
85.92498016357422
84.11882019042969
75.46511840820312
86.70455932617188
80.03822326660156
84.02230072021484
87.40711975097656
64.91732788085938
89.80001831054688
88.53012084960938
84.86528778076172
93.9866714477539
87.68824005126953
92.37291717529297
96.29293823242188
72.15042114257812
96.89305114746094
94.1013412475586
89.39799499511719
96.41864776611328
86.72178649902344
91.97791290283203
93.5158462524414
63.022239685058594
91.82073974609375
89.03913116455078
83.07414245605469
90.98319244384766
82.24650573730469
88.01611328125
89.70140838623047
54.95450210571289
89.71179962158203
87.26170349121094
81.16812133789062
89.8397445678711
81.84501647949219
86.95355987548828
89.25572967529297
60.25267791748047
90.15348815917969
88.19822692871094
83.41908264160156
92.17762756347656
84.99250030517578
89.28986358642578
92.4500961303711
68.0409164428711
92.21473693847656
88.64849090576172
84.23253631591797
89.4725341796875
78.25252532958984
83.10824584960938
83.47004699707031
63.330291748046875
79.5726547241211
77.61267852783203
73.63367462158203
82.61204528808594
73.46099853515625
83.04053497314453
85.25194549560547
64.43306732177734
86.95043182373047
85.75497436523438
78.76090240478516
89.25556945800781
82.33290100097656
87.25411224365234
90.02191162109375
66.56218719482422
92.58680725097656
91.09490966796875
87.4713363647461
96.87883758544922
90.26870727539062
95.600830078125
99.42439270019531
76.34728240966797
100.57139587402344
98.85795593261719
94.09892272949219
101.5824966430664
90.97838592529297
97.80899810791016
98.35882568359375
76.48946380615234
96.25421142578125
93.16824340820312
83.67616271972656
92.33627319335938
83.89213562011719
87.07669830322266
88.1700439453125
73.52285766601562
90.98909759521484
90.25818634033203
84.94778442382812
95.86299896240234
90.23615264892578
94.31019592285156
97.5643081665039
72.80716705322266
97.86724853515625
94.9251708984375
90.66667175292969
98.02728271484375
89.17166900634766
94.50990295410156
96.7279281616211
66.45964813232422
95.84906005859375
93.65961456298828
87.12775421142578
95.83954620361328
87.31428527832031
92.47063446044922
94.20014190673828
68.53317260742188
94.09561920166016
91.554931640625
85.54490661621094
94.70964050292969
87.13706970214844
91.68860626220703
94.4871597290039
65.00194549560547
94.84113311767578
92.46036529541016
88.14649963378906
96.17486572265625
87.7022933959961
93.3425064086914
95.9072265625
65.88023376464844
95.45380401611328
93.01844024658203
87.14582824707031
95.25238800048828
86.02085876464844
92.10899353027344
94.47613525390625
63.592262268066406
95.63932037353516
94.19001007080078
88.88682556152344
97.91556549072266
89.92965698242188
95.44609069824219
97.9123764038086
57.04756164550781
98.63129425048828
96.64766693115234
92.01432037353516
100.86165618896484
93.00728607177734
98.80288696289062
101.21282958984375
61.4749641418457
101.35762023925781
99.06785583496094
93.04219818115234
101.12032318115234
91.82538604736328
96.35901641845703
96.995849609375
64.70735168457031
94.73721313476562
92.13916015625
86.67106628417969
95.57028198242188
87.659423828125
94.06383514404297
96.56900787353516
62.379886627197266
96.97181701660156
95.08211517333984
89.32839965820312
98.15670013427734
90.133544921875
95.76405334472656
98.47709655761719
55.99186706542969
99.53926086425781
97.6850814819336
92.66998291015625
101.48429107666016
94.01602935791016
98.77159118652344
101.57166290283203
72.64473724365234
101.68341064453125
99.01922607421875
94.67121887207031
102.29198455810547
94.12994384765625
99.91413116455078
102.97904205322266
75.29720306396484
103.77754211425781
102.07658386230469
96.64739227294922
105.16018676757812
96.45018768310547
102.1419677734375
103.79557037353516
71.81661987304688
103.18663024902344
100.32257843017578
94.41791534423828
102.46055603027344
94.36075592041016
98.22528839111328
100.64830780029297
74.77357482910156
99.4022445678711
96.32254028320312
91.37735748291016
96.70735931396484
82.68006134033203
90.133056640625
88.21949005126953
74.31202697753906
80.22207641601562
76.46879577636719
70.194091796875
71.03943634033203
67.52470397949219
75.77509307861328
76.85208892822266
69.75855255126953
72.95160675048828
75.2623291015625
69.79960632324219
77.4859848022461
64.23726654052734
80.6176528930664
83.14989471435547
63.989437103271484
85.67652893066406
84.45647430419922
77.5214614868164
87.95866394042969
81.48225402832031
84.88994598388672
87.64820861816406
61.255027770996094
87.96138000488281
85.24577331542969
81.10501861572266
88.9321060180664
80.2734146118164
85.95685577392578
87.29491424560547
63.39950180053711
85.11386108398438
79.29022216796875
70.86974334716797
76.76078796386719
71.15795135498047
77.06829833984375
82.86898040771484
69.56376647949219
86.65838623046875
87.68479919433594
81.07560729980469
91.44395446777344
83.40262603759766
88.90879821777344
90.05308532714844
65.79315185546875
89.33977508544922
85.94493103027344
80.19937896728516
88.428955078125
80.4120101928711
84.99528503417969
87.64140319824219
57.758792877197266
87.99625396728516
85.5638427734375
80.643310546875
88.73387145996094
79.85894012451172
85.07653045654297
87.62602996826172
63.77128219604492
87.53790283203125
85.40337371826172
79.96346282958984
86.82538604736328
