81.58464813232422
81.94602966308594
82.71144104003906
82.33074951171875
83.51815795898438
83.79440307617188
84.91178894042969
85.30811309814453
86.52095031738281
87.65538024902344
88.25946044921875
90.36544799804688
90.83887481689453
92.49211120605469
92.11528015136719
91.37281036376953
89.69989776611328
87.31599426269531
86.04795837402344
83.49536895751953
82.46810913085938
79.80683898925781
79.07156372070312
77.27311706542969
75.73622131347656
74.49430847167969
71.92511749267578
72.47664642333984
70.72181701660156
73.33087158203125
75.99598693847656
77.70309448242188
82.19977569580078
83.18637084960938
84.8918685913086
83.90621948242188
82.88765716552734
81.8604965209961
80.32109832763672
79.81263732910156
78.41970825195312
78.17510986328125
76.73877716064453
76.14086151123047
75.51484680175781
74.75601196289062
74.64653778076172
73.76532745361328
73.53361511230469
73.26020812988281
72.66349029541016
71.91996765136719
71.72305297851562
72.37138366699219
70.39994812011719
70.62942504882812
71.5912857055664
70.88228607177734
70.53633880615234
69.4887466430664
68.38507080078125
68.62931823730469
68.79570770263672
69.22388458251953
67.87169647216797
67.05554962158203
66.80743408203125
64.3050308227539
65.92659759521484
65.42467498779297
63.83244705200195
64.88249206542969
62.78265380859375
62.698604583740234
60.1611213684082
62.890480041503906
58.853389739990234
59.006378173828125
60.88097381591797
55.225528717041016
58.690608978271484
61.80604553222656
61.20869445800781
67.61592864990234
69.86835479736328
73.42210388183594
76.49854278564453
78.87345886230469
82.64935302734375
83.94432830810547
86.15483093261719
85.93360900878906
85.66592407226562
85.22418212890625
84.33197021484375
84.46000671386719
83.8926773071289
84.03842163085938
83.9198989868164
84.45877075195312
84.54068756103516
84.81896209716797
84.96182250976562
85.20560455322266
84.988525390625
84.26382446289062
83.27336883544922
81.76201629638672
79.74378204345703
78.55082702636719
77.6083755493164
77.8350601196289
78.34491729736328
80.43411254882812
82.01810455322266
83.49327087402344
84.36954498291016
84.47379302978516
83.9917221069336
83.2459487915039
82.30510711669922
81.49136352539062
80.80413055419922
80.1785888671875
79.96904754638672
79.56316375732422
79.42012786865234
79.2921371459961
79.28251647949219
79.34209442138672
79.80877685546875
80.3902587890625
80.5650405883789
80.86711883544922
81.74200439453125
82.46793365478516
83.37812805175781
84.51370239257812
85.2532958984375
86.49073028564453
87.06829833984375
87.55597686767578
87.24092102050781
86.63338470458984
85.6671142578125
84.41608428955078
83.34293365478516
81.83676147460938
80.95909881591797
79.61451721191406
78.85812377929688
78.2962417602539
77.41471862792969
77.39505004882812
77.0599136352539
76.84727478027344
76.5802001953125
76.6810302734375
76.74076080322266
76.45144653320312
76.38764953613281
76.72256469726562
75.98680877685547
75.95333862304688
76.31121826171875
76.09333801269531
76.13118743896484
75.63854217529297
76.21589660644531
76.55414581298828
75.73017120361328
76.32198333740234
76.64010620117188
76.7607421875
76.39398193359375
76.85279083251953
77.27788543701172
77.1725845336914
77.89204406738281
78.32182312011719
78.7485580444336
79.74517822265625
80.66986083984375
81.38172149658203
81.82042694091797
82.72113037109375
83.1091537475586
83.79386901855469
84.3691635131836
85.18354034423828
85.90272521972656
86.39131927490234
86.95964050292969
87.33788299560547
87.37762451171875
87.17269134521484
86.71760559082031
85.8893814086914
85.11812591552734
84.16029357910156
83.15107727050781
82.35791015625
81.54239654541016
80.85551452636719
79.8387680053711
79.13256072998047
78.6639175415039
78.27210998535156
77.44331359863281
76.94338989257812
76.47208404541016
76.06847381591797
75.44309997558594
75.16913604736328
74.8357925415039
74.20016479492188
74.15737915039062
73.4210433959961
73.08194732666016
73.08074951171875
72.77664947509766
73.09027099609375
71.9522476196289
71.83063507080078
71.58997344970703
72.08897399902344
71.5900650024414
70.75672912597656
71.03905487060547
71.05305480957031
69.6263427734375
70.75090789794922
70.52165222167969
69.9369125366211
70.34278869628906
69.39039611816406
70.94325256347656
68.9102554321289
69.74939727783203
68.7425537109375
68.97052764892578
69.60486602783203
69.84905242919922
68.61425018310547
69.17315673828125
69.08629608154297
69.340087890625
69.73348999023438
69.27005767822266
69.60948181152344
70.14665985107422
70.49471282958984
70.8166732788086
70.46695709228516
71.74081420898438
71.58180236816406
71.30492401123047
72.25186920166016
72.2450180053711
72.37874603271484
72.76978302001953
72.9471664428711
72.81809997558594
72.75889587402344
72.39043426513672
72.81842041015625
71.99222564697266
70.44467163085938
68.81771850585938
66.23560333251953
64.74478912353516
63.36310577392578
58.92949295043945
57.4976806640625
52.57316207885742
42.05463790893555
54.403709411621094
59.08580017089844
61.1405029296875
62.87538146972656
65.01482391357422
64.60347747802734
65.75292205810547
65.38290405273438
68.73896026611328
68.92151641845703
70.17988586425781
72.37224578857422
74.26679229736328
75.8729019165039
76.6497802734375
77.3644790649414
78.74263763427734
79.47508239746094
80.45582580566406
81.41580200195312
82.60819244384766
83.18433380126953
84.2271499633789
84.80876159667969
85.1273422241211
84.65571594238281
84.17292785644531
83.19400787353516
82.47362518310547
81.450927734375
80.9874496459961
80.01531219482422
79.58394622802734
79.28812408447266
78.54022979736328
78.13835906982422
77.96479797363281
77.50596618652344
77.1532974243164
76.506103515625
76.80901336669922
76.97472381591797
76.53673553466797
76.76124572753906
76.66944885253906
76.86785125732422
76.6856918334961
77.11959075927734
77.13198852539062
77.33109283447266
77.78840637207031
78.31635284423828
78.49988555908203
78.84331512451172
79.52859497070312
80.05845642089844
80.68624877929688
81.59361267089844
82.2553939819336
83.08490753173828
83.8514633178711
84.10079193115234
84.11258697509766
83.6617202758789
82.3309097290039
81.04969024658203
79.20374298095703
78.1021728515625
76.08226013183594
74.61572265625
73.01969909667969
70.84457397460938
70.07569122314453
68.29046630859375
68.12954711914062
65.1802749633789
66.25576782226562
64.19711303710938
62.689544677734375
64.30261993408203
65.1280288696289
66.23179626464844
68.70890808105469
70.01880645751953
70.02397918701172
71.63331604003906
72.21489715576172
74.0166015625
74.26960754394531
75.270751953125
75.97915649414062
77.49821472167969
78.98702239990234
80.24695587158203
82.32657623291016
83.68673706054688
85.19146728515625
86.93177795410156
87.7916030883789
88.53955841064453
87.7339096069336
86.64259338378906
85.3270034790039
83.42893981933594
82.24234008789062
80.53137969970703
79.38334655761719
78.5484848022461
78.02359008789062
79.40704345703125
80.57999420166016
82.25511169433594
83.44951629638672
84.55799865722656
85.40196228027344
85.71664428710938
85.9171371459961
85.76532745361328
85.85423278808594
85.59619140625
85.45136260986328
85.1907958984375
85.04447937011719
85.08802795410156
84.8518295288086
84.87973022460938
84.64253234863281
84.85418701171875
84.78374481201172
84.46239471435547
84.70819091796875
84.6468734741211
84.88846588134766
84.66973114013672
84.418701171875
83.78224182128906
83.41431427001953
83.19808197021484
83.34483337402344
83.55382537841797
83.63072204589844
83.91189575195312
83.90727233886719
83.93572235107422
83.75222778320312
83.78916931152344
83.74984741210938
83.4710693359375
83.12742614746094
82.7696762084961
82.9166030883789
83.1965103149414
83.98018646240234
84.48713684082031
84.76119995117188
85.04315185546875
85.27682495117188
85.34514617919922
85.62126159667969
85.52262878417969
85.7038345336914
85.5450668334961
85.7469711303711
85.67891693115234
86.03651428222656
86.50456237792969
87.07064056396484
87.64732360839844
87.76322174072266
87.98392486572266
87.94171905517578
88.06131744384766
87.87637329101562
87.87598419189453
87.74269104003906
87.59150695800781
87.48490142822266
87.2407455444336
87.08167266845703
86.60709381103516
86.13922882080078
85.30720520019531
84.72846221923828
84.38778686523438
84.2275161743164
84.52479553222656
85.05509948730469
85.53524017333984
85.73487854003906
86.07337188720703
86.49432373046875
86.7396011352539
87.35598754882812
87.70975494384766
88.15992736816406
88.57723236083984
88.8659896850586
89.1871109008789
89.48369598388672
89.7541732788086
89.94444274902344
90.04808807373047
90.05029296875
89.98757934570312
89.51094818115234
89.05690002441406
88.29399108886719
87.42554473876953
86.81834411621094
86.25658416748047
86.52290344238281
87.13949584960938
87.96229553222656
88.74065399169922
89.4736557006836
90.04724884033203
90.46224975585938
90.6546630859375
90.68540954589844
90.50706481933594
90.00572967529297
89.61365509033203
88.87950897216797
88.29722595214844
87.38176727294922
86.5804672241211
85.78948974609375
84.54161071777344
83.68695068359375
82.24068450927734
81.12716674804688
80.15460968017578
79.9134292602539
79.7862548828125
80.42951965332031
80.2742691040039
80.28301239013672
80.1760025024414
79.6117935180664
79.18338012695312
78.91512298583984
77.82439422607422
77.76412200927734
77.25727081298828
76.67654418945312
76.09137725830078
76.08528900146484
77.17520904541016
77.89567565917969
79.18656921386719
79.0055923461914
78.58929443359375
77.83756256103516
76.89359283447266
76.36324310302734
75.63860321044922
75.28221130371094
75.39240264892578
75.29093170166016
76.32108306884766
77.14437103271484
77.60614013671875
78.34745025634766
78.90713500976562
78.42005920410156
78.4980697631836
76.99635314941406
74.96095275878906
71.7877426147461
68.09104919433594
62.1619758605957
57.22557830810547
59.909095764160156
68.18513488769531
71.22990417480469
74.71095275878906
76.33524322509766
77.963623046875
77.9149169921875
77.93148040771484
77.87316131591797
77.10648345947266
75.98112487792969
74.09117126464844
73.72313690185547
73.28359985351562
73.19947052001953
72.84521484375
73.61688232421875
74.31166076660156
73.57535552978516
74.02676391601562
73.44476318359375
72.63196563720703
72.92932891845703
70.76985931396484
70.03031158447266
69.10262298583984
69.16288757324219
67.8861312866211
