78.43952941894531
84.16614532470703
86.95685577392578
60.463809967041016
88.06404876708984
86.1037826538086
81.70189666748047
90.8685302734375
83.58653259277344
89.30424499511719
92.97537994384766
41.61104202270508
95.79117584228516
94.9057388305664
89.5380630493164
97.75525665283203
87.83413696289062
91.58430480957031
91.70599365234375
59.39597702026367
88.41252136230469
84.49900817871094
77.07434844970703
83.86634826660156
73.46515655517578
78.62411499023438
79.1243896484375
56.17273712158203
76.20511627197266
75.18318176269531
71.31536102294922
82.4281005859375
77.95161437988281
85.32477569580078
89.65267944335938
53.434974670410156
89.15131378173828
85.6845474243164
79.24078369140625
86.17527770996094
76.5467529296875
81.14540100097656
82.78030395507812
47.226966857910156
81.889404296875
78.92646789550781
72.83015441894531
79.92080688476562
70.3349380493164
76.9945297241211
78.81790924072266
54.76063537597656
77.64979553222656
75.2103271484375
68.98135375976562
77.25409698486328
68.90827941894531
74.09322357177734
76.50093078613281
42.124656677246094
74.59888458251953
72.43855285644531
67.7636947631836
74.9827880859375
67.51449584960938
71.36307525634766
73.96686553955078
49.081539154052734
72.17800903320312
69.34017944335938
65.82048797607422
72.6959457397461
64.23844146728516
67.69149017333984
69.371826171875
44.85606384277344
69.51454162597656
66.3957748413086
58.23716354370117
66.84980010986328
59.25099182128906
59.263938903808594
62.03390121459961
53.64496994018555
70.55327606201172
71.31500244140625
69.47163391113281
81.8226318359375
76.92808532714844
84.58380889892578
89.7663803100586
57.606807708740234
91.37957000732422
88.94283294677734
83.070068359375
91.31358337402344
82.8098373413086
88.69597625732422
91.11662292480469
55.19489669799805
91.50782012939453
88.78814697265625
84.75814819335938
91.39521026611328
81.34834289550781
85.88986206054688
86.68260192871094
63.500877380371094
83.86041259765625
80.812255859375
74.84317016601562
84.14158630371094
77.45648193359375
84.62384033203125
87.5515365600586
62.44939041137695
88.11134338378906
84.57784271240234
79.11367797851562
86.4583511352539
76.48686981201172
82.91309356689453
84.99298095703125
53.01348876953125
84.62115478515625
82.0180435180664
77.64908599853516
85.4972915649414
77.35189819335938
83.13325500488281
85.78170013427734
46.28717803955078
87.31597900390625
85.63484191894531
81.21216583251953
90.5959701538086
83.23438262939453
89.93038940429688
92.95262145996094
67.02482604980469
94.15157318115234
90.93121337890625
85.84198760986328
92.78177642822266
83.05136108398438
88.24832153320312
89.52107238769531
52.33906555175781
87.93595123291016
84.71707153320312
80.19933319091797
87.70609283447266
78.048828125
82.46908569335938
82.02433013916016
56.14885330200195
78.9062271118164
76.89785766601562
71.9431381225586
79.79100036621094
71.84579467773438
77.32793426513672
79.50349426269531
50.367183685302734
80.27764892578125
77.9816665649414
71.94451904296875
80.82948303222656
72.81366729736328
78.68787384033203
80.93883514404297
51.625572204589844
81.28466796875
79.29682922363281
74.075439453125
82.43315124511719
74.03559112548828
80.4533462524414
82.76655578613281
51.527992248535156
83.70104217529297
82.51980590820312
78.68733215332031
87.66742706298828
79.86167907714844
85.86956787109375
89.06361389160156
40.798030853271484
90.32384490966797
88.59380340576172
84.1971664428711
92.70235443115234
84.04827117919922
89.76725006103516
91.43572998046875
62.235313415527344
90.10855865478516
86.96949768066406
80.74673461914062
88.05396270751953
78.40751647949219
83.6658935546875
85.10628509521484
40.09577178955078
83.6052474975586
80.52908325195312
75.53992462158203
82.90421295166016
74.48865509033203
78.75707244873047
80.85630798339844
57.019466400146484
80.0322036743164
77.10990905761719
72.19416046142578
79.91251373291016
71.09054565429688
75.56413269042969
77.61348724365234
52.99711608886719
77.66822052001953
74.80963134765625
69.29590606689453
77.23367309570312
66.98578643798828
73.44309997558594
76.01852416992188
52.2139892578125
75.8547134399414
73.46864318847656
67.24491119384766
75.32347869873047
66.00399780273438
72.90115356445312
75.40596771240234
39.132476806640625
74.51876068115234
71.22792053222656
66.69244384765625
75.00788116455078
67.06694030761719
72.45043182373047
74.59068298339844
56.63812255859375
73.91159057617188
72.29763793945312
68.49138641357422
76.36404418945312
68.42169952392578
72.45793914794922
75.70026397705078
54.55351257324219
76.00695037841797
73.95272827148438
70.04100036621094
77.73564910888672
70.40374755859375
74.85091400146484
77.66756439208984
52.03079605102539
78.98967742919922
76.6853256225586
70.91779327392578
79.63626098632812
70.9512710571289
76.58979034423828
77.7054214477539
55.874271392822266
75.24392700195312
71.4709701538086
66.28532409667969
73.92603302001953
66.6040267944336
70.84298706054688
72.0172348022461
51.688533782958984
74.05827331542969
72.25360107421875
65.7562255859375
75.04446411132812
66.83651733398438
72.42097473144531
74.38258361816406
49.25143814086914
75.23365020751953
74.38972473144531
71.5085220336914
80.66816711425781
73.39451599121094
79.121826171875
82.21265411376953
52.223358154296875
83.63102722167969
82.01909637451172
77.96685791015625
87.13763427734375
79.90455627441406
86.21186065673828
89.37452697753906
50.955875396728516
90.34750366210938
87.83429718017578
82.14830780029297
89.4758529663086
79.9324722290039
84.7043685913086
86.35327911376953
40.283203125
84.87576293945312
81.70673370361328
76.4360122680664
84.2926025390625
75.86094665527344
80.14573669433594
82.50643920898438
50.15451431274414
82.17923736572266
80.14562225341797
74.13994598388672
82.71019744873047
74.5677719116211
79.69052124023438
82.28231048583984
40.19439697265625
82.64909362792969
80.53108215332031
74.78669738769531
83.77030181884766
75.91780090332031
81.90975952148438
84.85154724121094
46.667816162109375
85.8763427734375
84.2356185913086
80.0228042602539
88.88436126708984
80.59857177734375
86.54041290283203
87.83626556396484
58.21859359741211
85.1815185546875
81.3736343383789
74.1881332397461
80.48030090332031
70.46675109863281
73.57266998291016
74.56392669677734
48.06881332397461
72.25772857666016
69.21949005126953
58.55628967285156
72.06523132324219
65.22584533691406
69.08357238769531
73.69387817382812
48.91987228393555
77.07864379882812
75.83472442626953
70.25304412841797
80.01066589355469
72.15922546386719
78.092041015625
80.98859405517578
56.071372985839844
82.37117767333984
81.5583267211914
77.3962173461914
87.36000061035156
80.74381256103516
88.11103057861328
91.68464660644531
65.92140197753906
93.67534637451172
90.35926818847656
85.79093170166016
91.77986907958984
81.48384094238281
85.82810974121094
86.44361114501953
59.65991973876953
83.94477844238281
80.616455078125
75.57501983642578
84.0910873413086
77.25545501708984
83.47462463378906
87.5049057006836
53.37534713745117
90.24758911132812
88.60271453857422
83.57197570800781
92.11665344238281
83.38680267333984
89.05428314208984
91.0884017944336
45.5777473449707
90.65711212158203
88.00141906738281
82.81132507324219
90.91375732421875
82.14519500732422
87.72172546386719
90.00167083740234
55.99374008178711
89.890869140625
87.36885833740234
82.66495513916016
90.686767578125
81.99797058105469
86.89044189453125
88.46525573730469
57.94279861450195
88.05572509765625
85.861572265625
80.78312683105469
89.29632568359375
81.21215057373047
86.56018829345703
88.83018493652344
47.35173797607422
89.03968048095703
86.6668701171875
80.89429473876953
89.05023193359375
80.44621276855469
85.66223907470703
87.85858917236328
36.02946090698242
88.85133361816406
87.04464721679688
82.1942138671875
90.86318969726562
82.82904052734375
88.27220916748047
90.78568267822266
50.4556770324707
90.77233123779297
88.45903015136719
83.59931182861328
92.03367614746094
84.27162170410156
90.06302642822266
93.04365539550781
43.73810577392578
93.58831024169922
91.2722396850586
86.22250366210938
94.380859375
85.8973388671875
91.24195861816406
93.37657928466797
56.1546516418457
93.12242889404297
90.30689239501953
84.62860107421875
91.87374877929688
82.28446197509766
87.12757873535156
88.88745880126953
49.250240325927734
89.20073699951172
87.45137023925781
82.43733215332031
91.15838623046875
82.9803695678711
88.86688232421875
91.54177856445312
54.730186462402344
92.18376922607422
90.35061645507812
85.82196807861328
94.31204986572266
86.41368865966797
92.03450012207031
94.61907958984375
57.55243682861328
95.12635040283203
92.85420989990234
87.62267303466797
95.730224609375
86.9453125
91.71538543701172
93.24616241455078
55.871498107910156
92.36003112792969
90.34745788574219
85.2815170288086
94.53291320800781
86.9124984741211
93.06533813476562
95.80687713623047
60.95958709716797
96.38700103759766
93.74530029296875
88.84696960449219
96.35745239257812
87.09799194335938
92.37081146240234
93.8024673461914
61.15156936645508
92.58436584472656
89.27793884277344
83.79725646972656
90.79578399658203
81.19100189208984
85.66028594970703
86.10077667236328
61.81358337402344
83.61064910888672
80.6051254272461
75.60772705078125
83.96196746826172
75.12258911132812
80.87134552001953
82.612060546875
51.713802337646484
81.81167602539062
78.99807739257812
72.91024780273438
81.01004791259766
71.97337341308594
77.0930404663086
79.76769256591797
50.7041130065918
81.5105209350586
79.8785171508789
74.89445495605469
82.30093383789062
73.71912384033203
77.7249984741211
79.6407470703125
51.472564697265625
79.6683578491211
77.57056427001953
73.52523803710938
82.45932006835938
75.09089660644531
80.18171691894531
82.83602905273438
47.12278747558594
83.08748626708984
80.02739715576172
73.73474884033203
79.31207275390625
66.24148559570312
69.49362182617188
64.38016510009766
41.14033508300781
67.0285415649414
71.24774169921875
69.03734588623047
80.39022827148438
74.44276428222656
80.83207702636719
83.53353118896484
52.49708557128906
82.86550903320312
79.59033966064453
73.32575225830078
80.34888458251953
71.2241439819336
76.41095733642578
78.67274475097656
50.54536056518555
78.51705169677734
76.4764404296875
72.62055969238281
80.17784118652344
72.27825927734375
76.25147247314453
77.613037109375
48.898563385009766
75.69735717773438
72.35696411132812
68.25614929199219
75.18843078613281
