88.8873062133789
86.31033325195312
89.69087982177734
87.41339874267578
90.44031524658203
89.28400421142578
91.7395248413086
91.16261291503906
93.18772888183594
93.74097442626953
94.98727416992188
96.49300384521484
96.98674774169922
98.67615509033203
97.4263687133789
97.9379653930664
94.55289459228516
94.6101303100586
90.69927978515625
91.3177719116211
87.25798797607422
88.1080322265625
84.25065612792969
84.42327117919922
81.04471588134766
80.915771484375
79.1597671508789
76.92692565917969
78.03849029541016
79.23971557617188
82.62382507324219
84.36051177978516
88.53472137451172
89.33128356933594
92.00366973876953
89.43218994140625
90.59920501708984
86.4341049194336
88.06273651123047
84.17259216308594
86.09358215332031
82.24873352050781
84.37541198730469
80.93434143066406
83.00498962402344
79.83840942382812
82.06600952148438
80.05223083496094
80.10698699951172
78.92704772949219
79.22136688232422
78.63493347167969
78.28335571289062
78.31476593017578
77.47692108154297
77.3376235961914
75.16041564941406
76.82524871826172
74.34520721435547
76.47119903564453
75.10968780517578
74.95719146728516
74.01014709472656
75.15873718261719
73.37450408935547
73.4471206665039
73.34383392333984
72.6954345703125
73.84880828857422
68.95806884765625
71.82827758789062
69.37029266357422
72.02561950683594
66.21062469482422
70.39398956298828
61.242008209228516
69.01039123535156
60.41748809814453
69.16722106933594
64.52457427978516
69.17143249511719
69.69459533691406
72.58753967285156
73.86347961425781
78.44419860839844
79.56019592285156
84.48269653320312
84.56829071044922
89.49730682373047
89.90898132324219
93.0956039428711
91.27216339111328
92.44171142578125
90.24296569824219
91.36918640136719
89.8120346069336
90.52893829345703
89.61347198486328
90.31346893310547
89.96607971191406
90.83432006835938
90.74201965332031
91.35348510742188
91.46653747558594
91.53975677490234
91.32051086425781
90.28770446777344
89.2964859008789
87.26713562011719
86.0176773071289
83.57633972167969
83.91144561767578
83.10820007324219
84.84545135498047
86.4922103881836
88.87579345703125
89.40325164794922
90.13787078857422
89.85527038574219
89.06718444824219
88.39984130859375
87.6497802734375
87.27857208251953
86.65414428710938
86.11354064941406
85.7664566040039
85.51615142822266
85.33480834960938
85.14401245117188
85.46672058105469
85.42886352539062
85.74465942382812
86.2221908569336
86.61206817626953
87.25406646728516
87.95219421386719
88.33203887939453
89.78260803222656
90.10688781738281
91.94903564453125
92.0004653930664
93.56965637207031
92.793701171875
93.68534088134766
91.76874542236328
91.74713134765625
89.1370849609375
89.15457153320312
86.50176239013672
86.74397277832031
84.93441772460938
86.83540344238281
83.94309997558594
85.40751647949219
82.99530792236328
83.90888214111328
82.73582458496094
83.69746398925781
83.17461395263672
83.74573516845703
83.24688720703125
83.4803695678711
83.38513946533203
82.66632843017578
82.95826721191406
82.51848602294922
82.85346221923828
82.4917984008789
82.88701629638672
81.94166564941406
83.01132202148438
82.45614624023438
83.2180404663086
83.10907745361328
82.81295013427734
83.1524429321289
83.19596099853516
83.75048065185547
83.51194763183594
84.6268539428711
84.82479095458984
86.42330932617188
86.66226959228516
88.07154846191406
87.77496337890625
89.04249572753906
89.03621673583984
89.78052520751953
90.2166519165039
91.2387924194336
91.7002182006836
92.3457260131836
93.24717712402344
93.30557250976562
93.7704849243164
93.07595825195312
93.32087707519531
91.84638977050781
91.84246826171875
90.02056121826172
90.21395874023438
88.3424072265625
88.30784606933594
87.03477478027344
86.94264221191406
85.6974105834961
85.79266357421875
84.54792785644531
84.30635833740234
83.72966003417969
83.22052001953125
82.71161651611328
81.88860321044922
82.40835571289062
80.79362487792969
81.52687072753906
80.38046264648438
80.849365234375
79.18063354492188
80.44788360595703
78.66216278076172
79.70902252197266
78.11405181884766
78.92070770263672
77.96468353271484
78.08606719970703
76.73631286621094
77.89142608642578
77.36040496826172
77.09331512451172
76.94652557373047
76.46231079101562
77.10393524169922
76.31853485107422
77.65309143066406
75.3953857421875
77.52835845947266
75.42574310302734
76.98152160644531
74.78438568115234
76.90950775146484
74.7084732055664
76.56221008300781
73.5225830078125
76.55859375
74.82201385498047
75.72013092041016
75.12406158447266
76.06611633300781
75.66960906982422
76.20463562011719
76.2867431640625
76.67625427246094
76.80961608886719
77.15196990966797
78.057373046875
76.72127532958984
78.29132080078125
77.74803161621094
79.176025390625
78.15068817138672
79.81784057617188
78.9288558959961
80.23839569091797
78.91183471679688
79.06871032714844
78.8001708984375
76.88060760498047
76.9150390625
73.2461166381836
73.26893615722656
67.33451843261719
71.42382049560547
63.26605224609375
69.33718872070312
70.4753189086914
70.3338623046875
74.9305191040039
72.54785919189453
74.04784393310547
72.20724487304688
72.88671875
71.0711898803711
72.51692962646484
72.55538940429688
73.6168441772461
76.78922271728516
76.71646118164062
79.08148193359375
81.04502868652344
82.6830825805664
82.73040008544922
84.93418884277344
84.94171142578125
87.08525848388672
86.77001953125
88.77285766601562
88.82719421386719
90.80055236816406
90.43988037109375
91.38282012939453
90.60952758789062
90.59260559082031
89.19469451904297
89.11932373046875
87.60987091064453
87.332763671875
86.58023834228516
85.74890899658203
85.34066009521484
84.53923797607422
84.45658874511719
83.68260192871094
84.03678131103516
83.38070678710938
83.51614379882812
82.52200317382812
83.7568130493164
82.45126342773438
83.90618133544922
82.25861358642578
83.7099609375
82.15605163574219
83.8864974975586
82.52861022949219
84.36785125732422
83.39678955078125
84.3310546875
84.14600372314453
85.45096588134766
85.54157257080078
85.8524398803711
86.77833557128906
87.02066802978516
88.45439910888672
88.72442626953125
90.64999389648438
89.79497528076172
91.8414077758789
89.61878204345703
90.77730560302734
86.93543243408203
87.75462341308594
83.8318099975586
84.49181365966797
80.3787612915039
81.33522033691406
77.80039978027344
77.62477111816406
74.49530792236328
74.99821472167969
72.88001251220703
71.6079330444336
69.51001739501953
72.93614959716797
72.09938049316406
73.76879119873047
73.1271743774414
74.7529067993164
75.49640655517578
77.44371032714844
78.57111358642578
79.14181518554688
79.97499084472656
79.56793212890625
82.21922302246094
80.78471374511719
83.82481384277344
82.74946594238281
86.2767562866211
85.82919311523438
89.76405334472656
89.33731079101562
93.06307983398438
92.0051040649414
94.6095962524414
91.93085479736328
93.04322052001953
89.36186981201172
90.03101348876953
86.02556610107422
87.14669036865234
83.95346069335938
85.37667846679688
83.58344268798828
86.38668823242188
85.99671936035156
88.9174575805664
89.26272583007812
91.09928131103516
91.39968872070312
92.14550018310547
92.0665512084961
92.24472045898438
92.13768005371094
91.93780517578125
91.90458679199219
91.6042251586914
91.58822631835938
91.17559051513672
91.26649475097656
90.820068359375
91.00625610351562
90.77638244628906
90.81431579589844
90.64718627929688
90.81448364257812
90.65328979492188
90.84879302978516
90.74429321289062
90.64955139160156
90.41350555419922
90.00554656982422
89.92301177978516
89.66582489013672
90.05597686767578
89.99237060546875
90.18562316894531
90.03814697265625
90.4937744140625
90.11054229736328
90.20346069335938
90.06498718261719
89.99018096923828
89.37277221679688
89.38291931152344
89.07740020751953
89.50936126708984
90.1683120727539
90.52339172363281
90.98651123046875
91.17403411865234
91.54479217529297
91.63328552246094
91.91470336914062
91.57213592529297
91.98172760009766
91.74105834960938
92.00067138671875
91.92953491210938
92.44120788574219
92.56341552734375
93.75652313232422
93.9462890625
94.4674072265625
94.49061584472656
94.72603607177734
94.64556884765625
94.68303680419922
94.63863372802734
94.39277648925781
94.38019561767578
93.990966796875
94.02851104736328
93.34174346923828
93.39860534667969
92.32927703857422
92.14583587646484
90.5350570678711
90.78610229492188
90.0660171508789
91.03825378417969
90.73432159423828
91.94520568847656
91.53288269042969
92.66817474365234
92.1988296508789
93.25735473632812
93.14120483398438
94.05418395996094
93.98743438720703
94.82150268554688
94.94165802001953
95.5211181640625
95.633544921875
96.08384704589844
96.15531158447266
96.34671783447266
96.42984771728516
96.34928894042969
96.2183837890625
95.63710021972656
94.90851593017578
94.03997039794922
93.18205261230469
92.6081771850586
92.60820007324219
92.9643325805664
93.65807342529297
94.54444885253906
95.2267837524414
95.91860961914062
96.4053955078125
96.72647094726562
96.77975463867188
96.67951965332031
96.3189468383789
95.89485931396484
95.10635375976562
94.52717590332031
93.58067321777344
92.93417358398438
91.7555923461914
91.23631286621094
89.60181427001953
88.977294921875
86.93628692626953
87.28646850585938
85.7790756225586
87.66738891601562
87.09078979492188
88.18006134033203
86.92494201660156
87.5491943359375
86.3160629272461
86.62738800048828
85.17782592773438
85.57506561279297
84.18074035644531
84.42822265625
82.50328826904297
83.90006256103516
81.79825592041016
84.65519714355469
84.20040893554688
86.15143585205078
85.67282104492188
85.31180572509766
84.44145202636719
83.91229248046875
83.02591705322266
82.52392578125
81.93496704101562
81.65031433105469
82.27352905273438
82.48981475830078
83.56183624267578
83.90420532226562
84.48502349853516
84.85572814941406
85.34722900390625
84.53850555419922
83.74964904785156
82.29405212402344
79.57986450195312
76.36360168457031
73.05661010742188
67.06392669677734
71.55459594726562
66.8287124633789
77.00043487548828
78.20216369628906
82.8961181640625
82.42585754394531
84.9863510131836
84.00363159179688
84.7113265991211
82.96661376953125
82.84059143066406
80.85636901855469
80.29750061035156
78.36308288574219
79.8451919555664
78.34722900390625
79.80962371826172
79.42523193359375
79.64726257324219
79.65440368652344
80.20633697509766
79.60118103027344
78.62355041503906
77.74608612060547
76.47681427001953
76.01737213134766
74.99829864501953
74.64879608154297
