86.99674987792969
87.46440887451172
87.2037124633789
88.58865356445312
87.54744720458984
89.59015655517578
88.31494140625
90.79166412353516
89.42613220214844
92.58441162109375
90.5602035522461
94.47793579101562
92.72911071777344
96.87516021728516
95.48956298828125
99.2942886352539
97.5252914428711
98.8874282836914
95.504150390625
94.98719787597656
92.00544738769531
90.75350952148438
88.97220611572266
86.74581909179688
86.37616729736328
82.69470977783203
83.22217559814453
79.0564956665039
80.1333236694336
74.4498062133789
78.30805206298828
76.38706970214844
83.54578399658203
82.95983123779297
89.85358428955078
88.40556335449219
93.6338882446289
89.76345825195312
91.70127868652344
88.1993408203125
89.13348388671875
86.83992767333984
86.10786437988281
85.73015594482422
84.33090209960938
85.1841049194336
82.34394073486328
84.4684829711914
80.84458923339844
84.10503387451172
79.36760711669922
83.4635238647461
78.77511596679688
82.9433822631836
77.89017486572266
81.98782348632812
78.84178161621094
82.04987335205078
77.97696685791016
80.70816040039062
79.20867919921875
80.25455474853516
79.99861907958984
79.23770141601562
79.95616149902344
78.97425842285156
80.66486358642578
78.23554229736328
81.38581848144531
77.30131530761719
81.4735336303711
78.14413452148438
82.21917724609375
78.83629608154297
82.89631652832031
80.01738739013672
83.28988647460938
81.57707214355469
83.2618637084961
83.18942260742188
83.81190490722656
84.43000793457031
84.22724151611328
86.37975311279297
84.29065704345703
88.0399169921875
84.54932403564453
88.96401977539062
84.79371643066406
88.23748016357422
76.59623718261719
85.37992858886719
84.23713684082031
89.48405456542969
87.97174072265625
89.73953247070312
87.94080352783203
88.4298324584961
86.94490814208984
87.1668930053711
85.8349380493164
85.78060150146484
85.5382080078125
85.50301361083984
84.67473602294922
84.14049530029297
82.92974853515625
82.4250717163086
79.8946304321289
79.6449966430664
77.50967407226562
79.88639831542969
79.02684020996094
80.8298568725586
80.41484832763672
81.88335418701172
81.341552734375
82.6280288696289
83.17623901367188
82.88522338867188
85.04916381835938
84.14340209960938
86.52891540527344
84.8940658569336
88.32820129394531
86.77729797363281
90.4300537109375
88.98331451416016
92.56594848632812
92.08689880371094
95.26849365234375
95.13066101074219
97.2385482788086
96.81726837158203
96.57185363769531
95.92189025878906
94.20586395263672
94.36735534667969
91.97496032714844
92.88680267333984
90.44145202636719
91.64220428466797
89.45801544189453
90.88532257080078
88.73529815673828
90.2280502319336
88.84212493896484
89.81533813476562
88.87922668457031
89.14950561523438
89.0187759399414
89.10741424560547
89.47267150878906
88.6639175415039
87.40171813964844
84.20103454589844
81.44429779052734
78.27432250976562
77.17436981201172
75.86228942871094
75.84165954589844
75.55058288574219
76.48951721191406
78.20503234863281
77.8459701538086
78.88475036621094
79.52198791503906
80.71300506591797
79.95760345458984
81.56243133544922
80.9278793334961
81.74103546142578
82.00567626953125
83.54074096679688
83.01425170898438
84.4451904296875
84.49272918701172
85.70039367675781
85.7272720336914
86.58465576171875
87.38143157958984
87.67449951171875
88.97013854980469
89.06983184814453
90.85729217529297
90.67261505126953
92.15467071533203
91.0146255493164
91.80640411376953
89.91326904296875
90.28425598144531
88.18428039550781
88.15859985351562
86.4802474975586
86.49186706542969
85.1308364868164
84.40692901611328
83.94857788085938
82.7144775390625
81.87699127197266
81.1952133178711
80.93321990966797
79.79894256591797
79.76441192626953
78.43081665039062
79.7652359008789
77.41506958007812
79.5584487915039
77.236328125
78.06890869140625
77.0102310180664
77.18021392822266
77.06684112548828
75.05552673339844
76.1569595336914
73.95254516601562
75.35997772216797
74.27095794677734
74.8033218383789
73.97566223144531
75.25115203857422
71.53150939941406
73.81416320800781
71.06719970703125
74.24016571044922
70.45220184326172
72.19489288330078
68.16551208496094
72.56429290771484
67.76416015625
74.49402618408203
71.43006134033203
76.770263671875
77.48155975341797
77.99534606933594
78.54962158203125
77.14781188964844
77.08763122558594
76.06375885009766
77.99578094482422
76.8460922241211
77.35775756835938
77.68595123291016
76.40235137939453
77.07134246826172
77.81095886230469
78.04471588134766
77.58536529541016
78.97622680664062
77.11234283447266
78.96073913574219
76.58222198486328
78.74516296386719
75.16810607910156
77.75183868408203
76.03980255126953
78.3951644897461
77.54254150390625
79.41697692871094
78.78652954101562
80.5195541381836
81.14851379394531
79.60070037841797
80.75025939941406
78.1675796508789
79.62210845947266
76.4903564453125
77.55461120605469
75.22225189208984
76.21922302246094
75.03532409667969
72.68077087402344
75.7780990600586
72.67102813720703
76.36204528808594
75.0097427368164
78.69685363769531
78.19326782226562
78.86425018310547
79.72322082519531
78.82373809814453
80.8072280883789
78.4401626586914
81.11145782470703
80.11139678955078
81.35332489013672
80.58706665039062
81.07015228271484
81.8799057006836
81.43302154541016
83.17507934570312
82.2696304321289
85.12345886230469
83.67902374267578
87.03951263427734
86.03144073486328
89.07392883300781
88.58047485351562
91.39573669433594
90.78627014160156
92.37544250488281
91.52523803710938
91.54988098144531
90.54606628417969
89.639892578125
89.22801208496094
87.66358947753906
87.43016052246094
86.38832092285156
86.70781707763672
85.38577270507812
85.64457702636719
84.73051452636719
84.79846954345703
84.06591796875
84.6370849609375
84.06379699707031
83.85778045654297
84.22674560546875
83.5208511352539
83.97083282470703
84.00526428222656
84.62925720214844
84.01973724365234
85.00525665283203
84.30781555175781
85.71471405029297
85.44268035888672
86.4642333984375
86.09270477294922
87.36769104003906
87.24707794189453
87.52495574951172
86.86012268066406
85.66133117675781
83.87149810791016
82.40403747558594
79.31550598144531
78.92521667480469
75.72821807861328
75.96498107910156
74.64888000488281
76.4931640625
75.7155532836914
77.76980590820312
77.61741638183594
80.22515869140625
79.83199310302734
82.13842010498047
80.88347625732422
83.11576843261719
82.94184875488281
84.5350570678711
83.66928100585938
85.85784912109375
85.25578308105469
86.97799682617188
87.21711730957031
89.21443939208984
89.83504486083984
91.39823150634766
92.28221130371094
93.3493423461914
94.67214965820312
95.10627746582031
96.45038604736328
95.78936004638672
96.61514282226562
94.71574401855469
94.91020202636719
92.42375183105469
92.52725219726562
90.1809310913086
89.96256256103516
87.82465362548828
87.54763793945312
85.2667236328125
85.30260467529297
83.81974029541016
84.25491333007812
84.08206176757812
85.75850677490234
87.01935577392578
89.06515502929688
90.75109100341797
91.75176239013672
92.84323120117188
92.48145294189453
93.03973388671875
92.17613220214844
92.57572937011719
91.50965118408203
91.96163940429688
90.7782211303711
91.53612518310547
90.57376861572266
90.80925750732422
90.2265396118164
90.50049591064453
89.90489959716797
90.16435241699219
89.65386962890625
89.39901733398438
88.96806335449219
88.33295440673828
88.40459442138672
88.01817321777344
88.82160186767578
88.53462219238281
89.37257385253906
89.00226593017578
89.67234802246094
89.35234832763672
90.009765625
89.58524322509766
90.2365493774414
89.84820556640625
90.2403335571289
90.06544494628906
90.51033020019531
90.21173858642578
90.281005859375
89.86250305175781
89.6719970703125
89.20172882080078
88.88909912109375
88.8900146484375
89.18611907958984
89.78767395019531
90.67893981933594
91.37723541259766
91.60015869140625
92.013916015625
92.44944763183594
92.55516815185547
92.72810363769531
93.01680755615234
93.5357894897461
93.84261322021484
94.77706909179688
94.91272735595703
95.60914611816406
95.44019317626953
96.19695281982422
95.63540649414062
96.24406433105469
95.43171691894531
95.76416015625
94.38582611083984
94.16790008544922
91.80224609375
91.3158950805664
88.8379898071289
89.69475555419922
88.59070587158203
89.91593933105469
89.81232452392578
90.77334594726562
90.71369171142578
91.39376068115234
91.44429016113281
91.77100372314453
92.02114868164062
92.04022216796875
92.5396728515625
92.51152801513672
93.12460327148438
93.17247009277344
94.15577697753906
94.09803771972656
94.96025848388672
94.89464569091797
95.79302215576172
95.7691421508789
96.40005493164062
96.36157989501953
96.66333770751953
96.4594497680664
96.20952606201172
96.04425048828125
96.19438934326172
96.5050048828125
97.01873016357422
97.70626831054688
98.24825286865234
98.87590026855469
98.99803161621094
99.3369140625
99.0363998413086
99.0475082397461
98.5310287475586
98.18363189697266
97.67911529541016
97.21385955810547
96.82625579833984
96.16915130615234
96.06948852539062
95.37518310546875
95.36177062988281
94.72579193115234
94.76274108886719
94.29597473144531
93.22669219970703
92.1349868774414
88.58714294433594
87.1521987915039
80.39410400390625
81.4649658203125
70.86328125
74.3064193725586
68.33189392089844
67.52619934082031
73.31614685058594
66.31134796142578
73.50149536132812
66.31194305419922
73.70985412597656
66.02156066894531
74.62480926513672
70.6102066040039
75.50700378417969
75.47795104980469
77.19155883789062
77.47993469238281
79.39862823486328
80.15185546875
80.22498321533203
82.06109619140625
81.30398559570312
83.38796997070312
82.01600646972656
83.28611755371094
82.01235961914062
82.94747924804688
81.85897064208984
83.28772735595703
82.60391998291016
81.83427429199219
83.12786102294922
79.75652313232422
82.13101196289062
74.35710144042969
77.52188110351562
65.75337219238281
68.634033203125
74.4005355834961
67.75408172607422
79.73965454101562
78.7468032836914
83.8821029663086
83.8351058959961
86.38428497314453
85.64132690429688
86.17388916015625
85.66992950439453
84.83381652832031
83.78924560546875
83.1388931274414
82.19721984863281
81.97599792480469
81.64474487304688
82.33903503417969
82.19096374511719
82.79283905029297
82.35160064697266
83.17427825927734
83.13152313232422
82.78010559082031
82.46229553222656
82.4904556274414
81.64579010009766
81.58157348632812
81.7208023071289
82.08837890625
81.82746887207031
81.34101867675781
