86.63465118408203
92.6417465209961
95.86942291259766
66.42241668701172
98.51750183105469
97.63990783691406
91.99305725097656
102.25098419189453
94.12397003173828
99.25010681152344
99.83020782470703
73.00048065185547
96.60017395019531
92.62543487548828
83.1340560913086
90.68179321289062
79.60759735107422
86.07577514648438
86.31754302978516
66.69009399414062
83.13092803955078
79.95709228515625
75.47632598876953
84.95109558105469
78.844482421875
87.59217834472656
92.47100830078125
71.6062240600586
94.39099884033203
91.60556030273438
86.39442443847656
92.7089614868164
83.17852783203125
87.23486328125
88.75834655761719
58.18410110473633
86.71245574951172
83.18605041503906
77.82105255126953
85.19158935546875
76.13056182861328
81.23147583007812
82.78866577148438
48.9214973449707
81.55441284179688
78.2968978881836
72.19739532470703
80.34616088867188
71.39860534667969
76.52091979980469
77.96092224121094
52.59267044067383
77.1155776977539
73.61402893066406
67.35029602050781
74.6758804321289
65.3983383178711
70.98739624023438
71.13517761230469
55.09746170043945
67.18452453613281
60.73552703857422
64.98151397705078
73.19987487792969
66.82759857177734
70.95657348632812
76.80900573730469
61.8865852355957
82.66307830810547
82.69586181640625
79.31842041015625
89.75078582763672
83.3870849609375
88.84202575683594
90.86675262451172
58.084205627441406
89.7470474243164
86.3860855102539
79.99668884277344
87.62992858886719
78.79739379882812
83.62157440185547
85.17888641357422
45.3848876953125
84.58880615234375
81.8478012084961
75.53752899169922
84.23807525634766
75.13861846923828
80.94343566894531
82.87503814697266
47.132869720458984
82.79883575439453
80.62374877929688
73.77850341796875
83.35515594482422
74.44107055664062
80.75997161865234
82.9537124633789
51.822811126708984
83.00753021240234
80.54206848144531
76.0883560180664
83.66431427001953
75.2428970336914
81.2418441772461
83.89808654785156
50.865089416503906
84.34532928466797
82.91980743408203
78.49969482421875
86.8073959350586
78.75545501708984
84.97503662109375
87.64314270019531
54.869651794433594
86.9068374633789
83.4880142211914
76.8274917602539
83.02208709716797
71.8689193725586
75.64257049560547
74.90135192871094
49.695804595947266
73.20056915283203
70.7118911743164
65.47801971435547
74.67113494873047
63.85006332397461
73.57022857666016
76.9512939453125
61.64222717285156
76.39305114746094
74.4623794555664
71.4322280883789
79.69195556640625
73.40784454345703
79.60537719726562
84.73316192626953
60.169944763183594
87.56324768066406
85.87890625
82.8399429321289
92.03430938720703
85.12197875976562
90.94137573242188
94.4859848022461
68.12095642089844
94.15542602539062
90.45492553710938
83.78987121582031
90.50701904296875
81.40369415283203
86.33612060546875
89.4451904296875
52.89193344116211
93.08637237548828
91.92716979980469
87.4776611328125
95.86628723144531
87.62244415283203
93.02764892578125
95.6758041381836
63.059600830078125
96.672607421875
95.04954528808594
90.19754791259766
99.2646484375
91.5320816040039
96.70860290527344
98.72896575927734
67.60089111328125
97.2525405883789
93.71431732177734
86.80143737792969
94.37171173095703
85.18065643310547
89.20853424072266
91.02503204345703
58.7192497253418
91.04216766357422
89.26394653320312
83.63737487792969
92.55393981933594
83.74662780761719
89.42865753173828
91.44771575927734
45.32884979248047
91.0481948852539
88.681640625
83.27011108398438
91.76815032958984
83.18004608154297
88.86128997802734
91.34263610839844
57.96356964111328
91.69994354248047
89.62726593017578
85.09561920166016
93.53075408935547
85.51878356933594
91.49586486816406
94.39118957519531
60.49720001220703
95.42340850830078
93.74134826660156
89.32865142822266
98.25199890136719
90.62844848632812
96.39795684814453
99.15765380859375
66.51432800292969
99.1221694946289
96.27598571777344
90.54682159423828
97.95470428466797
88.88054656982422
93.11542510986328
94.48223114013672
59.76007843017578
92.9255599975586
89.51514434814453
84.06228637695312
91.56826782226562
82.41681671142578
86.95369720458984
89.05537414550781
60.54899597167969
88.14771270751953
85.20623779296875
79.36345672607422
87.39828491210938
78.88755798339844
83.52490234375
85.47216033935547
54.37922286987305
85.1920394897461
82.55089569091797
77.33216094970703
85.19538116455078
76.135498046875
81.14424896240234
83.40380096435547
49.36301803588867
83.30610656738281
80.68585205078125
75.12435150146484
83.06869506835938
75.0638427734375
78.97127532958984
81.46800994873047
51.30341720581055
81.6644287109375
78.9497299194336
74.67034149169922
81.84932708740234
74.09591674804688
79.3831787109375
81.10199737548828
47.613224029541016
81.2552490234375
78.2610855102539
73.32318878173828
81.6061019897461
73.68010711669922
77.74913024902344
79.66507720947266
43.19056701660156
79.89619445800781
78.27677917480469
73.75511932373047
83.42048645019531
75.9521484375
82.52503204345703
85.16819763183594
56.14258575439453
85.41202545166016
82.68690490722656
77.05612182617188
85.00984191894531
76.50064086914062
82.7491226196289
84.93860626220703
45.60865783691406
85.98568725585938
84.12389373779297
79.47140502929688
88.8538589477539
80.89281463623047
87.14408874511719
90.26414489746094
53.338584899902344
91.88014221191406
90.35478973388672
85.78353118896484
94.90690612792969
87.41862487792969
93.0247573852539
95.72789001464844
56.93544006347656
95.72517395019531
93.01056671142578
86.99286651611328
94.85017395019531
85.7939453125
90.44761657714844
92.13337707519531
62.58778762817383
91.13993072509766
88.43170928955078
82.9180908203125
90.724609375
82.29356384277344
87.126708984375
89.11703491210938
54.25020217895508
89.06378936767578
86.84236145019531
81.41622161865234
89.56929016113281
81.4868392944336
85.87123107910156
87.77450561523438
60.05976104736328
86.38028717041016
83.5167007446289
77.27110290527344
86.2123031616211
78.58213806152344
84.09693908691406
86.86044311523438
60.806636810302734
88.1478042602539
86.78325653076172
81.0186996459961
90.80187225341797
83.12474822998047
89.64656829833984
92.7774429321289
65.70230865478516
95.31505584716797
94.17335510253906
89.019287109375
98.42452239990234
89.9729995727539
95.37458801269531
96.44539642333984
64.94759368896484
93.94136047363281
90.42733001708984
82.44609069824219
90.4012680053711
80.77238464355469
85.39820098876953
86.5908203125
59.010520935058594
84.68489837646484
81.62032318115234
74.92121887207031
81.94519805908203
72.09529876708984
78.52458190917969
79.83842468261719
56.58473205566406
77.96389770507812
75.46749114990234
68.87940979003906
78.49208068847656
68.87885284423828
77.0072021484375
79.3908920288086
55.851959228515625
78.76895141601562
76.66461944580078
69.37088012695312
78.0858154296875
68.55297088623047
73.69692993164062
74.42831420898438
50.094303131103516
73.94471740722656
74.00762939453125
72.0041732788086
80.79167175292969
74.28656768798828
81.3431625366211
85.15526580810547
60.79069900512695
88.30406951904297
87.50113677978516
83.63472747802734
93.00528717041016
85.93357849121094
91.91150665283203
95.180908203125
59.060401916503906
96.0941390991211
94.08307647705078
88.79871368408203
97.12518310546875
88.62210845947266
93.76284790039062
95.97502136230469
61.31223678588867
95.67290496826172
93.18585205078125
87.81137084960938
96.05084228515625
87.58274841308594
92.9990234375
95.32635498046875
53.09127426147461
95.15099334716797
92.60845184326172
87.05799865722656
94.51117706298828
84.72200775146484
89.34613037109375
90.76457977294922
56.28215789794922
90.31744384765625
88.21597290039062
84.24144744873047
93.18550109863281
85.86405944824219
91.64167022705078
94.34805297851562
63.02248764038086
94.76961517333984
92.50851440429688
87.4144058227539
95.63231658935547
87.30374145507812
92.61968231201172
95.03800964355469
53.06523513793945
95.30755615234375
92.9457015991211
87.76243591308594
96.1195068359375
87.73826599121094
93.30802154541016
95.7111587524414
58.325164794921875
95.67578125
93.37969970703125
88.30567932128906
96.52031707763672
88.10777282714844
93.60809326171875
95.78244018554688
63.665122985839844
95.82213592529297
93.3967056274414
88.29170227050781
96.50233459472656
88.09951782226562
93.49304962158203
95.80493927001953
56.86274719238281
95.59949493408203
93.16619873046875
87.72545623779297
95.88905334472656
87.41681671142578
92.99571228027344
95.51514434814453
58.1279296875
95.88015747070312
93.77793884277344
88.35391998291016
97.07549285888672
88.55870819091797
94.34148406982422
96.75700378417969
51.106224060058594
97.36475372314453
95.4361572265625
90.59900665283203
99.32713317871094
91.18897247314453
97.24549102783203
99.98971557617188
59.4046516418457
100.5239486694336
98.19029235839844
92.74066162109375
100.59745025634766
91.3158187866211
96.30477142333984
97.60091400146484
49.16259765625
95.47015380859375
92.03264617919922
85.52072143554688
92.89789581298828
83.18656921386719
88.11600494384766
89.49878692626953
55.8076171875
88.44834899902344
85.45829010009766
79.01387786865234
87.65267181396484
80.51190948486328
85.78142547607422
88.8305435180664
62.97586441040039
89.98697662353516
87.17584991455078
81.99779510498047
89.48567199707031
80.44790649414062
84.27885437011719
85.76547241210938
55.9951171875
82.806884765625
79.19861602783203
73.10221099853516
80.81192016601562
72.10665130615234
73.7055892944336
73.41954803466797
54.758060455322266
72.40382385253906
75.35108947753906
73.02163696289062
84.29692840576172
76.96295166015625
84.00494384765625
87.47499084472656
52.601722717285156
89.62615966796875
88.37789916992188
83.68899536132812
93.43370819091797
86.16484069824219
91.97467803955078
95.2162857055664
58.492488861083984
96.21783447265625
94.31050872802734
89.04266357421875
97.30127716064453
88.9030990600586
93.53355407714844
95.23658752441406
58.399208068847656
93.32360076904297
89.55812072753906
82.41577911376953
88.35974884033203
76.37018585205078
76.54383087158203
72.24213409423828
52.09164810180664
81.17208862304688
82.13172912597656
78.84207153320312
88.82857513427734
81.85986328125
87.69879913330078
90.50231170654297
56.065826416015625
91.07189178466797
88.6368637084961
83.19084167480469
91.32846069335938
82.90286254882812
87.49876403808594
88.73395538330078
55.843406677246094
86.10064697265625
81.71673583984375
74.20211029052734
80.6425552368164
