85.99513244628906
88.73086547851562
92.10879516601562
72.96658325195312
92.39036560058594
90.13866424560547
88.46065521240234
96.07328033447266
87.84715270996094
95.6866455078125
98.77830505371094
79.97200775146484
100.27464294433594
100.27214050292969
92.48049926757812
103.83472442626953
95.1275634765625
100.94222259521484
100.4693603515625
83.0086669921875
98.46381378173828
94.15294647216797
87.54779815673828
93.92887115478516
86.54029083251953
83.1746597290039
85.84024810791016
75.47660827636719
82.62327575683594
76.81082916259766
82.2607650756836
88.48786163330078
85.28141021728516
86.97557830810547
94.05487823486328
82.00642395019531
95.78538513183594
92.55513000488281
89.58888244628906
94.91466522216797
83.92324829101562
91.01251220703125
91.92378234863281
70.8867416381836
90.07018280029297
87.92214965820312
79.3711166381836
88.2402572631836
79.73825073242188
84.88873291015625
86.23760986328125
65.5958023071289
87.1339340209961
83.7798843383789
79.7131118774414
87.44161987304688
80.08281707763672
82.42463684082031
85.15398406982422
65.68522644042969
83.77714538574219
81.27873992919922
77.30541229248047
85.64350128173828
76.42695617675781
83.45047760009766
85.95195770263672
60.9605712890625
85.16089630126953
84.00643920898438
76.72322845458984
86.37741088867188
78.5417251586914
83.74139404296875
86.1612319946289
66.47959899902344
88.00074768066406
85.35443115234375
81.30343627929688
89.94878387451172
82.81433868408203
86.86909484863281
90.443359375
67.9790267944336
90.57547760009766
89.07514190673828
84.13134002685547
91.98949432373047
80.52964782714844
89.72529602050781
88.14967346191406
80.18717193603516
90.73530578613281
91.51473999023438
85.34972381591797
93.96468353271484
85.0575942993164
91.08194732666016
92.31739044189453
66.41979217529297
91.93106842041016
89.07609558105469
83.61593627929688
91.49188995361328
83.0398178100586
86.94442749023438
88.36670684814453
53.60550308227539
85.62984466552734
82.06019592285156
75.57081604003906
84.86748504638672
74.44241333007812
84.10240936279297
86.57669830322266
67.66304779052734
87.51451873779297
86.3856201171875
78.60005950927734
89.3405990600586
83.00888061523438
86.78270721435547
90.12174987792969
71.59619903564453
93.08916473388672
91.32195281982422
88.50582885742188
97.53656005859375
91.20940399169922
96.22782135009766
100.38655090332031
80.09764862060547
101.50171661376953
99.23255157470703
94.88232421875
101.50318145751953
91.21578979492188
97.3026351928711
98.40573120117188
72.4041976928711
96.57772827148438
93.998046875
86.509033203125
95.35462951660156
86.33280944824219
92.56529235839844
94.58234405517578
69.85245513916016
95.07332611083984
92.56523895263672
86.05553436279297
95.26482391357422
87.58564758300781
91.18240356445312
91.57071685791016
66.68537902832031
86.87435913085938
82.2628402709961
71.51705169677734
80.68457794189453
73.14988708496094
80.09025573730469
82.86343383789062
56.76716995239258
83.81495666503906
82.12336730957031
76.14754486083984
85.48308563232422
77.84403991699219
83.9498291015625
86.80931854248047
60.6376838684082
87.9672622680664
86.19636535644531
80.49043273925781
90.09542846679688
82.15789794921875
88.25829315185547
91.1019287109375
51.84646224975586
92.87947082519531
91.33666229248047
86.56249237060547
95.9693603515625
88.89177703857422
93.95359802246094
96.78369903564453
68.53944396972656
96.38150787353516
93.15402221679688
87.73876953125
94.77002716064453
85.69461822509766
89.61115264892578
91.2056884765625
64.92700958251953
88.99100494384766
85.82604217529297
79.9124526977539
87.81253814697266
77.41095733642578
84.2314224243164
86.03247833251953
62.668739318847656
84.87226867675781
82.22372436523438
74.63672637939453
83.89398956298828
75.42505645751953
80.0643310546875
81.84114074707031
60.74678421020508
82.07501983642578
79.55866241455078
74.38639831542969
81.95062255859375
73.65599060058594
77.20516204833984
79.17972564697266
55.721717834472656
79.01951599121094
75.4590835571289
72.62998962402344
79.05464172363281
70.74689483642578
74.16028594970703
77.08390045166016
48.64116668701172
75.6209487915039
72.98712921142578
71.46142578125
80.52510070800781
74.29997253417969
79.9731216430664
83.02515411376953
58.521385192871094
83.86339569091797
80.9874496459961
75.33949279785156
82.9745101928711
75.29283142089844
79.47976684570312
81.8993148803711
54.298397064208984
82.59524536132812
79.57161712646484
76.59636688232422
83.57899475097656
75.39744567871094
81.36538696289062
83.67996215820312
52.071292877197266
82.42829132080078
79.6806640625
73.84776306152344
82.6202392578125
74.22456359863281
80.40962982177734
83.68452453613281
49.934139251708984
85.22249603271484
83.11681365966797
77.73298645019531
85.82612609863281
75.86116027832031
81.79513549804688
82.931640625
58.024688720703125
81.37448120117188
78.5754623413086
71.59550476074219
80.21947479248047
73.59524536132812
77.5164794921875
80.2598648071289
64.74292755126953
82.40463256835938
80.37181854248047
78.59227752685547
85.03096771240234
76.6314926147461
83.36908721923828
86.1551284790039
64.75696563720703
86.35643005371094
84.74122619628906
77.15986633300781
86.57305908203125
79.41438293457031
84.03753662109375
87.43453979492188
67.7099609375
89.90979766845703
88.18817138671875
84.70591735839844
94.07161712646484
87.40296173095703
92.34752655029297
96.20764923095703
71.89299774169922
96.94454956054688
94.21407318115234
89.29731750488281
96.40583801269531
86.7497329711914
92.05657958984375
93.64458465576172
65.55415344238281
91.7936019897461
89.21752166748047
82.37991333007812
91.14968872070312
82.28116607666016
87.7692642211914
89.66539764404297
59.3952751159668
89.54808044433594
87.05726623535156
80.9541015625
89.83525085449219
81.94278717041016
86.86930847167969
89.5409164428711
58.12449264526367
90.18014526367188
87.93521881103516
83.6933822631836
92.0026626586914
84.99897766113281
89.40978240966797
92.43758392333984
68.6709213256836
92.00008392333984
88.5048599243164
83.89276123046875
89.52481079101562
77.9215087890625
83.2451171875
83.66477966308594
66.41993713378906
79.41292572021484
78.1452407836914
73.97200012207031
82.65421295166016
74.4411849975586
82.52398681640625
85.67058563232422
64.40625
86.85018157958984
85.72187042236328
78.95492553710938
89.1281967163086
82.10620880126953
87.03401947021484
90.12788391113281
69.8019027709961
92.652587890625
91.05707550048828
87.95409393310547
96.92294311523438
90.32969665527344
95.69684600830078
99.46656799316406
74.61064910888672
100.52851867675781
98.91261291503906
94.06990051269531
101.57614135742188
90.94820404052734
97.75590515136719
98.43428802490234
74.90362548828125
96.28074645996094
93.24433898925781
83.65699768066406
92.47624206542969
83.81431579589844
86.8298568725586
88.11023712158203
73.3904037475586
91.03297424316406
90.19163513183594
84.9745864868164
95.82438659667969
89.91046905517578
94.357421875
97.51689910888672
71.7051010131836
97.79547119140625
95.02227020263672
90.64885711669922
97.99344635009766
89.11225128173828
94.53178405761719
96.64908599853516
66.45403289794922
95.96505737304688
93.57784271240234
87.08869171142578
95.86798095703125
86.9469985961914
92.55873107910156
94.2191390991211
65.46595764160156
93.951171875
91.52764892578125
85.71482849121094
94.6048355102539
87.21703338623047
91.7952880859375
94.4367446899414
66.7265625
94.87710571289062
92.31564331054688
88.08589935302734
96.20923614501953
87.86832427978516
93.42425537109375
95.82312774658203
65.25321197509766
95.38105010986328
93.0752944946289
87.12579345703125
95.06851196289062
85.72891998291016
92.1633529663086
94.43905639648438
64.28540802001953
95.66485595703125
94.1369857788086
88.85218048095703
97.91975402832031
90.05980682373047
95.41340637207031
97.9108657836914
56.21754837036133
98.63206481933594
96.7633285522461
91.98185729980469
100.87639617919922
92.83042907714844
98.78531646728516
101.18059539794922
65.97919464111328
101.34666442871094
99.09040832519531
93.10704803466797
101.12495422363281
91.51599884033203
96.27589416503906
97.07292938232422
66.9261474609375
94.54386901855469
92.048095703125
86.68421173095703
95.58592987060547
87.38826751708984
93.80450439453125
96.56743621826172
64.45142364501953
96.97652435302734
95.02734375
89.3878402709961
98.11888885498047
89.98433685302734
95.90029907226562
98.36408996582031
65.67597198486328
99.55313110351562
97.59120178222656
92.80690002441406
101.51384735107422
93.8505859375
98.7872314453125
101.53021240234375
73.36666870117188
101.6456527709961
98.9521484375
94.64324951171875
102.34786224365234
93.96648406982422
99.91616821289062
102.96785736083984
73.55192565917969
103.76598358154297
102.03810119628906
96.67604064941406
105.18656921386719
96.32078552246094
102.10580444335938
103.81929779052734
73.33887481689453
103.211669921875
100.33415222167969
94.60684204101562
102.49060821533203
94.24988555908203
98.25372314453125
100.65567016601562
75.9413070678711
99.49283599853516
96.3072280883789
91.374755859375
96.67642211914062
82.56075286865234
90.0055923461914
88.29082489013672
74.25846862792969
80.52975463867188
75.86165618896484
71.31317901611328
70.63664245605469
66.2822036743164
74.46006774902344
77.60908508300781
67.97583770751953
73.34180450439453
73.57257843017578
68.81229400634766
77.4906997680664
66.41260528564453
80.17806243896484
83.04832458496094
63.253421783447266
85.4684829711914
84.0251235961914
77.64884185791016
87.7175521850586
81.19924926757812
85.10598754882812
87.71953582763672
63.27777862548828
87.896728515625
85.44926452636719
81.37014770507812
88.80628204345703
79.8736572265625
85.51990509033203
87.15943145751953
54.177616119384766
85.0617446899414
80.03792572021484
71.33531951904297
77.47171783447266
70.34333801269531
76.82357788085938
82.76310729980469
68.89653778076172
86.71255493164062
87.43003845214844
80.98418426513672
91.5746078491211
83.62313079833984
88.71931457519531
90.34162902832031
68.74286651611328
89.32451629638672
85.6733627319336
79.91509246826172
88.38428497314453
80.39810180664062
84.83062744140625
87.56957244873047
61.996280670166016
87.91915893554688
85.36656951904297
81.2337875366211
88.70996856689453
79.94379425048828
85.80069732666016
87.70732116699219
59.36445617675781
87.61425018310547
85.37423706054688
78.85735321044922
86.7679672241211
