81.92257690429688
84.63212585449219
88.68793487548828
74.01127624511719
88.12907409667969
88.86006164550781
75.62419891357422
91.43745422363281
87.73345947265625
88.25906372070312
93.81632232666016
86.74156188964844
94.9451904296875
90.75420379638672
90.64093780517578
91.87577056884766
69.8074951171875
89.58074188232422
86.16866302490234
80.21270751953125
87.50688934326172
81.40963745117188
82.02769470214844
84.96443939208984
79.81343078613281
80.70149993896484
83.18319702148438
78.35037231445312
78.19583129882812
84.01544189453125
75.59050750732422
85.23426818847656
84.68611145019531
83.47258758544922
85.28495025634766
76.84613037109375
83.16535949707031
78.20668029785156
78.12876892089844
81.29753112792969
65.09080505371094
79.85018920898438
78.56819152832031
70.9901351928711
80.46900177001953
74.4967269897461
75.90217590332031
80.04785919189453
69.94522094726562
78.19280242919922
78.50593566894531
68.17718505859375
78.53201293945312
76.32733154296875
70.48597717285156
77.35254669189453
72.8656997680664
71.11454010009766
75.82401275634766
68.30970764160156
71.05072784423828
72.49120330810547
59.6744499206543
68.00691986083984
69.90043640136719
59.82496643066406
63.87489318847656
67.59845733642578
63.54704666137695
62.70359420776367
70.07943725585938
65.92078399658203
67.12748718261719
70.52982330322266
71.04749298095703
68.26675415039062
72.60018920898438
74.19851684570312
67.82234954833984
75.57129669189453
75.55094146728516
67.0521469116211
79.93965148925781
75.3467025756836
79.87032318115234
84.67130279541016
79.44673156738281
87.85358428955078
82.92093658447266
86.1123275756836
85.83918762207031
76.71351623535156
86.4260025024414
80.67705535888672
81.59039306640625
85.75420379638672
71.21794891357422
84.49279022216797
84.7774887084961
69.92668914794922
86.16059112548828
82.84943389892578
79.80548858642578
86.94824981689453
78.33657836914062
84.38981628417969
86.87638092041016
59.90904235839844
87.1152114868164
84.05572509765625
80.94237518310547
86.74282836914062
77.00804901123047
83.0662612915039
84.6739273071289
75.74005126953125
83.13792419433594
84.87403106689453
55.19294738769531
86.16927337646484
84.12672424316406
82.94171142578125
88.13235473632812
79.4935302734375
87.30630493164062
84.08207702636719
81.1280288696289
85.45355224609375
74.12968444824219
82.87110137939453
81.94529724121094
70.7829818725586
83.31362915039062
77.55907440185547
78.22306823730469
82.98640441894531
68.3188705444336
81.77632141113281
82.04959106445312
68.044677734375
83.91991424560547
79.94878387451172
80.243408203125
84.6623306274414
66.67920684814453
83.41533660888672
80.750244140625
77.37960052490234
82.0520248413086
81.63949584960938
76.56158447265625
83.94088745117188
83.30474853515625
78.25328063964844
87.53543853759766
79.37876892089844
87.36805725097656
87.78074645996094
81.71788787841797
89.07621765136719
80.24900817871094
85.56300354003906
86.13512420654297
70.58560943603516
86.15868377685547
82.12380981445312
78.91710662841797
85.43571472167969
74.714111328125
82.13163757324219
83.55390930175781
63.036014556884766
83.77433776855469
80.38097381591797
77.55923461914062
84.3402099609375
74.27318572998047
82.46466064453125
83.88435363769531
65.27346801757812
85.51747131347656
82.7948989868164
79.50523376464844
87.13558959960938
79.39544677734375
84.95159912109375
87.61530303955078
68.99158477783203
87.91606903076172
87.05747985839844
78.765380859375
90.0244140625
84.53411102294922
86.66770935058594
90.98925018310547
75.38794708251953
90.97454071044922
89.75736236572266
84.46575164794922
92.2231674194336
82.43875122070312
89.47312927246094
89.5224380493164
74.18693542480469
89.56562805175781
84.75165557861328
82.76061248779297
88.07593536376953
77.2059326171875
84.72332763671875
85.54348754882812
67.29072570800781
84.67333984375
81.91557312011719
75.6147232055664
83.643310546875
75.82605743408203
79.07087707519531
81.498291015625
60.481849670410156
79.53193664550781
77.76824188232422
70.0364990234375
79.20238494873047
70.66927337646484
74.91655731201172
77.43303680419922
53.55230712890625
77.13997650146484
74.43984985351562
70.20116424560547
77.76387023925781
68.06173706054688
74.12202453613281
76.45248413085938
45.96116638183594
75.61038970947266
73.15840148925781
67.33712768554688
76.26410675048828
67.580078125
72.3171615600586
75.06390380859375
51.868099212646484
75.1920166015625
72.7992935180664
69.1246337890625
75.86676788330078
66.8041000366211
73.7431411743164
75.51292419433594
56.122188568115234
75.74610137939453
73.52548217773438
67.96378326416016
77.22221374511719
70.00261688232422
72.41790771484375
76.3792724609375
56.84878921508789
75.72820281982422
75.39669036865234
64.70672607421875
76.8791732788086
70.31450653076172
72.54944610595703
74.7326431274414
62.65510940551758
71.95993041992188
67.2624282836914
64.55286407470703
64.55199432373047
60.355037689208984
54.17256164550781
68.64414978027344
63.167572021484375
73.4850082397461
73.14105224609375
70.77993774414062
77.92610168457031
66.86686706542969
77.26717376708984
78.58415222167969
64.03958892822266
80.52827453613281
78.51093292236328
73.89360046386719
82.23482513427734
76.04721069335938
79.3581771850586
83.83113098144531
68.9045181274414
83.7515869140625
84.14873504638672
74.67127990722656
86.93880462646484
80.78314971923828
84.4811782836914
86.66400146484375
70.59967803955078
86.49735260009766
82.52738189697266
79.80279541015625
85.36306762695312
74.72753143310547
82.49547576904297
83.69487762451172
64.18936157226562
83.3330307006836
80.47335052490234
75.21866607666016
82.76475524902344
74.38217163085938
79.02278900146484
81.38676452636719
55.05786895751953
80.7735595703125
79.00149536132812
72.7872543334961
81.4646987915039
72.88131713867188
79.16594696044922
81.36579132080078
46.40035629272461
81.88288879394531
79.83831787109375
74.98954010009766
83.75782012939453
76.74825286865234
81.1397705078125
84.81246185302734
65.22758483886719
84.93193817138672
84.72016143798828
74.87715911865234
87.64434051513672
82.56343078613281
85.12964630126953
89.23814392089844
78.15191650390625
89.70924377441406
85.48787689208984
84.90743255615234
88.08629608154297
68.4593276977539
85.61988830566406
83.69364929199219
75.03337097167969
84.64454650878906
79.45567321777344
78.0679931640625
82.30763244628906
74.89584350585938
77.88076782226562
79.67273712158203
72.00865936279297
76.05316925048828
75.85923767089844
66.6211166381836
71.34590148925781
72.521240234375
64.49637603759766
63.98365020751953
70.85160064697266
71.06287384033203
57.68149185180664
74.19493865966797
75.54180145263672
69.84346008300781
76.97216033935547
78.5533447265625
72.42550659179688
80.5508804321289
80.85834503173828
73.62547302246094
84.2533187866211
81.08126068115234
79.97437286376953
87.09568786621094
77.27666473388672
87.21099090576172
88.97364807128906
81.55455017089844
92.08244323730469
86.13825225830078
90.59990692138672
90.23825073242188
80.27535247802734
90.13713073730469
83.75341033935547
83.94120788574219
88.80062866210938
80.54710388183594
86.43330383300781
89.08511352539062
64.47799682617188
89.2207260131836
87.34317016601562
81.49044036865234
90.0390853881836
81.76456451416016
86.94634246826172
89.21111297607422
53.068607330322266
89.0015640258789
86.69554138183594
80.75018310546875
89.4815902709961
81.491943359375
86.06619262695312
88.5986557006836
52.12739181518555
88.3697738647461
86.15998840332031
80.28568267822266
89.03704833984375
81.97490692138672
86.26449584960938
89.28670501708984
68.79004669189453
89.62149047851562
86.6501693725586
83.3341064453125
90.20397186279297
79.75360870361328
87.61127471923828
89.29865264892578
64.66346740722656
89.92665100097656
87.98783874511719
82.48934936523438
91.2187271118164
83.1693344116211
88.49368286132812
90.8780517578125
55.700172424316406
90.86898803710938
88.54003143310547
83.06378936767578
91.47980499267578
83.06785583496094
88.10308074951172
90.51697540283203
62.37321090698242
89.9219970703125
88.25501251220703
80.92317962646484
90.86669158935547
83.59226989746094
87.63240051269531
90.20552825927734
70.06283569335938
90.1750259399414
87.1786117553711
83.59532928466797
90.56095123291016
79.94962310791016
88.2767333984375
89.36284637451172
70.6209487915039
90.04269409179688
87.16790771484375
82.85075378417969
91.10856628417969
84.72699737548828
88.60597229003906
92.11316680908203
68.9166488647461
92.30340576171875
91.15200805664062
84.23194122314453
94.16319274902344
86.71563720703125
91.2774429321289
93.98624420166016
70.66896057128906
94.20001983642578
91.71894073486328
87.39653015136719
94.8895492553711
85.01139068603516
92.46560668945312
93.36918640136719
75.98328399658203
93.60590362548828
88.95121002197266
87.04923248291016
92.42581939697266
84.3775405883789
88.74713134765625
91.79131317138672
77.88209533691406
91.19947052001953
91.30084991455078
80.8377914428711
93.44483184814453
87.5438232421875
90.45946502685547
92.98700714111328
78.45356750488281
92.65311431884766
88.17520904541016
86.55431365966797
91.04705810546875
75.7977066040039
88.16098022460938
87.57907104492188
75.93811798095703
87.10155487060547
85.93871307373047
74.9171142578125
89.23505401611328
83.97887420654297
86.60052490234375
89.23462677001953
71.607421875
88.67430877685547
84.48695373535156
81.86051940917969
87.5036392211914
77.39872741699219
84.20783996582031
86.04359436035156
71.5531005859375
85.98291015625
86.34259033203125
79.27256774902344
88.63650512695312
78.8778305053711
85.59713745117188
86.24906158447266
67.46578216552734
86.15180206298828
82.40117645263672
78.01979064941406
85.4177474975586
78.16043853759766
81.4061279296875
85.27789306640625
68.74504852294922
85.06732940673828
82.98168182373047
79.38015747070312
84.46119689941406
65.67594909667969
80.81024932861328
78.132080078125
71.73133087158203
77.0417251586914
76.18545532226562
66.44039916992188
78.05265808105469
77.60752868652344
74.82658386230469
81.6634521484375
72.12689208984375
81.71475219726562
79.31166076660156
77.08008575439453
81.64186096191406
66.72196197509766
78.923828125
78.1894760131836
64.73638916015625
78.66133117675781
75.6561508178711
71.59407806396484
78.9972152709961
70.51319122314453
75.2977523803711
77.06517791748047
58.874755859375
75.39138793945312
73.23981475830078
65.61136627197266
74.28060150146484
