84.55362701416016
91.03755187988281
93.89844512939453
65.55998992919922
94.80419158935547
93.01296997070312
89.0379409790039
97.8496322631836
90.26197814941406
96.90679168701172
100.50410461425781
64.78839874267578
103.38854217529297
102.03437042236328
96.63785552978516
103.93656921386719
94.12577056884766
97.07544708251953
97.61881256103516
68.4267807006836
94.19915771484375
90.17986297607422
82.73657989501953
89.90824890136719
79.89879608154297
83.60604095458984
84.65226745605469
57.56504440307617
83.324951171875
82.87445831298828
81.07041931152344
92.27949523925781
86.99832153320312
93.8431167602539
96.83485412597656
62.599571228027344
95.2295913696289
91.80970764160156
84.0513916015625
92.03691101074219
82.64915466308594
87.44640350341797
89.23731231689453
67.4690933227539
87.5040512084961
84.57344818115234
79.67013549804688
86.69744110107422
77.38339233398438
83.1311264038086
84.80284881591797
58.857810974121094
83.41661071777344
81.11697387695312
76.26591491699219
83.72148895263672
75.6856918334961
79.44874572753906
81.794677734375
59.58218002319336
81.3207015991211
78.6381607055664
71.96818542480469
80.23786926269531
70.30091857910156
77.85407257080078
79.82176971435547
61.55467987060547
77.65799713134766
74.9343490600586
70.87127685546875
77.8297119140625
68.35260772705078
73.70732116699219
76.08247375488281
58.99978256225586
74.1718521118164
70.33519744873047
66.92164611816406
74.31502532958984
67.05022430419922
70.11131286621094
76.12293243408203
55.50156784057617
83.1312484741211
83.48091125488281
82.42581176757812
93.18860626220703
87.87100982666016
95.25678253173828
98.80487060546875
65.34321594238281
98.82575988769531
96.15498352050781
90.43749237060547
98.73397064208984
90.2874755859375
95.99738311767578
98.49597930908203
63.45586013793945
99.0386734008789
96.86724853515625
91.19520568847656
99.24108123779297
90.37741088867188
93.93502807617188
94.96296691894531
63.44404220581055
92.25921630859375
89.46266174316406
85.078857421875
94.48539733886719
87.83750915527344
93.46971130371094
95.62594604492188
57.21833419799805
94.45175170898438
91.25847625732422
85.30382537841797
93.12102508544922
84.28871154785156
89.545166015625
91.52772521972656
54.42512130737305
91.33497619628906
89.12747955322266
84.1060562133789
92.56391906738281
84.60172271728516
90.35009002685547
93.16043090820312
62.7939338684082
94.55947875976562
93.13471221923828
88.8756103515625
98.19230651855469
90.91461181640625
97.69196319580078
100.90193176269531
64.59237670898438
101.35295104980469
98.37168884277344
92.0137710571289
99.48605346679688
90.17871856689453
94.41531372070312
95.91521453857422
60.68867874145508
94.72215270996094
92.03553009033203
86.654541015625
94.55632781982422
84.3396224975586
87.79375457763672
87.80943298339844
59.84821701049805
86.44151306152344
83.7588119506836
78.45047760009766
87.31996154785156
78.3279037475586
84.62158966064453
87.15325927734375
60.31574630737305
86.91609191894531
84.70457458496094
80.03211212158203
88.27283477783203
79.9981689453125
85.3777084350586
87.94485473632812
53.045249938964844
88.3786849975586
86.17278289794922
81.23687744140625
89.64604949951172
81.36798095703125
87.29530334472656
89.94087219238281
60.883995056152344
91.68379974365234
90.2848129272461
85.71359252929688
94.87828826904297
86.80541229248047
93.20941925048828
96.11328125
62.095882415771484
97.50877380371094
95.81490325927734
90.94347381591797
99.72454071044922
91.5886459350586
96.56535339355469
98.30459594726562
61.67424011230469
96.65799713134766
93.60344696044922
87.40540313720703
94.70802307128906
85.74897003173828
90.22645568847656
91.72705078125
45.18498229980469
90.52981567382812
87.50398254394531
82.05093383789062
89.58916473388672
81.01402282714844
85.58181762695312
87.5116195678711
38.270755767822266
86.7534408569336
83.97059631347656
78.34162139892578
86.3825454711914
77.43939971923828
82.73086547851562
84.80989837646484
53.33879852294922
83.96625518798828
81.81858825683594
77.29695129394531
84.28462219238281
75.89613342285156
80.52316284179688
82.93648529052734
51.54536056518555
82.79658508300781
80.20133209228516
73.98551940917969
81.7988052368164
73.33892059326172
79.69287109375
81.88694763183594
56.70375442504883
81.53702545166016
79.16105651855469
74.27919006347656
81.84089660644531
73.1934814453125
78.51736450195312
81.01957702636719
52.47205352783203
81.75829315185547
79.54893493652344
75.61922454833984
82.906494140625
74.60416412353516
79.85482025146484
82.71614074707031
57.39442825317383
83.3111801147461
81.08578491210938
76.21489715576172
84.71776580810547
77.5333480834961
82.61589813232422
84.94023895263672
56.135040283203125
85.70509338378906
83.7203140258789
78.1096420288086
86.57269287109375
77.33909606933594
81.82606506347656
83.0033950805664
59.16168975830078
80.190673828125
75.93646240234375
71.2374038696289
78.49748229980469
68.33279418945312
75.08033752441406
78.25830841064453
49.81096267700195
80.39143371582031
78.63442993164062
72.17874145507812
81.3941879272461
73.33880615234375
79.21936798095703
81.86203002929688
43.459007263183594
84.55767822265625
83.15302276611328
79.37064361572266
88.42174530029297
81.17957305908203
86.75196075439453
89.85418701171875
55.25178527832031
91.42708587646484
89.92513275146484
85.9229965209961
94.92218017578125
87.84917449951172
93.87793731689453
96.86013793945312
61.41621017456055
96.99008178710938
94.21858978271484
88.1576156616211
95.5679931640625
86.4665298461914
90.83531188964844
92.60979461669922
61.3062629699707
91.46961212158203
88.7223129272461
83.08155059814453
90.8606948852539
82.08929443359375
87.245849609375
89.41812896728516
43.01160430908203
89.02534484863281
86.71476745605469
81.1994400024414
89.89815521240234
80.97401428222656
87.09646606445312
89.40371704101562
60.90882110595703
89.90115356445312
87.70568084716797
82.72581481933594
91.53358459472656
83.3403549194336
89.40733337402344
92.43572235107422
58.08524703979492
93.87113189697266
92.15008544921875
87.62202453613281
96.38680267333984
88.11235046386719
92.73705291748047
93.9991683959961
56.2890625
90.4344482421875
86.75192260742188
79.4013442993164
85.8636703491211
75.77714538574219
79.3825454711914
80.16683959960938
43.042537689208984
78.1884994506836
75.10162353515625
70.54883575439453
79.27781677246094
71.05752563476562
78.55379486083984
81.89131164550781
49.85563659667969
84.13002014160156
82.31289672851562
78.33660888671875
87.51557922363281
79.3192367553711
85.48934173583984
88.55889129638672
52.3406982421875
91.15679931640625
90.10551452636719
86.7961196899414
96.61224365234375
89.77623748779297
96.78936767578125
100.16944885253906
63.517330169677734
100.11723327636719
96.8111572265625
89.69978332519531
96.76342010498047
87.234375
91.2022933959961
92.28201293945312
59.02946472167969
89.90486907958984
86.76432800292969
82.02594757080078
91.52989959716797
84.52703094482422
91.59906768798828
95.28597259521484
54.0266227722168
97.56305694580078
95.75055694580078
90.5461654663086
99.0027847290039
90.65972137451172
95.70244598388672
97.875244140625
59.20710372924805
97.49163818359375
95.00516510009766
89.38265991210938
97.78652954101562
89.38289642333984
94.64328002929688
96.92127227783203
58.02983474731445
96.9025650024414
94.6226806640625
89.19380187988281
97.25177764892578
88.53155517578125
93.2579116821289
95.1581039428711
63.25559997558594
95.32635498046875
93.16304016113281
87.578125
96.38072204589844
88.23658752441406
93.66413116455078
95.9609146118164
62.05426788330078
95.9095458984375
93.3427963256836
87.76866149902344
95.6756820678711
87.29733276367188
92.57089233398438
95.37110137939453
64.61640167236328
96.54695129394531
94.69880676269531
89.66338348388672
98.20233154296875
89.82569885253906
95.68932342529297
98.04949951171875
66.63571166992188
98.18790435791016
96.05320739746094
91.02347564697266
99.89592742919922
92.12174224853516
97.91854095458984
100.56483459472656
63.22205352783203
100.86661529541016
98.57466888427734
93.10585021972656
101.42913818359375
93.00553131103516
98.22715759277344
100.38528442382812
64.65654754638672
99.539794921875
96.56514739990234
90.19569396972656
97.47457122802734
88.67777252197266
93.37366485595703
95.95589447021484
62.91105651855469
96.95149230957031
94.96814727783203
89.93779754638672
98.63518524169922
90.58666229248047
96.2695541381836
98.96951293945312
67.09971618652344
99.98480224609375
98.04475402832031
93.09854125976562
101.86731719970703
93.71685028076172
99.46952056884766
101.97315979003906
65.75090789794922
102.34127807617188
99.9848861694336
94.50550842285156
102.3775634765625
93.5526351928711
97.9254150390625
99.58081817626953
68.38310241699219
99.35392761230469
97.47514343261719
93.07135772705078
102.1550064086914
94.4814453125
100.51506805419922
103.21206665039062
66.30634307861328
103.46680450439453
100.9781265258789
95.24046325683594
103.07010650634766
94.30084228515625
98.78970336914062
100.47213745117188
65.01276397705078
98.88922882080078
95.82636260986328
89.60265350341797
96.88473510742188
87.07672882080078
90.98880004882812
91.90550994873047
59.39659118652344
90.87138366699219
88.88938903808594
83.78215026855469
91.73650360107422
83.00318908691406
87.70040130615234
89.86720275878906
58.53181838989258
89.24241638183594
86.2762222290039
80.07389068603516
88.14024353027344
79.71781158447266
85.72527313232422
88.73905181884766
56.34019470214844
90.2765121459961
87.79327392578125
81.73838806152344
89.32807159423828
79.8069839477539
85.1590576171875
86.99623107910156
53.293853759765625
87.55905151367188
85.70530700683594
81.29191589355469
89.87749481201172
81.97478485107422
87.83454895019531
90.43606567382812
58.29016876220703
88.97479248046875
85.39851379394531
77.4072494506836
81.99996948242188
68.00172424316406
65.1135025024414
68.95338439941406
46.9627685546875
82.13020324707031
83.4504165649414
80.64865112304688
90.21086883544922
82.32722473144531
88.1633071899414
90.32097625732422
59.542564392089844
88.76753997802734
85.256103515625
78.73711395263672
86.16818237304688
76.83898162841797
83.05687713623047
85.43142700195312
57.90528106689453
85.88835906982422
84.0188980102539
78.34307861328125
86.73802185058594
77.92152404785156
81.85505676269531
83.59258270263672
51.6456413269043
81.91522216796875
79.4499282836914
73.58731842041016
82.4955825805664
