77.77396392822266
78.22996520996094
79.61875915527344
79.9192123413086
81.85004425048828
82.35762023925781
84.074462890625
85.03959655761719
85.48584747314453
85.73521423339844
83.99079895019531
82.91812133789062
80.09223937988281
79.39160919189453
76.83379364013672
75.35513305664062
73.75665283203125
70.95360565185547
70.3987808227539
66.72396850585938
67.522216796875
67.83378601074219
66.53193664550781
71.4047622680664
71.91808319091797
75.8929672241211
77.95043182373047
79.2100601196289
80.59590911865234
78.77444458007812
78.3428955078125
76.1463394165039
75.74095916748047
74.26004791259766
73.3393783569336
72.74187469482422
70.72587585449219
70.90115356445312
69.2706298828125
69.9739990234375
66.77931213378906
67.89289093017578
67.71121215820312
66.10589599609375
66.60587310791016
64.50358581542969
66.06572723388672
64.32422637939453
63.302650451660156
63.00431823730469
59.99037551879883
63.92707824707031
59.96866989135742
60.66354751586914
57.3874397277832
58.95044708251953
58.81876754760742
51.50118637084961
55.234100341796875
55.28573989868164
51.81373977661133
59.80898666381836
59.15189743041992
63.3703498840332
65.23548126220703
66.66561889648438
70.75096130371094
71.70735931396484
73.9233169555664
73.7469482421875
74.85546875
72.97975158691406
72.63026428222656
71.48403930664062
70.65483093261719
70.60457611083984
68.5698471069336
69.78534698486328
67.94094848632812
68.3692855834961
67.37579345703125
66.38011169433594
67.63024139404297
64.85460662841797
67.34846496582031
65.35601806640625
65.45985412597656
66.1410140991211
64.80767822265625
66.65154266357422
64.01409912109375
65.78753662109375
64.89209747314453
64.54778289794922
65.26705932617188
63.77570724487305
65.92230224609375
63.40406799316406
65.75102233886719
64.41033172607422
64.42854309082031
64.97203063964844
63.16325378417969
65.709716796875
64.19461059570312
64.93230438232422
64.98574829101562
64.60572814941406
65.37477111816406
63.836509704589844
65.68492889404297
63.326168060302734
65.4676742553711
65.09696960449219
64.62278747558594
66.55799865722656
63.87273406982422
66.1072769165039
63.58879852294922
65.3176498413086
65.81868743896484
65.60374450683594
68.71282196044922
68.28831481933594
69.15435791015625
70.15723419189453
70.05206298828125
71.64227294921875
70.79650115966797
72.32328796386719
72.345947265625
73.65098571777344
73.87303161621094
74.86663818359375
75.07781219482422
74.36943054199219
73.68834686279297
71.04206848144531
70.85577392578125
70.86007690429688
71.2945556640625
73.81419372558594
74.4031753540039
77.09700775146484
78.49375915527344
79.99058532714844
80.53569793701172
80.59339141845703
79.4798355102539
78.5571060180664
77.7916488647461
77.19563293457031
77.60159301757812
77.75309753417969
77.74300384521484
77.4385986328125
77.31661987304688
77.28331756591797
76.92557525634766
77.7401123046875
77.4073715209961
77.9115219116211
77.9092025756836
78.98826599121094
79.29662322998047
80.0254135131836
80.91815948486328
81.63350677490234
82.47315979003906
82.66901397705078
82.84500122070312
82.02705383300781
81.39380645751953
80.20318603515625
79.14962768554688
78.33132934570312
77.00410461425781
76.54003143310547
74.98521423339844
74.67337036132812
73.6163558959961
73.32340240478516
74.83477783203125
75.50475311279297
76.44830322265625
76.69032287597656
76.98280334472656
76.11566162109375
76.09255981445312
76.17679595947266
75.83155822753906
75.87039184570312
75.40666198730469
75.90646362304688
75.48517608642578
76.01280975341797
76.3567886352539
76.29511260986328
77.04146575927734
76.98281860351562
77.638671875
77.74849700927734
78.34587860107422
79.02558135986328
79.42591094970703
80.25211334228516
80.60706329345703
81.51861572265625
81.98548889160156
82.74113464355469
83.21026611328125
83.39032745361328
83.55899047851562
83.09790802001953
82.9275131225586
81.877685546875
81.47443389892578
80.56359100341797
79.74826049804688
78.88661193847656
78.32662200927734
77.70511627197266
76.63734436035156
76.46528625488281
75.333984375
75.05664825439453
74.71021270751953
73.5614242553711
73.20265197753906
72.32295227050781
72.36599731445312
71.65837860107422
71.22124481201172
71.1096420288086
70.11717987060547
70.9398422241211
69.37762451171875
69.8940200805664
69.16905212402344
69.1206283569336
69.25078582763672
68.22503662109375
68.81693267822266
67.92847442626953
68.22418212890625
67.93806457519531
67.09580993652344
67.07018280029297
66.13301849365234
66.81810760498047
66.55119323730469
66.61663818359375
66.33708190917969
65.86772918701172
66.38356018066406
65.46144104003906
66.24179077148438
64.36658477783203
65.15922546386719
65.65813446044922
64.09154510498047
65.72525024414062
63.99504089355469
64.7804183959961
64.24568176269531
63.776588439941406
65.05422973632812
64.77267456054688
68.38726806640625
70.19027709960938
71.51048278808594
71.97454071044922
72.18717193603516
71.89849853515625
70.3696060180664
70.41730499267578
68.4521713256836
68.0460205078125
68.1495361328125
67.71903991699219
68.6313247680664
67.8378677368164
69.11005401611328
69.56134796142578
70.35697174072266
71.38775634765625
71.2742691040039
72.7550048828125
72.81880950927734
73.8550033569336
74.62724304199219
75.52635955810547
76.26168060302734
76.95124816894531
78.130126953125
78.73834228515625
79.72471618652344
79.88201141357422
80.358642578125
80.24607849121094
80.13316345214844
79.8298568725586
78.90397644042969
78.49790954589844
77.6340560913086
77.38252258300781
76.52498626708984
76.18683624267578
75.36445617675781
74.94397735595703
74.85250854492188
73.9354019165039
74.0986557006836
73.69652557373047
73.5177001953125
73.31206512451172
72.93115997314453
73.43922424316406
72.50590515136719
73.15906524658203
72.37004089355469
72.5588150024414
72.47235870361328
71.77591705322266
71.71379089355469
70.4681625366211
71.35363006591797
70.75332641601562
70.96604919433594
71.50296783447266
71.49030303955078
72.8474349975586
73.23931884765625
74.16999053955078
74.9015121459961
75.47071075439453
76.51966857910156
77.35482025146484
78.44914245605469
79.40196228027344
80.57965850830078
81.47455596923828
81.76653289794922
81.26283264160156
80.47445678710938
78.99430847167969
77.64680480957031
76.13026428222656
75.02938842773438
73.7132339477539
72.29512023925781
71.32854461669922
69.74697875976562
68.82903289794922
68.00908660888672
66.49004364013672
65.99291229248047
64.53054809570312
64.81761169433594
61.678977966308594
60.60691833496094
61.72511291503906
59.34971237182617
61.19343185424805
61.139549255371094
61.39091110229492
61.20011520385742
60.82600784301758
64.09113311767578
63.24711227416992
65.25592803955078
64.87982940673828
65.16398620605469
65.96990203857422
64.4140396118164
64.0313720703125
62.41536331176758
61.44477844238281
60.411739349365234
58.128543853759766
61.6943359375
61.86614990234375
62.96694564819336
65.9694595336914
66.97203826904297
69.61781311035156
70.38019561767578
71.86894226074219
73.41002655029297
74.75054931640625
75.65531158447266
76.1114273071289
76.56855773925781
76.25495910644531
77.3734130859375
77.75326538085938
78.77005767822266
79.48250579833984
79.68550109863281
80.1436996459961
80.16024017333984
80.20397186279297
79.9487075805664
79.7494888305664
79.61236572265625
79.59281158447266
79.66058349609375
79.10609436035156
79.22999572753906
78.87020111083984
78.8625259399414
78.75895690917969
78.46973419189453
78.53870391845703
78.13520050048828
78.58372497558594
79.2376480102539
79.98949432373047
80.51402282714844
80.61779022216797
80.6068344116211
80.32432556152344
80.34593200683594
79.82032012939453
79.92379760742188
79.81561279296875
79.78398895263672
80.04515838623047
80.20549774169922
80.55831146240234
80.46163177490234
80.51932525634766
80.55289459228516
80.55963134765625
80.85126495361328
80.87154388427734
81.17340850830078
81.12969970703125
81.38916015625
81.32931518554688
81.46597290039062
81.82022857666016
81.54420471191406
82.0108642578125
81.90605163574219
82.23001098632812
82.05651092529297
82.21939086914062
82.34732818603516
82.27669525146484
82.5736083984375
82.52302551269531
82.7311019897461
82.82263946533203
82.80350494384766
82.93553924560547
82.95228576660156
83.13575744628906
83.01994323730469
83.06468200683594
82.73561096191406
82.21783447265625
81.55525207519531
80.5493392944336
80.35197448730469
79.99946594238281
80.28019714355469
80.62200164794922
81.0081558227539
81.53400421142578
81.8531494140625
82.46670532226562
82.52906036376953
83.1903305053711
83.71002197265625
84.07176971435547
84.72025299072266
85.10964965820312
85.64544677734375
85.9876708984375
86.41597747802734
86.55794525146484
86.64299011230469
86.44976806640625
86.09979248046875
85.66731262207031
84.82596588134766
84.27131652832031
83.39387512207031
82.70175170898438
82.0245361328125
81.42108917236328
80.71065521240234
80.245361328125
79.98130798339844
79.44525146484375
79.6151123046875
79.25970458984375
79.5474624633789
79.18280029296875
79.51007843017578
79.21722412109375
79.24463653564453
78.94937896728516
78.9927749633789
78.7616958618164
79.02735900878906
79.17121124267578
79.19197082519531
79.94622039794922
79.92412567138672
80.49141693115234
80.36563873291016
80.49549102783203
80.24786376953125
79.77103424072266
79.19731140136719
78.21959686279297
77.62261962890625
76.65823364257812
75.83256530761719
74.40482330322266
73.8682861328125
72.77857971191406
72.13802337646484
71.56456756591797
70.32786560058594
70.49308776855469
68.31683349609375
67.92752838134766
67.02880096435547
64.94085693359375
65.13924407958984
64.07760620117188
66.22789764404297
67.7246322631836
69.21353149414062
71.53559875488281
73.11140441894531
75.1891098022461
76.00546264648438
77.14124298095703
77.25562286376953
77.22276306152344
77.08723449707031
76.39203643798828
76.0405044555664
74.40327453613281
73.25067138671875
71.00341033935547
69.72515106201172
65.91487884521484
61.80729675292969
56.94948196411133
56.44431686401367
55.887306213378906
60.918216705322266
63.229164123535156
66.00613403320312
68.56712341308594
70.85425567626953
72.46109771728516
73.5028305053711
74.84815216064453
74.91339111328125
75.12786102294922
74.77644348144531
74.34381866455078
72.67998504638672
72.42768859863281
71.0983657836914
69.39688110351562
67.87060546875
64.95027160644531
63.926841735839844
60.12834167480469
