82.0095443725586
86.7534408569336
90.46092987060547
73.32377624511719
92.75153350830078
91.7318344116211
88.32775115966797
97.23175811767578
88.31590270996094
94.3165054321289
94.24010467529297
73.51579284667969
91.37476348876953
85.70988464355469
82.85958099365234
86.46180725097656
70.65958404541016
82.18083953857422
79.2686538696289
72.03058624267578
77.92313385009766
63.60274124145508
75.1441650390625
78.13810729980469
74.89764404296875
82.7319107055664
87.25767517089844
73.69462585449219
90.08860778808594
85.35609436035156
83.1641616821289
87.45427703857422
71.62049102783203
84.03224182128906
82.816650390625
73.45238494873047
83.19445037841797
76.00076293945312
78.31298065185547
80.63227081298828
62.612327575683594
79.60882568359375
76.83589935302734
72.02690124511719
78.52687072753906
69.57594299316406
75.6045150756836
76.48628997802734
66.23758697509766
76.70549774169922
71.3395004272461
72.1975326538086
75.22755432128906
65.81294250488281
73.61575317382812
71.5672607421875
68.88580322265625
72.86788177490234
67.58380126953125
72.61763000488281
68.27923583984375
71.40342712402344
69.6807632446289
70.5054702758789
74.30586242675781
62.83023452758789
78.02027130126953
71.44773864746094
79.66764831542969
81.89736938476562
75.59831237792969
85.60912322998047
77.39205169677734
82.49751281738281
82.00846862792969
72.31416320800781
81.47740936279297
75.21284484863281
77.07674407958984
78.9961166381836
67.5927734375
78.08698272705078
74.97095489501953
72.30613708496094
77.5333480834961
68.36979675292969
74.90738677978516
75.67094421386719
67.20594024658203
75.7638931274414
72.10901641845703
71.83403778076172
75.73252868652344
66.39740753173828
74.41383361816406
73.7435302734375
68.81682586669922
75.43765258789062
71.56092834472656
71.19805145263672
75.1150131225586
67.16795349121094
73.68775177001953
73.96149444580078
68.23535919189453
74.9300308227539
71.69837951660156
71.66207885742188
75.87203216552734
70.66582489013672
73.92108154296875
76.72978973388672
69.87841033935547
77.38074493408203
76.86412811279297
70.81876373291016
80.30934143066406
74.81163024902344
77.15926361083984
78.90272521972656
59.392852783203125
75.74894714355469
67.80284118652344
69.97541046142578
69.81926727294922
63.374114990234375
71.208984375
63.70507049560547
69.29043579101562
69.89277648925781
67.53919982910156
71.5245361328125
70.7842788696289
71.87600708007812
70.8437728881836
74.48529052734375
73.2933578491211
74.6318130493164
78.71014404296875
70.629638671875
81.48841857910156
80.486083984375
78.28359985351562
86.66880798339844
79.14568328857422
87.06170654296875
89.3266830444336
71.81697845458984
89.32667541503906
83.86116027832031
80.8968276977539
85.43914031982422
72.1988525390625
84.22554016113281
86.69237518310547
68.99935150146484
90.10285186767578
87.21793365478516
84.04798126220703
90.89891815185547
81.19871520996094
88.7442626953125
90.61087799072266
67.15998077392578
91.6949691772461
89.65861511230469
85.3952407836914
94.16498565673828
86.60310363769531
91.84947204589844
94.42173767089844
69.24418640136719
92.61022186279297
89.9156723022461
80.93854522705078
89.89656829833984
82.21711730957031
83.67350006103516
86.61109161376953
69.58243560791016
85.6667709350586
85.51766967773438
77.78147888183594
89.06404113769531
82.60077667236328
84.92465209960938
88.40396118164062
68.40145111083984
87.07227325439453
85.6265869140625
76.64934539794922
87.48460388183594
81.32498931884766
83.49893951416016
87.27155303955078
68.20622253417969
86.83556365966797
85.93528747558594
78.10140991210938
88.74983215332031
82.19792175292969
85.84817504882812
89.6204833984375
68.50650024414062
90.33454132080078
89.30116271972656
82.89286804199219
93.07109069824219
86.45932006835938
91.0265884399414
94.23753356933594
71.36802673339844
94.17772674560547
91.7612533569336
85.63036346435547
93.33599853515625
84.0359115600586
88.7886734008789
89.92529296875
67.45542907714844
88.48601531982422
84.81094360351562
80.56610107421875
86.92681884765625
76.56011962890625
83.19918060302734
84.05789947509766
67.18045043945312
83.57665252685547
79.62437438964844
76.70051574707031
82.47848510742188
71.4814453125
79.9482192993164
80.34698486328125
66.66370391845703
80.13124084472656
75.95955657958984
74.70885467529297
79.80361938476562
67.84713745117188
77.26207733154297
77.99317932128906
66.38411712646484
78.40415954589844
73.48668670654297
72.89033508300781
77.61394500732422
63.98120880126953
75.88398742675781
75.63370513916016
65.77906036376953
76.96318817138672
72.46129608154297
71.28706359863281
76.80643463134766
63.04263687133789
74.8220443725586
74.83988952636719
63.031227111816406
76.38365173339844
71.12107849121094
71.39636993408203
75.86212158203125
62.12427520751953
74.3049545288086
73.21331024169922
64.42230224609375
74.47561645507812
70.64599609375
70.73094177246094
78.98138427734375
71.1941909790039
78.80265808105469
80.32096099853516
63.49502944946289
80.00226593017578
75.94139099121094
74.29634094238281
79.3281478881836
68.7471923828125
77.80628204345703
79.21418762207031
64.55084228515625
81.34870147705078
78.69209289550781
76.18754577636719
83.66675567626953
75.07881927490234
82.9813461303711
85.15538024902344
63.46100616455078
87.27626037597656
85.27893829345703
82.33872985839844
90.35700988769531
81.7397689819336
88.97859191894531
91.12767028808594
61.94038009643555
91.27582550048828
88.3386001586914
83.01959991455078
90.40443420410156
81.22760772705078
86.35453796386719
87.94830322265625
57.62670135498047
87.05300903320312
84.30218505859375
78.55426788330078
86.56504821777344
78.08303833007812
82.82862091064453
85.08789825439453
62.93632888793945
84.92108917236328
82.56195831298828
76.6432876586914
85.4207992553711
77.5103530883789
82.06574249267578
84.4295883178711
63.485591888427734
82.93730926513672
80.65799713134766
72.823974609375
82.2988052368164
75.38865661621094
79.52870178222656
82.78569793701172
65.04377746582031
83.8006362915039
82.32227325439453
76.7004165649414
86.60747528076172
79.81632232666016
84.97708129882812
88.49398803710938
61.70768356323242
90.21047973632812
89.4834976196289
83.9374771118164
93.62120056152344
85.89299774169922
89.6115951538086
91.19961547851562
66.78890991210938
88.13157653808594
85.08797454833984
76.96656799316406
84.95462799072266
76.92639923095703
79.11988830566406
80.97396850585938
66.14008331298828
78.08529663085938
76.15801239013672
66.91862487792969
75.13034057617188
71.23822784423828
68.40058135986328
73.78267669677734
66.62779235839844
69.37522888183594
72.7854995727539
50.137939453125
73.5542984008789
72.24324798583984
68.9061508178711
76.24995422363281
65.16739654541016
74.10281372070312
75.76013946533203
56.59564971923828
74.83807373046875
71.34319305419922
64.59286499023438
73.21255493164062
66.90302276611328
70.35614776611328
73.40113067626953
65.04978942871094
76.3145980834961
72.25849914550781
75.93081665039062
80.61221313476562
66.1012191772461
83.26116180419922
82.73433685302734
76.88926696777344
87.50672912597656
81.35061645507812
85.88739013671875
89.40071868896484
65.8079605102539
90.43782806396484
89.27680206298828
82.2452163696289
92.01625061035156
84.64451599121094
88.2841567993164
91.12823486328125
68.91289520263672
90.29824829101562
88.61478424072266
81.37000274658203
90.76134490966797
83.65030670166016
87.1994857788086
90.1285171508789
70.13081359863281
89.70706939697266
87.95594024658203
80.97361755371094
89.81605529785156
81.38531494140625
84.22369384765625
86.22215270996094
68.17842864990234
85.33731079101562
84.36697387695312
77.28845977783203
88.24053192138672
82.00587463378906
85.87076568603516
89.38878631591797
68.44415283203125
89.40251159667969
87.68696594238281
81.46316528320312
90.22783660888672
82.64148712158203
86.67499542236328
89.3248291015625
69.53831481933594
89.3065185546875
87.42679595947266
81.77445220947266
90.40274810791016
82.92457580566406
87.46512603759766
90.15792083740234
69.29569244384766
90.07328033447266
87.98049926757812
82.50576782226562
90.87625885009766
83.03146362304688
87.88995361328125
90.29981231689453
69.94627380371094
90.32565307617188
87.8552474975586
83.01640319824219
91.02842712402344
82.63809967041016
88.0041732788086
90.27113342285156
70.47161865234375
90.24679565429688
87.62557220458984
82.9611587524414
90.58839416503906
81.62366485595703
87.7180404663086
89.98509979248047
70.24398040771484
90.54788208007812
88.01084899902344
83.66696166992188
91.31491088867188
82.27178955078125
88.6434555053711
90.84307861328125
70.9760971069336
91.84098052978516
89.5727310180664
85.62390899658203
93.63453674316406
85.247314453125
91.82437896728516
94.19918060302734
70.3904037475586
95.18913269042969
92.67289733886719
88.40724182128906
95.78353881835938
86.07318115234375
91.96965789794922
92.85234832763672
68.13001251220703
91.13424682617188
87.11140441894531
82.20781707763672
88.26119995117188
77.75495910644531
83.7310562133789
84.16107940673828
67.7526626586914
82.7739486694336
79.1364517211914
74.72534942626953
80.30400085449219
74.25515747070312
73.8358154296875
79.26549530029297
70.64752960205078
80.14053344726562
82.01368713378906
76.55231475830078
86.36004638671875
78.45309448242188
84.24993896484375
85.54845428466797
68.66373443603516
85.08464813232422
79.64466857910156
78.16340637207031
82.363525390625
65.46292114257812
79.11080932617188
76.98561096191406
68.7961196899414
76.99376678466797
67.06330871582031
73.02462005615234
74.1880874633789
62.3699836730957
72.2650375366211
69.89295196533203
69.9460220336914
77.26133728027344
78.2126235961914
75.35477447509766
84.6080322265625
77.91563415527344
84.53152465820312
87.5848388671875
69.74488067626953
89.40543365478516
86.50263214111328
83.3798599243164
89.86135864257812
79.54141998291016
87.64924621582031
88.87432861328125
68.44921112060547
88.42228698730469
83.51518249511719
79.56828308105469
83.07823944091797
67.3491439819336
76.82670593261719
73.25132751464844
69.67627716064453
79.55138397216797
78.33811950683594
78.62258911132812
85.7299575805664
76.20962524414062
85.15242004394531
86.73580932617188
69.09373474121094
87.96528625488281
84.57516479492188
82.1371841430664
88.67414093017578
78.48246002197266
85.9490737915039
86.97752380371094
68.25924682617188
85.7302474975586
81.49950408935547
77.02318572998047
82.6090087890625
