79.65862274169922
80.53775787353516
80.98416137695312
81.47721862792969
82.61005401611328
82.6999740600586
83.88200378417969
84.86588287353516
85.81906127929688
87.53418731689453
88.64962768554688
90.1633071899414
90.84577178955078
90.30332946777344
89.2120361328125
87.11502075195312
85.4288101196289
83.48059844970703
81.57170104980469
80.28885650634766
78.2822265625
76.78690338134766
75.51342010498047
72.9040756225586
72.43775939941406
69.99222564697266
69.46524810791016
71.57333374023438
72.70185089111328
75.28905487060547
78.81497192382812
80.7677993774414
82.40576171875
82.84068298339844
81.64517211914062
80.80164337158203
79.47136688232422
78.0785140991211
77.888427734375
76.12046813964844
75.85014343261719
74.99916076660156
74.03266906738281
73.86180877685547
72.72723388671875
72.81171417236328
71.95304107666016
72.03711700439453
71.84658813476562
69.19109344482422
70.48538208007812
69.74940490722656
69.5601806640625
69.30451202392578
67.73346710205078
66.82632446289062
68.37944030761719
65.55293273925781
65.81562042236328
66.07027435302734
65.15066528320312
65.72237396240234
63.41322326660156
65.87946319580078
63.67333221435547
62.42869186401367
62.53892517089844
60.96925735473633
61.6196403503418
59.81071090698242
60.10544204711914
57.929710388183594
51.422508239746094
55.78892135620117
56.66758728027344
54.99654769897461
56.02689743041992
55.08731460571289
60.38421630859375
65.20791625976562
65.2670669555664
68.81199645996094
70.6876220703125
72.4583740234375
75.68665313720703
77.45604705810547
80.40965270996094
82.56835174560547
83.93141174316406
84.34425354003906
83.0011978149414
82.49105834960938
81.40313720703125
80.62679290771484
80.01212310791016
79.5633316040039
79.73646545410156
79.31712341308594
78.97824096679688
79.25736236572266
79.03041076660156
79.25587463378906
79.34911346435547
79.82742309570312
80.34705352783203
80.77340698242188
81.1668472290039
81.21725463867188
81.3731460571289
80.18876647949219
78.95476531982422
76.78083038330078
74.06438446044922
72.90715026855469
70.30184936523438
70.35073852539062
70.8665542602539
71.76611328125
73.46168518066406
74.82066345214844
76.20577239990234
78.23615264892578
79.4043197631836
81.08348083496094
81.70433044433594
81.97832489013672
81.69343566894531
80.6244888305664
80.0221176147461
78.77851104736328
77.80632019042969
77.08110809326172
76.38723754882812
76.2166519165039
75.46981811523438
75.18236541748047
74.57283782958984
74.64893341064453
74.62779235839844
74.36461639404297
75.01582336425781
74.72993469238281
75.15077209472656
75.11795806884766
74.70548248291016
73.92388916015625
72.88892364501953
72.3259506225586
71.7906723022461
73.3592529296875
76.02535247802734
77.72772216796875
79.04466247558594
80.84723663330078
82.0223617553711
83.37435150146484
83.93395233154297
84.14747619628906
83.71475982666016
83.05628967285156
82.16006469726562
81.46483612060547
80.326904296875
79.80731964111328
79.41547393798828
78.91471862792969
78.36927032470703
78.07069396972656
77.4502182006836
77.43936920166016
76.80948638916016
76.7217025756836
76.66464233398438
76.67548370361328
77.2315444946289
76.85581970214844
76.95343017578125
77.22454833984375
77.54925537109375
77.46514892578125
77.84320068359375
78.4272689819336
78.59293365478516
79.09879302978516
79.65348815917969
79.72592163085938
80.09642028808594
80.50555419921875
80.82635498046875
81.4477767944336
81.56558990478516
81.87968444824219
82.42062377929688
83.07610321044922
84.37114715576172
84.71903228759766
85.6991958618164
86.23681640625
87.17976379394531
87.22144317626953
86.60030364990234
85.9667739868164
84.65913391113281
83.91447448730469
82.71768951416016
81.51663208007812
80.71223449707031
79.72285461425781
79.38993072509766
78.88949584960938
79.02518463134766
78.55012512207031
77.92430114746094
77.46892547607422
75.6502456665039
75.39522552490234
75.2027359008789
73.553955078125
73.71824645996094
73.58624267578125
73.21064758300781
73.19962310791016
73.27031707763672
73.11764526367188
71.891357421875
71.9416732788086
72.41900634765625
71.28689575195312
71.51062774658203
70.68611907958984
70.4707260131836
70.79716491699219
70.12622833251953
70.17615509033203
70.16881561279297
69.28765869140625
69.89370727539062
69.03843688964844
69.92716217041016
69.78759002685547
69.29432678222656
68.97704315185547
68.52644348144531
68.65379333496094
69.14337158203125
68.65647888183594
69.17536163330078
68.23835754394531
68.09339904785156
68.87591552734375
68.28680419921875
68.96566009521484
67.8851547241211
69.22282409667969
68.34048461914062
69.96678161621094
69.279052734375
69.3160171508789
70.49857330322266
69.96310424804688
70.67896270751953
71.07211303710938
70.90192413330078
71.39936065673828
70.68494415283203
71.14791107177734
71.07026672363281
70.4140396118164
69.46471405029297
67.57722473144531
66.49149322509766
64.13056945800781
63.584007263183594
60.4044303894043
60.15409851074219
62.971946716308594
67.58557891845703
69.59540557861328
70.81935119628906
71.6368408203125
71.92098999023438
72.33394622802734
72.45581817626953
73.1324691772461
73.24864196777344
73.25056457519531
72.6753158569336
73.61649322509766
74.4998779296875
74.56636047363281
75.72574615478516
76.6941909790039
77.54216003417969
78.92388916015625
79.52433013916016
80.42357635498047
81.27144622802734
81.42957305908203
81.55931854248047
81.12104034423828
80.6692123413086
79.72721099853516
79.10266876220703
78.5030288696289
77.84459686279297
77.9991683959961
76.93287658691406
76.63796997070312
76.00943756103516
75.57376098632812
75.16893768310547
75.11508178710938
75.03952026367188
74.51853942871094
74.21577453613281
74.56392669677734
74.11770629882812
73.77317810058594
74.27462768554688
74.13683319091797
74.19898223876953
73.86477661132812
74.39619445800781
74.69949340820312
74.82227325439453
75.00255584716797
75.29167175292969
75.72171020507812
76.00330352783203
76.12052154541016
76.74676513671875
77.20118713378906
77.99372100830078
78.248046875
79.08455657958984
79.90360260009766
80.85930633544922
81.86933898925781
82.81632995605469
84.10676574707031
84.77578735351562
84.93830871582031
84.81961059570312
83.63528442382812
82.43426513671875
80.91566467285156
79.50677490234375
78.40351867675781
76.43768310546875
75.62504577636719
73.90773010253906
73.0555648803711
71.47157287597656
70.17616271972656
69.78321075439453
67.7363052368164
67.03102111816406
66.27783966064453
64.87498474121094
62.59990692138672
61.29351043701172
62.40702819824219
63.19807434082031
62.06340789794922
64.90454864501953
66.10552215576172
65.41871643066406
68.54253387451172
68.87867736816406
70.2332992553711
71.99781036376953
71.45317077636719
72.99591064453125
72.36676788330078
72.29000854492188
73.610595703125
74.05390167236328
75.21562194824219
76.75666046142578
78.2631607055664
80.46063995361328
81.57136535644531
83.5440444946289
84.81616973876953
85.65320587158203
85.41514587402344
84.04391479492188
82.78556060791016
81.44032287597656
80.54007720947266
80.80943298339844
81.62811279296875
82.3326416015625
82.63005828857422
83.19788360595703
83.3345947265625
83.57698059082031
83.31953430175781
83.14964294433594
83.2374038696289
82.98664093017578
82.88338470458984
82.76419830322266
82.73493194580078
82.70459747314453
82.53408813476562
82.34979248046875
82.25499725341797
82.21806335449219
82.07682037353516
82.04181671142578
81.87248992919922
81.89067077636719
81.65766143798828
81.5008773803711
81.6987075805664
81.96318817138672
82.43485260009766
83.02700805664062
83.51923370361328
83.43350982666016
83.6222152709961
83.51172637939453
83.06629180908203
82.9889907836914
82.53751373291016
82.48147583007812
82.57878875732422
82.87995147705078
83.3109359741211
83.38130187988281
83.6285629272461
83.99858093261719
83.80436706542969
84.03135681152344
84.01087951660156
83.90998840332031
83.87393951416016
83.64456939697266
83.60477447509766
83.29124450683594
83.07215881347656
83.08888244628906
83.155029296875
83.56478881835938
84.4586181640625
85.38175201416016
86.16507720947266
86.54088592529297
86.62591552734375
86.54940795898438
86.48200225830078
86.3316879272461
86.1300277709961
85.96479797363281
85.75140380859375
85.66132354736328
85.3890151977539
85.12185668945312
84.63818359375
84.24634552001953
83.83409881591797
83.760009765625
83.84797668457031
84.27677154541016
84.73814392089844
85.12654113769531
85.42023468017578
85.81092834472656
86.2518310546875
86.86442565917969
87.31854248046875
87.62726593017578
87.95291137695312
88.27529907226562
88.41484832763672
88.66705322265625
88.80536651611328
88.98268127441406
89.01158142089844
89.04022979736328
88.98637390136719
88.73089599609375
88.334716796875
87.7140121459961
86.9830093383789
85.91474151611328
84.72455596923828
83.92300415039062
83.2056884765625
83.32914733886719
83.76689147949219
84.66957092285156
85.62703704833984
86.34061431884766
86.99655151367188
87.44956970214844
87.67387390136719
87.7210464477539
87.3187255859375
86.86302947998047
86.02166748046875
85.04833221435547
83.75503540039062
82.44447326660156
81.0474853515625
79.71653747558594
78.59228515625
78.69184112548828
79.5144271850586
81.42527770996094
82.81472778320312
83.5749282836914
83.64688110351562
83.25753021240234
82.49737548828125
81.55361938476562
80.82533264160156
80.16020202636719
79.09257507324219
78.66038513183594
77.83364868164062
77.07867431640625
77.6710433959961
78.8633804321289
80.6265869140625
81.70682525634766
81.86434173583984
81.30645751953125
80.58501434326172
79.96373748779297
78.98580932617188
78.22950744628906
77.67253875732422
76.28169250488281
76.14118957519531
76.21158599853516
76.67173767089844
77.96974182128906
78.47433471679688
79.59160614013672
79.62183380126953
79.75898742675781
79.42382049560547
77.72001647949219
75.87347412109375
72.89891815185547
70.02666473388672
68.595947265625
66.37548828125
66.73834991455078
68.09410858154297
70.5661392211914
73.66867065429688
75.3927001953125
77.00870513916016
77.81311798095703
77.93553161621094
77.96791076660156
77.46934509277344
77.17868041992188
75.5523681640625
74.2974853515625
72.13953399658203
71.42069244384766
71.02352142333984
70.28873443603516
70.1578140258789
70.5654067993164
70.53909301757812
70.69987487792969
70.16679382324219
68.87532043457031
67.48193359375
66.24856567382812
66.54325866699219
