70.96212768554688
72.36959075927734
73.50543212890625
77.02570343017578
77.52696228027344
78.00935363769531
77.18340301513672
76.07542419433594
76.67774200439453
73.19588470458984
70.8573989868164
70.17288208007812
67.1698989868164
65.22901153564453
57.45565414428711
56.405967712402344
60.94655990600586
53.4600715637207
59.10227584838867
57.04607009887695
57.5053825378418
48.98281478881836
62.26163101196289
59.85519790649414
56.951072692871094
58.40742874145508
66.67050170898438
63.667213439941406
64.82611083984375
66.68474578857422
71.34848022460938
71.94862365722656
73.56571197509766
73.32818603515625
74.39212799072266
72.71110534667969
71.18070983886719
70.31401062011719
67.66708374023438
66.2933349609375
68.88996124267578
64.66026306152344
64.8804931640625
61.98951721191406
60.953521728515625
60.51637649536133
51.85139465332031
49.073631286621094
60.336090087890625
60.839515686035156
59.19248962402344
63.47688293457031
59.72782516479492
60.07283401489258
61.79059982299805
63.393272399902344
62.54117202758789
60.535316467285156
60.91281509399414
65.13275146484375
64.20880889892578
67.06990051269531
64.30697631835938
66.3860092163086
67.83226013183594
65.43769836425781
65.70038604736328
65.22400665283203
67.07295227050781
64.44439697265625
66.57294464111328
69.54408264160156
69.34857177734375
68.88008117675781
69.6075210571289
71.73518371582031
73.21119689941406
73.8355484008789
74.78997039794922
75.30282592773438
77.68632507324219
78.64234161376953
80.0938720703125
82.08250427246094
83.6124267578125
84.89515686035156
85.8172607421875
86.02787017822266
85.85823822021484
85.42827606201172
84.62174224853516
84.32684326171875
84.18252563476562
83.41339111328125
83.2535629272461
83.52062225341797
83.42198944091797
83.54508209228516
83.29222869873047
82.77935791015625
81.77684783935547
80.2507553100586
77.35700988769531
73.13533782958984
69.06352996826172
59.84283447265625
61.9521598815918
62.338348388671875
65.8185043334961
67.82970428466797
69.78257751464844
71.456787109375
71.29668426513672
73.07451629638672
72.21739959716797
74.08637237548828
74.36599731445312
74.3304443359375
74.90641784667969
75.85611724853516
75.41959381103516
75.5271987915039
75.67826843261719
75.8899154663086
76.67048645019531
77.56624603271484
78.38667297363281
78.6103515625
79.8346939086914
80.57017517089844
81.24252319335938
81.68806457519531
82.22738647460938
82.67416381835938
82.58832550048828
83.40282440185547
83.93455505371094
84.088134765625
84.68299102783203
85.10710144042969
85.58290100097656
85.74798583984375
84.77447509765625
83.3048095703125
80.19013977050781
74.50348663330078
66.11222839355469
63.51666259765625
71.61387634277344
74.09191131591797
77.02629852294922
78.57138061523438
80.72306823730469
82.10084533691406
83.43507385253906
84.5840072631836
85.30638122558594
86.95511627197266
87.99913024902344
88.76727294921875
90.06991577148438
90.16448211669922
89.66981506347656
88.07051086425781
86.04580688476562
84.27487182617188
81.69236755371094
79.6460952758789
76.54326629638672
74.43174743652344
71.64116668701172
66.95803833007812
69.20011901855469
74.2639389038086
79.12651062011719
82.83863067626953
85.94827270507812
87.9963150024414
89.14483642578125
89.33491516113281
89.47904205322266
89.43077850341797
89.69377899169922
89.7500228881836
89.93016052246094
90.07242584228516
90.31061553955078
90.6697998046875
91.03994750976562
91.55290985107422
91.95755767822266
92.53260803222656
93.22440338134766
93.6844711303711
94.39678192138672
94.9859848022461
95.68783569335938
96.14510345458984
96.54521942138672
96.58052062988281
96.23604583740234
95.58941650390625
94.94198608398438
94.0610580444336
93.12921142578125
92.3168716430664
91.36429595947266
90.74103546142578
89.91891479492188
89.18160247802734
88.49610900878906
87.60397338867188
87.25835418701172
86.87275695800781
86.12557220458984
85.85047912597656
85.25857543945312
83.86552429199219
83.46089935302734
82.03221893310547
80.45755767822266
78.29476165771484
75.1515884399414
74.4061279296875
71.51171875
71.52207946777344
70.0085220336914
70.26392364501953
69.14445495605469
70.98265075683594
71.64205169677734
69.21105194091797
69.43941497802734
70.02635955810547
70.51949310302734
70.41038513183594
70.31388092041016
69.73221588134766
68.48221588134766
69.43600463867188
69.94744873046875
69.9543685913086
70.82164764404297
69.96772003173828
71.56838989257812
68.52396392822266
69.03641510009766
69.1764144897461
69.81794738769531
69.81529235839844
70.33750915527344
68.46133422851562
70.69490051269531
69.47972869873047
69.51438903808594
71.65447235107422
70.5695571899414
71.21239471435547
70.90454864501953
70.86272430419922
71.27371215820312
72.92310333251953
72.15750122070312
73.14237213134766
71.84492492675781
70.35517120361328
71.77735137939453
71.16383361816406
71.6926040649414
72.88743591308594
71.9033203125
72.07868194580078
72.15313720703125
72.68798065185547
73.43435668945312
76.77159118652344
77.87034606933594
80.67251586914062
81.80476379394531
82.54385375976562
82.02638244628906
82.0635757446289
82.25334930419922
82.09574127197266
82.85844421386719
83.33380126953125
83.90308380126953
84.80974578857422
85.4607925415039
86.5986328125
87.20955657958984
88.00236511230469
88.1210708618164
87.9351806640625
87.47772979736328
86.78878021240234
85.92083740234375
85.21540832519531
84.0876235961914
83.6796646118164
82.81544494628906
82.34430694580078
81.27733612060547
80.71300506591797
79.898193359375
79.10054016113281
79.0619125366211
77.68463897705078
77.99859619140625
77.44647216796875
77.1174545288086
77.24022674560547
76.31283569335938
77.41244506835938
77.16034698486328
76.66954040527344
77.10140991210938
76.47492980957031
76.75340270996094
77.92071533203125
76.94613647460938
78.37832641601562
78.37844848632812
78.90413665771484
79.15814208984375
79.12603759765625
80.14506530761719
80.90785217285156
81.00930786132812
82.06482696533203
82.52172088623047
83.39341735839844
84.4112777709961
85.58694458007812
86.82714080810547
87.9354476928711
88.91423034667969
89.18220520019531
89.04891967773438
87.85362243652344
86.1434097290039
84.83421325683594
82.9651107788086
81.25818634033203
79.9475326538086
78.2884521484375
77.18157958984375
75.74026489257812
74.4620132446289
73.1594467163086
71.7061996459961
70.9061279296875
68.98897552490234
70.64099884033203
69.97953033447266
71.60504913330078
72.8177719116211
75.38165283203125
76.51691436767578
77.42330932617188
79.05814361572266
79.15592956542969
78.3348617553711
76.90670776367188
77.18497467041016
76.30501556396484
75.63008880615234
76.10034942626953
75.16053771972656
75.4310073852539
75.6987533569336
74.97581481933594
74.90660095214844
74.25969696044922
72.97076416015625
73.94940185546875
72.78287506103516
72.83387756347656
72.71949005126953
72.16014862060547
72.62611389160156
73.59027099609375
73.3548355102539
74.64630889892578
75.08403015136719
75.10615539550781
74.09577941894531
72.67164611816406
71.32659912109375
70.72451782226562
71.70002746582031
70.20354461669922
71.76826477050781
74.38048553466797
77.27668762207031
78.2303237915039
78.3225326538086
77.82417297363281
77.56794738769531
76.02200317382812
74.43630981445312
73.62348175048828
73.48176574707031
72.89476776123047
73.37296295166016
75.0002212524414
77.18900299072266
77.90789031982422
78.77542114257812
79.45063018798828
79.28864288330078
79.79397583007812
79.97972869873047
79.6480941772461
79.44464874267578
79.10099029541016
79.16741180419922
79.34043884277344
79.01949310302734
78.87063598632812
78.74185180664062
78.32197570800781
78.51762390136719
78.69410705566406
78.71792602539062
78.30451965332031
78.45803833007812
78.80548095703125
78.3797607421875
78.61813354492188
78.94754791259766
78.90632629394531
79.7535629272461
79.63690948486328
79.93431854248047
80.3373031616211
80.04684448242188
80.6272964477539
80.9427719116211
81.44549560546875
81.02208709716797
81.58151245117188
82.2112808227539
82.19595336914062
82.09857940673828
82.72173309326172
83.10823059082031
83.83934783935547
84.02182006835938
84.42842102050781
84.79120635986328
85.2532958984375
85.79163360595703
86.32689666748047
86.5672607421875
86.70816040039062
86.86167907714844
86.50240325927734
85.82203674316406
84.70826721191406
83.40450286865234
82.2154312133789
80.66455841064453
78.99244689941406
78.10577392578125
77.0980453491211
76.9283447265625
77.01690673828125
77.97764587402344
79.08065795898438
80.57894897460938
82.02582550048828
83.03608703613281
84.58242797851562
85.90453338623047
87.10708618164062
88.20003509521484
89.26023864746094
90.12854766845703
90.590576171875
90.81719207763672
90.82798767089844
90.41268920898438
90.12786102294922
89.72721862792969
89.25873565673828
88.80648803710938
88.34143829345703
88.0169906616211
87.73800659179688
87.35074615478516
86.99632263183594
86.79647827148438
86.3237533569336
85.9171371459961
85.49215698242188
85.35063934326172
85.00505828857422
84.90550231933594
84.70415496826172
84.211669921875
83.17147827148438
81.65332794189453
78.91340637207031
76.17574310302734
73.52410125732422
72.79009246826172
72.57907104492188
73.03907012939453
74.59046173095703
73.4590072631836
74.9690933227539
74.31534576416016
74.30500030517578
75.43971252441406
75.14051818847656
76.24388122558594
77.68888854980469
78.34435272216797
79.67662048339844
80.67205810546875
81.33788299560547
82.13178253173828
83.01973724365234
83.54827117919922
82.86471557617188
81.74236297607422
79.1599349975586
77.8255386352539
76.16064453125
74.73970031738281
75.23828887939453
75.26624298095703
76.53376007080078
77.92019653320312
78.22781372070312
78.77462005615234
79.3169174194336
79.53152465820312
79.4166030883789
77.82884979248047
75.7350082397461
74.1925048828125
71.94169616699219
68.34854888916016
65.92611694335938
66.15430450439453
64.09908294677734
70.53996276855469
74.73174285888672
75.79779052734375
78.37567138671875
79.38042449951172
80.53617858886719
81.42108154296875
81.20723724365234
81.53470611572266
80.78118896484375
79.92667388916016
78.68077850341797
77.91287231445312
76.54338073730469
74.73023223876953
73.38658905029297
72.79005432128906
69.19845581054688
66.0871810913086
60.147315979003906
58.559200286865234
60.870845794677734
60.381011962890625
63.38418197631836
65.43889617919922
67.02640533447266
68.45406341552734
69.25062561035156
