70.10907745361328
70.76742553710938
71.32655334472656
73.51560974121094
75.35918426513672
75.9591064453125
75.14898681640625
74.32571411132812
71.04332733154297
70.6524429321289
66.10453796386719
69.47122192382812
61.91236114501953
68.04541778564453
53.97609329223633
60.09312438964844
48.24919891357422
56.223506927490234
58.2452507019043
53.5672607421875
51.742923736572266
46.40084457397461
55.757957458496094
59.214599609375
55.85517883300781
61.15671920776367
53.017940521240234
62.819984436035156
61.860679626464844
63.41957473754883
63.8491096496582
67.8746566772461
67.89197540283203
70.65723419189453
69.58965301513672
69.36824035644531
68.225830078125
62.08424758911133
65.7247314453125
62.327613830566406
64.85997009277344
55.40715789794922
58.68734359741211
55.13661575317383
58.41004180908203
51.59822463989258
61.440521240234375
56.193233489990234
61.22122573852539
55.40311813354492
63.77418518066406
53.54640197753906
64.03394317626953
56.08588409423828
66.08218383789062
56.62202072143555
65.86714935302734
58.20048522949219
65.92618560791016
62.10431671142578
65.78866577148438
58.17130661010742
64.73041534423828
63.81966018676758
67.1902084350586
59.11076736450195
64.18753051757812
61.852298736572266
67.72280883789062
62.37115478515625
65.6512451171875
67.26270294189453
67.44432067871094
68.17642974853516
67.93802642822266
70.30215454101562
69.92671966552734
72.81614685058594
70.99200439453125
74.6220474243164
74.67060852050781
77.15184783935547
77.16468811035156
80.3608627319336
80.63156127929688
83.06058502197266
82.58475494384766
84.06414031982422
82.54658508300781
82.81429290771484
82.054443359375
81.75745391845703
80.94181060791016
80.98839569091797
80.94294738769531
80.3702621459961
80.78081512451172
80.30685424804688
80.7941665649414
80.0173110961914
80.53184509277344
78.04386138916016
77.7302474975586
71.33194732666016
70.9551010131836
64.2708511352539
52.297340393066406
61.74391174316406
60.21315002441406
67.1338119506836
64.51400756835938
69.67267608642578
69.3387451171875
69.81279754638672
69.33889770507812
70.51703643798828
71.8692398071289
71.38855743408203
72.99435424804688
71.60592651367188
73.02191925048828
72.69108581542969
73.85295104980469
72.69195556640625
74.3702163696289
73.08602905273438
75.90741729736328
74.93235778808594
78.43635559082031
77.0074462890625
80.036865234375
79.03762817382812
80.88080596923828
79.7925033569336
81.31634521484375
80.82138061523438
81.9574966430664
81.76181030273438
82.05508422851562
83.03601837158203
82.78517150878906
84.08088684082031
81.80206298828125
82.7240982055664
76.29615020751953
76.44799041748047
62.77017593383789
63.909645080566406
64.9779281616211
68.74239349365234
70.79560852050781
74.930908203125
75.10020446777344
78.38849639892578
78.38971710205078
80.75012969970703
80.7301254272461
82.83331298828125
83.50924682617188
84.59935760498047
86.51390075683594
86.57534790039062
88.50455474853516
85.72293853759766
87.19292449951172
81.6322250366211
83.72976684570312
76.31908416748047
79.33506774902344
72.21992492675781
73.89668273925781
72.29733276367188
57.359901428222656
76.5091323852539
75.04139709472656
80.84912109375
83.33341979980469
84.65390014648438
86.96209716796875
85.47286224365234
87.3822021484375
85.49299621582031
87.2444839477539
85.49734497070312
87.29449462890625
86.04844665527344
87.23930358886719
86.88755798339844
87.65343475341797
88.1159896850586
88.28052520751953
89.24437713623047
89.09593963623047
90.41668701171875
90.26734924316406
91.85645294189453
91.54931640625
93.24064636230469
92.82461547851562
94.12173461914062
93.64690399169922
94.07429504394531
93.1784896850586
92.5185775756836
91.85926818847656
90.56050109863281
90.0898208618164
88.576904296875
88.5731201171875
86.78361511230469
87.21509552001953
85.39657592773438
85.85062408447266
84.21519470214844
84.8896713256836
83.572998046875
83.75180053710938
82.7466812133789
82.26909637451172
81.82852172851562
80.2787094116211
79.82666778564453
77.03250885009766
75.67008972167969
71.4485855102539
71.3146743774414
65.30349731445312
67.6823501586914
63.7044677734375
68.08084106445312
63.00141525268555
67.14680480957031
65.17393493652344
67.78723907470703
65.72552490234375
66.386962890625
65.99577331542969
67.80879974365234
66.80310821533203
65.16162872314453
68.4295425415039
65.56544494628906
67.99287414550781
66.34429168701172
68.8922348022461
64.225830078125
68.61734771728516
66.38153076171875
67.79093170166016
65.48236083984375
68.73371887207031
65.49027252197266
68.23114013671875
66.32859802246094
68.16825103759766
66.1073989868164
68.16376495361328
67.77597045898438
67.4708480834961
70.3515853881836
66.83540344238281
70.82441711425781
67.48863220214844
70.6839370727539
64.70982360839844
70.83380126953125
60.73939514160156
70.4432601928711
63.464900970458984
70.58650207519531
68.81612396240234
69.44722747802734
71.19131469726562
67.00342559814453
71.18267059326172
73.01241302490234
73.40481567382812
78.90554809570312
77.2203598022461
81.75553894042969
78.44175720214844
80.97418975830078
79.16537475585938
80.4051284790039
80.46443939208984
80.5972671508789
81.9959716796875
81.56746673583984
83.6418685913086
83.20304870605469
85.25536346435547
85.03547668457031
86.68193817138672
85.88842010498047
85.99317932128906
85.49525451660156
84.31283569335938
84.10287475585938
82.01464080810547
82.65000915527344
80.64803314208984
81.4246826171875
79.2662124633789
80.06945037841797
78.10832977294922
78.39868927001953
76.31322479248047
76.56830596923828
75.13965606689453
75.0304946899414
74.57279968261719
73.48976135253906
74.23057556152344
73.1762924194336
73.74081420898438
73.58541107177734
73.4586410522461
74.35672760009766
74.46247863769531
74.1606674194336
74.95149230957031
75.10750579833984
76.04306030273438
75.77030181884766
75.53455352783203
77.00666809082031
76.20103454589844
77.5606689453125
77.05363464355469
79.1146240234375
78.57730102539062
80.4126968383789
80.7374267578125
82.31452941894531
83.29764556884766
84.40933227539062
86.095703125
86.00533294677734
87.5076675415039
84.95242309570312
85.65570068359375
81.32371520996094
82.70890045166016
77.67386627197266
79.6494369506836
73.98832702636719
76.80941772460938
70.8277359008789
74.4974594116211
68.47740936279297
71.5027847290039
65.97268676757812
69.80913543701172
64.81758117675781
69.7154312133789
65.72735595703125
71.92618560791016
69.06134033203125
72.432861328125
73.97596740722656
75.38014221191406
75.77465057373047
75.79241180419922
76.60281372070312
74.17724609375
74.73876953125
72.45684814453125
74.0079345703125
71.91195678710938
73.28192901611328
71.974609375
72.88451385498047
70.91407012939453
70.841796875
70.51123046875
70.60425567626953
70.7025375366211
69.33434295654297
70.15089416503906
68.25921630859375
69.98522186279297
67.14728546142578
71.25469970703125
67.61141204833984
72.7416763305664
71.98898315429688
74.3538818359375
71.13953399658203
72.37232208251953
68.68364715576172
70.6001205444336
67.43113708496094
69.57980346679688
68.16272735595703
73.56504821777344
72.41085815429688
75.93637084960938
74.70524597167969
75.128173828125
72.71121978759766
72.00679016113281
71.76499938964844
70.98055267333984
69.74275207519531
70.79129028320312
73.19157409667969
74.65825653076172
77.06745147705078
76.45094299316406
78.26128387451172
77.01470184326172
78.01258850097656
76.63715362548828
77.60958862304688
76.73989868164062
76.8912582397461
76.65873718261719
76.80886840820312
76.30477142333984
76.20423126220703
76.72660827636719
75.41700744628906
76.17181396484375
75.07279205322266
76.34893035888672
75.5693359375
76.995361328125
75.4801254272461
77.22247314453125
75.64266204833984
77.09373474121094
75.72425079345703
77.70356750488281
76.56238555908203
77.31741333007812
77.13639831542969
77.57859802246094
77.99879455566406
78.14285278320312
78.59278106689453
78.46464538574219
78.87261199951172
79.07646179199219
79.84674835205078
79.34725952148438
80.38876342773438
79.8535385131836
81.2500228881836
80.57594299316406
81.91295623779297
81.68989562988281
82.72933959960938
82.91419219970703
83.63526916503906
83.6819839477539
84.1618881225586
84.5341796875
84.15607452392578
84.02495574951172
82.80670928955078
82.46784973144531
80.41256713867188
80.1010971069336
78.1531982421875
77.70533752441406
76.34246063232422
76.38732147216797
75.5846176147461
76.17347717285156
77.1114273071289
77.1325912475586
78.89998626708984
80.42375946044922
81.81310272216797
83.06535339355469
84.76061248779297
85.28762817382812
87.0712661743164
87.06072235107422
88.22512817382812
87.83868408203125
88.35562133789062
87.387451171875
87.55716705322266
86.63660430908203
86.33074188232422
85.85227966308594
85.33868408203125
84.91749572753906
84.33405303955078
84.60010528564453
83.65558624267578
84.20331573486328
82.94125366210938
83.54401397705078
82.449951171875
83.11802673339844
81.83264923095703
82.73831939697266
81.65081787109375
81.93730926513672
80.29055786132812
79.32978057861328
75.95903778076172
74.776123046875
70.60712432861328
72.021240234375
69.36294555664062
72.92749786376953
70.78175354003906
73.9239501953125
72.1856918334961
72.90799713134766
72.09736633300781
73.3794174194336
72.44435119628906
73.935791015625
74.8910140991211
76.00611877441406
76.97359466552734
78.05857849121094
78.71636199951172
79.75880432128906
80.6118392944336
80.9722900390625
80.8429946899414
80.09992218017578
77.86809539794922
76.12721252441406
73.74534606933594
73.26497650146484
71.66976165771484
73.73453521728516
73.46993255615234
75.55965423583984
75.8365707397461
77.40987396240234
77.24895477294922
78.37031555175781
76.71783447265625
76.70673370361328
73.30995178222656
72.74956512451172
68.29247283935547
68.72972869873047
62.51652145385742
63.60751724243164
65.01353454589844
65.56195831298828
72.56800079345703
74.19853973388672
76.76986694335938
77.60453033447266
78.49231719970703
79.39630889892578
79.16419982910156
79.78052520751953
78.49085235595703
78.78461456298828
76.48297882080078
76.99017333984375
74.5607681274414
73.99141693115234
72.0810317993164
71.38468170166016
68.75469970703125
66.6688461303711
64.37173461914062
57.755096435546875
54.123939514160156
60.43525695800781
61.63917541503906
64.88886260986328
57.97823715209961
67.8730697631836
65.03659057617188
