71.95555114746094
72.8243637084961
74.86100769042969
76.12284851074219
78.18773651123047
78.75066375732422
79.13192749023438
79.92443084716797
78.05206298828125
76.15332794189453
75.30301666259766
71.09026336669922
71.63301086425781
67.61105346679688
65.5326919555664
67.2277603149414
66.6694107055664
62.99290084838867
62.30956268310547
59.33176803588867
53.66487503051758
56.99703598022461
56.938533782958984
60.40118408203125
61.5297966003418
62.22563934326172
68.03997039794922
67.87618255615234
69.62065124511719
70.76538848876953
73.48160552978516
75.10441589355469
76.3476791381836
77.26275634765625
76.45484161376953
75.59586334228516
71.9061279296875
70.8454360961914
68.82218933105469
68.90479278564453
66.79266357421875
63.403106689453125
66.68179321289062
62.533321380615234
61.132938385009766
62.83088302612305
64.21922302246094
57.79884719848633
63.51971435546875
57.14470672607422
64.26439666748047
65.07400512695312
63.592220306396484
64.25611877441406
67.68550872802734
63.627445220947266
65.68666076660156
64.34391784667969
68.50257873535156
67.82304382324219
66.09201049804688
68.83303833007812
68.10530090332031
67.68158721923828
70.82295989990234
69.05427551269531
69.7431411743164
70.10053253173828
69.98745727539062
72.07823944091797
71.82494354248047
72.04450988769531
71.34955596923828
72.02650451660156
72.35276794433594
72.92909240722656
74.42377471923828
75.1128921508789
76.75140380859375
77.38753509521484
78.60205078125
80.41272735595703
82.08494567871094
83.18362426757812
84.94047546386719
86.49118041992188
87.6725082397461
88.26671600341797
88.07604217529297
87.56182861328125
86.72164154052734
86.19195556640625
86.24237060546875
85.4043960571289
85.4920425415039
85.68402862548828
85.86156463623047
85.88603973388672
85.783203125
85.8084945678711
85.46273803710938
84.05306243896484
81.29814910888672
77.90402221679688
74.6889419555664
67.53173828125
61.38425064086914
65.29854583740234
68.72322082519531
68.83980560302734
71.49309539794922
71.90267181396484
73.0744857788086
73.79158782958984
74.44226837158203
75.61551666259766
75.37464141845703
76.16020202636719
76.16557312011719
76.65804290771484
77.15837097167969
78.20331573486328
77.41328430175781
79.02330780029297
78.43797302246094
79.22753143310547
80.5702896118164
80.94070434570312
81.68389129638672
82.25959777832031
82.4228744506836
83.38174438476562
83.79085540771484
84.32791900634766
84.6723403930664
84.8012924194336
85.61455535888672
86.40167999267578
87.20034790039062
87.76471710205078
88.29594421386719
88.92583465576172
88.6266860961914
87.75192260742188
84.97718811035156
80.537353515625
77.54922485351562
72.67951202392578
67.58951568603516
68.61544036865234
59.74155807495117
66.17053985595703
71.48175048828125
74.28531646728516
77.57219696044922
78.6861343383789
80.56745910644531
82.79744720458984
83.82059478759766
85.53414154052734
86.3109130859375
86.53195190429688
85.18184661865234
84.39580535888672
82.29322814941406
80.80132293701172
79.51387023925781
77.04280853271484
75.93889617919922
73.95785522460938
70.36077880859375
73.30111694335938
79.09550476074219
82.67587280273438
86.80331420898438
89.84371948242188
91.8431396484375
92.88272094726562
93.09068298339844
93.21723175048828
93.1330337524414
93.15249633789062
93.21733856201172
93.17814636230469
93.46947479248047
93.59706115722656
93.80915069580078
94.2677230834961
94.57780456542969
94.94962310791016
95.46622467041016
95.88216400146484
96.44766235351562
97.03389739990234
97.59611511230469
98.16322326660156
98.63243865966797
98.86763763427734
98.78628540039062
98.5497055053711
97.85335540771484
97.08869934082031
96.14958190917969
95.08342742919922
94.14575958251953
93.26102447509766
92.24483489990234
91.23755645751953
90.70654296875
89.53248596191406
88.92975616455078
87.77950286865234
86.49356842041016
85.26316833496094
83.887939453125
82.77853393554688
81.27527618408203
80.82968139648438
80.21353912353516
79.404052734375
79.6312484741211
79.83432006835938
79.5408935546875
79.24116516113281
79.00012969970703
78.65599822998047
77.69181060791016
78.4912338256836
78.15397644042969
77.33428955078125
77.33271789550781
77.1430892944336
76.48997497558594
76.64045715332031
76.66357421875
75.83468627929688
76.56314086914062
76.52555084228516
75.99525451660156
75.482666015625
74.76579284667969
74.82648468017578
74.78582000732422
73.0477066040039
73.82250213623047
72.34343719482422
73.81034088134766
74.7521743774414
73.23365020751953
73.77354431152344
73.81868743896484
74.06449890136719
74.15164947509766
73.85528564453125
74.44074249267578
74.55294036865234
75.83616638183594
75.87751770019531
75.77617645263672
77.04486846923828
77.23754119873047
77.08740997314453
76.72893524169922
76.32807159423828
74.98909759521484
73.52116394042969
71.43333435058594
71.1168212890625
70.34857940673828
68.31585693359375
70.54251098632812
72.14610290527344
74.34050750732422
74.6240463256836
76.38076782226562
79.41971588134766
81.66191864013672
83.43690490722656
84.3440933227539
83.83216094970703
83.79997253417969
83.6722640991211
83.98660278320312
83.83008575439453
84.28437042236328
84.70243072509766
84.99527740478516
86.33576202392578
87.12896728515625
88.00889587402344
88.88726806640625
90.09705352783203
90.84574890136719
91.14007568359375
91.236083984375
90.65196228027344
89.91839599609375
88.9869613647461
87.91559600830078
86.93087768554688
85.80406951904297
84.75257110595703
83.6415786743164
83.1849594116211
82.10456085205078
81.66017150878906
81.25275421142578
80.3929672241211
80.33171844482422
79.88996124267578
79.57503509521484
80.13346862792969
79.35444641113281
79.50032043457031
79.35935974121094
79.40628051757812
79.36663055419922
79.19953918457031
79.3775405883789
79.95658874511719
79.59003448486328
80.65084838867188
80.27251434326172
80.49934387207031
80.61927795410156
81.19522094726562
81.82003021240234
81.907470703125
82.41606903076172
83.21862030029297
83.68031311035156
84.72976684570312
85.5191421508789
86.6297378540039
87.49835968017578
88.6359634399414
90.23168182373047
90.78239440917969
91.2853775024414
90.27751922607422
88.70211029052734
87.26673126220703
85.03848266601562
83.7669906616211
82.26023864746094
80.5864028930664
78.6604995727539
76.73033142089844
76.47661590576172
75.50206756591797
73.2992935180664
72.27838134765625
71.78845977783203
71.61981201171875
71.07869720458984
73.16820526123047
75.07066345214844
76.3577880859375
78.20709228515625
79.53131866455078
79.91090393066406
80.66483306884766
80.1186752319336
78.98798370361328
77.8983383178711
77.04185485839844
77.14643096923828
74.74810028076172
75.15272521972656
73.14339447021484
72.94136047363281
71.30819702148438
71.52914428710938
70.84742736816406
71.07154846191406
72.62744903564453
70.76603698730469
72.6294174194336
73.61530303955078
76.76851654052734
77.72681427001953
80.0347900390625
81.20895385742188
82.57763671875
82.333984375
82.1367416381836
80.7670669555664
79.08340454101562
78.67973327636719
76.18793487548828
75.14450073242188
75.6596450805664
75.0400161743164
77.55240631103516
79.67304229736328
81.48857879638672
82.4591293334961
82.0198745727539
81.34674835205078
80.7722396850586
79.53707122802734
79.3779525756836
79.86688995361328
81.1329345703125
81.49852752685547
81.80613708496094
81.52706146240234
81.42420959472656
81.6480941772461
81.20246124267578
80.94660949707031
81.42213439941406
81.14299011230469
81.21278381347656
80.42992401123047
80.85840606689453
80.64083099365234
80.58831024169922
80.33760833740234
80.64532470703125
80.46204376220703
80.59063720703125
80.3380355834961
80.21847534179688
80.69538879394531
80.37500762939453
80.6768798828125
80.11995697021484
80.14139556884766
80.45724487304688
80.28572082519531
81.0186767578125
80.47809600830078
80.82218170166016
81.57379913330078
81.62090301513672
81.99659729003906
82.34449768066406
82.35871887207031
82.784423828125
83.06584167480469
83.25032806396484
83.82533264160156
83.65489196777344
84.24996948242188
84.56047058105469
84.80145263671875
85.40007781982422
85.50872802734375
86.00711822509766
86.33840942382812
86.8355941772461
87.09678649902344
87.63715362548828
87.93344116210938
88.20240020751953
88.0711441040039
87.68660736083984
86.94474029541016
85.85662078857422
85.0689697265625
83.66403198242188
83.37260437011719
83.74532318115234
83.6368408203125
84.52764892578125
85.35289001464844
85.6551742553711
86.04229736328125
86.51200866699219
87.35111236572266
88.63123321533203
89.55485534667969
90.61823272705078
91.5235824584961
92.02654266357422
92.24495697021484
92.23701477050781
92.05039978027344
91.58124542236328
91.13323974609375
90.45701599121094
90.09351348876953
89.54718780517578
88.99544525146484
88.6612777709961
88.26690673828125
87.85009002685547
87.5114974975586
87.45138549804688
87.34181213378906
87.7347183227539
87.67115020751953
87.9402084350586
88.03718566894531
87.99707794189453
88.0208740234375
87.93150329589844
87.49240112304688
87.41226959228516
86.52986907958984
84.93181610107422
82.73653411865234
79.533935546875
76.36908721923828
75.13908386230469
75.3778076171875
75.3960952758789
76.30712127685547
77.05261993408203
77.48311614990234
76.64620971679688
77.56497192382812
77.54875946044922
77.68099212646484
77.5214614868164
77.53721618652344
78.55045318603516
80.35633087158203
80.74676513671875
81.95890808105469
82.8575439453125
83.51322937011719
84.64768981933594
85.03876495361328
85.25841522216797
84.65502166748047
83.04122161865234
80.57975769042969
78.94222259521484
77.18305206298828
76.45661926269531
77.21761322021484
78.62263488769531
79.1422119140625
79.92520141601562
80.6067123413086
80.62149047851562
80.3453598022461
79.05368041992188
77.71707916259766
75.80416107177734
73.28412628173828
71.8914566040039
73.40438842773438
74.40892791748047
74.52555084228516
75.3227767944336
77.56177520751953
79.29168701171875
81.02348327636719
82.54801940917969
83.71249389648438
84.4725570678711
84.48284149169922
84.36522674560547
83.43743133544922
82.78099060058594
81.2308578491211
80.36131286621094
79.14469146728516
77.5882339477539
76.78936767578125
76.0555191040039
74.99078369140625
72.72039794921875
70.72168731689453
66.42588806152344
58.54530715942383
62.061851501464844
64.67134094238281
66.32356262207031
68.6148452758789
70.71572875976562
70.55976104736328
73.48323059082031
