71.1816177368164
76.14314270019531
80.68284606933594
53.9200439453125
83.10600280761719
81.77824401855469
75.93248748779297
82.71284484863281
72.31657409667969
74.3916015625
75.1146011352539
61.97014236450195
70.12572479248047
67.07640838623047
51.463993072509766
66.72477722167969
54.51643753051758
58.62510681152344
62.40778732299805
53.15418243408203
53.95897674560547
57.36579132080078
58.90397262573242
68.37811279296875
64.06771850585938
63.056800842285156
69.1052017211914
61.96364212036133
70.8716049194336
71.247802734375
69.39940643310547
77.43203735351562
71.27980041503906
77.4814453125
80.14923858642578
58.691497802734375
78.31046295166016
72.99038696289062
66.32195281982422
72.39610290527344
45.70277786254883
68.47483825683594
66.30455780029297
51.03353500366211
63.317291259765625
61.540733337402344
56.92253875732422
64.01900482177734
50.88538360595703
63.93144607543945
67.43730926513672
53.15626907348633
63.74822235107422
65.56588745117188
61.91634750366211
69.2871322631836
61.03826904296875
65.45677185058594
70.81230926513672
62.85669708251953
71.1825180053711
66.32977294921875
63.9373779296875
73.58552551269531
66.22796630859375
69.6125717163086
71.13668823242188
49.402679443359375
74.92334747314453
70.69282531738281
68.60978698730469
76.1938705444336
69.61660766601562
72.36339569091797
77.0074462890625
53.56859588623047
79.20879364013672
77.61298370361328
74.88610076904297
83.55082702636719
77.16279602050781
83.4502182006836
87.43737030029297
53.860050201416016
90.55704498291016
89.49552154541016
84.63694763183594
92.83584594726562
83.94375610351562
88.92085266113281
90.45648956298828
39.18413162231445
89.44241333007812
86.819091796875
81.5914077758789
89.59260559082031
81.3324966430664
86.59562683105469
88.92443084716797
46.58802795410156
88.94942474365234
86.03878784179688
78.30889129638672
85.26261138916016
73.32892608642578
75.17334747314453
73.61236572265625
48.84454345703125
66.40384674072266
67.53410339355469
68.22859954833984
76.1396713256836
68.43946838378906
74.87655639648438
78.5108642578125
56.284793853759766
79.46076965332031
78.20787048339844
71.5681381225586
80.61182403564453
72.8592300415039
79.11665344238281
81.38473510742188
48.62220764160156
81.9688949584961
80.51102447509766
75.28829193115234
84.96957397460938
77.69648742675781
84.75487518310547
88.10150909423828
60.29430389404297
89.49710845947266
87.70986938476562
83.04133605957031
91.34588623046875
83.64665222167969
89.04671478271484
91.87015533447266
52.72175598144531
92.66822814941406
90.60602569580078
84.63142395019531
91.73796844482422
80.37953186035156
83.13084411621094
82.07460021972656
45.518821716308594
80.2207260131836
77.41162109375
67.2247543334961
75.65984344482422
66.93244934082031
76.49600982666016
81.47578430175781
48.906131744384766
85.6460952758789
84.8492660522461
80.21844482421875
90.13619232177734
83.07997131347656
90.03133392333984
93.64510345458984
65.22643280029297
93.86701202392578
90.56623840332031
82.91529846191406
89.11935424804688
78.2155532836914
80.73058319091797
80.11674499511719
52.71268844604492
81.0816879272461
82.62601470947266
80.30003356933594
91.93148040771484
86.15047454833984
92.48551940917969
95.41859436035156
54.20872116088867
95.30884552001953
92.80743408203125
87.67646789550781
95.92183685302734
87.6048812866211
93.02767944335938
95.51669311523438
54.70308303833008
96.0787124633789
94.16354370117188
89.00511169433594
97.97166442871094
90.12982177734375
96.07164001464844
98.92076110839844
55.046669006347656
100.18421936035156
98.61231994628906
93.60144805908203
102.7287826538086
95.02823638916016
100.05016326904297
102.3870849609375
65.00052642822266
101.03974151611328
97.92485046386719
91.4875259399414
98.97010040283203
89.80438232421875
94.16746520996094
95.67549133300781
58.832279205322266
94.26200103759766
91.36813354492188
84.7739028930664
92.89016723632812
84.07475280761719
88.75740814208984
90.24699401855469
57.015071868896484
88.30435180664062
84.74897766113281
77.51879119873047
83.96554565429688
72.63530731201172
77.3108901977539
79.0956039428711
45.87971115112305
77.55230712890625
74.96263885498047
69.97337341308594
78.71273040771484
70.23448944091797
76.09062957763672
78.06001281738281
54.869903564453125
77.71881103515625
74.57705688476562
71.08452606201172
78.28044128417969
70.14656066894531
74.12925720214844
76.35118103027344
53.90879821777344
77.28227996826172
74.22757720947266
69.35154724121094
77.6358871459961
69.35722351074219
73.3794174194336
75.97132110595703
50.600772857666016
77.37714385986328
75.4186019897461
67.63023376464844
77.38195037841797
70.27684020996094
75.69633483886719
77.71664428710938
50.348968505859375
77.37350463867188
76.36873626708984
69.06636810302734
77.97013854980469
69.27693176269531
74.08309173583984
75.39488220214844
60.223976135253906
73.69171142578125
72.23177337646484
67.23152160644531
77.41111755371094
71.14352416992188
72.64179229736328
72.88187408447266
52.7755126953125
77.11366271972656
79.42487335205078
75.8509521484375
87.69197845458984
80.25003814697266
85.86841583251953
88.47642517089844
47.84395980834961
88.99195098876953
87.0438003540039
82.72867584228516
91.65489196777344
83.94674682617188
90.34917449951172
93.62378692626953
45.317989349365234
94.73471069335938
92.5764389038086
86.77455139160156
94.425537109375
85.1321792602539
89.93811798095703
91.43492889404297
53.738380432128906
89.9256591796875
86.78160095214844
81.07687377929688
88.90446472167969
80.06431579589844
84.21360778808594
86.03146362304688
58.454959869384766
84.2591781616211
80.94416046142578
75.42346954345703
82.92755126953125
73.54244995117188
79.50010681152344
81.47030639648438
49.998748779296875
81.99423217773438
79.68992614746094
74.34001922607422
83.2121353149414
74.81806182861328
80.57911682128906
83.68291473388672
43.31770324707031
84.02046966552734
81.7022705078125
76.9677505493164
85.55078887939453
77.27359771728516
83.93292999267578
86.97185516357422
41.07719039916992
88.3906021118164
87.2473373413086
82.76314544677734
92.35614013671875
85.33812713623047
91.7300796508789
95.21175384521484
61.36582946777344
94.6208267211914
90.96700286865234
83.48680877685547
90.4593505859375
79.91357421875
84.44769287109375
85.42374420166016
56.46202850341797
82.57278442382812
79.18206787109375
72.53682708740234
79.74504089355469
68.09453582763672
74.4766616821289
75.49382019042969
57.364906311035156
76.27558135986328
75.43511199951172
70.70465850830078
80.73230743408203
74.5528335571289
80.70562744140625
84.01399230957031
56.744876861572266
83.25770568847656
80.41831970214844
75.7996826171875
82.87747955322266
74.09628295898438
78.1255111694336
80.36266326904297
38.01543426513672
78.77539825439453
75.86017608642578
71.58836364746094
77.76297760009766
70.3340835571289
73.13688659667969
75.51636505126953
56.55337905883789
75.62386322021484
73.97368621826172
68.54261016845703
77.98028564453125
71.72026824951172
78.28968811035156
82.19989013671875
48.62279510498047
84.14122772216797
81.83079528808594
74.4365463256836
81.99437713623047
71.67391967773438
77.45287322998047
79.0782470703125
56.224117279052734
81.91764068603516
80.88908386230469
76.70207214355469
83.52870178222656
73.60161590576172
78.52120208740234
80.48976135253906
49.604461669921875
80.79674530029297
79.95132446289062
76.72349548339844
85.99068450927734
78.21156311035156
83.46620178222656
85.78569793701172
45.77560806274414
85.88045501708984
83.33592224121094
77.9404296875
85.96268463134766
77.80332946777344
82.48951721191406
84.78763580322266
53.85515594482422
84.71109008789062
81.99557495117188
76.6065673828125
85.29826354980469
76.71199798583984
82.31238555908203
84.3901596069336
49.50505828857422
84.6621322631836
82.58442687988281
76.00935363769531
85.58448791503906
76.76715087890625
82.77543640136719
85.668701171875
55.11844253540039
86.0306167602539
84.04292297363281
78.65776062011719
87.36373138427734
79.07563018798828
84.87848663330078
87.35350799560547
38.13065719604492
87.7177734375
85.6749038696289
80.8587646484375
89.32430267333984
81.48900604248047
86.85870361328125
89.70423889160156
57.30117416381836
90.64862823486328
88.66370391845703
83.762451171875
92.60358428955078
84.73914337158203
90.18289947509766
92.5772705078125
55.305397033691406
91.9722900390625
89.04966735839844
82.42094421386719
90.11265563964844
80.93831634521484
86.01605987548828
88.31339263916016
52.39832305908203
88.66602325439453
86.0896987915039
81.15433502197266
89.27958679199219
81.29081726074219
88.32192993164062
91.83296203613281
45.453651428222656
94.08857727050781
92.680908203125
87.79248809814453
96.6287841796875
88.36456298828125
93.28079223632812
95.35929107666016
42.61437225341797
94.4697494506836
91.81913757324219
85.97517395019531
93.77140808105469
84.89834594726562
89.83588409423828
91.95169830322266
54.556396484375
91.61604309082031
89.12257385253906
83.54039001464844
91.853759765625
83.33966827392578
88.58780670166016
90.77793884277344
57.96587371826172
89.94183349609375
86.89230346679688
79.61666870117188
86.25079345703125
75.1812744140625
78.91082763671875
81.71051025390625
41.49248123168945
82.27422332763672
79.4561996459961
75.91169738769531
83.87239074707031
75.17543029785156
80.42828369140625
82.13453674316406
47.22664260864258
81.94984436035156
80.25631713867188
76.65318298339844
86.03736877441406
78.46833038330078
84.61812591552734
87.92851257324219
46.7467155456543
89.21376037597656
87.49546813964844
81.4004135131836
89.08662414550781
78.63321685791016
82.36705017089844
82.81909942626953
57.51687240600586
82.53649139404297
81.0306625366211
75.69158172607422
85.70746612548828
78.19334411621094
84.24673461914062
86.99652862548828
54.63782501220703
85.0790023803711
81.39765930175781
74.65606689453125
80.42436981201172
68.91077423095703
72.24842071533203
72.29476165771484
54.974876403808594
76.95175170898438
78.70576477050781
75.7080307006836
86.04940795898438
79.03370666503906
84.9713134765625
88.24340057373047
48.41560745239258
88.63066101074219
86.36965942382812
79.79792785644531
87.5980224609375
78.33904266357422
82.34829711914062
83.60074615478516
49.898250579833984
81.29596710205078
77.34144592285156
68.79752349853516
76.05934143066406
63.40877151489258
62.25017166137695
61.76179504394531
50.41254425048828
69.41136169433594
69.99612426757812
65.19392395019531
75.43997955322266
