75.59063720703125
78.66374206542969
82.80098724365234
67.97376251220703
83.93145751953125
79.17010498046875
75.74358367919922
81.16822052001953
71.31901550292969
74.60369873046875
75.59893798828125
61.68723678588867
72.115478515625
69.72753143310547
57.80491256713867
63.079769134521484
57.63523483276367
57.56317138671875
57.105804443359375
59.70331573486328
60.51969528198242
58.53516387939453
55.522117614746094
70.98223876953125
58.15989303588867
72.30622863769531
72.85661315917969
59.435482025146484
74.68161010742188
74.83944702148438
67.25048065185547
78.99082946777344
73.97865295410156
76.89855194091797
78.63906860351562
65.61860656738281
77.69825744628906
72.46705627441406
66.2650375366211
72.64716339111328
66.2024154663086
60.71818923950195
62.28831481933594
60.53158187866211
65.47006225585938
64.72030639648438
61.80002975463867
68.5700454711914
65.89976501464844
58.65184783935547
69.59873962402344
59.611637115478516
68.15509796142578
67.1974868774414
65.9690933227539
72.93362426757812
70.30264282226562
69.53512573242188
74.05734252929688
58.28190231323242
74.09718322753906
71.66119384765625
66.6214828491211
75.53900909423828
67.62386322021484
73.69235229492188
77.1006851196289
52.697330474853516
76.70356750488281
74.94136047363281
68.96839141845703
78.57769775390625
70.59278106689453
77.22789001464844
80.0832290649414
52.419429779052734
82.03724670410156
80.59648132324219
76.69771575927734
86.5613021850586
79.9726791381836
86.82965850830078
90.53369140625
63.70993423461914
92.91177368164062
91.14817810058594
86.98491668701172
94.28126525878906
84.48248291015625
90.510986328125
91.93528747558594
65.35449981689453
90.40265655517578
88.0045394897461
81.92304992675781
90.41063690185547
80.75137329101562
88.07868957519531
90.46971893310547
63.780765533447266
90.43878936767578
88.4754409790039
81.81512451171875
89.58220672607422
79.77164459228516
82.78992462158203
81.07733917236328
55.793914794921875
73.44448852539062
70.05477142333984
65.41825866699219
74.83084106445312
68.00712585449219
72.3957748413086
77.2686767578125
57.19480514526367
80.11572265625
77.01315307617188
73.22844696044922
82.15986633300781
75.73377227783203
78.97491455078125
81.89693450927734
52.96455001831055
82.43436431884766
79.84178924560547
78.2015380859375
86.36448669433594
79.99554443359375
85.82051849365234
90.03678894042969
68.00341033935547
91.95308685302734
90.37350463867188
86.09613800048828
94.28023529052734
85.57210540771484
91.97380828857422
94.33466339111328
63.60681915283203
94.40200805664062
92.0560531616211
86.12994384765625
93.69062042236328
83.42155456542969
88.10364532470703
88.75155639648438
67.93436431884766
86.33050537109375
82.79328918457031
76.63806915283203
81.62812042236328
68.68867492675781
71.88886260986328
77.11203002929688
64.74659729003906
81.91154479980469
80.92394256591797
80.86834716796875
88.9641342163086
82.1459732055664
88.79778289794922
92.40573120117188
73.45446014404297
93.37687683105469
92.73807525634766
86.81188201904297
94.19253540039062
82.26246643066406
87.85931396484375
86.25395965576172
70.9572525024414
78.42760467529297
77.50631713867188
79.77246856689453
89.8316421508789
84.33409118652344
90.80998229980469
93.73348999023438
59.986053466796875
94.64214324951172
92.65731811523438
86.7280502319336
95.25306701660156
87.04556274414062
92.33248138427734
94.72637939453125
59.95609664916992
95.3896713256836
93.47117614746094
88.40982818603516
97.11738586425781
89.59076690673828
94.45796966552734
97.46832275390625
62.1683464050293
98.55520629882812
96.68402862548828
92.58564758300781
101.29242706298828
94.15284729003906
99.38860321044922
102.71390533447266
76.94361114501953
102.99217224121094
101.110107421875
94.8536376953125
103.1758041381836
94.3454360961914
98.69747161865234
100.26264190673828
67.757080078125
98.17809295654297
95.37445068359375
88.36671447753906
96.42916870117188
87.38957977294922
92.52381896972656
94.24480438232422
55.759159088134766
93.30658721923828
90.7335205078125
83.6861801147461
92.10010528564453
83.66056060791016
87.21783447265625
88.5151138305664
67.12779998779297
85.2896957397461
80.97913360595703
74.75902557373047
79.78562927246094
69.35540771484375
75.15530395507812
76.07344055175781
56.659358978271484
75.8514633178711
73.85114288330078
69.59551239013672
77.46869659423828
68.17700958251953
74.7249526977539
76.85492706298828
58.11958694458008
76.87591552734375
74.60171508789062
70.10404968261719
77.96430969238281
70.19166564941406
74.7780990600586
77.07899475097656
54.18938064575195
76.23872375488281
73.74777221679688
68.88105773925781
77.60082244873047
69.3692626953125
74.44915008544922
76.84092712402344
45.42860412597656
77.23922729492188
75.17041015625
67.55549621582031
76.74248504638672
68.8017578125
71.55176544189453
74.54667663574219
57.61068344116211
74.89281463623047
73.5079574584961
68.6122055053711
77.21107482910156
69.77024841308594
74.57240295410156
77.33279418945312
57.921756744384766
79.52616119384766
78.38970947265625
75.06494140625
83.43734741210938
74.45976257324219
82.51678466796875
85.207275390625
48.878509521484375
88.14096069335938
86.74658966064453
83.26148223876953
92.16531372070312
84.52578735351562
90.86905670166016
94.20318603515625
59.465003967285156
95.23371124267578
93.2670669555664
88.04637908935547
95.75868225097656
86.94879150390625
91.91908264160156
93.41802978515625
59.73044204711914
91.6286392211914
89.0578842163086
82.63391876220703
90.66747283935547
81.44351959228516
87.14344024658203
88.96458435058594
57.174720764160156
88.24988555908203
85.78290557861328
78.69625091552734
87.08480072021484
78.29209899902344
82.18480682373047
83.05013275146484
64.2284164428711
83.14615631103516
79.74501037597656
76.24260711669922
84.24577331542969
77.12159729003906
80.93665313720703
83.64746856689453
66.05982208251953
85.03413391113281
82.49036407470703
79.45292663574219
86.55216217041016
78.78690338134766
82.8685531616211
85.74778747558594
60.905155181884766
86.64488220214844
84.6098861694336
82.927978515625
91.41242218017578
84.60444641113281
90.43622589111328
94.63224792480469
74.82311248779297
95.66610717773438
93.94780731201172
88.69462585449219
95.26335144042969
84.7885971069336
89.55242156982422
90.57573699951172
66.93205261230469
86.33720397949219
83.04619598388672
76.71537780761719
83.12379455566406
72.38358306884766
79.89738464355469
80.9312515258789
59.45981979370117
77.8185806274414
74.40852355957031
67.67156982421875
76.96165466308594
69.40583038330078
78.20536804199219
81.29527282714844
65.55860900878906
83.025146484375
81.38397216796875
74.79277801513672
83.94537353515625
74.88966369628906
80.47319030761719
82.17329406738281
50.50115203857422
81.12468719482422
78.12825012207031
72.4710693359375
80.09614562988281
71.08179473876953
75.43569946289062
77.30152893066406
60.1669921875
76.89944458007812
74.54301452636719
69.92286682128906
77.53388977050781
68.79691314697266
73.3746566772461
75.89473724365234
60.31284713745117
81.12010955810547
80.1567153930664
74.79767608642578
85.78044891357422
80.56563568115234
84.30271911621094
87.20317077636719
54.29703140258789
86.06004333496094
83.31774139404297
76.34135437011719
85.62811279296875
76.95346069335938
82.03653717041016
83.11932373046875
61.7601203918457
82.74124908447266
79.71971893310547
75.7687759399414
84.86997985839844
77.88426208496094
83.77410888671875
86.5960464477539
56.480072021484375
87.23109436035156
84.89990997314453
79.564453125
87.78539276123047
79.18653106689453
83.90323638916016
86.22252655029297
55.943058013916016
85.86141967773438
83.49809265136719
78.24565887451172
86.75538635253906
78.20018768310547
83.5956802368164
85.94314575195312
55.33106994628906
85.903076171875
83.45292663574219
78.53396606445312
86.79654693603516
77.33151245117188
84.34811401367188
86.89641571044922
52.275875091552734
87.16683197021484
85.0273208618164
79.7117691040039
88.4580307006836
80.04910278320312
85.64463806152344
88.36875915527344
56.10057830810547
88.5521240234375
86.71763610839844
81.19258880615234
90.0944595336914
82.44837951660156
87.70975494384766
90.40676879882812
58.2912483215332
91.13871765136719
88.92899322509766
84.32524108886719
93.17906951904297
85.20496368408203
90.78687286376953
93.77397918701172
65.82233428955078
93.93753814697266
91.78639221191406
85.62347412109375
93.8212890625
84.66590881347656
89.70056915283203
91.87771606445312
51.6282958984375
92.24496459960938
90.97535705566406
85.39944458007812
95.08344268798828
87.38343811035156
92.60420227050781
94.50676727294922
66.6980209350586
94.28445434570312
92.1254653930664
86.60066223144531
95.64459228515625
87.33940887451172
93.16619110107422
95.4876937866211
60.95582962036133
95.31951904296875
92.7259521484375
86.28192901611328
94.7484130859375
86.6489486694336
90.6161880493164
92.72283935546875
67.02442932128906
92.42278289794922
89.517333984375
84.75275421142578
92.74067687988281
84.72624206542969
89.0804443359375
91.7422866821289
65.82088470458984
90.5885009765625
87.67727661132812
81.67877960205078
88.6595687866211
78.11270141601562
83.56294250488281
85.73955535888672
62.586002349853516
85.7203369140625
83.4704818725586
79.19376373291016
86.99423217773438
77.66539001464844
83.86836242675781
85.28179931640625
61.70912170410156
84.53947448730469
83.13780975341797
77.64334869384766
87.22352600097656
79.07825469970703
86.56866455078125
89.33820343017578
62.33981704711914
90.81724548339844
89.01850128173828
82.14986419677734
91.72003936767578
82.960693359375
86.56892395019531
87.86177825927734
49.09334182739258
85.8017578125
83.77336883544922
80.04734802246094
88.42520904541016
81.02951049804688
86.57776641845703
89.24710845947266
58.87910079956055
88.95166778564453
85.43427276611328
79.78587341308594
85.86737823486328
75.73837280273438
78.50714111328125
77.59255981445312
52.20861053466797
74.77491760253906
77.03556060791016
74.57438659667969
84.8987045288086
78.59793853759766
84.60057067871094
87.99362182617188
58.32802963256836
89.08641815185547
87.30874633789062
82.07542419433594
90.0184097290039
81.12108612060547
86.0653305053711
87.48613739013672
57.995609283447266
85.39805603027344
82.28726959228516
75.8045883178711
81.56482696533203
69.66402435302734
73.17048645019531
69.72871398925781
53.545265197753906
62.19486999511719
68.50360107421875
67.91215515136719
75.37583923339844
