68.01803588867188
69.54261779785156
70.69904327392578
72.26303100585938
73.02346801757812
74.94503021240234
75.02364349365234
77.01579284667969
74.26488494873047
73.42337036132812
72.17807006835938
67.48711395263672
68.9123306274414
64.45123291015625
62.9498405456543
61.759788513183594
58.16044998168945
56.95607376098633
47.937225341796875
55.573848724365234
44.75835418701172
48.83535385131836
56.841312408447266
53.927249908447266
60.59967041015625
54.613914489746094
63.043155670166016
58.66099166870117
65.50350952148438
66.73355865478516
69.00115966796875
70.69271850585938
72.0605697631836
73.15701293945312
73.0921630859375
72.509521484375
69.244384765625
67.52688598632812
65.94368743896484
64.08767700195312
64.85820007324219
57.95889663696289
60.301361083984375
60.17179489135742
53.03730010986328
59.79354476928711
60.09450912475586
57.718017578125
56.831233978271484
56.822959899902344
57.537845611572266
57.97461700439453
55.16447448730469
61.059226989746094
62.20423126220703
58.893856048583984
61.20683670043945
62.33421325683594
62.84173583984375
63.6206169128418
64.0959701538086
61.956260681152344
63.74468994140625
64.5119857788086
66.23774719238281
65.64558410644531
65.2096176147461
65.72281646728516
67.31864929199219
66.17293548583984
67.12110900878906
68.16781616210938
67.96339416503906
68.30052947998047
68.30701446533203
70.76782989501953
69.59960174560547
70.75037384033203
72.49095916748047
72.46276092529297
74.75657653808594
76.33916473388672
77.20256805419922
79.61215209960938
81.13067626953125
83.16801452636719
83.5995864868164
84.52812194824219
84.29862213134766
83.520263671875
83.24142456054688
82.55288696289062
81.94180297851562
81.80186462402344
81.25115966796875
81.47455596923828
81.3571548461914
81.67523193359375
81.73429107666016
81.81072235107422
81.35054016113281
79.17668914794922
77.48672485351562
73.66854858398438
70.20355987548828
64.38740539550781
59.5563850402832
59.66094970703125
60.642826080322266
63.160892486572266
66.20097351074219
67.90221405029297
67.72168731689453
69.86253356933594
70.75623321533203
71.3240737915039
71.26728057861328
71.85401916503906
72.25493621826172
72.36705780029297
73.44551086425781
73.78507232666016
73.93927001953125
74.99552154541016
75.07926177978516
75.09507751464844
76.60027313232422
76.91810607910156
77.6058120727539
77.9068832397461
78.69676208496094
78.83255767822266
79.52421569824219
79.83486938476562
80.32062530517578
80.68985748291016
81.50828552246094
81.92339324951172
82.66300201416016
83.31629943847656
84.18110656738281
84.53351593017578
84.34535217285156
83.39691925048828
81.09601593017578
77.31626892089844
73.77240753173828
67.9051284790039
66.49019622802734
65.3922119140625
51.863441467285156
57.93269729614258
61.93391799926758
68.06265258789062
70.66064453125
74.49464416503906
76.16191864013672
77.59843444824219
79.35880279541016
81.12155151367188
82.38619232177734
82.16926574707031
81.92335510253906
80.199951171875
78.22509765625
76.66799926757812
74.56160736083984
73.30885314941406
71.8903579711914
67.65495300292969
65.70350646972656
69.17829895019531
72.39312744140625
77.26738739013672
81.96338653564453
84.89354705810547
87.31224060058594
88.66371154785156
89.01679229736328
89.2707290649414
88.9605712890625
89.13663482666016
89.03386688232422
88.98908233642578
89.21722412109375
89.24774169921875
89.601318359375
89.83796691894531
90.0752182006836
90.58604431152344
91.04317474365234
91.46910095214844
92.08981323242188
92.58878326416016
93.23554992675781
93.72557830810547
94.25760650634766
94.59491729736328
94.68328857421875
94.57599639892578
93.99419403076172
93.38548278808594
92.34264373779297
91.43873596191406
90.55099487304688
89.4909439086914
88.4967041015625
87.67881774902344
86.80139923095703
85.94679260253906
85.00362396240234
84.27252960205078
83.10614776611328
82.05774688720703
80.52591705322266
79.4390640258789
77.6380844116211
76.43169403076172
75.52870178222656
75.55482482910156
75.39094543457031
75.27000427246094
74.87561798095703
74.52971649169922
74.62218475341797
74.50471496582031
74.29134368896484
73.52210998535156
73.2888412475586
73.85025787353516
73.03556060791016
72.51287841796875
72.10962677001953
72.1212387084961
72.20243835449219
71.5472640991211
71.4179458618164
71.26605987548828
70.6154556274414
71.38697814941406
70.9666519165039
71.50343322753906
70.39700317382812
68.47638702392578
70.5426254272461
69.02825164794922
70.34140014648438
69.62770080566406
70.15653228759766
69.87910461425781
69.49976348876953
70.18162536621094
69.8145751953125
70.84820556640625
71.24369049072266
70.55545043945312
71.76471710205078
71.00790405273438
71.56425476074219
72.36946105957031
72.07556915283203
72.91146850585938
72.34547424316406
71.67428588867188
71.72795104980469
69.56489562988281
66.67927551269531
65.66719055175781
65.3753890991211
64.67476654052734
67.30546569824219
68.9848403930664
68.96944427490234
70.92636108398438
71.67250061035156
75.10049438476562
76.94234466552734
79.97469329833984
80.12078094482422
80.22679901123047
79.9457778930664
79.11641693115234
79.67534637451172
79.61577606201172
80.01145935058594
80.40544891357422
81.27547454833984
82.09445190429688
82.92009735107422
83.93640899658203
84.8384017944336
86.00685119628906
86.8687515258789
87.22653198242188
87.2672348022461
86.81708526611328
86.21412658691406
85.054931640625
84.20146942138672
83.09760284423828
82.09229278564453
81.07122039794922
80.0321273803711
79.310791015625
78.02783966064453
77.67835235595703
76.72803497314453
76.4269790649414
76.20886993408203
76.19486999511719
75.23795318603516
75.70996856689453
75.56419372558594
75.31208801269531
75.22624969482422
75.28498077392578
75.27855682373047
75.23473358154297
75.75877380371094
75.30467987060547
75.990966796875
75.7816390991211
76.17777252197266
76.46687316894531
76.29127502441406
77.00115966796875
77.24061584472656
77.6640396118164
78.1207046508789
79.01437377929688
79.69090270996094
80.71839904785156
80.84730529785156
82.55874633789062
83.30987548828125
84.48255157470703
85.63622283935547
86.3798599243164
87.1828842163086
86.3763656616211
84.87669372558594
83.18614959716797
81.25872802734375
79.88684844970703
77.88082122802734
76.5308837890625
75.62812805175781
73.53314971923828
71.62307739257812
70.34919738769531
69.07970428466797
68.38314819335938
67.0973892211914
66.94935607910156
68.95354461669922
69.22613525390625
70.75178527832031
72.43037414550781
74.26240539550781
75.1760482788086
76.70716094970703
76.20121765136719
76.06230163574219
75.51240539550781
74.6890869140625
73.50025939941406
73.18177795410156
72.36380767822266
71.67802429199219
70.24577331542969
69.88628387451172
69.25053405761719
67.7508544921875
67.96903991699219
66.06977844238281
66.48426818847656
66.58555603027344
68.97334289550781
69.4168930053711
69.94316101074219
72.31597900390625
74.21354675292969
75.77378845214844
76.8918685913086
76.5128402709961
76.27146911621094
74.6175765991211
73.2555160522461
71.9261474609375
71.63799285888672
68.73090362548828
69.7745590209961
71.5506591796875
74.11709594726562
76.73481750488281
78.34809875488281
78.89142608642578
78.15724182128906
77.27552795410156
76.4211196899414
75.4248046875
75.06651306152344
75.64735412597656
76.76207733154297
77.19252014160156
77.71036529541016
77.98081970214844
77.61024475097656
77.90591430664062
77.71339416503906
77.32999420166016
77.07478332519531
77.01725769042969
77.22828674316406
76.5509033203125
76.72391510009766
76.46975708007812
76.95359802246094
77.00523376464844
76.16947937011719
76.62065887451172
76.71158599853516
76.36710357666016
76.45317840576172
75.983642578125
76.46443176269531
76.036376953125
76.5818099975586
76.07781982421875
76.45471954345703
76.70685577392578
76.77570343017578
76.53779602050781
76.66471099853516
77.26334381103516
77.9717788696289
77.79472351074219
78.31059265136719
78.53438568115234
78.72611999511719
78.98133850097656
79.1805648803711
79.43059539794922
79.89944458007812
79.9947509765625
80.21246337890625
80.45460510253906
81.20410919189453
81.34347534179688
82.13407897949219
82.28059387207031
82.59932708740234
83.16455078125
83.4651870727539
83.9901123046875
84.02104949951172
83.80045318603516
83.40951538085938
82.51734161376953
81.67068481445312
80.28886413574219
79.46786499023438
78.81806182861328
78.18455505371094
79.06654357910156
78.8531723022461
79.7920913696289
80.27522277832031
80.89502716064453
81.74726104736328
82.7829818725586
84.15185546875
85.19391632080078
86.30123901367188
87.28257751464844
87.90647888183594
88.48388671875
88.67398071289062
88.58248901367188
88.13068389892578
87.67147827148438
87.23229217529297
86.5888442993164
86.2219009399414
85.70255279541016
85.1115951538086
84.73826599121094
84.28089904785156
84.17632293701172
83.66995239257812
83.66397094726562
83.6503677368164
83.7299575805664
83.78410339355469
83.88684844970703
83.71155548095703
83.86270141601562
83.50162506103516
83.39418029785156
83.01087951660156
82.48435974121094
80.89956665039062
78.8199462890625
75.76758575439453
72.91107940673828
71.616455078125
72.20355224609375
71.66870880126953
72.29113006591797
72.59871673583984
73.35456848144531
73.36033630371094
73.71449279785156
73.80790710449219
73.58160400390625
73.2017593383789
73.46896362304688
74.56070709228516
75.98502349853516
77.18311309814453
78.15916442871094
78.83654022216797
79.78583526611328
80.64830017089844
81.3165054321289
81.67023468017578
80.93476104736328
79.08133697509766
77.8560791015625
75.01045989990234
74.06689453125
72.98625946044922
73.40152740478516
74.28485870361328
75.6881103515625
76.18722534179688
76.91181182861328
77.03720092773438
76.65380096435547
75.62837982177734
73.77873229980469
71.79407501220703
69.8673095703125
69.48307800292969
68.43318176269531
68.63616180419922
69.42401885986328
71.09453582763672
73.1693344116211
75.6053237915039
77.48039245605469
78.78468322753906
79.562744140625
80.70757293701172
80.3333969116211
80.20306396484375
79.57673645019531
78.70386505126953
77.88676452636719
75.98238372802734
75.79895782470703
73.97488403320312
72.857421875
72.12568664550781
69.7363052368164
68.05132293701172
66.69184112548828
61.11061477661133
54.77912521362305
55.96968460083008
58.422847747802734
64.08615112304688
64.24646759033203
65.76580810546875
67.7364501953125
68.72743225097656
