66.22943115234375
68.1677474975586
71.88035583496094
68.1331558227539
74.96041870117188
71.53012084960938
74.82306671142578
73.77324676513672
71.15389251708984
69.34683990478516
66.76675415039062
67.21664428710938
65.49250030517578
61.883644104003906
61.43610763549805
61.98970031738281
58.6238899230957
59.643253326416016
55.275665283203125
65.43427276611328
61.05094528198242
69.81810760498047
63.7332763671875
71.84844207763672
71.62942504882812
72.79533386230469
73.75550842285156
68.70121765136719
69.01904296875
67.22163391113281
63.1911735534668
66.00082397460938
57.974876403808594
62.450599670410156
60.73724365234375
52.30476760864258
61.12813186645508
53.01384735107422
61.04573440551758
56.908958435058594
56.96492385864258
58.4399299621582
61.308807373046875
55.82829284667969
60.77554702758789
58.68144226074219
61.54400634765625
58.56169891357422
55.607521057128906
62.34906005859375
46.48179626464844
62.60107421875
55.52558898925781
62.945465087890625
62.74525451660156
59.27543258666992
64.01922607421875
63.13595962524414
61.63065719604492
61.28666687011719
63.1058464050293
62.3845329284668
64.45464324951172
63.72597885131836
64.53657531738281
66.0285415649414
60.77716064453125
66.11121368408203
63.72296142578125
67.78529357910156
67.00697326660156
65.47509765625
68.8422622680664
67.57999420166016
69.75436401367188
69.1288833618164
71.77019500732422
71.24864959716797
71.31902313232422
73.65784454345703
73.87271881103516
76.25043487548828
75.85041046142578
78.5905532836914
79.1932373046875
79.65618133544922
79.49272155761719
78.73577117919922
78.3707275390625
76.8026351928711
76.74497985839844
75.57630920410156
76.14398956298828
74.9576416015625
75.18955993652344
74.7385025024414
74.72848510742188
75.31692504882812
74.79273223876953
75.76133728027344
74.91902923583984
76.74729919433594
76.27580261230469
76.83557891845703
76.1915512084961
75.99064636230469
75.31851196289062
71.25471496582031
72.38687133789062
62.49903106689453
67.7446517944336
41.68717956542969
64.66091918945312
49.355201721191406
68.17497253417969
57.14507293701172
68.68461608886719
66.39921569824219
67.09896850585938
69.75220489501953
64.7211685180664
70.68961334228516
66.76705169677734
71.56356048583984
70.45165252685547
69.15782165527344
73.01081085205078
68.50341033935547
74.00050354003906
70.07355499267578
73.52357482910156
73.27375793457031
71.88632202148438
75.81485748291016
70.35429382324219
76.80621337890625
75.20831298828125
77.22081756591797
79.38594055175781
76.58318328857422
80.67186737060547
76.94459533691406
80.3089828491211
77.51245880126953
79.60814666748047
77.26966094970703
77.64459991455078
75.5981216430664
76.31066131591797
76.58414459228516
77.07987976074219
78.76195526123047
79.5655746459961
80.88369750976562
81.99929809570312
82.96186065673828
84.40471649169922
85.24561309814453
86.73602294921875
87.97882080078125
88.7223892211914
90.12948608398438
90.13804626464844
91.64407348632812
91.32101440429688
92.52230072021484
92.3879165649414
92.39981079101562
92.90412139892578
91.32252502441406
92.09716033935547
89.55655670166016
89.48506164550781
87.78895568847656
85.85758209228516
85.86500549316406
82.79334259033203
83.32474517822266
82.33480834960938
81.68663787841797
82.8580551147461
82.37996673583984
82.93732452392578
82.2271499633789
81.3098373413086
80.42841339111328
78.85336303710938
77.74227142333984
76.37574005126953
74.2418441772461
72.18557739257812
70.32503509521484
69.9134750366211
66.7455062866211
65.64395904541016
63.883174896240234
59.74998474121094
61.26778030395508
60.367313385009766
61.417049407958984
66.70586395263672
65.3281021118164
67.14876556396484
67.29296875
68.2093505859375
70.03958129882812
68.909423828125
71.1464614868164
70.86122131347656
72.06807708740234
73.2829818725586
73.18563079833984
75.12586212158203
75.01863861083984
75.90413665771484
76.5450439453125
77.20342254638672
78.09468078613281
79.21024322509766
80.416259765625
81.01773834228516
81.7882308959961
82.03802490234375
82.1131362915039
81.59732818603516
81.24755859375
80.32855987548828
79.51692199707031
78.84510803222656
77.5983657836914
77.06434631347656
75.84127807617188
75.21681213378906
75.05712890625
73.68620300292969
72.86065673828125
72.28606414794922
72.39732360839844
72.02075958251953
71.6332015991211
71.09973907470703
70.29608154296875
69.9566650390625
69.27721405029297
68.51217651367188
68.00164794921875
68.15704345703125
68.07750701904297
67.65437316894531
66.25023651123047
67.44413757324219
66.55085754394531
68.43587493896484
65.32968139648438
65.8298568725586
64.99187469482422
65.60953521728516
66.13249206542969
64.82488250732422
64.89080810546875
64.13391876220703
66.23017883300781
64.61564636230469
63.62843704223633
63.01826095581055
62.52914810180664
62.74306106567383
62.07830047607422
62.87758255004883
61.45091247558594
60.71913528442383
64.70822143554688
65.40692138671875
66.2702407836914
68.58109283447266
68.28759765625
70.0472412109375
70.01085662841797
71.51831817626953
71.48217010498047
71.95642852783203
73.49272155761719
72.92034149169922
74.05813598632812
74.4520492553711
74.17577362060547
75.72903442382812
75.9287338256836
76.29264068603516
76.13475799560547
77.1561279296875
76.40328216552734
76.35456085205078
75.92256164550781
75.28704833984375
76.17012786865234
75.37244415283203
76.45821380615234
76.22254180908203
76.51199340820312
77.39287567138672
76.91211700439453
78.36492156982422
78.095458984375
79.5268783569336
79.41951751708984
78.86631774902344
78.90653228759766
78.06620788574219
78.08243560791016
77.31234741210938
76.82576751708984
75.99705505371094
76.16571044921875
75.46037292480469
75.10185241699219
74.78319549560547
73.9135971069336
74.2171859741211
74.15332794189453
74.8875732421875
73.96832275390625
74.05223846435547
74.07183074951172
74.06405639648438
73.80267333984375
73.59536743164062
74.6402816772461
73.76737976074219
75.12632751464844
74.81288146972656
75.00446319580078
76.17919158935547
76.01954650878906
76.96240997314453
76.68484497070312
77.9647216796875
77.87023162841797
78.84076690673828
79.6109619140625
80.24224853515625
81.61389923095703
81.38068389892578
81.56478881835938
80.11966705322266
79.0741195678711
77.14671325683594
75.60160827636719
74.49601745605469
72.6075210571289
72.63296508789062
69.95723724365234
70.54020690917969
68.34043884277344
67.05807495117188
65.05054473876953
65.15554809570312
64.63749694824219
61.16817855834961
61.906429290771484
58.13600540161133
58.88729476928711
59.07522201538086
58.44528579711914
58.601768493652344
59.98630142211914
60.13850784301758
64.47224426269531
62.983280181884766
64.46896362304688
64.32959747314453
65.25214385986328
66.5312271118164
66.1725845336914
65.82966613769531
66.81035614013672
67.30335235595703
68.65914154052734
69.10816192626953
70.49280548095703
70.88677215576172
72.1104965209961
73.29081726074219
73.9468002319336
75.66098022460938
76.63654327392578
77.75386810302734
79.10836791992188
79.53666687011719
80.20075225830078
80.47344207763672
80.21302795410156
79.69519805908203
79.07826232910156
78.79436492919922
77.96170043945312
77.77908325195312
76.98123931884766
76.79125213623047
76.27142333984375
75.55886840820312
75.66922760009766
75.0867919921875
74.52108001708984
74.49809265136719
73.72920227050781
73.87144470214844
73.75228118896484
73.03942108154297
73.48428344726562
73.1880874633789
73.2386474609375
72.57574462890625
72.46267700195312
72.48470306396484
72.65288543701172
72.98575592041016
71.94335174560547
72.144775390625
71.92965698242188
71.89196014404297
72.06607818603516
71.1578140258789
71.8476791381836
71.26268005371094
71.01192474365234
71.69517517089844
71.01509094238281
71.42997741699219
70.82760620117188
70.77384948730469
71.77255249023438
71.45061492919922
72.69601440429688
73.39012908935547
73.76456451416016
74.05525970458984
75.25535583496094
74.88584899902344
75.14384460449219
74.84684753417969
75.50582122802734
75.5672607421875
75.56890869140625
75.63346099853516
76.0328598022461
76.08119201660156
76.15641021728516
76.51004028320312
77.03044128417969
77.1046371459961
77.30221557617188
77.2099838256836
76.37694549560547
74.7749252319336
75.25615692138672
74.05048370361328
74.56593322753906
75.0898208618164
75.08414459228516
76.24466705322266
76.40172576904297
76.88282775878906
77.82332611083984
77.57372283935547
78.57543182373047
78.74378204345703
79.33159637451172
80.20809173583984
80.43910217285156
81.31855773925781
81.91258239746094
82.86802673339844
83.38839721679688
83.82917785644531
84.60926055908203
84.63754272460938
85.09168243408203
84.88021087646484
84.44915771484375
84.41262817382812
83.37451171875
83.44120025634766
82.40518188476562
82.0640869140625
81.52128601074219
80.42881774902344
80.30437469482422
79.15391540527344
79.21621704101562
77.275146484375
76.6134033203125
74.61631774902344
72.85220336914062
73.08289337158203
70.3863754272461
71.91260528564453
69.66130828857422
70.134521484375
66.82477569580078
64.97195434570312
67.39420318603516
58.335426330566406
61.50551223754883
60.42549133300781
42.66508102416992
60.378929138183594
63.32271194458008
64.20449829101562
69.96957397460938
69.2191162109375
71.68769836425781
71.90406036376953
71.2107925415039
71.25263977050781
70.52925109863281
70.8387451171875
71.82101440429688
72.43531036376953
73.7930908203125
73.93020629882812
74.28054809570312
73.97615051269531
73.16800689697266
73.14665985107422
71.56692504882812
71.3611831665039
71.21815490722656
70.54913330078125
69.68559265136719
68.56156921386719
69.26586151123047
68.60537719726562
70.1999282836914
72.32730102539062
72.83226776123047
74.8941421508789
75.51663970947266
76.2855224609375
75.88956451416016
75.05745697021484
73.53282165527344
71.58147430419922
68.45620727539062
66.24765014648438
65.42769622802734
64.62015533447266
63.49600601196289
65.82404327392578
67.1150894165039
68.14007568359375
70.75712585449219
70.5163803100586
71.78680419921875
72.271484375
72.43492889404297
72.9122314453125
71.8108139038086
73.02047729492188
73.26336669921875
73.31240844726562
73.11111450195312
72.86441040039062
73.29610443115234
73.26058197021484
73.19923400878906
73.44583892822266
73.47409057617188
73.00753021240234
71.09613800048828
70.17312622070312
66.74695587158203
64.11978149414062
63.3891716003418
64.45991516113281
67.1453857421875
