71.57329559326172
66.34490966796875
75.0296630859375
70.1173095703125
75.84882354736328
77.7755355834961
70.56087493896484
81.12327575683594
73.60659790039062
79.33793640136719
79.2664794921875
68.50894165039062
78.6226577758789
69.25445556640625
73.2251205444336
72.64940643310547
58.526981353759766
69.99986267089844
62.24022674560547
65.98436737060547
69.64347839355469
68.16231536865234
61.76764678955078
73.23036193847656
69.43335723876953
69.00703430175781
71.58761596679688
62.38400650024414
67.9599380493164
63.253597259521484
62.49137878417969
65.26274108886719
58.53173828125
56.5287971496582
60.93584442138672
51.25580978393555
55.45927429199219
59.8980598449707
59.74386215209961
60.43840789794922
62.797420501708984
60.98772048950195
63.85482406616211
60.69414138793945
65.00946044921875
62.08195877075195
65.531982421875
63.66435241699219
66.07906341552734
66.66069793701172
65.75025939941406
68.3228988647461
68.00716400146484
69.60774993896484
68.62165069580078
70.88975524902344
67.86842346191406
69.69619750976562
71.11505126953125
69.40052795410156
71.1099853515625
67.35722351074219
70.98584747314453
70.57435607910156
67.67878723144531
73.32123565673828
70.23595428466797
74.43280792236328
72.1064224243164
73.52857208251953
75.65570831298828
71.48454284667969
78.45735168457031
74.5448989868164
78.90386199951172
79.81610107421875
78.44022369384766
83.90172576904297
78.9393310546875
86.72254943847656
84.21440124511719
86.43025970458984
87.45858001708984
81.37788391113281
86.46717834472656
78.65876770019531
83.66810607910156
80.7436752319336
78.85862731933594
81.7331771850586
75.62169647216797
80.99740600585938
76.53588104248047
78.81114196777344
78.89420318603516
74.63819122314453
78.88876342773438
74.08535766601562
78.50477600097656
77.09994506835938
76.68579864501953
78.20675659179688
74.89410400390625
79.2398910522461
76.98275756835938
77.90702056884766
78.56718444824219
76.32958221435547
79.570068359375
76.53240966796875
79.21229553222656
77.81167602539062
78.12728118896484
80.08972930908203
77.66973876953125
80.44153594970703
78.90310668945312
80.1583023071289
80.66282653808594
79.92188262939453
81.5758056640625
80.67652130126953
80.5179214477539
80.68026733398438
79.52983093261719
81.44346618652344
79.59327697753906
82.4945068359375
82.03546905517578
83.18498992919922
83.96159362792969
80.40040588378906
83.80094146728516
72.09676361083984
81.14554595947266
56.36579132080078
81.6683349609375
67.93989562988281
83.96941375732422
81.64461517333984
84.6542739868164
88.99903106689453
82.38377380371094
92.43368530273438
87.78495788574219
91.40559387207031
91.96060943603516
84.83570861816406
91.83259582519531
84.34259796142578
88.84781646728516
88.35482025146484
82.20479583740234
89.25108337402344
80.84255981445312
87.58470916748047
86.50291442871094
83.0591812133789
88.72269439697266
79.5824966430664
88.569580078125
86.41011047363281
86.00048828125
89.98775482177734
82.77081298828125
91.60309600830078
88.17848205566406
91.12104797363281
93.11625671386719
89.6814193725586
95.54588317871094
91.61249542236328
95.31278991699219
94.69241333007812
92.93067932128906
95.243408203125
91.46836853027344
93.85726165771484
91.9378433227539
91.59659576416016
92.16634368896484
90.15436553955078
91.74980163574219
90.26264190673828
90.95488739013672
90.67578125
91.01925659179688
90.90982055664062
91.63970947265625
91.25912475585938
91.61792755126953
91.7286148071289
90.75513458251953
92.01354217529297
90.33052825927734
91.84754943847656
91.27237701416016
91.13211822509766
92.39376831054688
90.4505386352539
92.80342864990234
91.65965270996094
92.3189468383789
93.60682678222656
91.3781509399414
94.72013854980469
92.6889877319336
94.65473937988281
95.38550567626953
93.62201690673828
97.32711029052734
94.0509033203125
97.51929473876953
96.6095199584961
95.34127807617188
97.80911254882812
92.54824829101562
96.38762664794922
92.99884796142578
92.5927734375
93.38177490234375
87.52779388427734
92.0981674194336
86.70391845703125
88.94129943847656
88.37312316894531
83.75627136230469
88.36260223388672
80.30255126953125
85.90337371826172
83.64088439941406
81.60712432861328
84.84326171875
75.43470764160156
83.8512954711914
78.55899047851562
80.45796203613281
81.10445404052734
74.27890014648438
81.425537109375
72.23666381835938
79.53076171875
76.90498352050781
75.20178985595703
78.65106201171875
68.69895935058594
78.70123291015625
73.6329574584961
77.13262176513672
78.15074920654297
70.64044952392578
78.86759185791016
72.17353820800781
76.96681213378906
77.50353240966797
71.91304779052734
77.89207458496094
66.38262939453125
77.29816436767578
74.1520767211914
72.27750396728516
77.30427551269531
64.12202453613281
76.42314147949219
69.58660888671875
74.209228515625
74.36473083496094
68.61557006835938
75.45759582519531
63.37744903564453
75.98091888427734
70.86494445800781
76.2798843383789
77.42659759521484
75.57734680175781
80.0097885131836
77.60708618164062
79.61974334716797
81.49080657958984
79.12705993652344
82.81285095214844
81.31453704833984
81.46965026855469
83.36691284179688
80.33172607421875
84.17279052734375
82.62235260009766
82.98961639404297
85.68022155761719
81.829833984375
86.50409698486328
84.72650146484375
85.35436248779297
88.24532318115234
84.02545166015625
89.57249450683594
86.7264633178711
87.92898559570312
89.62816619873047
84.31391143798828
89.54242706298828
85.34827423095703
86.2227783203125
86.8271484375
81.03189849853516
86.20391082763672
81.92422485351562
82.4241714477539
83.8308334350586
77.97061920166016
82.93012237548828
80.9276351928711
77.89088439941406
82.26223754882812
73.23802185058594
79.41830444335938
77.73436737060547
71.98804473876953
76.7892837524414
67.67411041259766
75.93888092041016
67.23893737792969
73.46397399902344
71.6635971069336
71.35250091552734
74.00472259521484
62.54227066040039
74.34248352050781
66.50322723388672
72.94210815429688
71.9972152709961
67.2803955078125
74.9583511352539
59.874122619628906
73.07440948486328
70.70476531982422
69.77122497558594
73.40412902832031
41.52475357055664
74.91307067871094
69.66508483886719
71.22088623046875
73.81098937988281
64.80889129638672
75.97779846191406
67.51045227050781
75.65462493896484
75.80806732177734
70.03813934326172
78.56707000732422
71.2859115600586
78.94117736816406
78.72811126708984
76.17317962646484
82.0633773803711
74.55829620361328
81.5627670288086
78.55721282958984
76.9133071899414
78.79141998291016
69.9053726196289
75.88137817382812
71.93882751464844
71.18807983398438
72.67710876464844
62.76681137084961
72.77320861816406
65.44696807861328
70.49230194091797
71.72721099853516
68.63933563232422
72.27027130126953
66.89198303222656
72.6965560913086
70.96553039550781
71.0776138305664
73.59097290039062
69.83867645263672
75.46073150634766
72.69344329833984
74.40018463134766
75.53519439697266
73.05570220947266
76.55646514892578
75.05488586425781
76.03760528564453
77.86973571777344
75.04899597167969
79.64828491210938
78.01643371582031
78.4480972290039
80.57276153564453
73.5180435180664
79.46209716796875
69.95629119873047
78.26808166503906
71.977783203125
76.72628021240234
75.74092864990234
76.37499237060547
79.45097351074219
76.82784271240234
80.43424224853516
77.98465728759766
79.41100311279297
79.24037170410156
77.98316192626953
78.49667358398438
77.13983154296875
77.74909973144531
76.61537170410156
77.57518005371094
74.95150756835938
75.87220764160156
75.90374755859375
76.97987365722656
77.90361785888672
76.8991928100586
78.25958251953125
77.5308837890625
78.0957260131836
76.9332504272461
77.4615249633789
77.87706756591797
77.0691909790039
77.71483612060547
77.49498748779297
76.5983657836914
78.13103485107422
76.12358856201172
77.97510528564453
75.20010375976562
73.95402526855469
73.94581604003906
70.25627899169922
74.5167007446289
67.7074966430664
74.53231048583984
70.42813873291016
74.43357849121094
73.96623992919922
72.62757873535156
77.24877166748047
73.00459289550781
77.74884033203125
76.8110580444336
77.2815933227539
78.71891784667969
75.54287719726562
79.35609436035156
76.655029296875
78.56643676757812
79.00013732910156
77.4938735961914
80.52350616455078
77.531005859375
80.40065002441406
79.47743225097656
80.5714340209961
81.20386505126953
79.98081970214844
82.86202239990234
81.38914489746094
83.78280639648438
83.0009994506836
84.10948944091797
83.2878646850586
82.50591278076172
82.36654663085938
80.5860366821289
82.28231811523438
80.36416625976562
83.09779357910156
81.49037170410156
83.20365905761719
82.96843719482422
83.09612274169922
84.15754699707031
82.68891906738281
85.08724975585938
84.3196029663086
84.73486328125
86.32266235351562
83.43826293945312
86.49842071533203
83.15625
84.9346694946289
84.32564544677734
81.28385162353516
83.68418884277344
78.55531311035156
82.08087921142578
79.85617065429688
78.65274047851562
80.84266662597656
73.87133026123047
80.05947875976562
75.25361633300781
76.380126953125
77.24494171142578
70.0796890258789
78.20410919189453
67.01950073242188
76.10971069335938
73.07837677001953
70.04644775390625
74.40099334716797
60.63484191894531
72.78887176513672
66.96814727783203
72.04497528076172
64.6429443359375
74.40133666992188
69.52326202392578
75.77896881103516
78.16312408447266
73.40204620361328
82.69062805175781
75.80299377441406
84.44917297363281
83.2255859375
83.17887115478516
86.54058074951172
81.66410064697266
85.84203338623047
82.68733215332031
83.17430114746094
83.69515991210938
80.4527359008789
83.23970031738281
79.56903839111328
80.94956970214844
80.14768981933594
78.34203338623047
80.45111083984375
76.84867858886719
80.01132202148438
77.0942153930664
80.20621490478516
79.66190338134766
79.85224151611328
80.30623626708984
78.9479751586914
80.80475616455078
78.92406463623047
80.83649444580078
79.5212631225586
79.55625915527344
80.36791229248047
78.6144790649414
80.59237670898438
78.8882827758789
79.9570083618164
80.2884292602539
78.66999816894531
81.31236267089844
78.74154663085938
81.56470489501953
81.10855865478516
80.89576721191406
83.5950927734375
80.46176147460938
85.42776489257812
82.48977661132812
85.58513641357422
85.86689758300781
83.7109375
87.53385162353516
82.82176208496094
86.75104522705078
85.02556610107422
82.98892974853516
85.60358428955078
76.95964050292969
83.49653625488281
77.8963623046875
