65.963623046875
67.95571899414062
68.06370544433594
71.00704956054688
72.0728759765625
71.96599578857422
74.04906463623047
74.77385711669922
74.95002746582031
73.48722839355469
73.41267395019531
69.10842895507812
70.84663391113281
67.28231048583984
65.53787231445312
64.25862884521484
56.96712112426758
62.72624588012695
59.131935119628906
59.98765563964844
53.8234748840332
62.87641906738281
61.48473358154297
65.52546691894531
65.66009521484375
69.22811126708984
71.47906494140625
71.53356170654297
71.12808227539062
70.04531860351562
70.3731460571289
66.59410858154297
66.43245697021484
63.56344223022461
62.30839538574219
62.804752349853516
60.05522918701172
60.78213119506836
58.18138885498047
62.247501373291016
49.205474853515625
56.921756744384766
55.573402404785156
58.94456481933594
50.652320861816406
54.167930603027344
60.18117904663086
50.80095291137695
61.38547897338867
56.33944320678711
61.712196350097656
59.900455474853516
61.688777923583984
61.438072204589844
61.587547302246094
64.40107727050781
61.00197219848633
63.48814392089844
63.07701873779297
60.789188385009766
65.58056640625
63.09441375732422
65.3560791015625
65.2575912475586
64.62612915039062
67.82571411132812
64.53287506103516
67.32119750976562
67.46574401855469
68.02535247802734
69.23548889160156
68.19998168945312
69.83167266845703
69.5414047241211
72.17138671875
72.59681701660156
72.92525482177734
74.26077270507812
74.24307250976562
76.57454681396484
77.71539306640625
79.2356185913086
80.73837280273438
81.2363510131836
82.10979461669922
80.84577178955078
80.1708755493164
78.57533264160156
77.57334899902344
77.02918243408203
75.93876647949219
76.24656677246094
74.73808288574219
75.19901275634766
74.6719741821289
73.80575561523438
74.24119567871094
73.70832061767578
74.34699249267578
74.23208618164062
73.9798583984375
74.43779754638672
73.86870574951172
75.078857421875
73.98285675048828
75.13056945800781
75.04082489013672
75.59886169433594
75.86919403076172
75.32920837402344
75.8700942993164
74.58169555664062
75.07981872558594
73.55551147460938
70.86717987060547
68.70855712890625
63.66884231567383
61.55447769165039
62.64009475708008
64.25393676757812
68.0840072631836
67.7130126953125
69.80824279785156
70.95330810546875
69.89025115966797
71.41822052001953
71.0272445678711
70.5398941040039
69.86188507080078
69.87618255615234
70.52580261230469
71.83757019042969
74.37285614013672
75.46106719970703
76.97570037841797
78.347900390625
78.9906997680664
80.5255126953125
81.39680480957031
82.66130828857422
83.74356079101562
84.81307220458984
85.33160400390625
85.42880249023438
84.74406433105469
83.51136779785156
82.118896484375
80.66626739501953
80.21398162841797
79.24031066894531
78.41902923583984
77.5556640625
76.75965118408203
76.31941986083984
75.365478515625
75.70494079589844
74.04338073730469
74.63827514648438
74.66415405273438
73.89492797851562
75.1941146850586
73.63140106201172
74.78313446044922
74.56815338134766
74.99850463867188
75.59886932373047
76.16134643554688
77.28651428222656
77.23229217529297
78.5790786743164
79.45098876953125
80.56521606445312
82.05136108398438
83.0899887084961
84.34723663330078
84.96086120605469
85.39391326904297
85.16928100585938
84.50952911376953
84.20614624023438
83.27388763427734
83.26485443115234
82.6463623046875
82.75233459472656
83.01581573486328
82.79740142822266
83.15361785888672
82.57322692871094
82.61327362060547
82.33755493164062
82.44512176513672
82.35476684570312
81.89190673828125
81.96465301513672
81.80780029296875
81.72888946533203
81.59829711914062
81.53850555419922
81.57511138916016
81.3081283569336
81.5658187866211
81.51615142822266
81.5760269165039
81.72918701171875
81.56010437011719
81.96330261230469
81.81932830810547
82.20406341552734
82.31424713134766
82.38895416259766
82.79177856445312
82.7800521850586
83.25607299804688
83.34367370605469
83.66506958007812
84.27996063232422
84.25450897216797
84.94866943359375
85.36952209472656
85.92793273925781
86.48199462890625
87.01191711425781
87.554931640625
87.99462127685547
88.5989761352539
88.78741455078125
88.8829116821289
88.74298858642578
88.22433471679688
87.8017807006836
86.9754409790039
86.25106811523438
85.224609375
84.5101318359375
83.73567962646484
82.57308959960938
82.11607360839844
81.11721801757812
80.3670883178711
79.57145690917969
78.93023681640625
78.95714569091797
77.64289093017578
77.29972076416016
76.59065246582031
76.3092041015625
76.2426986694336
75.62124633789062
75.84510040283203
74.5827865600586
74.51365661621094
74.45600128173828
73.69454193115234
73.74232482910156
72.32202911376953
73.37052154541016
72.76433563232422
72.57872009277344
71.7308120727539
71.22575378417969
71.61394500732422
71.64405822753906
70.66731262207031
71.53147888183594
70.65734100341797
72.19342803955078
71.5705795288086
71.98079681396484
73.60697174072266
73.83043670654297
75.2466812133789
74.86146545410156
75.48207092285156
76.08641052246094
75.7480239868164
76.41294860839844
75.97936248779297
76.49605560302734
76.86102294921875
76.85203552246094
77.33983612060547
77.24054718017578
77.82246398925781
77.68595886230469
78.02389526367188
78.75558471679688
78.83126831054688
79.86470031738281
80.46083068847656
81.0179214477539
81.92127227783203
82.2555923461914
83.36190032958984
83.60779571533203
84.43275451660156
84.48638916015625
84.54283142089844
83.7752685546875
83.10321044921875
82.1055679321289
80.52779388427734
80.08978271484375
78.89694213867188
78.74755096435547
78.42798614501953
77.2753677368164
77.5064926147461
76.55964660644531
76.6737060546875
75.44741821289062
75.1956787109375
75.0671615600586
74.10515594482422
74.11189270019531
72.57125854492188
72.93745422363281
72.4190902709961
71.80638122558594
71.70011901855469
70.05282592773438
70.71114349365234
70.3115005493164
70.14159393310547
69.59266662597656
68.97173309326172
69.83782196044922
68.43760681152344
68.79487609863281
68.37066650390625
68.3272705078125
68.321533203125
66.43561553955078
66.72980499267578
65.98524475097656
64.43644714355469
65.90165710449219
64.63504028320312
65.8057632446289
65.61895751953125
65.85105895996094
66.56035614013672
65.32927703857422
66.22105407714844
65.78527069091797
66.71917724609375
66.82174682617188
66.4948501586914
67.55801391601562
66.7302017211914
67.43024444580078
67.8902816772461
67.03074645996094
69.00582885742188
68.33586883544922
69.45729064941406
70.51847839355469
70.30960083007812
70.768798828125
70.46220397949219
72.28462982177734
71.7285385131836
72.88701629638672
73.64970397949219
73.59158325195312
74.74988555908203
75.53047943115234
76.6943130493164
77.52033233642578
78.2055892944336
79.44657135009766
80.09480285644531
80.62606048583984
80.71863555908203
80.63813781738281
80.21234893798828
79.03385925292969
77.88018798828125
77.16019439697266
76.82849884033203
76.20060729980469
76.51789093017578
77.440185546875
77.4654312133789
77.97020721435547
77.96533966064453
77.89982604980469
77.63912200927734
76.95869445800781
76.46883392333984
75.07870483398438
74.85749816894531
73.36876678466797
73.99993896484375
74.07735443115234
73.28172302246094
73.29993438720703
71.76372528076172
72.53202819824219
71.55306243896484
70.97125244140625
71.0047836303711
70.06178283691406
71.02887725830078
70.9908676147461
72.3738021850586
73.32569885253906
72.31244659423828
73.1483383178711
72.4344711303711
72.90386199951172
72.71977233886719
72.34595489501953
71.47659301757812
70.57817840576172
70.05058288574219
69.65496063232422
68.82557678222656
69.76380920410156
69.35432434082031
70.25960540771484
69.93413543701172
71.1429214477539
71.91223907470703
70.95845031738281
72.1199722290039
71.78449249267578
72.00271606445312
71.8642807006836
71.75674438476562
72.33544158935547
71.39736938476562
71.7345962524414
71.89702606201172
70.83368682861328
72.17374420166016
71.84220123291016
72.19391632080078
71.49443054199219
71.8399887084961
72.66521453857422
72.1795654296875
73.01644897460938
72.42827606201172
73.1827392578125
73.20655822753906
73.04882049560547
73.63724517822266
73.23619842529297
73.81853485107422
73.8422622680664
73.91753387451172
74.63360595703125
74.07981872558594
74.59516143798828
75.30059051513672
74.8567886352539
76.02423095703125
75.33361053466797
75.84591674804688
76.12088012695312
76.29033660888672
77.07672882080078
76.51175689697266
77.61573028564453
77.81339263916016
77.91222381591797
78.38542175292969
78.45846557617188
78.67314910888672
78.5759506225586
78.87652587890625
78.29215240478516
78.2637710571289
77.60249328613281
77.13587188720703
76.65200805664062
76.98624420166016
77.70316314697266
78.7613754272461
78.82708740234375
80.3889389038086
80.78462219238281
81.65045166015625
82.00540161132812
82.31803894042969
82.66568756103516
82.2257308959961
81.80261993408203
81.00325775146484
80.77520751953125
79.63178253173828
79.01132202148438
78.58583068847656
77.19517517089844
77.01704406738281
76.0345687866211
75.35948944091797
74.5788345336914
74.07095336914062
74.17720031738281
72.8800277709961
71.94367218017578
71.53092956542969
69.9365234375
70.30411529541016
68.92073822021484
67.92256164550781
67.20060729980469
65.6675033569336
65.65196990966797
65.77564239501953
67.17699432373047
69.75956726074219
71.31655883789062
74.81189727783203
76.04360961914062
77.37137603759766
77.426513671875
77.52081298828125
77.15514373779297
76.06614685058594
76.40751647949219
75.96458435058594
75.58122253417969
75.01042175292969
75.09744262695312
74.91337585449219
73.8147964477539
74.12136840820312
73.24929809570312
73.49606323242188
73.3865966796875
72.72006225585938
73.07018280029297
72.36394500732422
72.29592895507812
71.3729248046875
71.5677719116211
71.86785125732422
71.30306243896484
73.13048553466797
74.18685150146484
73.8046646118164
74.24720764160156
73.61770629882812
74.34867095947266
73.71881866455078
73.68486022949219
74.25254821777344
73.54158782958984
73.76896667480469
73.55365753173828
74.23043823242188
74.39044189453125
74.33253479003906
74.52472686767578
74.54202270507812
74.93607330322266
75.35272979736328
74.79169464111328
75.71183013916016
74.73175811767578
75.59443664550781
76.30042266845703
76.44044494628906
76.66433715820312
76.68215942382812
77.07467651367188
76.88904571533203
77.64033508300781
77.9003677368164
77.84625244140625
78.12619018554688
77.16483306884766
76.5504150390625
75.75709533691406
