74.02194213867188
67.5472640991211
77.17692565917969
72.57528686523438
76.8240966796875
79.06442260742188
73.75038146972656
81.18035125732422
74.09371948242188
77.88241577148438
76.69563293457031
71.27008056640625
75.4725341796875
68.01585388183594
71.20332336425781
70.6324234008789
61.92288589477539
69.63478088378906
63.32408905029297
61.63384246826172
67.4733657836914
60.29931640625
62.658111572265625
69.68084716796875
62.90221405029297
69.19515228271484
75.16236114501953
57.5163459777832
77.40362548828125
72.98262786865234
71.017822265625
74.32786560058594
56.70012664794922
70.72335815429688
66.53231048583984
63.28974914550781
69.32491302490234
56.706024169921875
64.53466033935547
64.6727066040039
56.79803466796875
66.0035171508789
58.87762451171875
62.09514617919922
65.47557830810547
52.0631103515625
66.2934799194336
65.0860366821289
63.97454833984375
66.39094543457031
61.11073684692383
68.13377380371094
65.62516021728516
64.73078155517578
68.70336151123047
63.2264289855957
70.39344787597656
68.72445678710938
65.13502502441406
68.96749877929688
67.22386932373047
70.46128845214844
69.69739532470703
69.64739990234375
72.411865234375
70.35979461669922
73.04456329345703
73.0672836303711
73.00823974609375
76.31201934814453
73.26634216308594
77.66825866699219
77.34402465820312
77.71289825439453
80.8348388671875
75.23954010009766
82.04437255859375
77.13536071777344
79.33661651611328
78.55593872070312
73.34996032714844
78.16658020019531
69.3969497680664
75.79656219482422
72.37381744384766
72.51332092285156
75.04629516601562
66.11746215820312
74.65616607666016
66.99746704101562
73.80937194824219
71.36275482177734
68.54039001464844
73.09394073486328
65.17945861816406
73.11611938476562
68.38359069824219
70.95865631103516
72.40167236328125
66.57077026367188
73.56716918945312
66.53543090820312
73.33843994140625
70.92346954345703
71.0365219116211
74.2759780883789
67.72232818603516
75.46820831298828
72.06942749023438
74.71489715576172
75.65372467041016
71.96185302734375
78.07965087890625
71.96965789794922
78.36983489990234
77.4571762084961
77.31729888916016
81.72428131103516
75.936767578125
82.80139923095703
79.8303451538086
80.58985900878906
83.55386352539062
75.81175231933594
83.79287719726562
77.51077270507812
79.32167053222656
79.17920684814453
65.51204681396484
77.1788101196289
65.92168426513672
72.76150512695312
68.83129119873047
72.11248016357422
67.80293273925781
72.40328979492188
74.30488586425781
66.3160171508789
79.07210540771484
70.90512084960938
79.53672790527344
80.80437469482422
75.10680389404297
83.14608001708984
74.85301971435547
81.02021789550781
80.86988067626953
70.97021484375
80.41251373291016
71.56292724609375
74.48026275634766
75.7496337890625
37.87593078613281
75.02484130859375
70.83096313476562
68.447998046875
74.17426300048828
60.3535270690918
73.11576080322266
71.95640563964844
68.06280517578125
74.70510864257812
61.011024475097656
75.08673858642578
72.65043640136719
71.50601196289062
77.1856460571289
63.60096740722656
78.52814483642578
73.81298828125
77.89866638183594
79.73339080810547
74.15676879882812
83.57793426513672
76.9290771484375
84.92349243164062
84.64376831054688
83.47989654541016
88.27640533447266
81.37236785888672
88.49305725097656
85.59495544433594
84.89544677734375
87.52192687988281
75.98067474365234
85.08812713623047
74.95414733886719
80.16619873046875
77.1041259765625
75.33001708984375
77.4444351196289
69.12352752685547
78.22990417480469
68.52005004882812
77.58596801757812
75.14813995361328
76.01956939697266
78.05796813964844
73.27356719970703
78.8532943725586
75.43142700195312
77.57537078857422
78.35665893554688
75.26337432861328
79.43083953857422
76.0557632446289
79.16554260253906
78.95394134521484
77.87710571289062
80.49663543701172
78.23473358154297
80.48764038085938
79.97879028320312
79.8155288696289
81.6584243774414
79.40148162841797
81.63069152832031
81.15548706054688
79.94214630126953
82.55415344238281
78.74620819091797
83.43932342529297
81.17745208740234
83.40581512451172
84.97471618652344
82.07589721679688
87.15187072753906
83.12562561035156
87.47096252441406
85.96511840820312
84.62213134765625
86.87743377685547
80.62166595458984
85.40557098388672
80.86687469482422
81.85588836669922
82.0252456665039
76.3821029663086
80.97234344482422
74.58464813232422
78.82551574707031
76.99752044677734
74.34487915039062
77.67869567871094
69.80647277832031
76.84210205078125
72.97638702392578
73.76274108886719
74.10460662841797
67.30880737304688
75.0938720703125
66.21237182617188
73.67078399658203
71.12161254882812
68.65254211425781
73.38658142089844
59.707489013671875
73.25213623046875
64.43115997314453
71.53662872314453
70.0855712890625
69.58000183105469
72.82316589355469
65.90277862548828
75.7164077758789
65.53819274902344
78.11282348632812
74.72760009765625
76.34827423095703
77.39521789550781
73.78398132324219
76.85616302490234
74.40987396240234
74.59568786621094
75.7726821899414
73.0411376953125
76.30477142333984
74.09069061279297
74.73037719726562
75.69146728515625
73.45537567138672
76.79694366455078
74.04696655273438
76.69403839111328
76.4463882446289
76.0036849975586
78.87742614746094
76.02186584472656
79.35041046142578
78.2841796875
79.1500015258789
80.78196716308594
79.01911926269531
82.07482147216797
80.94698333740234
81.87462615966797
82.94390869140625
81.1275634765625
84.1162338256836
82.12277221679688
83.83123016357422
83.76659393310547
82.50772857666016
84.15013885498047
81.2109375
82.96673583984375
80.83745574951172
81.04936981201172
80.53790283203125
78.42678833007812
79.62613677978516
77.46881103515625
78.08394622802734
76.88925170898438
76.50431823730469
76.63532257080078
75.57988739013672
76.1116714477539
74.67125701904297
76.43781280517578
73.88372039794922
75.69535827636719
74.5086898803711
73.99674224853516
75.45691680908203
72.6826400756836
76.48861694335938
72.63253021240234
76.66484832763672
75.43067932128906
75.16853332519531
78.20619201660156
74.19720458984375
80.06401062011719
76.6604232788086
80.72561645507812
81.3397445678711
80.10518646240234
85.05884552001953
78.8228530883789
85.81788635253906
81.01753234863281
81.66790771484375
81.24600982666016
72.93168640136719
79.41741943359375
68.43321990966797
75.68819427490234
71.0398178100586
69.35188293457031
71.72639465332031
58.0937614440918
70.2278823852539
56.78346633911133
68.4658432006836
61.53831481933594
65.20775604248047
63.079368591308594
61.666725158691406
64.38616180419922
54.5185546875
67.27168273925781
50.989585876464844
67.2842788696289
60.73245620727539
66.1087646484375
67.54692077636719
63.42019271850586
69.71529388427734
61.608455657958984
71.3270263671875
66.95764923095703
71.3306884765625
71.42266082763672
68.65430450439453
72.09849548339844
65.79076385498047
72.4783935546875
67.78682708740234
70.92256164550781
70.7901382446289
71.1420669555664
73.8087158203125
72.84738159179688
76.45063781738281
75.59173583984375
77.11125946044922
77.7796630859375
77.59595489501953
79.30537414550781
78.66520690917969
80.791015625
80.10855865478516
80.93136596679688
81.30615997314453
79.69037628173828
81.1050796508789
78.43558502197266
80.12589263916016
78.23884582519531
77.9826431274414
78.05449676513672
75.58427429199219
77.98124694824219
75.14855194091797
77.83766174316406
75.92752838134766
76.814697265625
77.06507110595703
75.12733459472656
77.1572494506836
74.99858093261719
76.94965362548828
75.83203887939453
75.59298706054688
76.46856689453125
74.32030487060547
76.89940643310547
74.19786834716797
76.39393615722656
75.2464370727539
74.75270080566406
76.49944305419922
73.38103485107422
77.19135284423828
75.09192657470703
76.51093292236328
76.93599700927734
75.1279525756836
78.6267318725586
75.33686828613281
78.77104187011719
77.71311950683594
76.81169891357422
79.86170959472656
75.68926239013672
79.78910064697266
76.55651092529297
77.55679321289062
76.9974594116211
72.55167388916016
76.03153991699219
68.98430633544922
75.44352722167969
70.22107696533203
74.26637268066406
74.38729858398438
72.308837890625
75.69573974609375
72.77767944335938
76.9863052368164
75.55225372314453
75.72726440429688
78.93276977539062
75.6027603149414
80.15164184570312
78.09380340576172
80.14982604980469
81.0675277709961
76.56752014160156
80.67352294921875
69.90819549560547
77.80888366699219
70.20648956298828
76.30370330810547
73.6915283203125
75.89175415039062
77.0664291381836
75.72098541259766
78.5510482788086
76.1518325805664
78.36390686035156
75.9580078125
76.87649536132812
74.71766662597656
75.00629425048828
72.75662231445312
72.28982543945312
72.21469116210938
68.37046813964844
73.25648498535156
68.94829559326172
75.21375274658203
71.78128814697266
76.46969604492188
76.2643814086914
75.00261688232422
78.77986145019531
71.5655517578125
78.61152648925781
72.40013885498047
76.39071655273438
74.93833923339844
72.6232681274414
77.52857971191406
69.49803161621094
79.47684478759766
72.25704956054688
81.43327331542969
79.65058898925781
81.58770751953125
83.86662292480469
80.34625244140625
84.42520141601562
81.14899444580078
83.02983093261719
82.20297241210938
80.58968353271484
81.92890930175781
79.40481567382812
80.94125366210938
80.33023071289062
79.23771667480469
80.2608413696289
78.8951416015625
79.22726440429688
79.86331176757812
76.8510971069336
79.56523895263672
74.98831176757812
77.31389617919922
75.75078582763672
75.32026672363281
77.31269073486328
73.42383575439453
78.25865173339844
75.25947570800781
77.12366485595703
77.71292877197266
75.48225402832031
79.64913940429688
75.43043518066406
78.33797454833984
77.91029357910156
75.5602035522461
78.10822296142578
72.32369995117188
76.02131652832031
73.6971206665039
69.30224609375
73.17568969726562
62.7460823059082
68.49018859863281
67.6004409790039
54.422279357910156
65.53097534179688
69.79666137695312
57.159603118896484
71.26824951171875
71.65369415283203
67.64614868164062
73.93347930908203
69.04258728027344
73.35787200927734
73.51786804199219
69.772216796875
75.50337219238281
68.7735595703125
73.57817840576172
71.08116149902344
68.05237579345703
71.47250366210938
64.55928802490234
71.31800079345703
65.20354461669922
71.31568145751953
68.7172622680664
71.09486389160156
71.42356872558594
69.09195709228516
71.0810546875
67.88304901123047
68.34017944335938
66.4869155883789
64.14532470703125
64.46607971191406
