62.003849029541016
68.39289855957031
71.6063003540039
51.719032287597656
74.55525207519531
73.14131164550781
69.29944610595703
78.77378845214844
70.68241882324219
75.18404388427734
76.32072448730469
49.476768493652344
72.73707580566406
67.9096908569336
61.43301773071289
67.8589859008789
58.15632629394531
61.10507583618164
62.31551742553711
43.69435501098633
62.4970817565918
61.55195617675781
59.48148727416992
68.40476989746094
62.644351959228516
70.09929656982422
74.15869140625
37.5535774230957
75.78728485107422
72.4656753540039
65.59803771972656
72.35833740234375
59.5613899230957
66.25970458984375
67.13018798828125
38.71592712402344
64.279541015625
60.72154235839844
51.373104095458984
60.341243743896484
51.528255462646484
46.85549545288086
54.62841796875
41.468833923339844
54.84827423095703
54.10841751098633
48.64506149291992
59.77142333984375
53.58221435546875
58.62383270263672
63.72675704956055
47.06144714355469
63.09294128417969
61.22490692138672
56.32335662841797
66.05952453613281
56.12948226928711
63.98263931274414
66.41505432128906
47.681583404541016
67.23036193847656
64.92686462402344
59.22085952758789
68.02339935302734
57.83976745605469
65.91365051269531
68.7147216796875
40.399166107177734
69.23287963867188
67.05663299560547
61.72516632080078
71.65107727050781
63.601627349853516
69.4868392944336
72.69139099121094
45.91120147705078
73.7855224609375
72.3587417602539
68.56355285644531
77.54127502441406
70.13931274414062
77.27999877929688
81.19474029541016
43.70450973510742
83.75740051269531
81.68440246582031
75.87437438964844
83.2680435180664
74.16997528076172
78.52799224853516
80.10226440429688
47.40108108520508
79.09307861328125
76.36681365966797
69.81810760498047
78.49726867675781
69.80601501464844
75.08026885986328
77.38004302978516
42.566741943359375
77.59258270263672
75.4537353515625
70.83753204345703
79.1810073852539
71.27580261230469
76.5296401977539
79.30413055419922
38.96319580078125
79.0349349975586
76.04694366455078
69.4188232421875
74.99320220947266
62.90159225463867
64.1995849609375
53.642330169677734
36.97939682006836
62.14921951293945
65.35070037841797
62.709800720214844
71.17716217041016
63.4548454284668
71.30167388916016
72.91714477539062
40.881561279296875
74.15238189697266
71.5966796875
66.82135009765625
75.66593933105469
67.56430053710938
73.90229797363281
77.6722640991211
41.778141021728516
80.6279296875
79.45870971679688
75.65131378173828
84.78964233398438
77.46078491210938
83.65735626220703
86.92578887939453
48.511505126953125
88.58355712890625
86.86024475097656
81.55033111572266
89.61638641357422
80.1375732421875
84.47818756103516
85.3560562133789
52.71656799316406
83.69085693359375
80.72508239746094
74.2567367553711
82.0560531616211
72.99998474121094
77.4090805053711
79.13282775878906
35.40068435668945
77.89341735839844
74.9792251586914
69.7159652709961
77.74658203125
69.08446502685547
74.26516723632812
76.44308471679688
38.41714096069336
77.1059341430664
75.12748718261719
70.07006072998047
78.95162963867188
71.2143783569336
77.5688247680664
80.61676025390625
46.66688919067383
82.80464935302734
81.72441101074219
77.52688598632812
86.84394073486328
78.9780044555664
84.68163299560547
86.80577850341797
46.93101501464844
86.33583068847656
84.11052703857422
78.51941680908203
87.05851745605469
78.736572265625
83.67447662353516
85.61756896972656
48.45814514160156
85.24752044677734
82.6679916381836
77.0782241821289
85.15281677246094
76.38320922851562
81.85379791259766
83.96160888671875
47.56272888183594
83.74586486816406
81.42745971679688
76.13972473144531
84.32516479492188
75.82609558105469
81.28743743896484
83.7143325805664
38.74673080444336
83.84599304199219
81.61017608642578
76.34339904785156
84.82720184326172
76.67171478271484
82.14071655273438
84.49340057373047
45.86587142944336
85.01309967041016
82.93519592285156
77.77954864501953
86.26721954345703
78.26055908203125
83.99517059326172
86.54142761230469
47.12416458129883
87.47929382324219
85.68611907958984
80.96251678466797
90.06827545166016
82.45433807373047
88.35887908935547
91.109375
46.26897048950195
91.37403106689453
88.76964569091797
82.96578216552734
90.4869384765625
81.23661041259766
85.72734069824219
87.11299896240234
46.39096450805664
85.23255157470703
82.0221176147461
76.2088851928711
83.4097900390625
74.5137710571289
78.93836975097656
80.56828308105469
48.551883697509766
79.55179595947266
76.6851577758789
70.86268615722656
79.44098663330078
70.04663848876953
75.99870300292969
77.86404418945312
50.05262756347656
77.01409149169922
74.25324249267578
68.63235473632812
76.3335189819336
68.03015899658203
72.7092056274414
74.93997192382812
41.37864685058594
74.17341613769531
72.01470184326172
66.43311309814453
74.47307586669922
66.28291320800781
71.5495834350586
74.55518341064453
46.73933410644531
75.5679702758789
74.2817153930664
69.84619140625
78.83179473876953
71.16961669921875
76.58856201171875
79.19780731201172
47.78535461425781
79.65589141845703
77.2651596069336
72.40666961669922
80.85120391845703
72.9443359375
78.58936309814453
81.01946258544922
33.85097885131836
81.65963745117188
79.70346069335938
75.32705688476562
83.97415924072266
76.177978515625
82.31074523925781
85.1347427368164
40.01266860961914
86.34954071044922
84.28642272949219
79.11713409423828
87.39364624023438
78.86153411865234
83.96369934082031
85.8360595703125
44.38986587524414
84.38632202148438
81.094482421875
75.17205810546875
82.651123046875
73.50775146484375
78.48452758789062
80.18253326416016
42.56258773803711
78.81269073486328
75.99668884277344
70.21993255615234
78.08123016357422
69.34864044189453
73.87905883789062
75.85474395751953
29.720272064208984
75.2876205444336
72.34741973876953
66.2475357055664
74.86528778076172
65.94354248046875
71.20207977294922
73.04258728027344
39.6220588684082
72.67981719970703
69.86099243164062
64.52503967285156
72.94695281982422
64.68882751464844
68.72227478027344
71.03656768798828
48.152565002441406
70.61366271972656
67.33446502685547
62.17391586303711
70.26166534423828
60.97349548339844
66.97994232177734
69.59270477294922
41.38811111450195
69.16718292236328
68.21094512939453
61.282676696777344
70.65159606933594
62.105674743652344
68.23475646972656
70.31794738769531
41.0708122253418
70.77550506591797
69.41348266601562
64.33265686035156
72.85171508789062
64.79304504394531
70.50486755371094
74.00347137451172
42.759952545166016
74.74040222167969
72.7518081665039
68.65913391113281
77.53466796875
70.55171966552734
75.75025177001953
79.20630645751953
46.380210876464844
80.75477600097656
79.2879638671875
75.09150695800781
83.29102325439453
74.5759506225586
80.23294067382812
82.68573760986328
36.518638610839844
83.4117202758789
81.49052429199219
76.21941375732422
83.51959991455078
74.02556610107422
78.69019317626953
80.35086822509766
37.62125778198242
79.2085189819336
76.16724395751953
70.51651000976562
78.48631286621094
70.1403579711914
74.70207977294922
76.69953918457031
37.253204345703125
75.578369140625
72.35430908203125
66.35601043701172
73.75834655761719
65.1176986694336
68.06098937988281
69.27986145019531
52.17274856567383
68.86311340332031
67.28807067871094
63.444332122802734
73.68142700195312
67.54009246826172
73.02983093261719
75.8683090209961
47.375919342041016
75.97309112548828
73.75177001953125
68.46380615234375
76.4351577758789
67.77204132080078
72.6708984375
74.69804382324219
42.44175338745117
73.99163818359375
71.64773559570312
66.7788314819336
74.18277740478516
64.89601135253906
70.91783905029297
73.68343353271484
44.9290657043457
75.10599517822266
73.34520721435547
67.92462921142578
76.32647705078125
68.21015930175781
73.43148040771484
75.66996765136719
38.173770904541016
75.31271362304688
72.49901580810547
66.86717987060547
75.8755111694336
67.55693817138672
72.24656677246094
75.08883666992188
36.34919738769531
74.82439422607422
72.8731689453125
67.76826477050781
76.35108947753906
68.7855224609375
73.78327941894531
76.10800170898438
43.59053421020508
76.7222671508789
74.65727996826172
69.6755599975586
77.71332550048828
69.79820251464844
75.3631591796875
77.42915344238281
39.47517776489258
77.95419311523438
75.95610809326172
70.50078582763672
79.28140258789062
71.28460693359375
76.71726989746094
79.48975372314453
26.320215225219727
80.34071350097656
78.43258666992188
73.5885238647461
82.15217590332031
74.12571716308594
79.9120101928711
82.68302917480469
36.78538513183594
83.29568481445312
81.17404174804688
75.69087982177734
83.96199035644531
75.17533874511719
79.90538024902344
81.45094299316406
47.624385833740234
80.01697540283203
77.65869903564453
72.88934326171875
81.28784942626953
73.20946502685547
79.7323226928711
83.02496337890625
44.63212203979492
84.51382446289062
82.67354583740234
77.26068115234375
85.54405975341797
76.67681884765625
81.43061065673828
83.12604522705078
45.2443733215332
81.65957641601562
78.62385559082031
72.4182357788086
80.4241714477539
71.44151306152344
75.73221588134766
77.60816192626953
45.65403747558594
76.26329803466797
73.52903747558594
67.1795425415039
74.59991455078125
65.77619171142578
70.09586334228516
70.91558074951172
39.74613952636719
69.89971923828125
68.80245971679688
63.96040725708008
75.34882354736328
69.35318756103516
75.4363021850586
77.94464111328125
36.80707550048828
77.88798522949219
75.48583984375
70.05015563964844
78.12303161621094
69.72201538085938
75.3902816772461
77.3292236328125
38.708740234375
77.2236557006836
74.7469253540039
69.27645874023438
77.49700927734375
69.18163299560547
74.13276672363281
76.24800872802734
41.1962776184082
75.60086059570312
73.38499450683594
67.72997283935547
75.79612731933594
67.97705841064453
72.40721893310547
74.45814514160156
40.001808166503906
74.9983901977539
72.78028106689453
68.50250244140625
76.238037109375
67.77167510986328
73.87295532226562
75.83747863769531
36.968658447265625
75.78199005126953
73.15753173828125
67.8983383178711
76.25650024414062
67.57447814941406
72.96686553955078
75.60851287841797
47.63597106933594
75.48548889160156
73.29049682617188
68.50212097167969
76.8074951171875
68.53221893310547
74.40331268310547
77.01010131835938
41.210960388183594
77.91815185546875
75.47809600830078
70.56492614746094
79.4544677734375
71.62899017333984
77.21482849121094
79.92292785644531
49.324302673339844
80.0365219116211
77.34627532958984
71.45173645019531
78.61528778076172
