71.90504455566406
72.41212463378906
73.12528228759766
74.56060028076172
75.38032531738281
74.12069702148438
75.1805648803711
72.06544494628906
71.95697021484375
68.86749267578125
66.79869079589844
62.64375305175781
62.31965637207031
60.75236129760742
59.777069091796875
57.09206771850586
62.29885482788086
63.24345397949219
65.39725494384766
68.65554809570312
70.21233367919922
73.67350006103516
73.36588287353516
76.07186889648438
73.34474182128906
73.43441772460938
70.58638000488281
69.7649917602539
67.15813446044922
67.2063217163086
65.07449340820312
64.20710754394531
61.885066986083984
56.620208740234375
57.988494873046875
54.306583404541016
59.77130889892578
49.48385238647461
54.888710021972656
47.94188690185547
49.3214225769043
47.32331085205078
53.55571746826172
49.62459182739258
59.486106872558594
58.638671875
59.87423324584961
58.06557083129883
61.849395751953125
63.86534118652344
61.75330352783203
65.25916290283203
62.372615814208984
65.0113754272461
63.82735061645508
62.34777069091797
64.8239974975586
67.35684967041016
65.62032318115234
64.50452423095703
67.30079650878906
66.76934814453125
66.95231628417969
68.813232421875
67.89541625976562
68.53619384765625
68.33280944824219
70.74299621582031
68.21867370605469
69.46263122558594
70.7765121459961
70.38997650146484
71.93510437011719
71.80184936523438
73.65951538085938
73.97167205810547
75.76570129394531
76.08307647705078
77.52873229980469
78.78385162353516
80.2677230834961
81.19053649902344
81.16004180908203
81.02789306640625
80.10206604003906
79.32294464111328
77.8835678100586
77.9839859008789
76.37772369384766
76.49738311767578
75.78478240966797
74.6131820678711
75.92424011230469
74.08311462402344
75.09514617919922
74.5200424194336
75.04759216308594
74.6004409790039
75.16352844238281
75.9520492553711
74.98444366455078
76.52902221679688
76.3524398803711
76.44894409179688
76.65518188476562
77.41124725341797
77.23957061767578
77.07551574707031
77.23526000976562
74.71211242675781
74.08924865722656
69.49930572509766
68.6607666015625
61.97122573852539
59.28654479980469
64.15543365478516
60.52855682373047
67.55520629882812
68.38221740722656
68.74513244628906
71.34780883789062
70.16896057128906
73.01090240478516
71.74505615234375
73.8221206665039
73.62479400634766
74.43159484863281
74.69186401367188
74.15678405761719
75.57569885253906
75.37857055664062
77.4607925415039
76.82430267333984
77.50022888183594
77.89125061035156
78.39060974121094
79.1725082397461
79.25096893310547
80.85363006591797
80.90382385253906
82.24803161621094
82.53144836425781
83.47158813476562
83.99479675292969
83.6526107788086
82.80126190185547
81.51014709472656
80.03195190429688
79.24496459960938
78.43213653564453
78.39125061035156
78.34077453613281
78.72969818115234
79.50921630859375
79.66468048095703
80.97224426269531
81.34099578857422
82.705810546875
83.85212707519531
85.1128158569336
86.3411865234375
87.4696044921875
89.1033706665039
90.41270446777344
91.769287109375
92.85747528076172
93.77745056152344
94.23221588134766
94.40830993652344
93.9446792602539
93.15106964111328
92.02216339111328
90.5445327758789
89.06708526611328
87.51993560791016
86.42359924316406
85.7085952758789
85.4518051147461
85.44623565673828
86.04210662841797
86.2807388305664
86.7793197631836
87.32023620605469
87.87181854248047
88.06595611572266
87.87623596191406
87.08558654785156
86.18380737304688
84.79312133789062
83.02799987792969
81.29696655273438
79.2813491821289
77.76122283935547
74.62873077392578
72.63798522949219
69.45711517333984
67.57270812988281
68.50340270996094
67.23155975341797
69.53314208984375
70.8861312866211
73.27113342285156
73.68189239501953
75.081298828125
75.75865173339844
76.79610443115234
77.6290512084961
78.09315490722656
79.04766845703125
80.19849395751953
80.94062042236328
81.62358093261719
82.29296875
83.46089935302734
84.28487396240234
85.02091979980469
85.9970703125
86.65425109863281
87.48121643066406
87.70308685302734
87.91163635253906
87.23714447021484
86.75452423095703
85.57147979736328
84.53839874267578
83.08514404296875
81.95331573486328
80.83020782470703
79.51271057128906
78.97576904296875
78.05219268798828
77.50228881835938
77.13577270507812
76.41798400878906
75.5591049194336
74.63456726074219
74.77278137207031
72.9837646484375
74.27943420410156
73.05888366699219
72.51947021484375
71.98168182373047
71.12637329101562
71.81012725830078
70.67398834228516
71.11438751220703
69.60025024414062
70.2182846069336
70.555908203125
69.5407943725586
69.54461669921875
68.44969177246094
68.91412353515625
68.88661193847656
67.73463439941406
68.95600891113281
67.8271713256836
67.72383880615234
66.13133239746094
68.044921875
65.4186782836914
66.81785583496094
65.3145523071289
66.61380767822266
65.59356689453125
63.647315979003906
64.8439712524414
60.6831169128418
61.93574523925781
63.177650451660156
65.35040283203125
68.20781707763672
66.66655731201172
70.19092559814453
68.69248962402344
71.33594512939453
70.79463195800781
71.7126693725586
72.93891906738281
72.95475769042969
73.99077606201172
73.9756088256836
75.71142578125
75.88360595703125
77.12857818603516
77.4942398071289
77.67969512939453
78.3425521850586
78.55594635009766
79.60575866699219
79.65977478027344
79.9594497680664
80.30464935302734
80.56884765625
81.045166015625
81.44473266601562
82.16606903076172
82.91799926757812
83.7812271118164
84.3928451538086
85.09015655517578
85.54110717773438
85.54948425292969
85.64350128173828
85.29487609863281
84.6137924194336
84.15824127197266
83.43307495117188
82.47034454345703
81.43083190917969
79.928466796875
79.40824127197266
77.8800048828125
77.87764739990234
76.9002685546875
76.74008178710938
76.60942840576172
76.14674377441406
76.73478698730469
76.36901092529297
76.65200805664062
76.33609008789062
76.14276123046875
76.0901107788086
76.06488037109375
77.15552520751953
76.3385009765625
77.23204040527344
76.55781555175781
77.16918182373047
77.55565643310547
78.0882339477539
78.4105224609375
78.74903869628906
79.86820983886719
79.8080062866211
80.96541595458984
81.4662094116211
82.53771209716797
84.02344512939453
84.37965393066406
85.65380859375
85.42874908447266
85.38461303710938
83.75191497802734
82.91959381103516
81.50553131103516
80.10108184814453
79.32111358642578
77.62059783935547
76.98959350585938
75.21992492675781
73.95901489257812
72.34510803222656
73.09819793701172
71.55451965332031
70.25132751464844
69.11771392822266
68.52229309082031
67.63571166992188
66.7657699584961
66.93841552734375
64.34915924072266
64.60978698730469
61.468017578125
62.370479583740234
63.650482177734375
59.74559020996094
60.93379211425781
58.5108757019043
61.57866668701172
61.48100662231445
60.39079284667969
64.94783020019531
64.34620666503906
64.87168884277344
67.33784484863281
66.2352523803711
68.66667938232422
69.92235565185547
70.66822814941406
71.3500747680664
73.30176544189453
74.12635040283203
75.08332824707031
76.48650360107422
76.9099349975586
78.98426055908203
79.73534393310547
81.07512664794922
81.73715209960938
82.46908569335938
82.5877685546875
82.58900451660156
82.27542877197266
81.51842498779297
81.36576843261719
80.3044204711914
80.19022369384766
79.48741149902344
79.02299499511719
78.6602783203125
78.21411895751953
78.2163314819336
77.16995239257812
77.67543029785156
76.94489288330078
77.20681762695312
76.23960876464844
76.19682312011719
76.28559875488281
76.48703002929688
76.18273162841797
75.7618408203125
75.88311004638672
75.56250762939453
75.78005981445312
74.88675689697266
74.97798156738281
75.24876403808594
74.2095718383789
74.75096130371094
74.29757690429688
74.2330093383789
73.43646240234375
73.98668670654297
73.9995346069336
73.95661163330078
74.64813995361328
73.83821868896484
74.51797485351562
73.684326171875
74.21527862548828
74.51508331298828
73.98600769042969
75.29878234863281
75.1791763305664
76.55770874023438
76.99669647216797
77.9414291381836
77.96969604492188
78.2391586303711
78.63280487060547
78.58740234375
78.9532699584961
78.39278411865234
79.40956115722656
79.5150146484375
79.6269302368164
80.08570098876953
79.97197723388672
80.4266586303711
79.92304229736328
79.46572875976562
78.03827667236328
76.90999603271484
76.31348419189453
76.52960205078125
77.12123107910156
77.0770034790039
78.00135040283203
78.19325256347656
78.7862319946289
78.95929718017578
79.74754333496094
80.51190185546875
80.76146697998047
81.66761779785156
81.92719268798828
83.07537078857422
83.5440673828125
84.14173889160156
84.97315979003906
85.55130767822266
86.2931137084961
86.57476806640625
87.0333480834961
87.17108154296875
87.19752502441406
86.914794921875
86.5940933227539
86.16300201416016
85.72821807861328
85.2020263671875
84.65290832519531
84.06975555419922
83.3385009765625
82.99776458740234
82.32608032226562
81.80362701416016
81.46221923828125
80.92366027832031
80.44449615478516
80.07556915283203
80.25897979736328
79.84349822998047
80.44371032714844
80.487548828125
81.03343963623047
80.9657974243164
81.28580474853516
81.45435333251953
81.42898559570312
81.41423034667969
80.11662292480469
79.44499206542969
77.33462524414062
76.10223388671875
73.39732360839844
71.72798919677734
70.7797622680664
70.30979919433594
68.1935043334961
70.06687927246094
69.28450775146484
69.98377990722656
71.9477310180664
73.43849182128906
74.89639282226562
76.09696197509766
77.18932342529297
77.19088745117188
76.3116683959961
75.5104751586914
74.65739440917969
73.10079956054688
72.07243347167969
71.72049713134766
71.45694732666016
70.23854064941406
68.12580871582031
68.10255432128906
66.65694427490234
68.40628814697266
69.46498107910156
71.05488586425781
74.04081726074219
75.15424346923828
76.92501068115234
77.2982406616211
78.08718872070312
77.64159393310547
77.0113754272461
77.1234359741211
76.8983154296875
76.49609375
75.5735092163086
75.19133758544922
74.41462707519531
72.73817443847656
70.01882934570312
66.89430236816406
60.29981994628906
57.395591735839844
54.01815414428711
60.59777069091797
61.34503936767578
62.83205795288086
63.31528091430664
62.423038482666016
63.75800704956055
66.06517791748047
64.97816467285156
65.06159973144531
64.69091033935547
64.5539321899414
65.72502899169922
62.10695266723633
67.73313903808594
65.1384506225586
67.24324798583984
68.00603485107422
67.76720428466797
70.08745574951172
69.85045623779297
70.75641632080078
