70.4564208984375
64.9167251586914
71.2975082397461
71.54591369628906
72.35899353027344
74.44210815429688
73.5223617553711
76.1811752319336
72.7934341430664
75.78913116455078
69.20137023925781
72.7864761352539
68.43480682373047
68.15677642822266
67.45286560058594
62.61240768432617
65.37205505371094
50.118377685546875
64.0192642211914
55.63550567626953
67.51841735839844
55.970787048339844
71.00040435791016
66.22858428955078
73.235107421875
70.94096374511719
73.58137512207031
71.87578582763672
69.99287414550781
70.56723022460938
63.127952575683594
69.63019561767578
60.92728805541992
68.21569061279297
62.80335998535156
64.2163314819336
64.15705108642578
55.64273452758789
65.16205596923828
52.91887664794922
63.00208282470703
53.23339080810547
62.75260925292969
58.58443832397461
59.74806594848633
61.4460563659668
58.405033111572266
64.50598907470703
46.07245635986328
65.04441833496094
58.27008819580078
64.54563903808594
65.57462310791016
60.658851623535156
66.48870849609375
48.87223434448242
66.12273406982422
62.32904815673828
63.751007080078125
65.51220703125
53.44794845581055
67.77391815185547
63.44403839111328
67.2791976928711
66.71481323242188
63.082275390625
69.0335464477539
64.77685546875
69.58639526367188
68.72017669677734
67.60059356689453
71.38591003417969
66.67781829833984
72.2452163696289
71.35608673095703
72.45025634765625
74.8594741821289
73.45757293701172
77.13851165771484
77.0190200805664
79.38790893554688
80.41316223144531
81.36708068847656
81.910400390625
80.50123596191406
80.58562469482422
77.60485076904297
78.34870910644531
76.28278350830078
75.94134521484375
76.56924438476562
73.81988525390625
76.0151596069336
73.58600616455078
73.80216979980469
74.4175033569336
72.5477294921875
75.0966796875
72.47891235351562
74.28038787841797
73.97181701660156
73.20960998535156
76.12710571289062
73.08311462402344
75.67179870605469
74.48001861572266
74.3414306640625
75.96748352050781
73.56888580322266
76.09194946289062
74.1104965209961
75.53964233398438
74.24418640136719
73.73388671875
73.04353332519531
67.49600219726562
69.39617156982422
63.02730941772461
62.33543395996094
67.07266998291016
62.692840576171875
69.10633087158203
69.70767211914062
68.0830078125
73.24903106689453
69.1865234375
72.69783020019531
72.3675765991211
72.4114990234375
75.3937759399414
74.46485900878906
77.72047424316406
78.5639419555664
79.93341064453125
81.83667755126953
81.92823028564453
83.7473373413086
83.85890197753906
85.54638671875
85.94489288330078
86.71764373779297
87.05671691894531
86.70082092285156
86.36389923095703
84.65036010742188
84.17108917236328
82.24595642089844
81.98995208740234
80.64543151855469
80.01909637451172
78.91068267822266
77.44728088378906
77.7694091796875
75.41310119628906
76.66502380371094
73.77534484863281
74.63714599609375
74.09381866455078
72.00386047363281
74.07262420654297
71.69829559326172
73.96295166015625
71.68006134033203
72.74308013916016
73.15170288085938
71.9871597290039
74.74132537841797
73.18569946289062
75.30905151367188
75.9974136352539
76.4688491821289
78.14476013183594
78.17139434814453
80.83856964111328
80.999755859375
82.54727935791016
82.63888549804688
82.51187896728516
82.31761169433594
81.1505126953125
81.47953796386719
80.14588165283203
80.48139190673828
80.0985336303711
79.80430603027344
81.06685638427734
80.17277526855469
81.48210144042969
80.78646087646484
81.08514404296875
81.3799819946289
80.49036407470703
81.53836059570312
80.42005920410156
81.11009979248047
80.66989135742188
80.39627838134766
81.11854553222656
79.91082000732422
81.01819610595703
80.00198364257812
80.64726257324219
80.93541717529297
79.8950424194336
81.07435607910156
79.94834899902344
80.67980194091797
80.6495361328125
80.33877563476562
81.41631317138672
80.3780288696289
81.4067153930664
81.21923065185547
81.2266616821289
82.03368377685547
81.37403869628906
82.66563415527344
81.9205551147461
82.61004638671875
83.16211700439453
83.08811950683594
84.09162902832031
83.81312561035156
84.85090637207031
85.28468322753906
85.74556732177734
86.522216796875
86.6465835571289
87.79759979248047
87.781494140625
88.3319320678711
88.38599395751953
88.05902862548828
88.00338745117188
87.18495178222656
86.9163589477539
85.62263488769531
85.20975494384766
84.37040710449219
83.1628189086914
82.79853820800781
81.15068054199219
81.16481018066406
79.8371810913086
79.47779083251953
79.21956634521484
77.78565979003906
78.96182250976562
77.70986938476562
78.29979705810547
77.91685485839844
76.40110778808594
77.584716796875
74.9247055053711
76.3038330078125
75.34597778320312
74.14789581298828
75.06405639648438
72.57855224609375
74.42274475097656
73.51461029052734
73.1500015258789
74.24897766113281
71.50821685791016
73.83352661132812
73.0006103515625
73.26446533203125
75.05216979980469
74.12178802490234
76.701416015625
76.35106658935547
76.98131561279297
77.20246124267578
76.4896469116211
77.94190216064453
76.3077621459961
77.69515228271484
77.25255584716797
77.11639404296875
78.32476806640625
77.10208129882812
78.90423583984375
78.54446411132812
78.80944061279297
80.00750732421875
79.57455444335938
81.14607238769531
80.64366912841797
82.1605224609375
82.43010711669922
82.85758972167969
83.73316955566406
83.58666229248047
84.84255981445312
84.55687713623047
84.97254943847656
84.62876892089844
84.03288269042969
83.56774139404297
82.10370635986328
81.7643051147461
78.95970916748047
78.67753601074219
76.831787109375
76.20648193359375
77.14714813232422
75.3265151977539
77.33795928955078
75.42203521728516
76.14547729492188
75.5315170288086
74.20231628417969
75.10948944091797
72.14908599853516
73.92234802246094
72.67129516601562
72.41079711914062
72.348388671875
69.44293975830078
72.7363510131836
68.92093658447266
70.03527069091797
69.96284484863281
66.56046295166016
69.8224105834961
65.61727142333984
68.50409698486328
67.51629638671875
65.33396911621094
68.09796905517578
62.64628219604492
69.13470458984375
65.63314056396484
66.29658508300781
69.0847396850586
66.06246948242188
69.32604217529297
65.32386779785156
68.76531219482422
67.32243347167969
64.7150650024414
68.0447006225586
65.1481704711914
68.10282897949219
67.29991149902344
65.65470886230469
67.91797637939453
65.267822265625
68.7059326171875
66.6227798461914
67.9217300415039
69.04431915283203
66.9325180053711
70.56873321533203
67.06295013427734
69.12263488769531
70.09840393066406
68.3125991821289
72.42921447753906
69.56536865234375
71.17952728271484
72.21637725830078
71.66670989990234
74.24116516113281
72.33592987060547
74.65682983398438
74.92508697509766
75.71248626708984
77.06526947021484
76.82421875
78.94727325439453
79.18994903564453
80.99695587158203
81.98753356933594
82.54145050048828
83.47368621826172
82.72379302978516
82.97224426269531
80.99421691894531
80.82084655761719
79.49156951904297
78.2602310180664
78.87948608398438
77.45392608642578
78.13188171386719
77.0252914428711
77.62185668945312
77.63317108154297
76.17520904541016
77.35220336914062
74.92060089111328
75.15351867675781
73.7234115600586
73.41754913330078
73.98995208740234
70.56720733642578
73.24443817138672
71.91547393798828
71.4697036743164
71.83958435058594
69.3282241821289
71.13534545898438
69.26763153076172
71.29344177246094
73.73104095458984
71.61653137207031
73.94679260253906
72.51994323730469
74.56936645507812
73.7967529296875
72.33890533447266
74.29786682128906
71.07181549072266
72.80756378173828
71.36250305175781
70.62765502929688
72.143310546875
68.98776245117188
71.82249450683594
70.90283966064453
71.75044250488281
72.20719146728516
70.55623626708984
73.2636947631836
71.28779602050781
72.1314468383789
72.3075942993164
70.33033752441406
73.20280456542969
69.6968002319336
72.39249420166016
72.15691375732422
70.75740814208984
72.53169250488281
70.30229187011719
72.69497680664062
71.69890594482422
71.93412017822266
73.20175170898438
71.50365447998047
73.13134002685547
72.17438507080078
73.21758270263672
73.54197692871094
72.06148529052734
74.29886627197266
72.6883316040039
74.29918670654297
73.74970245361328
74.08335876464844
75.31340026855469
73.73916625976562
75.33528137207031
74.9377212524414
74.80990600585938
76.26136779785156
73.91107940673828
76.63436889648438
75.78047943115234
76.45046997070312
77.15131378173828
76.69595336914062
78.28701782226562
77.70233154296875
78.67967987060547
79.208251953125
79.05451965332031
80.47164154052734
79.82737731933594
80.96419525146484
80.80020141601562
81.26443481445312
81.35737609863281
80.58244323730469
80.97454071044922
79.35623931884766
79.28501892089844
77.53765106201172
76.8592529296875
77.21835327148438
76.04537963867188
77.41947937011719
77.28453826904297
77.97001647949219
79.28938293457031
78.91129302978516
80.68728637695312
80.4932632446289
81.45584106445312
81.11393737792969
80.60350036621094
80.53468322753906
79.09992218017578
79.60624694824219
78.04517364501953
78.17967987060547
77.02040100097656
76.43090057373047
76.2696304321289
74.41844177246094
75.28961944580078
73.68848419189453
73.06536865234375
73.81617736816406
70.91696166992188
72.49822998046875
69.77349853515625
70.19734954833984
69.01974487304688
64.96632385253906
68.17323303222656
64.22118377685547
63.04311752319336
64.51880645751953
62.572288513183594
69.27141571044922
70.9741439819336
72.56732940673828
75.68973541259766
76.01641082763672
77.69815063476562
76.88371276855469
77.50479125976562
77.06880950927734
75.99636840820312
76.84782409667969
74.89140319824219
75.67143249511719
74.29390716552734
74.22039794921875
74.44317626953125
72.71126556396484
74.1045913696289
72.18136596679688
72.24573516845703
72.68974304199219
70.44759368896484
72.31755065917969
71.51878356933594
73.6565170288086
74.98017120361328
75.07675170898438
76.7937240600586
75.22793579101562
76.8208999633789
76.02994537353516
76.33605194091797
76.12183380126953
74.8199234008789
76.18425750732422
73.9595947265625
75.04886627197266
74.85761260986328
74.12541198730469
75.3070297241211
73.55375671386719
74.23054504394531
73.02499389648438
72.26303100585938
73.46878814697266
72.16096496582031
74.158447265625
73.75252532958984
73.80985260009766
75.18711853027344
74.40662384033203
76.02043151855469
75.27347564697266
76.2203140258789
76.24971008300781
76.05870819091797
77.9010238647461
76.71841430664062
77.40357208251953
76.50660705566406
75.91345977783203
