71.55933380126953
79.20394897460938
81.09458923339844
62.01312255859375
79.76593780517578
76.64815521240234
72.3270492553711
77.49781036376953
66.50520324707031
74.41641235351562
75.51939392089844
63.37541961669922
71.99105834960938
67.46737670898438
67.12989807128906
73.43757629394531
63.61445236206055
68.82249450683594
68.93267059326172
61.40447998046875
67.6717300415039
65.96610260009766
65.56034088134766
69.16879272460938
63.333683013916016
68.18209075927734
68.27301025390625
59.193843841552734
65.94389343261719
62.43385696411133
63.21613311767578
71.06268310546875
62.93867874145508
62.29200744628906
65.99266815185547
61.47430419921875
68.56111145019531
67.87877655029297
61.22730255126953
70.15733337402344
63.70771026611328
64.1183090209961
68.69210052490234
59.062225341796875
72.1062240600586
70.64207458496094
58.60966491699219
71.86209869384766
61.522796630859375
71.6801986694336
73.30437469482422
59.64323043823242
73.78707885742188
72.30396270751953
64.89335632324219
73.92801666259766
60.367061614990234
73.3963394165039
75.31287384033203
61.33155822753906
74.46052551269531
72.5075454711914
66.76522827148438
75.78697204589844
64.84046936035156
75.86053466796875
77.22666931152344
54.63059997558594
77.31688690185547
76.13994598388672
73.1897201538086
81.73053741455078
73.93839263916016
81.30111694335938
84.05208587646484
60.47035598754883
84.6967544555664
80.84136199951172
76.60637664794922
83.16758728027344
73.91950225830078
76.6885757446289
77.52735900878906
59.72822952270508
77.31285858154297
73.96725463867188
69.63953399658203
77.18964385986328
70.4293441772461
70.75067138671875
74.70622253417969
60.06391906738281
75.65530395507812
72.52790069580078
65.68888092041016
75.8128890991211
70.29563903808594
70.10497283935547
73.88349151611328
52.06541442871094
76.42137908935547
75.07584381103516
67.79624938964844
78.28219604492188
70.34599304199219
75.24189758300781
78.27523803710938
52.82972717285156
80.44690704345703
79.15966033935547
71.57869720458984
82.25968933105469
74.4267807006836
81.22054290771484
84.22297668457031
61.91773986816406
83.81388092041016
80.71769714355469
75.26920318603516
82.51170349121094
74.73692321777344
76.68366241455078
79.65496826171875
56.52521896362305
80.41139221191406
78.65454864501953
71.87576293945312
81.37324523925781
73.406494140625
79.21183776855469
81.73664855957031
54.68002700805664
83.27826690673828
81.4002685546875
76.2981948852539
84.64236450195312
75.59292602539062
82.50528717041016
83.2067642211914
58.926170349121094
72.72382354736328
66.5271987915039
64.31382751464844
79.75291442871094
73.80817413330078
81.02029418945312
84.74945068359375
58.854835510253906
86.9705581665039
85.47084045410156
80.24839782714844
88.01013946533203
78.92401123046875
83.26954650878906
84.65637969970703
56.377830505371094
82.85835266113281
79.80054473876953
75.38634490966797
83.47291564941406
74.76986694335938
79.8166275024414
82.3630599975586
53.597877502441406
82.29075622558594
80.06427764892578
76.19871520996094
84.15951538085938
76.80695343017578
81.55461120605469
83.99886322021484
50.42654800415039
84.78892517089844
82.68559265136719
78.45138549804688
86.86630249023438
78.3747329711914
82.3653335571289
82.89624786376953
62.25815200805664
81.70770263671875
79.04602813720703
74.35283660888672
83.00505828857422
75.12765502929688
80.20942687988281
83.01436614990234
60.359676361083984
84.13175964355469
82.38396453857422
76.7257308959961
85.88804626464844
78.06107330322266
83.20289611816406
85.85072326660156
51.9141731262207
86.78492736816406
84.69656372070312
78.16889190673828
87.36876678466797
79.2074203491211
84.7303237915039
87.07319641113281
52.93505096435547
87.33976745605469
85.17231750488281
79.39588165283203
88.3074722290039
80.22998809814453
86.23542785644531
88.87626647949219
54.46706008911133
89.53011322021484
87.78319549560547
82.16664123535156
91.41051483154297
83.94634246826172
88.92554473876953
91.34384155273438
63.04775619506836
90.18975830078125
87.38460540771484
81.46710968017578
88.83293914794922
80.20100402832031
83.57553100585938
85.13440704345703
56.429988861083984
83.30616760253906
79.70201110839844
75.05940246582031
82.0551986694336
73.36250305175781
76.42156982421875
78.71955871582031
56.014366149902344
77.24667358398438
74.58686828613281
71.820556640625
78.07103729248047
71.5586929321289
74.23640441894531
76.67552947998047
53.85114669799805
77.70594024658203
75.75567626953125
72.53048706054688
81.70619201660156
74.85079956054688
79.55342864990234
81.92449188232422
58.947235107421875
81.7017593383789
79.07652282714844
73.28319549560547
80.73711395263672
72.27904510498047
76.92569732666016
78.30143737792969
57.83401107788086
79.32111358642578
76.87699890136719
70.20169830322266
78.75595092773438
70.52108764648438
76.57617950439453
78.13717651367188
60.994564056396484
76.94633483886719
73.1898422241211
62.523284912109375
68.24931335449219
50.856204986572266
65.18082427978516
66.50218200683594
52.55595397949219
74.66686248779297
73.73373413085938
67.95789337158203
79.1725845336914
71.00392150878906
78.16372680664062
80.4367446899414
52.53627014160156
80.78553771972656
79.01849365234375
73.00289916992188
81.76134490966797
72.60629272460938
80.13095092773438
82.6528091430664
54.984249114990234
82.61599731445312
79.93592834472656
74.85124206542969
82.82012176513672
73.01575469970703
80.25643157958984
83.13294982910156
62.2377815246582
83.90648651123047
82.59468841552734
78.15696716308594
87.25536346435547
79.8740463256836
84.04918670654297
86.96878051757812
57.166568756103516
86.03111267089844
83.22810363769531
77.2215576171875
85.28324890136719
77.07628631591797
81.01651763916016
83.07112884521484
54.763526916503906
82.85987854003906
80.13792419433594
73.742919921875
82.32781982421875
74.06385040283203
78.6943130493164
80.51141357421875
50.6006965637207
80.80358123779297
78.58889770507812
71.83601379394531
80.8452377319336
72.0536880493164
78.15906524658203
80.1766357421875
50.8311767578125
80.7078628540039
78.75309753417969
72.59304809570312
81.41218566894531
72.97767639160156
80.0907974243164
82.50604248046875
52.9273567199707
83.45670318603516
82.21566009521484
76.77176666259766
86.34085845947266
78.77729034423828
85.40966796875
88.85392761230469
62.83216857910156
89.25282287597656
86.50397491455078
80.2340316772461
87.32784271240234
77.47734832763672
80.44734954833984
81.3449478149414
52.5842170715332
78.31011962890625
74.23770904541016
69.57149505615234
76.20258331298828
67.59393310546875
70.64257049560547
72.70055389404297
56.374507904052734
72.97407531738281
69.19868469238281
68.7445068359375
76.195556640625
70.0414810180664
72.48831176757812
75.34031677246094
48.61616516113281
76.44268798828125
73.52717590332031
70.1649169921875
76.54524230957031
68.3839111328125
72.36975860595703
74.76726531982422
57.119239807128906
77.25094604492188
76.12885284423828
72.40682983398438
82.4160385131836
76.12036895751953
79.53131866455078
82.73828887939453
44.601966857910156
82.23928833007812
79.5142593383789
73.24740600585938
81.57076263427734
73.81822967529297
78.43190002441406
81.64820861816406
48.73255920410156
83.36113739013672
81.53369140625
75.26498413085938
84.35424041748047
75.89486694335938
81.12641143798828
83.34893798828125
55.40557098388672
84.5619125366211
82.69208526611328
76.2424545288086
85.35972595214844
76.71977233886719
82.7291030883789
84.61328887939453
50.84341049194336
83.93045043945312
81.61640930175781
75.71527862548828
84.11832427978516
74.74039459228516
81.57333374023438
83.72949981689453
55.033668518066406
83.11848449707031
81.0115737915039
75.56649780273438
83.99153137207031
75.40645599365234
80.16860961914062
82.39676666259766
54.59054946899414
80.25086975097656
76.61433410644531
73.28369140625
80.76435089111328
72.24058532714844
78.52222442626953
81.1172103881836
45.865047454833984
80.99552154541016
78.42585754394531
75.03726959228516
83.17098999023438
75.02535247802734
80.8213882446289
83.63672637939453
48.634521484375
84.11407470703125
82.15084075927734
78.34154510498047
86.42967224121094
78.7590560913086
84.00479888916016
86.4351806640625
59.87549591064453
85.51209259033203
81.7919921875
75.98489379882812
82.4661636352539
73.39183807373047
76.86724853515625
78.52513122558594
57.98467254638672
77.30022430419922
73.52693176269531
67.3553466796875
74.0156021118164
66.4483642578125
69.08038330078125
71.7404556274414
51.29053497314453
75.78546142578125
73.50435638427734
69.91655731201172
78.42577362060547
72.18549346923828
76.30086517333984
79.44434356689453
52.82683563232422
81.48905944824219
80.03447723388672
74.97660827636719
84.29280853271484
77.06537628173828
82.26991271972656
85.34927368164062
48.560646057128906
85.83555603027344
83.3740005493164
76.5974349975586
84.82903289794922
75.47968292236328
80.57905578613281
81.80911254882812
56.18439865112305
79.91702270507812
77.0808334350586
71.03870391845703
79.03016662597656
71.09081268310547
77.80374145507812
81.36434936523438
50.9161376953125
83.98463439941406
83.1506118774414
78.15247344970703
88.56160736083984
81.5933609008789
87.98409271240234
91.2546615600586
61.9453239440918
91.34996032714844
88.85657501220703
83.1702651977539
91.0060806274414
82.27345275878906
87.16090393066406
88.97221374511719
53.24603271484375
88.10585021972656
85.33168029785156
80.31278991699219
88.14952087402344
79.77159881591797
84.0885238647461
86.29662322998047
56.85390090942383
85.2927017211914
81.6390380859375
75.6041488647461
82.27318572998047
73.39706420898438
76.86741638183594
79.02743530273438
53.87229537963867
80.44600677490234
77.82035827636719
73.94058227539062
82.20806121826172
75.00890350341797
79.34600067138672
82.60696411132812
54.07088088989258
83.08650207519531
81.18616485595703
75.28852844238281
84.63594055175781
77.77812957763672
81.96001434326172
85.51216125488281
58.717960357666016
85.51127624511719
82.91788482666016
75.05794525146484
84.05779266357422
74.82337951660156
80.26770782470703
81.9669189453125
59.25014114379883
80.41509246826172
77.25572204589844
70.37079620361328
77.43453979492188
67.14791107177734
73.16932678222656
74.76210021972656
50.35043716430664
72.02245330810547
69.47766876220703
60.56142807006836
71.0825424194336
56.679588317871094
69.88955688476562
71.55458068847656
52.35911178588867
73.10533142089844
70.74623107910156
64.91349792480469
72.59149932861328
