70.26294708251953
82.53885650634766
83.81973266601562
70.15205383300781
84.54518127441406
80.87833404541016
75.73755645751953
82.54695892333984
73.70416259765625
76.76155853271484
78.61937713623047
62.83759307861328
77.2115478515625
73.66746520996094
61.514793395996094
74.31620025634766
68.68275451660156
68.84271240234375
70.33431243896484
62.97336196899414
69.15375518798828
68.02883911132812
68.45487976074219
70.73394775390625
51.959686279296875
71.19701385498047
71.22715759277344
64.22351837158203
70.9405746459961
68.0667724609375
57.217041015625
67.6924057006836
56.507415771484375
66.213623046875
66.31600952148438
55.21013641357422
68.76079559326172
66.71475982666016
68.48242950439453
72.51496124267578
59.02742385864258
72.16732025146484
71.2837142944336
62.768653869628906
74.54231262207031
71.53958129882812
69.94503021240234
75.16484832763672
69.12849426269531
74.16903686523438
76.00270080566406
58.69337844848633
77.47704315185547
74.93071746826172
70.12252807617188
77.8219985961914
71.25513458251953
75.82433319091797
78.53128051757812
61.67745590209961
78.48987579345703
77.16658020019531
69.3366928100586
79.40641021728516
72.72273254394531
75.68695831298828
79.81108093261719
59.69585418701172
79.93959045410156
78.79253387451172
72.76293182373047
82.83899688720703
75.2386245727539
81.58566284179688
84.77872467041016
59.39449691772461
86.83809661865234
83.6766357421875
81.34916687011719
86.73907470703125
75.70953369140625
82.15575408935547
82.3389892578125
65.520263671875
80.98609924316406
76.93134307861328
74.15785217285156
79.5534439086914
70.26465606689453
77.05305480957031
78.32638549804688
58.56792068481445
78.32732391357422
74.88794708251953
72.79944610595703
78.76068115234375
70.06594848632812
76.25534057617188
78.45345306396484
56.20692825317383
79.2436752319336
76.63810729980469
73.15457916259766
80.7032241821289
73.03665924072266
78.75054931640625
81.11978149414062
58.4023551940918
81.93292999267578
80.16815185546875
74.60208129882812
83.81871032714844
76.98628997802734
81.50249481201172
84.1972885131836
62.7338981628418
83.11590576171875
80.86114501953125
73.144775390625
81.6824951171875
73.07159423828125
78.87515258789062
81.11573028564453
56.965476989746094
82.05992889404297
79.77546691894531
76.24612426757812
84.4594497680664
75.28012084960938
82.657470703125
85.23686981201172
58.56939697265625
86.46713256835938
84.52002716064453
79.88896179199219
88.94721221923828
81.6137924194336
86.29946899414062
88.61862182617188
61.96045684814453
84.4447021484375
79.1112060546875
65.18743133544922
75.83055114746094
74.97164154052734
77.69415283203125
83.38463592529297
67.35835266113281
85.5188980102539
84.57437133789062
75.81838989257812
84.94307708740234
76.7891616821289
79.49920654296875
81.58158874511719
50.5384407043457
80.998779296875
79.08342742919922
72.58848571777344
81.77371978759766
73.67263793945312
79.82327270507812
82.49664306640625
45.298004150390625
83.31697082519531
81.4814453125
76.19569396972656
85.02155303955078
76.74878692626953
82.90003967285156
85.4228515625
49.71023941040039
86.55952453613281
84.19622039794922
80.27394104003906
87.7249984741211
78.12652587890625
83.9875717163086
83.368896484375
68.67927551269531
81.50249481201172
76.86957550048828
75.84371185302734
82.28592681884766
73.24403381347656
81.04608154296875
83.05738067626953
63.8122673034668
84.21165466308594
82.64637756347656
79.12904357910156
87.26400756835938
79.49445343017578
85.95592498779297
88.75109100341797
53.7288932800293
89.65706634521484
87.65869903564453
82.4517822265625
91.03913116455078
82.96809387207031
88.27029418945312
90.74787139892578
53.63149642944336
91.12593841552734
89.0504379272461
83.45807647705078
92.34828186035156
84.8843994140625
89.79053497314453
92.58875274658203
65.05047607421875
92.97489929199219
91.58087921142578
84.71946716308594
94.33098602294922
87.42552947998047
90.53327941894531
93.23779296875
70.514892578125
91.59864807128906
88.93463134765625
81.18278503417969
89.8829345703125
81.29289245605469
84.80989074707031
86.49846649169922
58.06552505493164
84.66339874267578
81.80706024169922
74.97561645507812
82.83895874023438
73.2910385131836
78.15737915039062
79.63703918457031
56.1580696105957
78.59009552001953
76.17816925048828
71.6290512084961
79.08174133300781
70.96157836914062
76.7921142578125
79.07008361816406
55.687767028808594
80.01953125
78.5626449584961
74.0902099609375
83.05764770507812
75.60513305664062
81.98558807373047
83.68975830078125
55.41812515258789
83.36416625976562
79.96888732910156
75.09228515625
82.27491760253906
72.9055404663086
79.56141662597656
80.65171813964844
63.786964416503906
80.83174133300781
77.59075927734375
73.90203094482422
80.5458755493164
70.18865203857422
77.88516235351562
79.72416687011719
61.747013092041016
78.88191986083984
73.66320037841797
69.63590240478516
73.96651458740234
62.3236083984375
70.46439361572266
73.40154266357422
49.12987518310547
77.73021697998047
76.69498443603516
74.18111419677734
82.60576629638672
75.1033935546875
81.02122497558594
83.53958129882812
55.716609954833984
83.87471008300781
82.32373809814453
76.50446319580078
85.61473083496094
77.878662109375
83.22552490234375
85.86126708984375
50.90082931518555
86.35784149169922
83.7254638671875
78.69526672363281
87.45933532714844
80.15403747558594
85.12963104248047
88.51529693603516
68.44036102294922
89.2459716796875
88.2833023071289
81.40548706054688
91.05538940429688
83.81660461425781
87.26213073730469
89.72733306884766
58.28208923339844
88.46939086914062
85.70838928222656
79.7236557006836
87.55380249023438
78.42456817626953
83.77625274658203
85.58456420898438
57.71568298339844
84.835205078125
81.3907470703125
77.10751342773438
84.45585632324219
75.06099700927734
80.99313354492188
83.03538513183594
57.08640670776367
82.56394958496094
80.03607940673828
75.60643768310547
83.5086669921875
74.68849182128906
80.51069641113281
83.00981140136719
50.16292190551758
83.15079498291016
80.79765319824219
76.1351318359375
84.46527099609375
76.85345458984375
82.37396240234375
85.47842407226562
50.711944580078125
86.7806396484375
85.3037109375
80.07332611083984
89.91138458251953
83.40621948242188
88.25260162353516
91.8960952758789
69.10694885253906
90.58349609375
87.96321105957031
79.2907943725586
87.0271987915039
77.3537368774414
80.23768615722656
81.16929626464844
58.454715728759766
78.53314971923828
74.28328704833984
68.4044189453125
75.89989471435547
66.49917602539062
72.34770965576172
74.19236755371094
50.473045349121094
73.65678405761719
73.15902709960938
67.49552154541016
76.78360748291016
68.90788269042969
75.8090591430664
78.40902709960938
59.228275299072266
79.24262237548828
76.39586639404297
71.05142211914062
79.50050354003906
67.86158752441406
76.10736846923828
76.53097534179688
60.08210372924805
80.01641845703125
79.54496002197266
74.11469268798828
84.67880249023438
77.72563934326172
81.83322143554688
84.539306640625
59.09738540649414
83.22489929199219
80.46916198730469
76.45048522949219
83.03838348388672
74.20217895507812
81.19307708740234
83.97023010253906
56.028846740722656
85.4370346069336
83.5147705078125
78.22814178466797
86.42530059814453
77.831298828125
83.45574951171875
85.81575775146484
59.273563385009766
86.86739349365234
84.96888732910156
79.53238677978516
88.09878540039062
79.82220458984375
84.50456237792969
86.99568939208984
60.86934280395508
86.47055053710938
84.25933837890625
77.58753967285156
86.8067626953125
79.52177429199219
83.28678131103516
86.39430236816406
61.806209564208984
86.01863098144531
85.12757873535156
75.21326446533203
86.5431900024414
80.03861999511719
81.17764282226562
83.60845947265625
64.70820617675781
81.69908905029297
79.01648712158203
74.44327545166016
82.28242492675781
74.28485870361328
79.45367431640625
82.28125
55.797157287597656
82.88593292236328
80.9078598022461
75.3257827758789
84.5149917602539
76.68254852294922
82.33718872070312
84.86929321289062
52.511009216308594
85.71085357666016
83.90062713623047
79.18026733398438
87.73025512695312
79.20341491699219
85.73511505126953
87.81195831298828
59.198543548583984
87.33807373046875
83.54610443115234
78.727783203125
84.99153137207031
75.40077209472656
79.75553131103516
80.74282836914062
59.05807876586914
77.59788513183594
73.04988861083984
69.96148681640625
75.3974609375
63.28160095214844
74.62592315673828
76.29006958007812
57.82923889160156
79.0103530883789
76.66021728515625
74.01260375976562
82.17384338378906
74.03536987304688
81.26042938232422
83.8504867553711
57.79545974731445
85.77417755126953
83.85409545898438
79.55921936035156
88.44215393066406
80.85443878173828
86.01018524169922
88.80951690673828
56.49602127075195
88.2560806274414
85.46720123291016
78.0365982055664
86.80005645751953
78.15693664550781
81.59917449951172
83.43910217285156
60.35304641723633
81.53630828857422
78.85882568359375
72.43887329101562
81.30467987060547
74.15455627441406
79.51520538330078
83.41117858886719
55.92724609375
85.84322357177734
84.95330047607422
80.66040802001953
90.69267272949219
84.1633529663086
89.77355194091797
93.17393493652344
67.64340209960938
93.20845794677734
91.01793670654297
84.08380126953125
92.84799194335938
84.5727310180664
88.66295623779297
90.86520385742188
57.619850158691406
90.00161743164062
87.48676300048828
81.35077667236328
89.96974182128906
81.14295196533203
86.18994903564453
88.48135375976562
52.97141647338867
86.92776489257812
83.59331512451172
77.33197784423828
83.93317413330078
75.02037048339844
80.38087463378906
82.61125183105469
59.13597106933594
83.71829986572266
82.02901458740234
76.27361297607422
85.30252838134766
78.00871276855469
83.03834533691406
85.39408111572266
60.415199279785156
85.59598541259766
83.61695098876953
76.70867156982422
85.33744049072266
78.20234680175781
82.57379913330078
85.79055786132812
66.81175994873047
85.21839904785156
83.67206573486328
75.40985870361328
83.91587829589844
75.43977355957031
78.93407440185547
80.06883239746094
64.50910949707031
77.6170425415039
73.90589141845703
69.67008209228516
76.11116790771484
65.119873046875
73.58416748046875
75.0076904296875
57.8121452331543
76.27777099609375
73.54645538330078
69.27208709716797
78.58158111572266
70.7248764038086
76.40533447265625
79.16999053955078
58.13492202758789
80.27648162841797
78.78153228759766
70.61872100830078
81.5126724243164
