68.78189849853516
68.6666488647461
72.64376068115234
71.22383880615234
72.68037414550781
71.6383056640625
71.54999542236328
70.12633514404297
67.63699340820312
66.28065490722656
65.95101928710938
64.77881622314453
65.74694061279297
65.6565933227539
57.938087463378906
62.17124938964844
55.64830017089844
61.518402099609375
59.02079391479492
61.903709411621094
56.92166519165039
63.58055114746094
56.57316207885742
64.24665832519531
60.71726989746094
64.32044219970703
62.80315017700195
63.75928497314453
62.7818489074707
58.77162551879883
58.820735931396484
59.92842483520508
53.77214050292969
49.267147064208984
59.41941452026367
46.16409683227539
53.355812072753906
48.103660583496094
57.68372344970703
55.44828414916992
60.80409622192383
58.89120101928711
58.19947052001953
59.06879806518555
61.22478103637695
63.0096549987793
59.37926483154297
63.1343879699707
60.60729217529297
63.38431930541992
58.86787796020508
61.93254470825195
63.023014068603516
66.45926666259766
63.87847137451172
65.83705139160156
64.06948852539062
65.10070037841797
65.79825592041016
64.91070556640625
64.69279479980469
65.64962768554688
67.07958984375
63.51656723022461
67.3116226196289
63.91433334350586
66.24995422363281
64.35040283203125
66.41190338134766
67.72054290771484
67.38915252685547
67.48614501953125
66.35315704345703
68.00811767578125
68.16905975341797
70.93196868896484
69.52483367919922
71.80884552001953
71.84237670898438
74.58899688720703
74.3004150390625
76.9009017944336
77.96728515625
79.11762237548828
80.7289047241211
81.19499969482422
81.36134338378906
80.27311706542969
80.093994140625
78.52301788330078
78.58324432373047
76.67726135253906
77.43527221679688
75.59166717529297
76.65232849121094
75.05348205566406
75.99967956542969
75.74555969238281
76.16136169433594
76.2267074584961
76.60221099853516
76.65930938720703
76.4029541015625
75.76016998291016
73.71737670898438
71.2900619506836
69.74767303466797
65.37015533447266
65.2439956665039
61.72478103637695
62.8509521484375
63.008026123046875
65.59510040283203
63.268028259277344
65.51202392578125
66.03863525390625
64.67377471923828
66.57292938232422
66.42729949951172
68.52261352539062
66.91869354248047
69.8005599975586
68.59326934814453
71.66098022460938
71.41326141357422
73.30047607421875
73.63372039794922
75.5183334350586
77.80792999267578
79.5564193725586
80.87073516845703
81.33586120605469
81.5577392578125
80.92561340332031
80.73416900634766
80.36886596679688
80.04865264892578
79.40181732177734
79.46685028076172
79.27001190185547
79.34550476074219
78.39907836914062
79.32333374023438
78.83898162841797
79.7884292602539
80.19706726074219
80.65421295166016
80.51346588134766
80.44732666015625
79.53238677978516
78.54415130615234
78.0540771484375
76.2815933227539
75.1318130493164
72.97917938232422
71.37281799316406
68.54685974121094
65.76773071289062
63.62865447998047
63.86472702026367
62.47886657714844
63.58880615234375
65.20384979248047
66.76033020019531
67.45933532714844
69.01914978027344
70.54545593261719
71.94540405273438
71.06614685058594
72.09557342529297
72.35208129882812
73.73233795166016
73.51033020019531
75.1248550415039
74.76408386230469
76.08744049072266
75.89379119873047
76.4488296508789
77.27165222167969
77.35891723632812
77.79339599609375
78.65184783935547
78.51640319824219
78.60391235351562
79.66460418701172
79.43195343017578
80.267333984375
80.67761993408203
80.54217529296875
80.65276336669922
81.15007781982422
80.72208404541016
80.79779052734375
80.71186828613281
80.71024322509766
80.6917495727539
80.54413604736328
80.6808090209961
80.80307006835938
81.51602935791016
81.38367462158203
81.74686431884766
81.81659698486328
82.22525024414062
82.11113739013672
82.67720794677734
83.05917358398438
83.48567962646484
83.83175659179688
84.2418212890625
84.74034881591797
85.1854476928711
85.9096450805664
86.41790771484375
87.09040832519531
87.81053161621094
88.4514389038086
89.08284759521484
89.61293029785156
89.81676483154297
89.88636016845703
89.5482177734375
89.22348022460938
88.20343017578125
87.61323547363281
86.51022338867188
85.52816772460938
84.7159194946289
83.60359191894531
82.74053192138672
81.84716033935547
81.03128814697266
79.142333984375
78.89244079589844
77.26053619384766
75.83163452148438
74.09146881103516
73.7441635131836
73.18427276611328
72.50682067871094
72.13074493408203
71.11035919189453
72.0381851196289
71.14307403564453
73.2046127319336
72.79075622558594
73.88690948486328
73.009765625
72.83049011230469
72.41470336914062
72.0261001586914
71.94717407226562
71.02976989746094
71.27044677734375
70.02127075195312
70.88025665283203
69.13442993164062
70.38224029541016
68.90538787841797
70.41378784179688
69.24201202392578
69.12995147705078
70.02133178710938
68.5025863647461
70.27864837646484
69.57525634765625
71.03755187988281
70.35570526123047
72.54556274414062
71.76956176757812
73.01689910888672
72.34931945800781
73.2042465209961
73.38390350341797
73.44593811035156
73.63916778564453
73.31517028808594
74.91942596435547
74.50965118408203
75.15898895263672
75.84178924560547
76.99851989746094
76.98704528808594
77.89102172851562
77.93587493896484
78.94304656982422
79.53129577636719
79.88719177246094
80.70927429199219
81.39280700683594
81.80558013916016
81.5532455444336
81.5956039428711
80.4410400390625
80.95040130615234
80.7620620727539
81.80557250976562
82.41352844238281
82.99681854248047
83.07408142089844
82.81693267822266
82.30061340332031
81.93118286132812
80.7323226928711
80.11421966552734
78.97447967529297
78.02823638916016
77.31087493896484
76.7776107788086
76.00230407714844
75.14588165283203
74.78105926513672
73.51731872558594
73.30559539794922
72.03401947021484
71.23456573486328
70.99920654296875
71.12480163574219
70.43607330322266
69.84765625
70.5408935546875
69.73384094238281
70.3433609008789
69.11732482910156
70.29322052001953
69.32215881347656
69.47233581542969
68.27574157714844
69.75495147705078
70.0978775024414
70.36270141601562
70.55815124511719
70.96623992919922
73.08265686035156
72.08486938476562
72.86250305175781
72.64491271972656
73.24976348876953
73.76394653320312
73.80821228027344
73.92332458496094
74.26266479492188
75.10693359375
75.57957458496094
76.59605407714844
77.15435028076172
78.2347412109375
79.35246276855469
80.56031799316406
81.75932312011719
82.36361694335938
83.01573181152344
81.90581512451172
81.06818389892578
78.8584976196289
77.02416229248047
75.37680053710938
73.22378540039062
72.90059661865234
70.17176055908203
71.14685821533203
68.04052734375
68.31424713134766
68.07772064208984
68.74717712402344
72.21664428710938
71.3515625
73.19581604003906
73.06073760986328
73.9524917602539
71.55663299560547
72.10924530029297
69.97844696044922
70.4362564086914
69.21942901611328
69.49481964111328
68.83061981201172
65.63414764404297
66.37590026855469
65.26258850097656
65.47279357910156
62.82713317871094
64.85578155517578
62.726280212402344
61.43435287475586
64.09065246582031
62.61144256591797
63.6107063293457
63.10645294189453
65.46918487548828
63.35544967651367
65.33351135253906
66.12381744384766
68.87567901611328
69.76022338867188
71.36774444580078
72.7304458618164
73.17919921875
75.3998794555664
76.12511444091797
76.81022644042969
77.33598327636719
77.72047424316406
77.31745910644531
77.785400390625
76.84442901611328
76.65299224853516
76.55490112304688
76.7181625366211
75.77215576171875
75.24757385253906
75.25025177001953
74.81187438964844
74.50965881347656
73.45437622070312
73.44448852539062
73.01777648925781
73.69969940185547
72.7198715209961
73.97451782226562
74.15787506103516
73.90142822265625
74.17166900634766
74.31929016113281
74.34857940673828
73.6888427734375
73.55889129638672
72.65878295898438
73.9555892944336
73.76638793945312
73.3846206665039
74.12730407714844
73.63446807861328
73.03333282470703
74.00975799560547
73.24015045166016
74.29886627197266
74.03622436523438
73.17630767822266
73.97852325439453
73.19551849365234
74.30340576171875
73.93626403808594
74.47969055175781
74.01537322998047
74.68445587158203
74.38563537597656
74.60405731201172
74.84422302246094
74.4674072265625
75.508544921875
75.05614471435547
76.02224731445312
75.78487396240234
76.04835510253906
76.06752014160156
76.75006866455078
76.89556884765625
77.13927459716797
77.68855285644531
77.57843780517578
78.13541412353516
78.67649841308594
79.41698455810547
79.54067993164062
80.19279479980469
80.0931625366211
81.04766082763672
81.78943634033203
82.38065338134766
82.9936294555664
83.60105895996094
84.56182861328125
85.06793975830078
85.85346221923828
86.16070556640625
86.4308853149414
86.3044662475586
86.35235595703125
85.61903381347656
85.24565887451172
84.25900268554688
83.87763214111328
83.15094757080078
82.79594421386719
82.21504211425781
81.84554290771484
81.25374603271484
80.63902282714844
79.69497680664062
78.74169158935547
78.36154174804688
77.33275604248047
76.5625228881836
75.30236053466797
74.96096801757812
74.10761260986328
73.0311279296875
70.93933868408203
70.3552474975586
70.35774993896484
67.69330596923828
69.5501708984375
71.07618713378906
72.29351806640625
75.94715881347656
77.72512817382812
80.1317367553711
81.56790924072266
82.13237762451172
82.78192138671875
82.3465805053711
81.69450378417969
80.94855499267578
80.24361419677734
79.03765106201172
77.54988861083984
76.91000366210938
75.86727142333984
75.21092224121094
74.96646118164062
74.54833984375
74.45623016357422
74.21416473388672
73.68122863769531
73.95171356201172
74.81858825683594
76.39918518066406
76.9394760131836
77.00406646728516
77.38031768798828
77.19383239746094
77.18051147460938
77.07772064208984
77.39128112792969
77.39697265625
77.49817657470703
77.21272277832031
77.84284210205078
76.80997467041016
75.40966033935547
73.99177551269531
72.949951171875
72.99067687988281
72.88381958007812
73.61454772949219
73.7556381225586
74.32886505126953
74.07642364501953
74.71114349365234
75.5708236694336
75.35435485839844
76.53883361816406
76.2342529296875
77.08332061767578
77.03652954101562
77.66939544677734
78.39096069335938
78.7873306274414
79.32430267333984
80.11064910888672
80.29592895507812
80.75178527832031
81.02418518066406
81.0992660522461
82.0121078491211
81.75960540771484
81.85679626464844
81.27288055419922
80.83187866210938
79.68871307373047
79.22380828857422
77.40482330322266
76.1006851196289
74.36717224121094
73.55471801757812
