73.10900115966797
73.50860595703125
74.61338806152344
74.21762084960938
75.15205383300781
73.6141357421875
72.72958374023438
71.63650512695312
70.03839111328125
69.72216033935547
68.89677429199219
66.3376693725586
65.79434204101562
65.32208251953125
66.62469482421875
64.47089385986328
61.58264923095703
60.3563232421875
62.88982391357422
60.553558349609375
64.43968200683594
59.116722106933594
64.24958801269531
60.304054260253906
65.00749969482422
62.45907974243164
65.22756958007812
62.14205551147461
67.0955581665039
66.80850982666016
68.94216918945312
68.07801055908203
67.20419311523438
66.00020599365234
64.54048919677734
60.81365203857422
57.29872131347656
45.98665237426758
51.606441497802734
42.727134704589844
53.81709671020508
52.12019348144531
56.68257141113281
58.38428497314453
60.070594787597656
57.45001220703125
61.16819763183594
58.41567611694336
63.333255767822266
60.50764465332031
62.86743927001953
62.59513854980469
65.38461303710938
63.081512451171875
64.30441284179688
64.58229064941406
65.42587280273438
67.1033706665039
65.87915802001953
67.53158569335938
65.86758422851562
68.26213836669922
66.57344818115234
68.86534118652344
66.35897064208984
68.78437805175781
67.936279296875
67.22586059570312
69.35464477539062
67.34011840820312
69.81340789794922
69.1991958618164
70.21321868896484
69.98624420166016
71.33782196044922
71.44401550292969
72.8460464477539
73.76141357421875
74.91480255126953
75.0340805053711
76.56129455566406
78.23835754394531
78.96849822998047
81.19226837158203
81.4667739868164
83.3606948852539
83.485107421875
83.56391143798828
82.50902557373047
82.13993835449219
80.83984375
80.31010437011719
79.15066528320312
79.4395523071289
79.1000747680664
78.5937271118164
78.35958099365234
79.38621520996094
78.57457733154297
79.25404357910156
79.27813720703125
80.03752136230469
78.91134643554688
77.86408233642578
74.81462860107422
73.266845703125
69.35557556152344
68.65129852294922
65.8443603515625
66.59909057617188
65.51434326171875
69.1986083984375
66.87166595458984
68.90021514892578
67.42788696289062
68.50792694091797
69.25835418701172
69.78473663330078
69.99565124511719
71.31600952148438
71.43864440917969
71.30005645751953
74.35346984863281
74.62242126464844
77.1628646850586
77.10020446777344
79.63594818115234
81.0781478881836
82.92437744140625
83.85600280761719
83.93421936035156
83.8125
83.27558898925781
83.1959457397461
82.14252471923828
82.56964874267578
81.29503631591797
82.04805755615234
81.11602783203125
81.70670318603516
80.63832092285156
80.89144134521484
80.44746398925781
80.42308807373047
80.2748794555664
80.93355560302734
82.55309295654297
82.65332794189453
83.05972290039062
82.52508544921875
82.23681640625
80.8314208984375
80.11958312988281
78.13422393798828
76.96922302246094
73.90548706054688
72.62136840820312
69.03497314453125
68.26487731933594
65.88721466064453
66.9938735961914
67.7009506225586
68.38104248046875
68.95390319824219
70.67974853515625
71.1527328491211
72.93238830566406
72.72406768798828
74.41194152832031
75.10570526123047
75.92447662353516
75.61021423339844
76.74478912353516
77.02326965332031
78.48409271240234
78.58341217041016
78.83984375
79.18358612060547
79.51305389404297
80.15763092041016
80.58798217773438
81.30634307861328
81.21673583984375
82.58871459960938
82.98782348632812
83.8177490234375
84.60327911376953
85.31466674804688
85.42860412597656
85.3822021484375
85.44771575927734
85.47914123535156
85.22512817382812
85.00366973876953
85.10928344726562
84.90702056884766
85.19050598144531
85.09158325195312
85.3337173461914
85.19890594482422
85.45610809326172
85.53275299072266
85.84188079833984
86.08612823486328
86.25072479248047
86.47645568847656
86.74303436279297
87.31212615966797
87.510498046875
88.05754089355469
88.47671508789062
89.15479278564453
89.65071105957031
90.222900390625
90.85092163085938
91.49336242675781
91.97074127197266
92.33963775634766
92.3821029663086
92.19007873535156
91.7636489868164
90.9818115234375
89.98377227783203
88.9672622680664
87.74916076660156
86.7362060546875
85.73907470703125
84.55911254882812
83.64823150634766
82.80756378173828
81.95880889892578
80.96842193603516
80.38854217529297
79.55546569824219
79.46460723876953
78.48393249511719
78.5592269897461
77.826171875
77.2664566040039
76.33843994140625
76.28180694580078
76.46243286132812
75.72663879394531
77.4493637084961
77.60958099365234
78.55387115478516
78.57508850097656
78.41326141357422
78.00211334228516
77.33204650878906
76.88825225830078
76.32733154296875
76.74623107910156
75.18618774414062
75.32108306884766
74.0845947265625
74.87503051757812
74.18588256835938
74.3521499633789
73.75768280029297
73.88287353515625
74.06560516357422
73.693603515625
73.8399658203125
73.521728515625
75.08647155761719
73.39137268066406
75.0416488647461
75.15816497802734
75.75447845458984
75.87735748291016
76.28948974609375
76.33189392089844
76.7299575805664
77.4365234375
77.16901397705078
78.05814361572266
78.23158264160156
79.44432830810547
79.47469329833984
80.52515411376953
80.57874298095703
81.05142211914062
81.80220794677734
82.1385269165039
82.5946273803711
83.10980224609375
83.69819641113281
83.83872985839844
83.80118560791016
83.70864868164062
84.02906036376953
84.253662109375
85.26919555664062
85.84200286865234
86.79997253417969
87.00121307373047
87.55545806884766
87.32134246826172
87.05152130126953
86.38402557373047
85.72882843017578
84.90111541748047
84.16622161865234
83.55105590820312
82.94000244140625
82.18660736083984
81.61127471923828
81.31356048583984
80.74330139160156
80.24818420410156
79.69496154785156
80.19634246826172
79.27373504638672
79.3516616821289
78.42375946044922
78.70977020263672
77.9780502319336
77.67410278320312
76.4708251953125
75.6337661743164
73.91648864746094
73.39716339111328
73.31770324707031
72.46910095214844
72.57689666748047
72.56897735595703
73.14295196533203
71.95687103271484
73.64158630371094
72.39837646484375
73.80044555664062
73.7026596069336
73.60560607910156
72.8072509765625
72.58997344970703
73.28128814697266
71.409912109375
72.24360656738281
73.06827545166016
73.8428726196289
73.0020523071289
73.73005676269531
73.6607437133789
75.68256378173828
76.28795623779297
77.32310485839844
78.22553253173828
79.22368621826172
80.73604583740234
81.04940795898438
82.44248962402344
81.12435913085938
80.84003448486328
79.1445083618164
78.0337905883789
75.73555755615234
74.86700439453125
73.88285064697266
72.87311553955078
71.3556137084961
71.37406158447266
72.64302825927734
73.228271484375
74.4535903930664
75.08554077148438
76.40758514404297
75.87689208984375
75.83952331542969
74.87903594970703
74.6798324584961
74.19059753417969
73.10858154296875
72.43194580078125
71.62980651855469
72.43895721435547
70.43319702148438
70.71240234375
68.95555114746094
69.4297103881836
67.60565185546875
68.48162078857422
67.81837463378906
66.75769805908203
66.61888885498047
67.58888244628906
67.04734802246094
64.12272644042969
66.49224853515625
63.0895881652832
65.93887329101562
64.9878921508789
66.41680145263672
67.32061767578125
67.26766204833984
70.2847900390625
70.44139099121094
73.152099609375
74.13986206054688
76.19416046142578
77.26287841796875
77.56623840332031
78.3470458984375
78.31021881103516
77.3680419921875
76.56109619140625
75.82510375976562
75.34735870361328
75.08997344970703
74.14697265625
74.64952850341797
74.76933288574219
75.8838882446289
76.9080581665039
77.49809265136719
78.08232879638672
78.02851867675781
78.1195297241211
78.25556945800781
77.60832214355469
77.55198669433594
77.00208282470703
77.048095703125
77.34725189208984
76.39669799804688
76.95074462890625
76.06197357177734
76.39339447021484
75.95127868652344
76.28919982910156
76.62785339355469
75.96871948242188
76.2849349975586
76.1370849609375
76.45108795166016
76.44393920898438
76.39664459228516
76.32266998291016
76.98338317871094
76.03218841552734
76.93595886230469
77.25157928466797
77.13326263427734
77.39205932617188
76.58185577392578
77.48897552490234
77.28236389160156
77.81759643554688
77.66649627685547
78.54852294921875
78.06069946289062
78.85877227783203
78.54725646972656
79.09445190429688
79.1776123046875
79.03939819335938
79.50967407226562
79.40789031982422
80.31263732910156
80.104736328125
80.74443054199219
81.00527954101562
81.49662017822266
81.54259490966797
82.41373443603516
82.56117248535156
83.28612518310547
83.56211853027344
84.0934829711914
84.70591735839844
85.22417449951172
85.80609130859375
86.60486602783203
87.4804916381836
87.93955993652344
88.81491088867188
89.21751403808594
89.67494201660156
89.6422348022461
89.77960968017578
89.27717590332031
88.80188751220703
87.99967193603516
87.46106719970703
86.32723236083984
85.75794219970703
84.92294311523438
83.95742797851562
82.99980163574219
81.931884765625
81.2799072265625
80.4529800415039
79.92242431640625
78.85379028320312
78.13264465332031
77.3086929321289
76.65486145019531
74.81288146972656
74.25408172607422
73.64263916015625
71.61251831054688
72.48504638671875
73.2596435546875
75.64395904541016
77.77922058105469
80.98804473876953
82.9310073852539
84.60408020019531
85.81237030029297
85.8639907836914
86.00767517089844
85.30732727050781
84.96741485595703
83.45757293701172
82.93191528320312
80.93622589111328
79.9428482055664
78.81060028076172
78.1522445678711
77.27388763427734
77.0177230834961
76.89673614501953
76.56124877929688
77.0330581665039
77.28392028808594
78.53137969970703
78.56098937988281
79.32477569580078
79.09290313720703
79.17771911621094
79.06285858154297
79.3065414428711
79.40362548828125
79.517822265625
79.6460952758789
79.87349700927734
80.19799041748047
79.85537719726562
80.2289047241211
79.20376586914062
78.6349868774414
77.58815002441406
76.71467590332031
76.1374740600586
75.41744232177734
75.64874267578125
75.51860046386719
76.53336334228516
76.7835693359375
78.25044250488281
78.20531463623047
79.07379150390625
79.53219604492188
79.96647644042969
80.6176528930664
81.16856384277344
81.63198852539062
81.65798950195312
81.8660888671875
81.81963348388672
82.4015884399414
82.41167449951172
83.37899017333984
83.39753723144531
83.93643951416016
83.7635269165039
83.74210357666016
83.45362854003906
83.28663635253906
81.84182739257812
81.13359832763672
79.62296295166016
78.30146026611328
76.72930908203125
74.9677505493164
72.86976623535156
