73.57330322265625
73.83064270019531
75.56988525390625
75.90350341796875
76.34121704101562
74.16767883300781
73.4137191772461
71.97736358642578
69.1750259399414
64.27477264404297
64.7881088256836
64.76986694335938
61.05966567993164
58.8009033203125
61.56694793701172
62.06311798095703
64.32609558105469
65.78639221191406
68.76668548583984
70.01094818115234
71.78770446777344
72.53587341308594
72.44548034667969
71.21578216552734
70.91204833984375
68.71794891357422
65.60527038574219
65.93800354003906
63.6948127746582
64.5157470703125
63.10406494140625
60.55687713623047
61.91928482055664
58.119834899902344
54.169776916503906
59.461578369140625
58.85959243774414
50.807952880859375
54.031009674072266
57.43928146362305
56.368743896484375
54.919891357421875
54.96453857421875
55.18627166748047
58.76081085205078
55.924217224121094
58.613407135009766
61.16981887817383
61.9144287109375
65.25129699707031
64.98619842529297
66.0952377319336
64.66851043701172
65.27764892578125
63.561973571777344
66.50088500976562
66.94767761230469
66.5678482055664
66.9016342163086
65.53243255615234
67.65061950683594
67.44165802001953
68.15607452392578
67.45930480957031
68.20341491699219
69.09603118896484
70.34251403808594
69.86665344238281
69.30465698242188
70.55916595458984
70.69940185546875
71.14039611816406
71.75090789794922
71.96775817871094
73.20330810546875
74.58988952636719
75.60150909423828
76.79317474365234
78.4174575805664
79.44386291503906
80.62299346923828
81.57550811767578
81.319580078125
80.6507339477539
79.28938293457031
79.0743408203125
77.4405288696289
77.18289184570312
76.64160919189453
75.91645812988281
75.74004364013672
75.72427368164062
75.47418212890625
74.96168518066406
75.35095977783203
74.52886199951172
75.05622863769531
75.60809326171875
75.27304077148438
76.07844543457031
75.78662872314453
76.30704498291016
76.52019500732422
77.13134002685547
77.14207458496094
77.88191986083984
77.53671264648438
76.45830535888672
76.30431365966797
74.23961639404297
71.4496841430664
68.58782958984375
65.11445617675781
60.59433364868164
57.616397857666016
65.27316284179688
65.71368408203125
68.14989471435547
68.91315460205078
70.19529724121094
71.8221664428711
72.03195190429688
72.75032806396484
73.15735626220703
73.62825012207031
74.72434997558594
74.77842712402344
75.27066040039062
75.5736083984375
75.83002471923828
75.81340789794922
77.0962905883789
77.39885711669922
77.73262023925781
78.72164916992188
78.53169250488281
79.7483139038086
79.82152557373047
80.36849212646484
81.18942260742188
81.97437286376953
83.04659271240234
83.3202133178711
83.85350799560547
82.65076446533203
81.89418029785156
80.09767150878906
79.49655151367188
78.78678131103516
78.19684600830078
78.93498229980469
78.85359954833984
79.29720306396484
80.13961029052734
80.79826354980469
81.4447021484375
82.11901092529297
83.4029769897461
84.3352279663086
85.47280883789062
86.52999114990234
87.91444396972656
89.31852722167969
90.6317367553711
91.89936065673828
92.9173355102539
93.83779907226562
94.39871978759766
94.7381591796875
94.56515502929688
94.2129898071289
93.33544921875
92.21760559082031
90.8509292602539
89.45809936523438
88.45753479003906
87.63653564453125
87.20584869384766
87.17935180664062
87.51136779785156
87.8112564086914
88.29457092285156
88.86995697021484
89.4041748046875
89.92585754394531
90.0588607788086
90.01700592041016
89.44123077392578
88.50205993652344
87.25890350341797
85.6731185913086
83.8883056640625
82.23786163330078
80.5738296508789
78.5095443725586
76.59944915771484
74.16529846191406
71.23046875
69.23497772216797
67.27532196044922
65.57906341552734
66.2995834350586
67.22749328613281
67.6617431640625
69.91661834716797
71.87336730957031
72.84882354736328
74.51993560791016
74.65035247802734
76.64816284179688
77.13709259033203
78.08866119384766
78.92698669433594
79.61982727050781
80.95197296142578
81.59215545654297
82.44375610351562
83.39580535888672
84.45616912841797
85.23426055908203
85.82445526123047
86.23872375488281
86.43086242675781
86.1213150024414
85.32073211669922
84.24102020263672
83.10965728759766
82.23502349853516
81.15015411376953
80.2044677734375
79.23014831542969
78.76171112060547
77.66879272460938
76.94505310058594
76.51882934570312
75.89405059814453
75.59813690185547
74.3818359375
74.38603210449219
73.88861083984375
72.9341049194336
73.31634521484375
72.35086059570312
72.47723388671875
70.61712646484375
71.60855102539062
72.0684814453125
70.13160705566406
69.85840606689453
70.43245697021484
70.00760650634766
69.6432876586914
68.51140594482422
68.40673065185547
68.07180786132812
68.96324920654297
69.69768524169922
67.76173400878906
67.2668228149414
65.68533325195312
67.38394927978516
66.47899627685547
64.42362213134766
66.93185424804688
64.3453369140625
66.07472229003906
63.81026077270508
63.42741012573242
64.3908920288086
64.67073059082031
65.98811340332031
68.07147216796875
68.3267822265625
69.52671813964844
69.39817810058594
70.89678955078125
70.98282623291016
71.66719055175781
73.01176452636719
72.87094116210938
73.42182922363281
74.51335906982422
75.4096908569336
76.47323608398438
76.90412902832031
77.18399810791016
77.38372802734375
78.04688262939453
78.08251190185547
78.6327133178711
79.44493103027344
80.18034362792969
80.18309783935547
80.14029693603516
80.56871032714844
80.97449493408203
81.55809020996094
82.0406723022461
82.98184967041016
83.6790771484375
84.33280944824219
84.95285034179688
85.4734115600586
85.22200012207031
85.39454650878906
84.9234848022461
84.56018829345703
84.11727905273438
83.0140380859375
82.15032196044922
80.61914825439453
79.80148315429688
79.10860443115234
78.52223205566406
77.51506042480469
77.86844635009766
77.18511199951172
77.03594207763672
77.25144958496094
76.49420928955078
76.82200622558594
76.59547424316406
77.10379028320312
77.0302505493164
76.5866928100586
77.27244567871094
77.00301361083984
77.1669692993164
77.23419952392578
77.75788879394531
77.64461517333984
78.26356506347656
78.71857452392578
78.93814086914062
79.842529296875
80.26763916015625
81.25924682617188
81.8945541381836
82.63797760009766
83.55045318603516
84.54083251953125
85.63955688476562
85.51695251464844
85.44979095458984
84.34527587890625
83.05473327636719
81.78812408447266
80.26609802246094
79.55194854736328
77.97467803955078
77.06875610351562
75.56224822998047
74.93250274658203
73.5471420288086
72.32808685302734
71.11139678955078
70.73948669433594
69.77339172363281
67.60073852539062
68.24894714355469
66.88221740722656
65.64866638183594
63.76111602783203
62.44377517700195
60.79511260986328
58.20476150512695
60.15009689331055
58.951255798339844
57.8903694152832
59.22001647949219
63.509281158447266
59.0767936706543
61.394996643066406
63.64155960083008
62.5267448425293
62.6009521484375
66.50569152832031
65.90388488769531
69.23487091064453
69.5373306274414
70.39029693603516
71.40107727050781
72.40113067626953
73.18584442138672
75.11750030517578
76.33531188964844
76.60587310791016
78.37437438964844
79.74823760986328
80.74111938476562
81.607421875
82.45298767089844
82.76375579833984
82.90725708007812
82.66204833984375
82.29978942871094
81.56996154785156
81.05119323730469
80.80182647705078
80.00569152832031
79.73381042480469
78.94255065917969
78.86896514892578
78.35240936279297
78.02336883544922
78.09172821044922
77.2434310913086
77.67863464355469
76.68025207519531
76.873046875
76.52069854736328
76.55647277832031
76.39228820800781
76.20639038085938
75.97020721435547
76.14651489257812
75.88368225097656
75.73439025878906
74.90884399414062
75.41481018066406
74.71643829345703
74.7223892211914
74.39794158935547
74.7844467163086
74.71552276611328
74.64035034179688
74.14923095703125
75.08997344970703
74.44058227539062
74.25841522216797
74.49068450927734
73.4725112915039
74.03649139404297
73.58953857421875
74.21566772460938
74.79437255859375
75.11771392822266
76.75858306884766
77.30326080322266
78.35840606689453
78.84363555908203
78.76455688476562
79.19640350341797
79.07242584228516
79.45751190185547
79.03671264648438
79.98483276367188
79.68963623046875
80.40458679199219
80.3407211303711
80.62822723388672
80.80387115478516
81.13739013671875
81.30592346191406
80.73011016845703
79.72119140625
78.22172546386719
77.41203308105469
77.26502227783203
77.12071228027344
77.45875549316406
78.0003662109375
78.51585388183594
79.0503158569336
79.67054748535156
80.43306732177734
81.0499496459961
81.61698150634766
82.42261505126953
83.3624267578125
83.85316467285156
84.65618896484375
85.26570129394531
85.64656066894531
86.2908935546875
86.8961410522461
87.08358764648438
87.22767639160156
87.21182250976562
87.07057189941406
86.94567108154297
86.26811218261719
85.73810577392578
85.2840347290039
84.70947265625
84.15237426757812
83.36912536621094
83.06973266601562
82.55842590332031
82.03645324707031
81.3859634399414
81.24781036376953
81.02489471435547
80.56318664550781
80.20101928710938
80.2417984008789
80.33351135253906
80.3719253540039
80.89466857910156
80.90313720703125
81.37770080566406
81.26114654541016
81.53746795654297
81.53131866455078
81.38556671142578
80.94279479980469
79.53643035888672
78.6051025390625
76.0344467163086
74.74151611328125
72.46647644042969
70.81049346923828
70.14686584472656
69.86512756347656
69.80535125732422
70.52163696289062
71.58766174316406
73.23983001708984
74.59696960449219
76.03433227539062
76.56354522705078
76.63031005859375
75.60981750488281
75.50521850585938
74.24769592285156
73.13220977783203
72.34715270996094
69.97935485839844
68.32733154296875
67.0533447265625
64.38970184326172
64.06803131103516
58.705238342285156
63.48585891723633
65.28792572021484
68.94310760498047
72.3938217163086
74.28266143798828
75.82583618164062
76.18161010742188
76.30191040039062
76.48379516601562
75.87226104736328
76.29560089111328
75.2681884765625
75.74845123291016
74.93521118164062
75.05863952636719
73.46614837646484
72.79708862304688
70.72967529296875
66.96504211425781
64.75666809082031
60.11658477783203
55.596981048583984
56.557586669921875
56.2303466796875
59.45050048828125
58.06203842163086
59.640960693359375
59.787559509277344
62.63211441040039
61.60836410522461
63.428382873535156
62.51228332519531
60.84086608886719
63.41742706298828
62.431575775146484
63.984928131103516
65.051513671875
66.07197570800781
64.67996978759766
66.32884979248047
69.09666442871094
68.40074920654297
68.14881896972656
