72.91249084472656
77.64034271240234
80.44026947021484
61.38884735107422
83.90103912353516
81.76853942871094
76.33348083496094
87.14608764648438
74.99523162841797
80.19416809082031
82.78260040283203
59.58973693847656
79.67182159423828
76.27117156982422
70.80686950683594
76.70161437988281
68.56930541992188
71.64569091796875
70.03886413574219
63.3736572265625
71.20849609375
63.93480682373047
65.63043212890625
71.3822250366211
68.99219512939453
72.29833984375
76.40092468261719
50.250030517578125
78.77488708496094
76.46052551269531
70.69232177734375
75.45916748046875
67.20977783203125
69.20601654052734
71.88133239746094
58.98756408691406
70.71465301513672
70.0057373046875
61.95586013793945
71.56900024414062
55.694068908691406
63.73136520385742
68.43164825439453
55.4792594909668
72.07324981689453
66.90886688232422
64.64230346679688
74.19644927978516
67.17156982421875
71.98775482177734
73.78111267089844
56.25950622558594
74.79429626464844
71.65391540527344
69.54634094238281
76.0394287109375
68.26033782958984
76.0256118774414
77.42489624023438
57.416751861572266
77.64784240722656
76.54187774658203
71.80278015136719
79.6928482055664
71.79436492919922
78.20207977294922
81.11038970947266
57.7240104675293
82.45172882080078
81.19990539550781
76.03206634521484
85.52236938476562
79.03250122070312
83.8837890625
86.68671417236328
52.98707962036133
85.90702819824219
82.17379760742188
75.20858001708984
83.66513061523438
73.9737777709961
77.33224487304688
80.00748443603516
56.924503326416016
77.50939178466797
75.91105651855469
71.33871459960938
76.84778594970703
70.16187286376953
76.00739288330078
76.5440444946289
60.05854415893555
77.49716186523438
74.14613342285156
69.4273681640625
77.08250427246094
71.86148834228516
75.23987579345703
77.19377899169922
54.47860336303711
78.1606216430664
76.48867797851562
71.42243194580078
79.71761322021484
71.93730163574219
76.22435760498047
79.6968002319336
49.32202911376953
79.92640686035156
76.7842025756836
72.46794891357422
82.33502960205078
72.80683135986328
80.32210540771484
82.90933227539062
56.12868881225586
83.0022201538086
80.04839324951172
74.38556671142578
81.72537231445312
74.69358825683594
81.25386810302734
84.66305541992188
63.91004943847656
86.91323852539062
85.5098648071289
80.69059753417969
89.5654067993164
80.36736297607422
85.74214172363281
86.7206039428711
54.55849838256836
84.23114776611328
80.6960220336914
75.98310089111328
82.67854309082031
73.95115661621094
80.05363464355469
83.88640594482422
53.286407470703125
85.77944946289062
83.96541595458984
79.37017059326172
88.20000457763672
79.15791320800781
83.70879364013672
85.39556884765625
53.82917785644531
82.58013153076172
78.78323364257812
72.77584075927734
78.95729064941406
70.507080078125
75.16580200195312
76.67782592773438
57.728919982910156
76.33917236328125
73.06354522705078
67.68341064453125
77.51409912109375
69.89671325683594
76.53836822509766
78.80174255371094
54.14003372192383
79.45087432861328
78.44970703125
72.17367553710938
82.24212646484375
73.998779296875
80.16259765625
83.36712646484375
55.155338287353516
85.52461242675781
83.87547302246094
80.16077423095703
89.08065795898438
82.2457504272461
88.17327880859375
90.95571899414062
56.58376693725586
91.53465270996094
89.12154388427734
83.76417541503906
90.86288452148438
80.97991180419922
83.80887603759766
84.2295913696289
52.00150680541992
81.39423370361328
79.03839111328125
73.81464385986328
82.9637451171875
74.92940521240234
81.38711547851562
83.88784790039062
54.338600158691406
84.46662139892578
82.26000213623047
77.02407836914062
85.67326354980469
77.8212661743164
82.78150177001953
85.19554138183594
52.16105270385742
85.763671875
83.6129379272461
78.8983383178711
87.09874725341797
78.9870376586914
84.32902526855469
87.10009002685547
49.96977233886719
87.56339263916016
85.41033172607422
80.740478515625
89.336181640625
80.89385223388672
87.16788482666016
89.89891052246094
63.7042350769043
91.00320434570312
89.30123901367188
84.76013946533203
93.55680847167969
85.55721282958984
91.8963394165039
94.261474609375
63.64207458496094
94.46272277832031
91.48887634277344
85.78922271728516
93.02279663085938
83.66291809082031
88.13471221923828
89.36399841308594
57.56199264526367
87.76919555664062
84.35262298583984
78.53245544433594
85.96685028076172
76.880126953125
81.33403778076172
83.0112075805664
36.772891998291016
82.02780151367188
79.1177978515625
73.8714370727539
81.0426025390625
72.62089538574219
78.24310302734375
79.28136444091797
55.61416244506836
78.54069519042969
76.00664520263672
69.07186889648438
77.69400787353516
68.79776000976562
73.65552520751953
75.34352111816406
44.644386291503906
75.866943359375
72.63566589355469
67.73487091064453
77.52059173583984
71.25794219970703
76.9035873413086
81.29271697998047
48.355674743652344
81.4044189453125
79.14808654785156
73.53309631347656
81.84135437011719
72.93626403808594
78.61724853515625
80.83229064941406
51.00318908691406
80.9010009765625
78.63941192626953
72.72081756591797
81.76588439941406
72.69878387451172
79.6714096069336
82.16319274902344
50.015296936035156
84.156005859375
82.62705993652344
77.99655151367188
86.73450469970703
78.59613037109375
83.94529724121094
86.80680084228516
55.69184494018555
87.6715316772461
85.8254165649414
81.37165069580078
90.15192413330078
82.75013732910156
88.3624267578125
90.97749328613281
32.819297790527344
91.55323791503906
89.15011596679688
83.61404418945312
91.29261016845703
82.34552764892578
87.29812622070312
88.92579650878906
57.03684616088867
87.56085205078125
84.57609558105469
78.53909301757812
86.53240203857422
77.24430084228516
82.51266479492188
84.56185913085938
54.65401840209961
83.83455657958984
81.67884063720703
75.28695678710938
83.44432067871094
75.26566314697266
79.9366455078125
82.209716796875
50.18722152709961
82.55766296386719
79.77185821533203
75.3522720336914
83.58452606201172
75.20899963378906
80.64852142333984
83.24267578125
51.45189666748047
84.23401641845703
82.29841613769531
77.90119934082031
86.61536407470703
78.958984375
85.5773696899414
88.80268096923828
59.18056106567383
90.17558288574219
87.96257781982422
81.90814971923828
88.70848846435547
78.55389404296875
82.24254608154297
82.84459686279297
56.749942779541016
79.7042236328125
76.20903015136719
67.0468521118164
75.4041519165039
65.59423065185547
69.97644805908203
70.04203033447266
41.918941497802734
68.05489349365234
64.8817138671875
60.34116744995117
68.47522735595703
59.360443115234375
66.73876953125
69.33499908447266
50.57035827636719
70.81304168701172
69.4115219116211
64.87214660644531
74.5134048461914
66.81549835205078
72.57477569580078
76.114990234375
49.09796905517578
78.3719482421875
75.87017059326172
70.7584228515625
78.87017059326172
70.2783203125
74.61226654052734
74.94218444824219
46.38182830810547
75.58391571044922
74.12094116210938
70.3189697265625
79.86190795898438
71.90352630615234
79.14545440673828
83.25756072998047
52.60127258300781
85.02658081054688
83.7812271118164
79.31134796142578
88.05347442626953
80.05062103271484
86.17509460449219
88.65845489501953
58.378414154052734
88.80029296875
86.0670166015625
80.33183288574219
88.24169158935547
79.58194732666016
84.39625549316406
85.88785552978516
56.07633972167969
85.07862854003906
82.10160827636719
76.98509216308594
84.92914581298828
76.65811920166016
81.27713775634766
83.84537506103516
52.14048767089844
83.63137817382812
80.77369689941406
75.75151062011719
84.03264617919922
75.44499969482422
81.30394744873047
83.2844009399414
59.28194046020508
82.90044403076172
80.31709289550781
74.53944396972656
82.80726623535156
74.07561492919922
80.36961364746094
82.52806091308594
49.52743148803711
82.857666015625
81.11724090576172
75.45344543457031
84.66081237792969
76.66264343261719
81.44583892822266
83.98695373535156
45.90763854980469
83.95590209960938
81.28657531738281
75.3379898071289
82.84339141845703
74.78558349609375
79.5323486328125
81.61177825927734
59.001976013183594
81.93783569335938
80.06635284423828
74.25907135009766
83.6630859375
75.40618896484375
81.3327865600586
83.75534057617188
56.96099090576172
84.2657470703125
81.61225128173828
75.98841857910156
84.12503051757812
76.2734375
81.30938720703125
84.29637908935547
46.39710998535156
85.33032989501953
83.73171997070312
79.30217742919922
87.42693328857422
78.47001647949219
83.21562194824219
85.0622329711914
25.956466674804688
84.88976287841797
83.0191879272461
78.0367431640625
86.22022247314453
77.78165435791016
82.88162231445312
84.37390899658203
60.401554107666016
82.88959503173828
80.65422821044922
74.98967742919922
84.35362243652344
76.77523803710938
83.10852813720703
85.870361328125
54.37360382080078
86.25897979736328
83.4063720703125
77.83277893066406
85.19255828857422
76.59812927246094
80.49320983886719
82.01512908935547
54.552330017089844
80.16876220703125
77.03791046142578
71.0601577758789
79.91728210449219
72.18437957763672
78.41730499267578
81.47781372070312
58.829795837402344
84.68186950683594
84.02030944824219
80.19419860839844
89.10609436035156
81.54922485351562
87.64137268066406
89.92886352539062
60.720123291015625
89.80000305175781
86.96551513671875
81.58629608154297
89.42058563232422
81.1439208984375
85.85905456542969
87.88398742675781
59.025264739990234
87.7614974975586
85.0689926147461
80.28132629394531
88.12763977050781
79.35429382324219
84.12287902832031
85.3756103515625
54.33559036254883
83.45884704589844
81.37419128417969
76.17375183105469
84.60757446289062
76.17652130126953
82.27424621582031
84.54894256591797
57.15425109863281
84.80670166015625
82.3182144165039
76.1672592163086
84.56619262695312
75.61431121826172
80.41217803955078
82.2545394897461
47.16069030761719
79.85517883300781
75.49459838867188
67.70800018310547
73.08840942382812
62.62735366821289
59.1778678894043
62.16202163696289
53.50896453857422
73.40516662597656
73.47476959228516
67.25835418701172
77.92777252197266
69.62830352783203
76.46405792236328
79.36653137207031
42.74287414550781
80.47138214111328
78.57765197753906
72.67227172851562
80.94944763183594
71.64157104492188
75.98076629638672
77.43820190429688
35.785762786865234
75.95939636230469
73.73429107666016
69.52102661132812
77.76319885253906
70.31147766113281
75.317626953125
77.0280532836914
46.53764343261719
75.46485137939453
71.67786407470703
65.51361083984375
74.22384643554688
