64.64337158203125
64.73069763183594
63.2360954284668
63.296348571777344
64.60673522949219
69.92387390136719
68.50897979736328
71.5698013305664
71.96900177001953
72.95999908447266
76.39734649658203
77.3330078125
77.157470703125
75.40826416015625
75.21696472167969
73.2096939086914
72.02616119384766
71.77104187011719
70.96846771240234
69.59858703613281
68.58936309814453
70.87958526611328
70.42998504638672
65.28983306884766
67.17436218261719
69.29366302490234
68.1412124633789
67.7278060913086
69.28182220458984
61.96725845336914
65.61338806152344
63.62322998046875
62.16850662231445
65.03949737548828
64.96047973632812
63.967464447021484
62.81470489501953
68.29704284667969
68.79460906982422
62.56145477294922
65.78729248046875
66.9017105102539
67.26982116699219
66.9384765625
67.21820831298828
68.4102783203125
69.36199951171875
69.31596374511719
69.71932983398438
69.4730453491211
70.40413665771484
71.04718017578125
69.14442443847656
70.57404327392578
71.69574737548828
72.12991333007812
70.88665008544922
70.46178436279297
72.7494125366211
71.0052719116211
71.63018035888672
72.35228729248047
73.54430389404297
73.29391479492188
72.32131958007812
71.87071228027344
74.16648864746094
73.72796630859375
72.14292907714844
74.06509399414062
74.51404571533203
74.3627700805664
73.88960266113281
74.1255874633789
76.51778411865234
76.39205169677734
76.10733795166016
75.783447265625
78.37156677246094
78.9019775390625
78.60574340820312
79.95195770263672
81.17890930175781
81.2332992553711
80.59062957763672
80.76817321777344
80.2311782836914
78.27293395996094
77.19762420654297
76.54450988769531
76.01093292236328
74.5313949584961
73.4513168334961
74.41850280761719
74.09220123291016
71.48857116699219
71.48938751220703
73.45510864257812
74.8659439086914
72.13763427734375
72.32144927978516
73.85505676269531
75.28176879882812
75.48274993896484
73.82489013671875
75.2705078125
76.31039428710938
74.81902313232422
71.2151870727539
71.69142150878906
71.76560974121094
72.80029296875
72.7464370727539
72.94550323486328
73.94447326660156
75.98099517822266
75.05200958251953
75.21698760986328
75.70442962646484
76.36109161376953
77.65510559082031
77.32054901123047
77.56624603271484
79.21424102783203
79.39993286132812
79.44133758544922
80.14852142333984
81.38990020751953
82.09513092041016
81.45690155029297
82.52771759033203
83.63398742675781
83.201904296875
81.46288299560547
80.87446594238281
76.06793212890625
67.34034729003906
57.176734924316406
71.30840301513672
76.70362854003906
77.67788696289062
78.05684661865234
77.75977325439453
79.31397247314453
77.67013549804688
78.11348724365234
80.16295623779297
79.35902404785156
78.7075424194336
77.72181701660156
75.94674682617188
74.75452423095703
74.11385345458984
73.74630737304688
72.4372329711914
72.84432220458984
73.74593353271484
72.37297821044922
73.8479232788086
75.84988403320312
76.7487564086914
76.26782989501953
77.67578887939453
79.3485107421875
80.86099243164062
81.55150604248047
83.01102447509766
84.27713012695312
85.40575408935547
86.41987609863281
87.28077697753906
87.8759765625
88.21622467041016
88.50940704345703
88.45166015625
88.26358795166016
88.18694305419922
88.05546569824219
87.90953826904297
87.6269302368164
87.77141571044922
87.67078399658203
87.54194641113281
87.5697250366211
87.6143569946289
87.62162780761719
87.86711120605469
87.98831176757812
88.046630859375
88.19539642333984
88.47022247314453
88.54501342773438
88.79534149169922
89.03073120117188
89.25926971435547
89.68780517578125
89.93680572509766
90.21929168701172
90.72566223144531
91.06575012207031
91.32923126220703
91.7176742553711
91.89641571044922
92.06031799316406
92.03990936279297
91.69024658203125
91.30757904052734
90.74978637695312
89.82853698730469
89.05780792236328
87.92366790771484
87.07255554199219
86.07477569580078
85.10210418701172
84.25370025634766
83.35861206054688
82.27804565429688
81.17416381835938
80.7196273803711
80.26734924316406
79.0506820678711
78.18278503417969
77.66505432128906
76.86444091796875
76.63578033447266
75.68038940429688
74.81824493408203
74.09947967529297
73.21658325195312
73.29246520996094
72.44810485839844
70.848388671875
69.48031616210938
67.25251007080078
66.85076141357422
65.69503784179688
65.80643463134766
66.18441009521484
66.94584655761719
65.97222900390625
66.22438049316406
66.22911071777344
65.71546936035156
66.53491973876953
64.65076446533203
65.71793365478516
64.44214630126953
65.12885284423828
65.38800048828125
65.70527648925781
66.38089752197266
65.38556671142578
63.854732513427734
66.0952377319336
65.06407928466797
65.90652465820312
66.32029724121094
65.22177124023438
65.90029907226562
65.42194366455078
65.5007553100586
65.95208740234375
65.57979583740234
67.8848876953125
66.2696304321289
66.322265625
67.464111328125
68.89895629882812
70.91132354736328
72.4587631225586
71.70165252685547
71.72083282470703
72.87366485595703
72.01603698730469
71.9448013305664
72.1677017211914
71.76195526123047
72.5194091796875
72.04360961914062
71.94856262207031
72.33555603027344
72.448974609375
73.09042358398438
73.6489028930664
74.0819320678711
75.12677764892578
76.6335678100586
77.33663177490234
78.38108825683594
78.53754425048828
79.616943359375
80.39106750488281
80.207275390625
80.97354125976562
81.66996002197266
82.08623504638672
83.08141326904297
83.32691192626953
83.6493911743164
83.39952850341797
83.41938781738281
83.2404556274414
82.71717071533203
82.11602020263672
81.51850891113281
80.66537475585938
80.19192504882812
79.81776428222656
79.07823181152344
78.07998657226562
77.06103515625
77.23172760009766
76.4683837890625
76.05028533935547
76.00496673583984
75.47258758544922
75.38237762451172
75.32795715332031
75.0567855834961
74.61742401123047
75.02332305908203
75.53913879394531
76.00070190429688
76.0601577758789
75.8940658569336
76.9701156616211
77.21841430664062
77.52977752685547
78.72825622558594
79.0478515625
79.79800415039062
81.03252410888672
81.16445922851562
81.60712432861328
80.8493881225586
79.76634979248047
78.82115173339844
78.25122833251953
78.96845245361328
79.65196990966797
79.64936065673828
79.78278350830078
78.84215545654297
78.21752166748047
76.98574829101562
75.8698501586914
74.63080596923828
73.60931396484375
72.96720886230469
71.8726806640625
70.43045043945312
69.08574676513672
68.678466796875
67.23129272460938
67.5202407836914
66.83611297607422
67.26961517333984
64.99639129638672
63.49947738647461
65.63957214355469
64.0345230102539
63.6942253112793
63.05254364013672
63.26590347290039
62.40876770019531
64.24946594238281
61.27669906616211
63.6631965637207
59.108524322509766
59.4685173034668
60.814056396484375
59.1917724609375
60.73089599609375
55.67247009277344
54.44387435913086
52.71791076660156
53.438899993896484
58.57023620605469
59.1297492980957
62.11808776855469
64.26576232910156
66.4530029296875
65.49286651611328
68.1598129272461
69.64417266845703
70.3504409790039
71.09464263916016
72.16316986083984
72.6585693359375
74.60357666015625
75.71923065185547
76.75631713867188
78.07166290283203
78.9730224609375
79.97030639648438
80.20845031738281
79.98353576660156
79.89903259277344
79.47923278808594
79.09469604492188
78.40550231933594
78.10615539550781
77.51061248779297
77.43529510498047
76.52835845947266
76.4967269897461
76.36419677734375
75.36308288574219
75.08226776123047
75.22151184082031
73.84541320800781
73.18839263916016
73.8242416381836
73.41455078125
74.16766357421875
75.21170043945312
74.67366027832031
74.5969467163086
74.33319091796875
73.982177734375
73.8910140991211
73.48272705078125
74.14329528808594
73.71892547607422
74.61285400390625
75.94721221923828
76.46282196044922
76.41574096679688
76.67648315429688
76.2281265258789
76.48918151855469
76.09678649902344
76.4069595336914
76.43550872802734
76.5899887084961
75.84040069580078
76.48365783691406
76.52721405029297
76.15092468261719
76.30868530273438
76.80892181396484
77.25178527832031
76.97396850585938
77.52479553222656
77.47144317626953
77.91133880615234
78.03341674804688
78.23245239257812
78.29066467285156
78.7222671508789
78.97605895996094
79.63534545898438
79.89994812011719
80.03857421875
80.64887237548828
81.4028091430664
81.67054748535156
82.04995727539062
82.47216796875
82.31453704833984
81.41915130615234
80.23316955566406
78.21086883544922
75.97196960449219
74.33356475830078
72.4635009765625
73.71315002441406
73.77635192871094
74.77971649169922
75.91714477539062
77.10783386230469
78.5235595703125
78.98900604248047
80.15809631347656
80.86260223388672
81.78015899658203
82.53706359863281
83.5012435913086
84.27749633789062
84.95181274414062
85.60382843017578
85.82061004638672
86.14446258544922
85.98439025878906
85.77285766601562
85.18085479736328
84.43864440917969
83.80558013916016
83.15074157714844
82.6106948852539
82.23223876953125
82.50753021240234
82.75102996826172
83.05072784423828
83.35470581054688
83.25129699707031
83.12628936767578
82.81686401367188
82.9945297241211
82.38557434082031
82.16456604003906
82.1241226196289
81.7912368774414
81.6911392211914
81.67367553710938
81.87800598144531
81.74954223632812
81.5731430053711
82.02955627441406
82.02216339111328
81.59390258789062
80.91131591796875
79.07390594482422
77.42434692382812
74.69007873535156
70.32026672363281
68.5928726196289
65.69934844970703
66.31256866455078
67.54027557373047
68.53482055664062
69.68214416503906
70.37580871582031
70.2159423828125
70.18820190429688
70.6350326538086
69.54679870605469
67.85647583007812
69.07315826416016
67.1664810180664
67.21697235107422
65.51422882080078
68.23851776123047
66.42790222167969
68.02577209472656
68.12507629394531
68.14348602294922
68.3038101196289
67.00525665283203
65.97484588623047
66.8290786743164
69.03739929199219
68.2960205078125
69.9024429321289
70.75899505615234
70.1494140625
69.7656021118164
69.10401916503906
67.88694763183594
67.64151763916016
67.88445281982422
68.14732360839844
66.35413360595703
66.3875503540039
62.22853088378906
63.329708099365234
64.18135070800781
64.05913543701172
64.91460418701172
63.9055290222168
65.97345733642578
68.39289855957031
70.98081970214844
72.40022277832031
73.62313842773438
74.31015014648438
75.12026977539062
75.00987243652344
75.07923126220703
75.79854583740234
75.53931427001953
74.8760986328125
73.50996398925781
73.15614318847656
71.57245635986328
70.3662109375
