72.91535186767578
77.19482421875
77.72698974609375
52.3167610168457
77.62041473388672
73.20195770263672
64.53245544433594
72.29533386230469
62.17291259765625
66.11327362060547
69.5666275024414
57.81903076171875
65.6064224243164
54.24464416503906
46.89186477661133
63.23663330078125
58.16618347167969
63.527381896972656
64.47640228271484
48.470184326171875
70.14889526367188
67.56829833984375
66.54109954833984
72.10262298583984
64.80474090576172
65.97870635986328
67.30038452148438
52.09172439575195
64.381591796875
62.511131286621094
54.092262268066406
64.95893859863281
53.425865173339844
55.47340393066406
61.333656311035156
56.03535079956055
62.820770263671875
63.8686408996582
57.575172424316406
62.09809494018555
57.38276290893555
62.739810943603516
65.2047119140625
51.15542221069336
65.47254943847656
63.81482696533203
56.45463562011719
68.7278823852539
61.781620025634766
67.0876235961914
69.62506866455078
44.54843521118164
69.80891418457031
68.75794219970703
66.40565490722656
72.43541717529297
65.58040618896484
69.37805938720703
72.37179565429688
56.26199722290039
73.7519302368164
71.85002899169922
65.47612762451172
74.87432098388672
66.12347412109375
73.17605590820312
77.32772827148438
53.212432861328125
77.74825286865234
76.72809600830078
72.85465240478516
82.0233154296875
75.1075210571289
80.67877960205078
83.67349243164062
46.87091064453125
83.11296844482422
79.50001525878906
71.83800506591797
79.32402801513672
68.6889419555664
74.22407531738281
75.5770263671875
50.24980545043945
73.74079132080078
71.42623901367188
66.53142547607422
73.8643798828125
67.72437286376953
69.40171813964844
72.88287353515625
50.11675262451172
74.18467712402344
71.09850311279297
65.3869400024414
74.60879516601562
67.28868865966797
71.945556640625
74.92436218261719
48.68068313598633
75.82450103759766
73.15615844726562
68.35112762451172
77.24674987792969
69.64347076416016
75.23311614990234
77.13631439208984
44.5461311340332
77.21580505371094
75.11517333984375
70.59879302978516
79.51004028320312
71.2462387084961
76.20838928222656
78.98993682861328
52.53532409667969
79.92481231689453
77.6924819946289
71.28126525878906
79.3307876586914
70.73411560058594
74.01859283447266
75.858154296875
47.582481384277344
76.21937561035156
74.64360809326172
69.45989227294922
79.23805236816406
70.99149322509766
77.51596069335938
80.4314193725586
53.05257797241211
81.53604125976562
80.12455749511719
75.43942260742188
84.3255844116211
77.07398986816406
82.91658020019531
85.84233856201172
53.69459915161133
86.78570556640625
83.65386962890625
77.94100952148438
84.61710357666016
75.84036254882812
79.62977600097656
82.15380096435547
43.28310775756836
82.71314239501953
80.52620697021484
75.83540344238281
84.04883575439453
75.65955352783203
82.19229888916016
85.17195892333984
55.09488296508789
86.55308532714844
85.0389404296875
80.91950988769531
89.94342803955078
82.94293975830078
89.40118408203125
92.92375946044922
47.84821701049805
94.96876525878906
92.82898712158203
87.27587127685547
94.7481689453125
85.41036987304688
89.59114837646484
90.95665740966797
41.19978713989258
89.27753448486328
86.47921752929688
81.06614685058594
90.4595947265625
84.02679443359375
91.38634490966797
95.8104019165039
59.548465728759766
97.68970489501953
95.4334945678711
90.013916015625
98.31046295166016
89.70326232910156
95.29012298583984
97.6583480834961
52.33259201049805
97.73136138916016
95.52857971191406
90.52761840820312
98.984375
90.69055938720703
96.09909057617188
98.3490982055664
54.66105651855469
98.057861328125
95.2867431640625
89.26090240478516
96.93689727783203
87.63983154296875
92.31902313232422
93.63965606689453
50.40143585205078
91.60355377197266
88.20057678222656
82.32537078857422
89.66350555419922
80.94867706298828
84.9066390991211
86.5878677368164
53.84583282470703
85.39849090576172
82.22364044189453
76.59817504882812
84.93668365478516
76.146240234375
81.67095947265625
84.14229583740234
44.89201354980469
84.23860931396484
82.00245666503906
75.88850402832031
84.5806884765625
75.94943237304688
80.35009765625
81.83302307128906
54.13725662231445
81.14676666259766
78.29478454589844
72.14146423339844
79.5653305053711
70.41507720947266
74.22216033935547
75.15797424316406
49.01617431640625
69.79464721679688
64.51829528808594
54.87462615966797
53.17582702636719
56.7896614074707
56.06208801269531
62.50324630737305
45.17576599121094
68.15084075927734
67.79161071777344
62.107723236083984
71.79176330566406
61.817138671875
70.94388580322266
74.77230834960938
49.85824203491211
75.74122619628906
73.9818344116211
71.13230895996094
78.76573181152344
70.98689270019531
75.37908172607422
77.61192321777344
52.03807830810547
77.90726470947266
74.66849517822266
69.27995300292969
78.16921997070312
67.6536865234375
74.43824768066406
75.85516357421875
50.98830795288086
72.78697204589844
66.79193878173828
63.645179748535156
71.56840515136719
63.19034957885742
71.74596405029297
75.4906234741211
51.147682189941406
77.62896728515625
76.24080657958984
70.1551513671875
78.9468002319336
71.71862030029297
76.31756591796875
78.34742736816406
44.9569206237793
78.05656433105469
76.17921447753906
71.3117446899414
79.59176635742188
71.52465057373047
77.36988067626953
79.32994079589844
32.52315139770508
79.73934173583984
78.01644897460938
72.78417205810547
81.67198181152344
73.56873321533203
78.92101287841797
81.84384155273438
51.95161819458008
82.82315063476562
81.3407211303711
77.0626220703125
85.58373260498047
77.33222961425781
83.3226089477539
85.6788330078125
40.898719787597656
85.13580322265625
81.83644104003906
76.07819366455078
83.49345397949219
74.22362518310547
78.80536651611328
80.51567840576172
48.173011779785156
79.10946655273438
76.68350219726562
70.90505981445312
78.41639709472656
69.66703033447266
74.8021240234375
76.39550018310547
55.8227653503418
75.62145233154297
72.97277069091797
66.84611511230469
73.55390167236328
65.85901641845703
70.12907409667969
73.93203735351562
44.45224380493164
76.01673126220703
74.81780242919922
69.8165512084961
79.38724517822266
72.11030578613281
77.95008087158203
80.80628967285156
46.41392135620117
81.10731506347656
79.32861328125
74.38330841064453
83.72352600097656
76.25859832763672
81.39454650878906
85.01339721679688
50.97578048706055
85.61064910888672
83.18712615966797
77.00978088378906
83.38874053955078
73.23804473876953
77.65435791015625
78.56078338623047
56.499488830566406
75.01429748535156
71.63286590576172
66.48658752441406
72.48457336425781
64.36439514160156
69.921630859375
73.00060272216797
42.06821823120117
74.5207290649414
73.44685363769531
69.96420288085938
78.17862701416016
70.41734313964844
76.20507049560547
78.82228088378906
48.866554260253906
79.39612579345703
76.83568572998047
69.7587661743164
78.27787017822266
69.0799789428711
73.39298248291016
74.92704772949219
53.29786682128906
72.3177261352539
70.2357406616211
67.09605407714844
73.51941680908203
66.8932876586914
72.59982299804688
75.70377349853516
49.3769645690918
77.7146224975586
76.592041015625
72.84627532958984
81.93152618408203
74.30052185058594
80.39092254638672
83.57038116455078
50.958126068115234
83.69547271728516
81.39397430419922
75.46763610839844
83.9676742553711
75.72687530517578
81.61783599853516
84.56526184082031
46.03179931640625
84.65789794921875
82.03164672851562
75.765625
83.64090728759766
75.8254623413086
79.26277160644531
81.29280090332031
42.91432571411133
80.54009246826172
78.02400207519531
72.47434997558594
80.27926635742188
71.26025390625
77.1623764038086
79.29491424560547
51.63471603393555
78.71190643310547
75.8563232421875
71.3670425415039
78.80880737304688
70.75515747070312
74.99217224121094
77.64376068115234
50.10257339477539
77.76937103271484
76.37633514404297
72.04574584960938
81.78923034667969
74.994140625
81.19538116455078
84.06819915771484
54.196083068847656
85.00859832763672
83.00521087646484
77.65191650390625
86.05003356933594
77.83485412597656
83.30841827392578
85.6977310180664
44.40620040893555
86.1738510131836
84.18236541748047
79.55747985839844
87.95293426513672
80.00614166259766
85.53568267822266
88.08356475830078
51.06264114379883
88.06546020507812
85.27948760986328
78.76399993896484
86.29395294189453
76.56642150878906
79.9217529296875
80.8260498046875
52.36651611328125
76.76193237304688
72.69193267822266
67.40898895263672
74.1235122680664
64.60072326660156
70.63385009765625
73.49099731445312
43.32766342163086
75.25155639648438
73.74713134765625
70.32734680175781
78.23820495605469
70.65928649902344
77.0318374633789
79.98747253417969
47.71769332885742
80.61933135986328
79.22647857666016
73.73106384277344
82.10685729980469
73.22750854492188
78.7874755859375
80.22334289550781
45.75023651123047
78.01273345947266
74.2816162109375
67.77108764648438
74.49835205078125
66.57437896728516
68.8071517944336
69.73773956298828
48.185882568359375
72.1087417602539
70.40557861328125
65.23342895507812
75.3997573852539
68.6462631225586
73.95718383789062
77.24122619628906
48.018959045410156
78.96636962890625
77.5339126586914
72.84419250488281
82.43053436279297
74.99048614501953
81.88117218017578
85.14105224609375
48.81903076171875
87.54828643798828
86.3023681640625
82.2645263671875
91.56791687011719
83.91435241699219
89.36614227294922
91.77935028076172
52.12171173095703
90.7490005493164
87.55245208740234
81.24661254882812
88.8589859008789
79.66451263427734
84.28781127929688
85.72611999511719
35.083580017089844
84.69113159179688
81.9406509399414
76.76958465576172
84.84693908691406
75.52957153320312
80.30211639404297
82.00936889648438
49.26634979248047
80.37891387939453
77.2376937866211
70.92948150634766
78.82317352294922
69.84646606445312
76.15511322021484
79.10353088378906
44.928565979003906
81.48311614990234
80.2807388305664
76.43995666503906
85.43118286132812
77.06905364990234
82.97918701171875
85.1175308227539
49.50914764404297
84.99690246582031
82.46220397949219
77.22314453125
85.19769287109375
76.70465850830078
81.56591033935547
83.34637451171875
42.21359634399414
82.58161163330078
79.52611541748047
73.43791198730469
80.09568786621094
70.24088287353516
76.30504608154297
77.85982513427734
48.55642318725586
77.9007568359375
75.89595794677734
71.33086395263672
79.63778686523438
71.79145050048828
77.48526763916016
79.51628112792969
45.68505859375
80.6626205444336
78.2129898071289
72.17749786376953
81.02748107910156
