67.17671966552734
70.83836364746094
74.82788848876953
58.40288543701172
74.588134765625
70.36671447753906
67.21512603759766
72.5387191772461
60.6119384765625
67.63288879394531
66.36872100830078
39.58904266357422
64.03099060058594
60.678524017333984
56.37311553955078
60.99831771850586
55.666648864746094
57.910282135009766
63.99746322631836
43.86799240112305
65.48004913330078
65.99861145019531
61.15025329589844
69.93119049072266
57.73432540893555
67.0536880493164
66.89476776123047
50.912845611572266
66.83190155029297
59.81755447387695
59.941932678222656
64.72624969482422
59.24407196044922
59.70746994018555
61.29004669189453
48.72442626953125
58.938446044921875
57.51518630981445
41.35550308227539
55.12849426269531
45.433189392089844
55.68886947631836
58.22864532470703
51.54319381713867
61.096893310546875
56.31978988647461
57.490882873535156
66.60948944091797
56.248573303222656
64.68363189697266
67.44730377197266
45.39149475097656
67.33940887451172
66.36946868896484
52.563655853271484
67.43346405029297
61.18196487426758
64.68382263183594
66.6405029296875
53.29217529296875
69.6748275756836
66.85344696044922
64.76984405517578
71.31307983398438
63.50056838989258
69.05831909179688
72.05438232421875
56.77248764038086
70.78349304199219
70.26502990722656
65.5458755493164
72.60651397705078
63.34479522705078
72.95228576660156
75.10176086425781
58.752201080322266
78.3342514038086
76.95453643798828
71.55792236328125
81.88825225830078
76.22266387939453
79.5432357788086
84.2688217163086
66.86720275878906
84.2165298461914
80.5556411743164
76.46842956542969
82.49047088623047
72.27385711669922
78.29794311523438
79.42454528808594
54.77621078491211
77.7054443359375
75.32837677001953
68.28079986572266
76.97901153564453
68.83023834228516
74.02474975585938
76.63276672363281
52.86570358276367
76.68954467773438
74.60316467285156
69.94575500488281
78.28036499023438
69.40772247314453
76.49333190917969
78.68230438232422
56.358070373535156
79.84940338134766
78.23981475830078
72.60452270507812
81.97123718261719
75.43376159667969
78.99032592773438
82.60919952392578
64.16109466552734
82.48753356933594
79.84181213378906
75.42096710205078
81.35926818847656
68.73709869384766
78.1082992553711
77.82624816894531
62.41627502441406
78.15974426269531
74.49966430664062
71.16050720214844
78.7481918334961
70.33889770507812
76.1302719116211
79.16260528564453
59.48374938964844
79.12059783935547
78.1935806274414
69.55059051513672
81.51555633544922
75.91583251953125
78.26220703125
82.50369262695312
69.73612976074219
82.67512512207031
77.91509246826172
77.2220230102539
80.80950164794922
63.25999069213867
79.11717224121094
79.3200454711914
66.1832275390625
81.08523559570312
78.14149475097656
74.4571304321289
82.35704040527344
75.82850646972656
78.9862289428711
82.81929016113281
66.10263061523438
82.30907440185547
81.6715316772461
76.22184753417969
85.20365905761719
76.10861206054688
84.83700561523438
86.0041275024414
72.06854248046875
87.89735412597656
87.21119689941406
79.69274139404297
92.05328369140625
86.1257553100586
90.26447296142578
93.12776947021484
68.00015258789062
93.25759887695312
90.42929077148438
85.83438110351562
93.56291961669922
84.93032836914062
90.43743896484375
92.82555389404297
61.058841705322266
92.939208984375
90.86146545410156
85.14805603027344
94.09857177734375
86.4906234741211
91.25984191894531
93.90823364257812
63.242530822753906
93.73612976074219
90.9817886352539
85.81804656982422
93.12794494628906
83.25225830078125
88.78668975830078
89.91645812988281
61.29547119140625
87.79841613769531
84.67061614990234
76.6792984008789
85.01094055175781
75.7510986328125
79.53478240966797
80.95706176757812
60.84559631347656
80.19850158691406
76.6781997680664
72.65553283691406
79.45337677001953
70.52455139160156
75.09295654296875
77.4010238647461
55.184574127197266
76.27009582519531
73.65455627441406
68.63355255126953
76.46559143066406
67.77377319335938
74.6011962890625
76.83916473388672
50.98223114013672
77.10627746582031
74.25442504882812
68.16827392578125
76.8401107788086
69.05411529541016
71.51341247558594
73.35596466064453
52.617801666259766
70.57816314697266
67.58659362792969
60.26063919067383
66.25824737548828
52.01093673706055
64.69854736328125
63.24709701538086
44.39045333862305
64.06008911132812
62.108150482177734
45.539642333984375
61.33609390258789
56.05265808105469
60.80915451049805
62.678932189941406
46.153621673583984
67.86618041992188
66.98056030273438
61.189205169677734
70.88875579833984
65.99181365966797
68.8473129272461
73.78192138671875
54.29757308959961
73.73097229003906
71.88398742675781
67.72760009765625
74.65821075439453
64.47332763671875
71.67042541503906
72.59339141845703
52.51279067993164
71.84207153320312
69.52580261230469
63.31732940673828
71.08668518066406
63.02330780029297
64.68513488769531
68.3136978149414
49.87054443359375
68.14473724365234
65.79273223876953
63.559452056884766
72.57707214355469
65.36365509033203
71.40853118896484
74.9962387084961
49.103736877441406
76.54349517822266
75.12008666992188
70.10309600830078
79.03407287597656
70.89879608154297
76.4694595336914
78.50312805175781
50.39153289794922
78.82417297363281
76.58428955078125
71.06997680664062
79.68497467041016
71.6130599975586
76.49543762207031
78.85277557373047
48.99217987060547
79.05815124511719
76.47914123535156
71.8765869140625
79.88569641113281
71.68707275390625
77.660400390625
80.9287338256836
51.11420440673828
82.12531280517578
80.76962280273438
75.54047393798828
84.24372863769531
76.21963500976562
81.85768127441406
83.84223175048828
53.92051315307617
83.61650848388672
80.49594116210938
75.75115966796875
82.97622680664062
73.9399185180664
78.33425903320312
80.4057388305664
57.1701774597168
78.7240982055664
76.40052032470703
69.5422134399414
78.21453857421875
68.62271118164062
75.41352844238281
76.95867156982422
56.26609420776367
77.62983703613281
75.15975952148438
69.01188659667969
78.08808898925781
70.5693588256836
74.0599594116211
77.10971069335938
54.2005729675293
76.72830963134766
74.4992446899414
70.96843719482422
78.46784210205078
68.91443634033203
77.42825317382812
79.54344940185547
59.49631118774414
80.83158874511719
79.72520446777344
72.1531753540039
83.24677276611328
76.84524536132812
80.68427276611328
83.11103820800781
63.16462707519531
81.45318603515625
76.75886535644531
72.7268295288086
77.83342742919922
68.09425354003906
71.65029907226562
72.89545440673828
55.1349983215332
69.97528076171875
66.95142364501953
62.68978500366211
69.65900421142578
57.209129333496094
67.97413635253906
70.36103057861328
46.91078186035156
71.47168731689453
69.57474517822266
64.97006225585938
73.7271728515625
65.62311553955078
71.34115600585938
74.3039779663086
47.71415328979492
73.07318878173828
69.99012756347656
64.01757049560547
72.34186553955078
63.18980407714844
70.22265625
71.98535919189453
50.108707427978516
74.81388854980469
73.2419662475586
68.3967056274414
78.89102935791016
74.12386322021484
77.07796478271484
81.5692138671875
63.19139862060547
82.1047134399414
78.22320556640625
74.6785888671875
80.41156005859375
70.6387710571289
76.10650634765625
77.79401397705078
56.86756134033203
77.18016815185547
75.9874496459961
69.32181549072266
79.00819396972656
70.4779052734375
76.75344848632812
78.51905059814453
54.171878814697266
78.96041870117188
76.09154510498047
70.90371704101562
78.96630859375
71.49795532226562
74.82038116455078
77.39073181152344
53.41608428955078
76.24715423583984
73.83470153808594
68.06763458251953
76.50533294677734
67.65625762939453
74.44026947021484
76.37222290039062
50.93629455566406
76.48818969726562
74.47801971435547
68.97464752197266
78.10874938964844
70.21001434326172
75.65742492675781
78.52963256835938
41.050106048583984
79.26721954345703
76.95355987548828
72.93604278564453
80.56674194335938
71.92680358886719
77.70316314697266
80.15318298339844
52.414512634277344
80.07050323486328
78.01535034179688
72.50578308105469
81.55577850341797
72.87188720703125
79.06652069091797
81.65331268310547
48.85874557495117
82.60778045654297
80.90873718261719
75.53205108642578
84.40322875976562
76.70394134521484
81.54769897460938
83.75582122802734
55.364505767822266
82.57843017578125
78.8204116821289
72.81365966796875
79.17247772216797
70.04293823242188
71.97169494628906
72.39185333251953
53.14088821411133
64.67894744873047
56.94964599609375
61.66606521606445
69.5053482055664
62.95920944213867
68.52888488769531
72.4810791015625
53.76915740966797
72.64810943603516
72.23004150390625
66.51499938964844
76.09514617919922
66.91142272949219
75.62492370605469
77.92117309570312
50.99184036254883
79.93489074707031
78.16790008544922
73.06590270996094
82.2861557006836
75.7346420288086
79.59498596191406
82.7302017211914
57.27871322631836
82.44619750976562
79.70580291748047
74.50306701660156
81.52628326416016
71.65876770019531
77.28313446044922
77.7490463256836
56.27834701538086
75.95486450195312
73.17691802978516
64.84747314453125
73.60897064208984
67.25862884521484
69.22962951660156
73.24799346923828
54.584373474121094
76.45989227294922
74.48895263671875
73.11195373535156
81.60681915283203
74.8462905883789
80.85060119628906
84.84014129638672
63.563987731933594
86.42342376708984
85.62286376953125
79.921875
88.80686950683594
79.58052825927734
86.0096664428711
87.24019622802734
64.95004272460938
86.58255767822266
83.49187469482422
77.04654693603516
85.87735748291016
78.55354309082031
81.45508575439453
84.12712097167969
57.45767593383789
82.66940307617188
79.32656860351562
74.91741943359375
81.02945709228516
69.9176025390625
76.62764739990234
77.80626678466797
58.37715530395508
78.40481567382812
78.03201293945312
72.46887969970703
81.60775756835938
73.19549560546875
79.57921600341797
81.93029022216797
50.974796295166016
82.46927642822266
80.4147720336914
75.3639144897461
83.46351623535156
75.35589599609375
79.65670013427734
81.62567138671875
53.46831512451172
80.32650756835938
77.5532455444336
70.5022201538086
78.75172424316406
70.13147735595703
75.37525177001953
77.757080078125
51.2439079284668
78.75200653076172
76.71226501464844
72.13770294189453
81.06949615478516
73.6128158569336
78.85759735107422
81.85135650634766
52.93687057495117
82.10739135742188
80.25200653076172
74.52238464355469
82.73249816894531
73.4139404296875
79.05316162109375
80.48672485351562
56.899444580078125
79.2258529663086
75.92029571533203
69.44486999511719
76.92872619628906
