69.39716339111328
74.9908676147461
79.38072967529297
58.52515411376953
82.01588439941406
80.11042785644531
74.25193786621094
81.46453094482422
73.80188751220703
75.6319580078125
75.32191467285156
51.39683532714844
71.82565307617188
68.35153198242188
58.357662200927734
66.85609436035156
48.01936340332031
63.27021026611328
66.8133773803711
53.56157684326172
64.81399536132812
66.81538391113281
59.41205978393555
69.88858032226562
63.7089729309082
72.41461181640625
74.28789520263672
50.96366882324219
75.36271667480469
70.00174713134766
63.87807083129883
69.61808776855469
60.09855651855469
62.61760711669922
65.59494018554688
51.33533477783203
61.42837142944336
62.615089416503906
61.857521057128906
64.48870849609375
57.423152923583984
61.12715148925781
65.0379638671875
53.97039794921875
63.79590606689453
64.47162628173828
56.70168685913086
66.77664184570312
60.97272872924805
66.02205657958984
69.15953826904297
57.41646957397461
71.4291763305664
69.00376892089844
65.51956939697266
73.01470947265625
59.42717742919922
70.41009521484375
72.49370574951172
54.949459075927734
73.14893341064453
70.8193359375
65.54740905761719
74.42524719238281
66.96709442138672
71.63363647460938
75.33820343017578
53.01128387451172
76.29742431640625
74.17314910888672
70.67485809326172
78.5681381225586
69.87075805664062
76.5328140258789
80.07896423339844
21.18025779724121
80.5304183959961
79.98001098632812
74.9857406616211
84.98723602294922
78.4582290649414
84.6268081665039
88.5798110961914
52.387142181396484
89.39923858642578
85.97303771972656
79.77690124511719
86.80113220214844
76.84168243408203
81.51022338867188
83.24617767333984
52.7882194519043
81.90263366699219
79.04302978515625
73.58146667480469
81.89857482910156
73.11371612548828
78.8609848022461
80.6481704711914
48.818359375
81.47188568115234
78.77359008789062
74.63977813720703
82.9231948852539
74.61666107177734
80.08159637451172
83.32254028320312
39.62803649902344
84.18572998046875
82.46329498291016
76.74685668945312
86.50565338134766
78.76600646972656
84.75981140136719
87.63993835449219
52.587677001953125
88.45451354980469
85.62122344970703
80.4755630493164
87.31121063232422
77.701416015625
81.8105239868164
83.20540618896484
50.923431396484375
81.4105453491211
78.40318298339844
73.41693115234375
81.71540069580078
73.72659301757812
79.20935821533203
82.11701965332031
54.87112808227539
83.0147476196289
81.18087768554688
75.63475036621094
85.2540512084961
77.66905212402344
83.7375259399414
86.82293701171875
44.461639404296875
88.17613983154297
86.20036315917969
79.255615234375
87.32237243652344
77.54119110107422
82.14842224121094
84.22130584716797
51.011940002441406
84.16714477539062
82.03157043457031
77.020263671875
85.74162292480469
78.03591918945312
83.57589721679688
86.74877166748047
48.6842155456543
88.1116714477539
86.7076187133789
82.45913696289062
91.28929138183594
82.82623291015625
88.25092315673828
89.35286712646484
56.66246032714844
88.60060119628906
88.65863800048828
84.85753631591797
95.45732879638672
88.41393280029297
94.51737976074219
96.92527770996094
56.03240203857422
96.6041488647461
93.99716186523438
88.48348999023438
96.62866973876953
87.9815673828125
93.60261535644531
95.7896957397461
57.33241271972656
96.06889343261719
93.96849060058594
88.81272888183594
97.33832550048828
89.2315673828125
94.82919311523438
97.34090423583984
57.95092010498047
97.30886840820312
94.51470947265625
88.78192901611328
96.29703521728516
86.89348602294922
91.32601928710938
92.49678802490234
57.889366149902344
90.2517318725586
86.80298614501953
80.14035034179688
87.46297454833984
78.14830780029297
82.45793914794922
83.59271240234375
53.40657043457031
82.11198425292969
79.20636749267578
73.13435363769531
81.0162582397461
71.39569091796875
77.26215362548828
78.64804077148438
53.742488861083984
78.7967758178711
76.70694732666016
71.5377197265625
79.74983215332031
72.42243957519531
77.95536041259766
80.33399963378906
50.61606216430664
80.19976043701172
78.00904083251953
72.44451141357422
80.30924224853516
71.1175308227539
75.90394592285156
77.7627182006836
53.421531677246094
75.87490844726562
73.61585235595703
69.10086822509766
75.93936920166016
69.3262939453125
71.73201751708984
74.44159698486328
49.422752380371094
73.44970703125
69.98387145996094
61.55731201171875
70.18241119384766
61.31351089477539
66.89476776123047
69.96831512451172
52.77240753173828
69.54753875732422
69.27996063232422
65.39331817626953
72.86407470703125
66.38629150390625
73.89979553222656
77.42512512207031
50.944435119628906
79.3427505493164
77.33113861083984
71.4784927368164
79.41535186767578
70.68952178955078
74.41841888427734
76.24451446533203
56.85798263549805
74.063720703125
71.14022827148438
64.9322738647461
72.66673278808594
63.11666488647461
68.27243041992188
70.0522232055664
49.45661544799805
70.70850372314453
67.23284149169922
67.09017181396484
76.76597595214844
69.22623443603516
76.29922485351562
79.7490463256836
45.03580856323242
81.4248275756836
79.89431762695312
74.59991455078125
83.5672836303711
75.27360534667969
80.52540588378906
82.8594741821289
52.67798614501953
82.85816192626953
80.57306671142578
75.68547821044922
84.19538116455078
75.65528106689453
81.34528350830078
83.8143310546875
42.007667541503906
83.63087463378906
81.81116485595703
76.62594604492188
84.66397094726562
77.36017608642578
82.18949127197266
85.39165496826172
50.900657653808594
87.05172729492188
85.3310775756836
80.95918273925781
89.44903564453125
81.22158813476562
86.87799072265625
88.77987670898438
50.659278869628906
87.9840316772461
85.001708984375
79.03522491455078
86.86861419677734
77.79840087890625
82.78655242919922
84.44969177246094
45.13929748535156
83.94408416748047
81.00775909423828
75.27912139892578
83.21890258789062
74.1121826171875
79.46354675292969
81.3524169921875
53.483116149902344
81.11103820800781
78.7934799194336
73.27951049804688
81.25708770751953
72.910888671875
79.26937103271484
81.57056427001953
40.732791900634766
81.80106353759766
79.31092071533203
74.81072998046875
83.43841552734375
75.2970199584961
80.79850006103516
84.2265625
53.38123321533203
85.38360595703125
83.86858367919922
79.64136505126953
88.77391052246094
81.00511169433594
87.24835205078125
89.32036590576172
52.366912841796875
87.00823211669922
82.49613952636719
76.00312042236328
82.38951110839844
72.28553771972656
75.8724594116211
76.49281311035156
34.401058197021484
73.72604370117188
72.00961303710938
65.16295623779297
72.52395629882812
65.28863525390625
69.43690490722656
72.32969665527344
51.10699462890625
74.07010650634766
72.0265121459961
69.13157653808594
76.9046630859375
69.72212982177734
74.76663208007812
77.31957244873047
52.5074462890625
76.77680969238281
74.19418334960938
68.97891235351562
76.33132934570312
68.67105865478516
72.68468475341797
75.51815795898438
52.75752639770508
77.04554748535156
76.20195770263672
72.16547393798828
82.20195770263672
75.0103759765625
82.18798828125
86.2115249633789
58.60914993286133
87.52491760253906
84.47004699707031
78.23607635498047
85.46212768554688
76.61572265625
81.35185241699219
82.61212158203125
55.044471740722656
81.71654510498047
79.30693054199219
73.5909652709961
82.23334503173828
73.93787384033203
79.39556121826172
81.708740234375
50.51201629638672
81.79714965820312
78.8439712524414
73.54755401611328
81.33869171142578
72.6501693725586
78.06287384033203
79.85354614257812
50.52372741699219
79.17955017089844
76.388671875
71.4454574584961
79.2253646850586
70.41251373291016
75.82759094238281
78.3510971069336
55.71549987792969
80.35391235351562
78.85954284667969
74.70558166503906
83.55217742919922
75.4402084350586
81.26819610595703
83.50537872314453
43.244876861572266
83.63894653320312
81.1630630493164
75.61642456054688
84.11653900146484
76.01876831054688
81.2630844116211
83.77439880371094
55.673160552978516
84.0160140991211
81.65328216552734
76.49523162841797
85.34920501708984
77.07566833496094
82.88142395019531
85.3532485961914
50.301029205322266
86.2867660522461
84.16374969482422
79.18335723876953
87.24321746826172
78.12971496582031
83.2739486694336
84.68206787109375
54.93439865112305
81.45404052734375
77.85804748535156
70.70988464355469
78.67317199707031
69.418701171875
74.8281021118164
77.09449005126953
42.327789306640625
75.70914459228516
72.51632690429688
68.4770278930664
76.33345794677734
69.17282104492188
75.0264892578125
77.7950439453125
49.9139518737793
79.51042175292969
77.99006652832031
73.92127227783203
82.630615234375
75.16572570800781
81.09133911132812
83.9510726928711
43.66633224487305
85.40216827392578
83.55243682861328
79.38752746582031
87.8864517211914
79.25325012207031
85.31922912597656
87.9997329711914
51.88536071777344
87.35507202148438
84.62621307373047
78.23629760742188
85.56459045410156
76.2751693725586
80.70895385742188
81.5177001953125
56.464420318603516
79.48887634277344
76.41886901855469
70.2657241821289
78.2784423828125
68.9908218383789
75.55325317382812
78.97496032714844
54.19715118408203
81.1246337890625
80.07306671142578
76.32583618164062
85.87359619140625
78.7912826538086
85.78646850585938
89.42753601074219
40.347068786621094
91.65149688720703
89.98699951171875
85.44636535644531
93.53893280029297
84.64997863769531
89.85353088378906
91.42212677001953
53.20391082763672
90.14866638183594
87.00691986083984
81.51058197021484
89.37635803222656
80.95632934570312
86.34555053710938
88.12382507324219
49.72263717651367
87.44664001464844
84.59561920166016
78.31925964355469
86.17130279541016
76.32059478759766
81.94129180908203
83.83905792236328
55.05620193481445
83.87308502197266
81.45446014404297
76.82772064208984
85.20861053466797
77.23694610595703
82.66925048828125
85.31484985351562
53.811763763427734
85.63050842285156
83.40371704101562
78.58570098876953
87.03398895263672
78.16529083251953
84.11730194091797
85.7180404663086
55.69319534301758
84.55652618408203
81.70238494873047
75.87735748291016
83.25798034667969
74.13227844238281
79.22188568115234
81.91218566894531
47.034332275390625
82.57899475097656
81.02600860595703
76.2288818359375
85.0541763305664
77.55213165283203
83.21722412109375
85.9145278930664
54.483821868896484
85.74734497070312
82.78497314453125
77.2643814086914
84.63851165771484
75.97541809082031
79.97856140136719
82.04155731201172
51.764591217041016
81.01033782958984
78.16204833984375
71.8097915649414
78.87786102294922
