75.40689086914062
76.07921600341797
71.69094848632812
74.91789245605469
73.89724731445312
66.15403747558594
72.8558349609375
64.31088256835938
71.76011657714844
64.04057312011719
69.40846252441406
66.12709045410156
65.64213562011719
66.43191528320312
60.58662796020508
64.30104064941406
52.50767135620117
65.45916748046875
63.24853515625
67.39595031738281
60.13703155517578
68.77796936035156
67.63665771484375
68.98904418945312
67.43559265136719
68.96955108642578
63.29161834716797
69.56999206542969
59.18620681762695
65.99270629882812
55.560611724853516
65.72683715820312
62.008018493652344
63.6263542175293
62.44190979003906
61.18167495727539
65.49053192138672
50.65979766845703
64.42595672607422
51.82094192504883
66.82064056396484
56.713958740234375
66.7864761352539
66.2287826538086
59.801692962646484
66.14869689941406
60.08461380004883
70.01211547851562
61.33843231201172
67.53700256347656
64.95455932617188
67.24950408935547
69.061767578125
64.57814025878906
70.40288543701172
62.02475357055664
71.38897705078125
68.2847671508789
68.38968658447266
68.86603546142578
66.35505676269531
71.60049438476562
66.24320220947266
72.93265533447266
70.1661148071289
71.9337158203125
73.3641128540039
72.07659912109375
74.80538177490234
73.23571014404297
76.65174865722656
75.62916564941406
78.22246551513672
78.36254119873047
79.53797912597656
79.60231018066406
78.41960144042969
78.21321105957031
74.4057846069336
75.9361343383789
71.35436248779297
73.5504379272461
70.95488739013672
70.36004638671875
71.53717803955078
67.5557632446289
71.5381088256836
67.79216766357422
71.0771255493164
67.88310241699219
68.19818115234375
70.50943756103516
64.84065246582031
71.1936264038086
68.43877410888672
70.69515228271484
70.19953918457031
69.07837677001953
72.85018157958984
67.83220672607422
73.29042053222656
71.24794006347656
72.49711608886719
73.85504150390625
72.39591979980469
75.77501678466797
72.12886810302734
75.21142578125
73.35842895507812
75.10050201416016
75.74195861816406
75.3163070678711
77.25508880615234
76.25255584716797
78.03181457519531
76.6458969116211
79.09871673583984
77.8795394897461
79.14773559570312
78.0247573852539
78.46469116210938
76.04489135742188
76.795654296875
74.36039733886719
74.58267974853516
73.99449920654297
74.78909301757812
74.05252838134766
75.4921646118164
75.86433410644531
74.60609436035156
77.15655517578125
75.22344970703125
78.33935546875
77.60920715332031
79.62116241455078
78.9113540649414
80.87919616699219
81.10211944580078
82.02640533447266
81.55653381347656
81.95398712158203
80.88072204589844
80.2073745727539
79.61471557617188
78.98141479492188
79.85137176513672
79.08968353271484
80.14032745361328
79.18831634521484
80.90152740478516
80.0689468383789
81.83953094482422
81.54728698730469
82.59204864501953
83.2738265991211
83.54750061035156
85.25792694091797
85.54133605957031
87.14311218261719
87.45765686035156
89.34571075439453
90.19095611572266
91.2440185546875
91.60206604003906
91.2740478515625
91.07704162597656
89.8715591430664
89.440185546875
87.89384460449219
87.71834564208984
86.2774887084961
85.73111724853516
85.13145446777344
83.83280181884766
84.77670288085938
84.39007568359375
87.4493179321289
89.59566497802734
90.81004333496094
91.70752716064453
91.33213806152344
91.60203552246094
91.05482482910156
91.37663269042969
91.05603790283203
91.21541595458984
91.32754516601562
91.37772369384766
91.69562530517578
91.61763000488281
92.12693786621094
92.10041809082031
92.36498260498047
92.08839416503906
91.99848175048828
91.53849792480469
90.97869110107422
90.41293334960938
89.19287109375
88.63583374023438
86.78123474121094
86.58981323242188
84.92097473144531
84.33334350585938
82.81124114990234
81.72368621826172
81.13036346435547
79.81572723388672
79.8138656616211
77.99398803710938
78.04097747802734
76.90543365478516
76.05350494384766
76.80082702636719
74.65473937988281
76.673095703125
74.65361785888672
75.95352172851562
75.96119689941406
75.24601745605469
77.1357421875
75.28388214111328
77.28205871582031
75.50808715820312
76.61915588378906
75.72594451904297
75.45556640625
75.7952651977539
72.78668212890625
74.21601104736328
70.5987548828125
72.99531555175781
69.43794250488281
69.83868408203125
64.48628234863281
61.691383361816406
57.50123977661133
54.04014205932617
47.472412109375
61.6665153503418
55.528724670410156
62.066307067871094
63.57744216918945
62.690773010253906
67.61463165283203
61.91736602783203
68.90863800048828
66.95201873779297
71.03045654296875
71.17281341552734
70.50342559814453
73.69200134277344
72.5738296508789
74.57064056396484
73.55712890625
75.31534576416016
72.265380859375
73.9607925415039
72.53565216064453
71.336181640625
73.113525390625
69.16914367675781
72.2579574584961
67.95513916015625
68.0704574584961
65.8561019897461
64.7659683227539
66.02774810791016
61.098785400390625
67.24024200439453
66.45280456542969
69.02645874023438
72.43330383300781
69.7413330078125
74.44120025634766
73.5093994140625
75.56805419921875
74.51605987548828
75.59314727783203
75.40629577636719
75.04476165771484
76.14424133300781
74.42513275146484
76.7553482055664
74.26393127441406
76.59378051757812
75.74406433105469
75.62317657470703
76.32516479492188
76.04232788085938
77.11894226074219
75.8873519897461
77.7342300415039
76.29428100585938
77.83861541748047
77.58382415771484
77.70469665527344
78.40190887451172
77.88143920898438
79.83451843261719
78.55921936035156
80.21258544921875
79.88206481933594
80.44784545898438
80.54313659667969
80.15930938720703
80.40560150146484
78.4579849243164
79.25575256347656
77.27595520019531
78.26319122314453
75.9933853149414
76.59313201904297
75.23799133300781
74.79811096191406
74.98546600341797
71.95222473144531
73.48314666748047
71.33946228027344
71.9669189453125
69.59418487548828
67.95694732666016
71.21833038330078
70.45901489257812
73.98399353027344
73.12390899658203
74.60414123535156
73.33934020996094
74.10646057128906
74.96363830566406
73.0333480834961
75.41175079345703
72.85569763183594
74.91309356689453
73.74564361572266
73.02782440185547
74.37047576904297
73.49104309082031
75.20948028564453
73.74427795410156
75.9027099609375
75.9339828491211
76.01301574707031
77.12306213378906
76.94163513183594
78.9488525390625
78.51068115234375
80.14641571044922
80.05937957763672
80.5335693359375
80.00650024414062
78.7475357055664
77.48609924316406
75.07923889160156
74.94587707519531
71.31058502197266
71.66590118408203
69.73308563232422
70.34346008300781
68.89634704589844
68.09394836425781
71.6363296508789
67.73778533935547
71.39147186279297
69.71559143066406
72.04955291748047
73.16822814941406
72.19903564453125
74.22382354736328
72.52241516113281
74.58724975585938
72.7239761352539
72.30083465576172
72.0712890625
69.53373718261719
70.62493896484375
64.20451354980469
68.37545013427734
67.11367797851562
65.69413757324219
69.49452209472656
66.00540161132812
69.18693542480469
69.08094024658203
70.86619567871094
72.8735580444336
72.60194396972656
75.38970184326172
75.16204071044922
77.40984344482422
76.88746643066406
78.74903106689453
78.64330291748047
78.69271087646484
79.61675262451172
78.64373016357422
79.62910461425781
79.35050201416016
80.47804260253906
80.3816909790039
80.4771499633789
79.47364807128906
78.57701873779297
78.91313934326172
77.3707275390625
77.86481475830078
76.10015869140625
76.66192626953125
76.19573974609375
75.1593246459961
75.7114486694336
74.08235168457031
75.29501342773438
73.74191284179688
74.0591812133789
73.71568298339844
72.587158203125
74.04719543457031
71.21379089355469
73.13824462890625
71.67566680908203
71.85256958007812
71.69615173339844
70.42096710205078
72.95970916748047
70.06396484375
72.9861068725586
72.94696044921875
73.109619140625
75.54428100585938
75.99925994873047
78.64868927001953
78.0224609375
79.0596923828125
79.21564483642578
79.01679992675781
79.18964385986328
79.00836181640625
79.4021224975586
78.97711181640625
79.94771575927734
79.46629333496094
79.9041748046875
80.31766510009766
79.9439697265625
81.06100463867188
80.63780212402344
81.4161148071289
81.16290283203125
81.70639038085938
80.8254165649414
80.55162811279297
79.78770446777344
77.47813415527344
76.73310852050781
73.62498474121094
73.640869140625
70.59156799316406
70.04106140136719
68.98210144042969
66.94474029541016
70.02233123779297
68.25340270996094
69.68329620361328
69.24939727783203
68.3126449584961
72.13618469238281
70.62670135498047
72.59322357177734
73.048095703125
74.38812255859375
74.2302474975586
74.50900268554688
76.53875732421875
74.94384765625
77.35311889648438
77.0372085571289
78.326171875
78.48052978515625
78.69632720947266
79.48035430908203
79.42464447021484
80.24197387695312
79.17699432373047
79.93766021728516
78.88297271728516
78.88825988769531
77.86639404296875
77.50406646728516
76.78079223632812
75.34852600097656
75.30313873291016
73.70281219482422
74.54500579833984
74.3414535522461
75.93489074707031
75.98477172851562
77.35832977294922
77.0022201538086
78.81973266601562
78.36643981933594
79.85527038574219
80.16045379638672
81.0909194946289
82.0511474609375
82.42324829101562
83.83763885498047
84.2513427734375
85.25251007080078
85.61053466796875
86.5259017944336
86.07604217529297
86.14315032958984
85.39130401611328
84.55817413330078
83.78985595703125
82.6070785522461
82.24166107177734
80.77594757080078
80.34912109375
79.03226470947266
78.69159698486328
78.072998046875
76.50730895996094
77.03097534179688
76.04069519042969
75.83137512207031
74.3355712890625
74.22117614746094
73.00214385986328
70.65672302246094
72.08578491210938
70.47392272949219
73.00843811035156
74.57124328613281
75.21712493896484
77.21366882324219
77.69049835205078
79.24872589111328
79.43695068359375
79.85535430908203
79.7087631225586
79.45142364501953
79.17254638671875
78.75149536132812
79.119873046875
77.57594299316406
78.48133850097656
77.58016967773438
77.24805450439453
76.8494873046875
75.50428009033203
75.85221862792969
73.49252319335938
74.70838928222656
74.58380889892578
75.13522338867188
76.8628921508789
76.45196533203125
78.34063720703125
77.69677734375
78.78218841552734
79.0206298828125
79.33379364013672
79.71985626220703
78.88742065429688
80.09213256835938
79.33865356445312
79.98861694335938
79.3218994140625
79.7235107421875
79.20333099365234
78.38155364990234
78.95402526855469
78.22705078125
