66.80905151367188
74.13716888427734
78.12667846679688
58.687992095947266
79.28050994873047
77.82212829589844
70.8399887084961
79.18195343017578
68.57506561279297
72.04005432128906
74.05155181884766
48.004173278808594
70.68197631835938
66.64155578613281
55.81209182739258
62.74292755126953
46.507408142089844
63.42152404785156
62.92532730102539
51.798282623291016
64.82667541503906
66.56413269042969
60.741634368896484
71.84708404541016
63.382930755615234
72.3918685913086
74.19334411621094
50.49308395385742
71.56163024902344
68.83130645751953
61.90907287597656
67.10549926757812
57.121971130371094
61.94755172729492
61.909645080566406
36.848018646240234
58.675323486328125
59.72443389892578
50.819339752197266
63.76128005981445
58.63569641113281
58.58587646484375
62.59773635864258
50.19854736328125
65.5009536743164
60.84750747680664
57.97552490234375
66.58585357666016
57.26927947998047
65.5305404663086
69.22978973388672
50.00942611694336
68.0824203491211
66.24048614501953
62.569480895996094
71.37762451171875
65.20930480957031
69.41195678710938
71.10513305664062
49.459320068359375
72.57862854003906
69.34944152832031
64.02323913574219
72.79578399658203
66.31954956054688
70.38558197021484
74.27264404296875
35.74000930786133
74.13327026367188
72.94554138183594
70.32318115234375
76.64701080322266
68.97154235839844
75.29329681396484
78.12818145751953
50.4348258972168
80.14849090576172
78.57923889160156
74.47718811035156
82.99928283691406
75.98793029785156
83.58001708984375
87.10308837890625
45.81781768798828
88.71678924560547
85.61176300048828
80.19670104980469
86.6976089477539
76.97142028808594
81.17816925048828
82.61378479003906
57.01673889160156
81.33870697021484
78.87472534179688
72.25617980957031
80.72907257080078
71.8999252319336
77.93287658691406
80.25943756103516
42.88901138305664
80.30470275878906
78.18641662597656
73.19442749023438
81.56788635253906
73.76510620117188
79.29256439208984
81.90047454833984
49.0457763671875
82.7979507446289
81.34298706054688
76.1982192993164
85.05036926269531
77.95928955078125
83.22974395751953
86.24539947509766
58.202640533447266
87.12965393066406
84.87940979003906
78.62948608398438
85.8569564819336
76.56137084960938
80.39926147460938
81.82490539550781
48.69798278808594
79.95359802246094
77.10631561279297
70.9491958618164
80.16493225097656
72.0685043334961
77.62255096435547
80.33838653564453
53.56828689575195
81.48036193847656
79.0275650024414
74.6587905883789
83.26664733886719
75.54203796386719
82.71989440917969
85.5552749633789
53.61082458496094
86.8807373046875
84.1245346069336
79.75517272949219
86.50335693359375
76.91665649414062
82.08509063720703
83.10983276367188
54.22770309448242
83.19800567626953
80.57006072998047
76.30789947509766
84.27607727050781
76.52510070800781
81.93495178222656
84.91846466064453
50.42878723144531
86.04037475585938
84.14933013916016
78.61463928222656
87.17414093017578
77.15058135986328
84.09883117675781
87.21834564208984
63.48182678222656
92.58544158935547
92.40933227539062
87.56632232666016
97.15849304199219
89.48527526855469
94.1797103881836
96.40608215332031
58.29572296142578
95.73151397705078
93.25550842285156
87.5101089477539
95.85183715820312
87.49933624267578
92.8099365234375
95.24356079101562
55.91294860839844
95.40065002441406
93.3515853881836
88.27274322509766
96.6744384765625
88.63628387451172
93.7410659790039
95.96879577636719
62.3169059753418
94.95138549804688
91.7528305053711
85.31664276123047
92.47517395019531
82.74375915527344
87.26142883300781
88.00726318359375
59.51389694213867
86.01576232910156
82.18767547607422
76.89315795898438
83.99217224121094
73.630615234375
79.7796401977539
81.67406463623047
56.04078674316406
81.44642639160156
79.30709838867188
74.64300537109375
82.78438568115234
74.35140228271484
80.70159912109375
82.97470092773438
49.0887565612793
83.70024871826172
81.88450622558594
77.10441589355469
85.40795135498047
77.56139373779297
82.06550598144531
84.32317352294922
52.84073257446289
83.25437927246094
80.28427124023438
74.35364532470703
81.71894836425781
72.49075317382812
77.2413558959961
78.83877563476562
54.72822189331055
77.02276611328125
73.82334899902344
68.3703384399414
75.46563720703125
66.33666229248047
69.5648193359375
72.21126556396484
49.00597381591797
69.95236206054688
68.80174255371094
62.4796257019043
69.49954223632812
61.46003341674805
67.0897216796875
68.05542755126953
49.84174728393555
69.95018768310547
68.7796859741211
62.620628356933594
73.41027069091797
68.0439453125
73.81900787353516
77.59211730957031
50.34172058105469
76.90565490722656
74.30028533935547
68.8492431640625
76.20603942871094
67.94551849365234
71.27772521972656
73.55050659179688
44.195796966552734
72.61820983886719
70.10616302490234
64.34202575683594
71.36444854736328
62.11833953857422
68.95113372802734
70.35282135009766
39.124176025390625
69.3498764038086
67.75080108642578
64.47541046142578
74.2362289428711
68.28814697265625
75.1319808959961
78.75918579101562
49.083229064941406
80.24296569824219
79.11851501464844
73.72818756103516
82.60021209716797
73.68563079833984
79.66266632080078
82.06963348388672
45.223079681396484
82.34063720703125
80.02178955078125
74.90496063232422
83.27151489257812
74.91612243652344
80.68167114257812
83.09330749511719
44.38116455078125
83.80345916748047
81.6544418334961
76.3758544921875
85.18223571777344
77.52322387695312
83.42088317871094
86.50166320800781
54.03823471069336
87.9074478149414
86.2713623046875
80.75453186035156
89.82411193847656
81.45308685302734
86.19916534423828
88.26905059814453
50.36189270019531
86.93574523925781
83.77754974365234
77.74165344238281
85.39592742919922
76.54247283935547
81.38642120361328
83.00767517089844
44.74374008178711
82.01510620117188
79.36856842041016
73.89785766601562
81.94219970703125
73.40904235839844
78.31251525878906
80.42997741699219
41.07279968261719
80.29346466064453
78.20442199707031
71.7476806640625
80.72920989990234
72.18680572509766
77.62699127197266
80.37934875488281
34.84148406982422
80.71016693115234
78.45482635498047
73.49251556396484
82.51760864257812
74.34849548339844
79.98621368408203
83.50306701660156
48.663330078125
84.6323013305664
83.35774230957031
79.02063751220703
88.02820587158203
80.48722839355469
85.65548706054688
87.69794464111328
56.148353576660156
84.55042266845703
80.69300079345703
74.57969665527344
80.49179077148438
70.7464599609375
74.56623077392578
75.1280517578125
41.80610275268555
73.08826446533203
69.72755432128906
64.79879760742188
72.32684326171875
64.74980926513672
69.65618896484375
72.6222152709961
48.140594482421875
74.34496307373047
72.42996978759766
68.03971862792969
76.48302459716797
66.8182373046875
74.04092407226562
76.75823974609375
41.84944152832031
76.04283905029297
73.1572494506836
67.1557846069336
75.80426025390625
67.10039520263672
71.90658569335938
74.42281341552734
35.59650421142578
77.21324157714844
76.13774871826172
71.98658752441406
82.04277801513672
75.79335021972656
81.8975601196289
85.79991912841797
58.08083724975586
84.91472625732422
81.65825653076172
75.07218170166016
82.34284973144531
73.55329132080078
77.95105743408203
80.08880615234375
54.40705108642578
80.46128845214844
79.05265808105469
73.8989028930664
82.95643615722656
74.53488159179688
79.65177154541016
81.83335876464844
44.4544792175293
81.07514190673828
78.48097229003906
73.2259750366211
81.17987060546875
73.0289077758789
77.01612091064453
79.2474136352539
44.897064208984375
79.24575805664062
76.40507507324219
70.84418487548828
78.9126968383789
70.4765625
76.12004852294922
79.10133361816406
51.42884826660156
80.04146575927734
78.43799591064453
73.80353546142578
82.68206787109375
74.8409652709961
80.14210510253906
82.72234344482422
42.846885681152344
82.68709564208984
80.33578491210938
75.363037109375
83.42207336425781
75.57816314697266
80.7740707397461
82.78337097167969
38.85267639160156
83.3290786743164
81.08564758300781
75.95445251464844
84.53759765625
76.91193389892578
82.08515930175781
85.06200408935547
47.92087173461914
85.56698608398438
83.67566680908203
78.26888275146484
86.80203247070312
78.5924072265625
82.62327575683594
83.98281860351562
54.065948486328125
81.24655151367188
77.03368377685547
71.10142517089844
78.45427703857422
68.38768005371094
74.76285552978516
76.59176635742188
53.498207092285156
74.34407806396484
71.32686614990234
65.47562408447266
74.82682800292969
66.54735565185547
72.30366516113281
76.1532974243164
55.16086959838867
77.8940658569336
76.43416595458984
71.02159118652344
80.90827941894531
73.52230834960938
79.58866882324219
82.66386413574219
48.72277069091797
84.1117935180664
82.46003723144531
77.34510803222656
86.87640380859375
79.09895324707031
84.42057800292969
86.97412872314453
55.88917541503906
86.45428466796875
83.25679016113281
77.05958557128906
84.2723617553711
74.8936767578125
79.07178497314453
80.04601287841797
49.41743469238281
77.63488006591797
74.24439239501953
68.16131591796875
75.41627502441406
66.86062622070312
72.90679168701172
76.36727905273438
30.078641891479492
78.5372543334961
77.86863708496094
74.29755401611328
83.82145690917969
77.17677307128906
83.62911224365234
87.56420135498047
44.661216735839844
90.19222259521484
88.79473114013672
83.78179168701172
92.53690338134766
84.19151306152344
88.63720703125
90.26152801513672
48.818199157714844
88.72701263427734
86.0555191040039
80.61979675292969
89.02730560302734
80.53653717041016
85.54417419433594
87.53984832763672
45.10654830932617
86.47026824951172
83.66422271728516
77.17941284179688
84.60674285888672
74.5708999633789
79.13276672363281
80.81986999511719
44.276580810546875
82.32795715332031
81.08187866210938
75.5899429321289
84.80067443847656
76.82896423339844
82.1197738647461
84.7870101928711
52.14506149291992
85.33853912353516
83.14395904541016
77.89838409423828
86.42012023925781
78.16374206542969
82.60486602783203
84.26372528076172
33.09053421020508
82.29991149902344
79.47267150878906
73.91581726074219
81.3055191040039
72.24983215332031
77.67809295654297
79.98625946044922
55.099143981933594
81.00032043457031
79.4006576538086
74.13230895996094
83.1533203125
75.52771759033203
81.35757446289062
84.09357452392578
49.29462432861328
84.18509674072266
81.47517395019531
75.7772445678711
83.6677017211914
75.01986694335938
79.71492767333984
81.71084594726562
50.78664016723633
80.91619110107422
77.5290756225586
71.95140838623047
78.78030395507812
