71.36345672607422
68.33617401123047
75.435791015625
66.18494415283203
74.34956359863281
71.07784271240234
69.05256652832031
71.2348861694336
64.1965560913086
67.42947387695312
66.01824951171875
65.60729217529297
66.66541290283203
60.02387619018555
64.42999267578125
63.317752838134766
60.586177825927734
65.1761474609375
58.70111846923828
62.350337982177734
63.131553649902344
59.12214660644531
61.952903747558594
61.09254455566406
63.05598068237305
59.951942443847656
63.58826446533203
62.193206787109375
65.06047821044922
61.54902267456055
65.57785034179688
68.30012512207031
54.69235610961914
66.58210754394531
61.94289779663086
61.48585510253906
63.292152404785156
59.96635437011719
59.4197883605957
61.29627990722656
58.32906723022461
61.429832458496094
63.00845718383789
54.07164764404297
64.578857421875
55.2265510559082
64.1298599243164
62.54247283935547
60.37065505981445
65.88619995117188
54.368492126464844
66.8267593383789
64.15921783447266
62.98411178588867
67.40716552734375
58.76694107055664
68.16889953613281
65.01187896728516
65.76921081542969
68.39752960205078
60.63755416870117
70.38670349121094
61.16581344604492
69.03201293945312
67.66425323486328
63.93132400512695
70.8156509399414
62.21636962890625
70.6690673828125
66.97964477539062
69.4307861328125
70.08744812011719
65.20216369628906
73.16710662841797
63.55096435546875
72.69481658935547
71.14659118652344
71.90909576416016
75.1463623046875
69.99256896972656
77.49407958984375
72.61186218261719
79.42040252685547
78.09182739257812
80.30359649658203
82.09418487548828
79.9328842163086
82.4217300415039
78.25895690917969
80.33917999267578
77.65283966064453
78.94757080078125
76.64823150634766
77.0587387084961
77.36014556884766
75.48550415039062
77.5959701538086
74.24222564697266
78.56682586669922
75.02491760253906
78.31322479248047
77.31964111328125
74.90841674804688
77.23507690429688
66.2113037109375
74.0548095703125
69.16927337646484
64.85498809814453
69.27067565917969
58.70405578613281
67.3458023071289
67.37538146972656
63.48855972290039
68.5322265625
65.97563171386719
68.56398010253906
67.99077606201172
66.61061096191406
71.02850341796875
68.00669860839844
70.92822265625
70.87136840820312
71.82461547851562
74.2369155883789
72.41551208496094
77.22881317138672
74.76596069335938
80.12834167480469
79.52222442626953
81.04931640625
82.57139587402344
79.06112670898438
82.5882797241211
77.91444396972656
81.369140625
78.93502807617188
79.18850708007812
80.44573974609375
76.32493591308594
80.85321044921875
75.76289367675781
79.26901245117188
78.65589904785156
76.83847045898438
81.22633361816406
75.68824005126953
82.66117095947266
77.96810913085938
81.69100189208984
81.25774383544922
77.2662353515625
81.02452087402344
74.16136932373047
77.50611114501953
74.83219146728516
68.98348236083984
73.66629028320312
63.6829719543457
67.4849853515625
68.56021881103516
56.0280876159668
66.44294738769531
69.80784606933594
63.83794403076172
71.43595886230469
70.66846466064453
70.65374755859375
73.3780517578125
69.86175537109375
74.26570129394531
73.75481414794922
73.93770599365234
76.17987823486328
73.30039978027344
76.90240478515625
76.0386734008789
76.61154174804688
78.5251235961914
75.71070861816406
79.33881378173828
77.3870849609375
79.2214584350586
79.78837585449219
78.46761322021484
81.9878921508789
79.07139587402344
82.67389678955078
81.62627410888672
82.33187866210938
83.29065704345703
81.60072326660156
83.65104675292969
81.95674133300781
82.69363403320312
83.27814483642578
81.61573028564453
83.33287811279297
81.68102264404297
83.00823211669922
83.05534362792969
81.74543762207031
84.01615905761719
81.74934387207031
84.04830932617188
83.60614013671875
83.40023040771484
85.2569351196289
82.76828002929688
86.1949691772461
84.34922790527344
85.81716918945312
87.02134704589844
85.31885528564453
88.88701629638672
86.2267837524414
89.45673370361328
89.22803497314453
88.66658020019531
91.38655090332031
87.5711898803711
91.23391723632812
88.04888153076172
88.6097183227539
88.34833526611328
84.38424682617188
87.32105255126953
82.013671875
84.7416763305664
82.42237854003906
80.67797088623047
82.16202545166016
77.1490707397461
80.63146209716797
76.45445251464844
77.65857696533203
77.28675842285156
73.34581756591797
76.91083526611328
70.70745849609375
74.62053680419922
71.9110107421875
72.8546142578125
73.9751205444336
70.99421691894531
75.95442962646484
74.25395202636719
76.02104949951172
76.25667572021484
72.7890396118164
76.33209228515625
70.72077941894531
75.04812622070312
72.00202941894531
72.41889953613281
73.93978118896484
70.23406982421875
74.20946502685547
69.46651458740234
72.81263732910156
70.8208236694336
69.9972915649414
73.2823486328125
68.55509948730469
72.31504821777344
71.05073547363281
71.99082946777344
72.16554260253906
70.84064483642578
74.17826080322266
71.45864868164062
73.66280364990234
73.71256256103516
72.7634048461914
75.52693939208984
72.91700744628906
76.14433288574219
74.66287994384766
75.81057739257812
76.98224639892578
75.96050262451172
77.91525268554688
77.70636749267578
78.37755584716797
79.0929946899414
78.4183349609375
80.49542236328125
79.63658905029297
81.06535339355469
81.3128662109375
81.52369689941406
81.51351165771484
81.51113891601562
80.16891479492188
82.29186248779297
80.69085693359375
83.60932159423828
83.45718383789062
83.64891052246094
85.56379699707031
82.21708679199219
85.50043487548828
81.89407348632812
83.38941955566406
82.5227279663086
80.14921569824219
82.2198486328125
77.69666290283203
80.91844940185547
78.65974426269531
78.3686752319336
79.10340118408203
76.19229888916016
78.77384185791016
75.30789184570312
77.52400970458984
76.89452362060547
75.33939361572266
76.43527221679688
74.27997589111328
72.96590423583984
73.05207824707031
69.97628784179688
70.82659149169922
68.43185424804688
68.72071075439453
69.64388275146484
67.09326171875
72.04084014892578
68.3437271118164
72.01023864746094
70.43460845947266
70.01114654541016
73.0965576171875
67.7829360961914
73.54588317871094
70.00444793701172
71.06855773925781
72.7973861694336
67.38117218017578
73.7349624633789
69.38883209228516
73.41258239746094
72.25397491455078
72.45643615722656
76.49191284179688
71.13633728027344
78.21974182128906
75.27579498291016
78.72496795654297
80.97842407226562
76.72198486328125
83.92079162597656
77.17290496826172
82.18640899658203
79.19911193847656
76.14494323730469
78.7946548461914
65.6944351196289
76.8402328491211
66.93035125732422
74.1385498046875
70.24430084228516
71.48534393310547
73.81128692626953
68.9707260131836
76.6905517578125
69.12250518798828
76.44452667236328
73.58273315429688
73.72540283203125
74.21866607666016
68.67636108398438
74.04820251464844
69.2247085571289
69.79190063476562
70.55254364013672
68.07765197753906
69.77660369873047
64.45199584960938
68.4010009765625
66.19012451171875
66.2042465209961
67.57657623291016
63.36132049560547
65.89044952392578
61.31307601928711
66.07634735107422
62.45146560668945
62.86540222167969
63.99004364013672
60.7984619140625
64.47057342529297
61.47714614868164
65.43741607666016
60.18603515625
68.24526977539062
65.24560546875
70.56272888183594
69.27362060546875
72.7796401977539
74.39431762695312
73.38958740234375
76.30619049072266
74.4447250366211
77.33164978027344
75.04227447509766
76.14576721191406
76.21177673339844
73.29602813720703
75.38307189941406
71.37205505371094
75.26104736328125
71.0864486694336
75.5394515991211
73.2618408203125
75.37523651123047
75.70329284667969
74.9046859741211
76.45348358154297
74.0209732055664
75.89047241210938
74.47213745117188
74.70734405517578
74.31853485107422
74.2274169921875
75.1240463256836
74.00965118408203
74.81233215332031
74.22762298583984
74.1736068725586
74.50286102294922
74.14405822753906
74.91519165039062
73.99492645263672
74.1543197631836
74.12260437011719
73.60762786865234
74.473876953125
73.93695068359375
74.72848510742188
74.28763580322266
74.4587631225586
74.84554290771484
74.7755355834961
75.69454956054688
74.61406707763672
75.51223754882812
74.25279235839844
75.16932678222656
75.23479461669922
75.55064392089844
75.77848052978516
75.47246551513672
76.95856475830078
75.76209259033203
77.30632781982422
76.77488708496094
77.62310791015625
78.22144317626953
77.54279327392578
78.93653106689453
77.85968780517578
79.80980682373047
79.49723815917969
79.84028625488281
81.10430145263672
80.24368286132812
82.53373718261719
81.20308685302734
83.37289428710938
83.42220306396484
83.54422760009766
85.68161010742188
83.93827056884766
87.34578704833984
85.67250061035156
87.88249969482422
87.75973510742188
86.88948822021484
88.66376495361328
85.13928985595703
87.6631088256836
84.71099853515625
85.26551818847656
84.70441436767578
81.80609893798828
83.94226837158203
78.62211608886719
82.19474029541016
78.82886505126953
79.41952514648438
79.5428695678711
75.05885314941406
79.49300384521484
71.06013488769531
77.84719848632812
71.90618133544922
74.4127197265625
73.49647521972656
70.2327880859375
74.556640625
69.85014343261719
76.103759765625
69.6205062866211
80.5203857421875
72.51553344726562
83.97273254394531
80.66682434082031
84.85263061523438
84.78467559814453
82.5198974609375
85.29246520996094
80.51142120361328
83.69358825683594
80.05091857910156
80.2725830078125
79.3990478515625
75.90319061279297
78.01261901855469
73.3012924194336
77.1483383178711
72.55654907226562
75.6834716796875
73.88928985595703
74.46654510498047
76.91900634765625
74.35106658935547
78.0971908569336
75.42693328857422
78.03388214111328
76.42683410644531
77.70451354980469
77.6417007446289
76.58563232421875
78.27360534667969
77.09719848632812
78.1367416381836
77.74854278564453
78.45252990722656
77.4317398071289
77.72856903076172
74.996337890625
76.11264038085938
71.788818359375
74.62226104736328
70.35498046875
74.7760238647461
71.94539642333984
75.0837173461914
74.49417877197266
74.74819946289062
76.61199188232422
74.9751968383789
78.22509002685547
76.74549865722656
78.78827667236328
78.23172760009766
78.79820251464844
80.27728271484375
78.8389892578125
81.23146057128906
79.77169799804688
81.49834442138672
81.39857482910156
81.46880340576172
82.91740417480469
80.5781021118164
83.01720428466797
80.19583892822266
81.23775482177734
79.38570404052734
78.05249786376953
78.08628845214844
73.85203552246094
75.32158660888672
69.66155242919922
