66.38919830322266
64.50862884521484
67.76942443847656
67.25102996826172
68.38436126708984
70.79727172851562
71.3304672241211
73.7210922241211
73.66205596923828
74.78612518310547
73.63907623291016
73.41259765625
70.66817474365234
69.26343536376953
67.18572235107422
64.75675964355469
64.37310028076172
58.28105163574219
64.2977294921875
54.432228088378906
59.94877243041992
54.207069396972656
62.295413970947266
62.36779022216797
64.30963897705078
67.47052764892578
69.51290893554688
70.54685974121094
71.31719970703125
70.43912506103516
69.14775848388672
68.24124145507812
63.51963806152344
66.2144775390625
62.66437530517578
62.343685150146484
60.88936996459961
58.44110870361328
58.43347930908203
52.13042449951172
60.77021789550781
50.625701904296875
56.338218688964844
52.31696701049805
57.695518493652344
54.855621337890625
54.567298889160156
60.231075286865234
50.21285629272461
61.473323822021484
57.733123779296875
59.28172302246094
57.07695007324219
61.90005111694336
63.263973236083984
58.88557434082031
63.063392639160156
58.376739501953125
63.233951568603516
62.52968978881836
59.42509460449219
64.34001159667969
61.6729736328125
64.01451110839844
63.73311996459961
62.46503448486328
65.34967041015625
62.81643295288086
66.05765533447266
65.22551727294922
65.05937957763672
66.1017837524414
66.48292541503906
68.16213989257812
67.16476440429688
69.38823699951172
69.7801513671875
69.99463653564453
72.06535339355469
71.5299301147461
73.89495849609375
74.46070861816406
75.8789291381836
77.45226287841797
79.04815673828125
80.29119110107422
80.03301239013672
79.6780014038086
78.83506774902344
77.8173828125
76.97628021240234
76.01177215576172
76.05404663085938
74.86572265625
75.06055450439453
74.80227661132812
73.88554382324219
74.4100341796875
73.80287170410156
74.72329711914062
74.45793914794922
74.69271850585938
75.39881134033203
74.9539566040039
75.88534545898438
75.44017028808594
75.88240051269531
75.08548736572266
73.95745086669922
72.08867645263672
69.82132720947266
66.45720672607422
57.73881530761719
49.64896011352539
56.98737716674805
60.08059310913086
63.68046569824219
66.87178039550781
66.5287094116211
68.50200653076172
67.45206451416016
70.18512725830078
69.66374206542969
69.22151184082031
70.87828063964844
69.75814056396484
71.4315185546875
70.89868927001953
72.18209838867188
73.46739196777344
74.17479705810547
76.76457214355469
76.47029113769531
78.2496109008789
79.18737030029297
79.71585845947266
80.88897705078125
81.35385131835938
82.75215911865234
83.31965637207031
84.22950744628906
84.97443389892578
85.08433532714844
85.23712921142578
84.0501480102539
83.01532745361328
81.13215637207031
80.86287689208984
80.45632934570312
79.85530090332031
78.95702362060547
78.26338195800781
77.21380615234375
76.40619659423828
75.7306900024414
74.88602447509766
74.3799819946289
74.14584350585938
73.01863861083984
74.1279525756836
73.140625
73.65672302246094
73.2642822265625
73.2212905883789
73.78401184082031
73.78324890136719
74.82913970947266
75.17710876464844
76.51691436767578
77.09375762939453
78.09858703613281
79.28013610839844
80.54369354248047
81.84200286865234
82.8439712524414
83.97074127197266
84.63746643066406
85.05516815185547
84.94287109375
84.52399444580078
84.49405670166016
84.01583099365234
83.67817687988281
83.05374908447266
82.91796875
82.56795501708984
81.82921600341797
81.97632598876953
81.27092742919922
81.35775756835938
81.08882904052734
80.74717712402344
80.81522369384766
80.58211517333984
80.55648803710938
80.26141357421875
80.46172332763672
80.6879653930664
80.33428955078125
80.51520538330078
80.36627960205078
80.84954071044922
80.42538452148438
80.80010986328125
81.05150604248047
80.931640625
81.35525512695312
81.1792221069336
81.52176666259766
81.88861846923828
81.78170013427734
82.15131378173828
82.07266998291016
82.55677032470703
82.33049011230469
82.49443817138672
82.98758697509766
83.03489685058594
83.67170715332031
84.05193328857422
84.68926239013672
85.47553253173828
86.07254791259766
86.82617950439453
87.2359390258789
87.68535614013672
87.62267303466797
87.41348266601562
86.920166015625
86.0794677734375
85.3868179321289
84.19469451904297
83.41557312011719
82.3141098022461
81.37875366210938
80.39334106445312
79.50638580322266
78.98553466796875
77.90481567382812
77.3335189819336
76.5048599243164
75.80838775634766
75.2019271850586
74.65982818603516
74.51565551757812
73.82190704345703
73.71882629394531
74.4237289428711
73.90097045898438
74.20691680908203
73.54293823242188
73.16703796386719
73.14623260498047
71.85546112060547
72.16973876953125
70.85562133789062
71.63359832763672
70.82205200195312
69.97544860839844
70.73839569091797
69.1040267944336
69.57401275634766
69.62786102294922
68.46680450439453
69.21198272705078
68.39940643310547
70.3335189819336
70.20973205566406
70.83684539794922
71.95109558105469
72.68758392333984
74.063720703125
74.55628967285156
75.15995788574219
75.56908416748047
75.3094711303711
76.05609893798828
75.85243225097656
76.44900512695312
76.54020690917969
76.79508209228516
77.52025604248047
77.41355895996094
77.60881805419922
77.70613098144531
78.15193176269531
78.93148803710938
78.83551788330078
80.17616271972656
80.465087890625
81.01298522949219
80.90647888183594
80.79964447021484
81.10775756835938
81.47528076171875
82.3362045288086
82.71539306640625
82.94717407226562
82.48280334472656
81.87594604492188
81.3031234741211
80.26006317138672
79.72137451171875
78.45599365234375
78.132080078125
77.24625396728516
76.64353942871094
76.17820739746094
75.0925521850586
75.0110855102539
74.0560531616211
73.60352325439453
73.43024444580078
72.40824127197266
72.95543670654297
71.62149047851562
72.25910949707031
71.48272705078125
70.33557891845703
69.79374694824219
69.23458862304688
70.33287048339844
69.35256958007812
69.8126220703125
69.23017883300781
68.48331451416016
69.14226531982422
68.99297332763672
69.3526840209961
68.14956665039062
68.24764251708984
68.27947235107422
66.47843933105469
67.84235382080078
65.99104309082031
66.54134368896484
65.99378967285156
65.83222961425781
67.05354309082031
66.72230529785156
66.7596664428711
68.29985046386719
67.3363037109375
68.44171905517578
67.14403533935547
68.85669708251953
68.10868072509766
69.1784439086914
70.22271728515625
70.46886444091797
70.9974365234375
71.78814697265625
71.92845153808594
72.94119262695312
73.01992797851562
74.18272399902344
74.47872161865234
75.57592010498047
76.31224060058594
76.99456024169922
78.31539916992188
78.74028778076172
78.87995147705078
78.43536376953125
77.81876373291016
77.51779174804688
76.38629150390625
77.08415222167969
77.25531005859375
78.03216552734375
79.05142974853516
79.20116424560547
79.4663314819336
78.70430755615234
78.04885864257812
76.66068267822266
76.0344467163086
75.09589385986328
73.66414642333984
73.90130615234375
72.72711944580078
71.9488296508789
71.78289794921875
70.80538940429688
70.76158905029297
68.90312957763672
69.74445343017578
67.9730224609375
67.57686614990234
67.03084564208984
64.26132202148438
63.35933303833008
62.3790397644043
60.61537551879883
66.00261688232422
67.51052856445312
69.9842300415039
71.31536865234375
72.02701568603516
73.32293701171875
72.80813598632812
73.36778259277344
72.63648223876953
72.76930236816406
72.33372497558594
72.2904052734375
72.04156494140625
71.60653686523438
71.50758361816406
71.28141021728516
71.65605926513672
71.34320831298828
70.73053741455078
70.72514343261719
69.80294799804688
70.4663314819336
69.76070404052734
69.08049011230469
69.98867797851562
69.90379333496094
71.37276458740234
71.35575866699219
72.109619140625
73.17738342285156
72.00624084472656
71.79459381103516
71.66038513183594
72.01275634765625
71.61521911621094
71.169921875
71.84349822998047
70.85810852050781
71.49830627441406
71.72130584716797
70.59719848632812
71.73904418945312
71.22594451904297
71.82530212402344
71.41578674316406
71.59378814697266
72.84683990478516
72.64994049072266
72.60095977783203
72.62825775146484
72.7998275756836
73.56610870361328
73.10917663574219
73.7917709350586
73.27479553222656
73.29419708251953
74.41278076171875
74.18905639648438
74.81437683105469
74.52702331542969
75.03263854980469
75.30023193359375
75.13522338867188
76.35515594482422
76.17840576171875
76.71536254882812
76.84677124023438
77.18968963623047
78.01396179199219
77.96273803710938
78.56397247314453
78.81753540039062
79.31147003173828
79.46369171142578
79.5748291015625
79.71131134033203
79.59056854248047
79.89595031738281
79.61238098144531
79.21297454833984
78.93538665771484
78.62747192382812
78.6781997680664
78.13520812988281
78.89767456054688
79.17029571533203
80.01841735839844
80.73226165771484
81.20622253417969
81.9222183227539
81.83329772949219
81.64702606201172
81.13209533691406
80.48560333251953
79.88469696044922
78.88671875
78.42399597167969
77.56592559814453
76.7338638305664
76.16777038574219
75.46745300292969
74.92417907714844
74.14613342285156
73.72051239013672
72.6590576171875
71.69780731201172
71.63532257080078
70.73736572265625
70.41661071777344
69.23043060302734
69.26885223388672
69.36603546142578
67.92508697509766
68.52420806884766
68.66202545166016
69.40437316894531
72.50193786621094
73.10906219482422
74.86605072021484
75.31949615478516
75.00418090820312
75.2564468383789
74.15766906738281
74.25231170654297
73.45584106445312
73.54859924316406
73.50940704345703
73.5199203491211
73.17523193359375
72.4100341796875
72.88141632080078
73.11869049072266
72.62323760986328
73.23997497558594
72.3672103881836
72.8193130493164
71.98121643066406
71.97056579589844
72.2193374633789
71.6045913696289
70.8465576171875
71.27241516113281
71.74594116210938
70.92671203613281
70.52576446533203
71.25372314453125
70.0541763305664
71.1926040649414
71.23799896240234
71.3238754272461
72.14170837402344
70.81815338134766
72.68385314941406
71.91507720947266
71.72117614746094
71.498779296875
71.53659057617188
72.1666488647461
70.8935775756836
72.34477233886719
72.27455139160156
71.75967407226562
72.73926544189453
72.40144348144531
72.84646606445312
73.22457885742188
73.41458892822266
73.82621002197266
73.88340759277344
74.37059783935547
74.93562316894531
75.1045913696289
75.51260375976562
75.71730041503906
76.12511444091797
76.40632629394531
76.24000549316406
76.36188507080078
75.73213195800781
75.10826110839844
73.6917953491211
73.32157135009766
