73.68624877929688
67.20854187011719
76.64957427978516
71.36021423339844
77.14531707763672
78.04244995117188
73.30967712402344
79.51395416259766
70.50592041015625
75.61394500732422
74.36736297607422
69.85865783691406
72.783203125
66.4319839477539
68.64586639404297
69.21759033203125
60.12006378173828
68.45169830322266
58.40249252319336
60.566017150878906
66.345703125
62.98817825317383
61.45816421508789
68.19618225097656
61.081321716308594
69.30785369873047
73.83527374267578
50.862831115722656
74.7535171508789
69.98509216308594
66.64859771728516
71.78730773925781
59.39591598510742
67.72459411621094
65.49137115478516
59.17766571044922
66.04735565185547
44.95581817626953
62.34850311279297
64.06832885742188
53.545719146728516
63.4163818359375
57.42781448364258
59.09374237060547
63.32661819458008
58.16746520996094
63.331932067871094
63.31797790527344
58.140777587890625
64.89756774902344
58.87580871582031
64.60476684570312
64.01573944091797
64.62147521972656
66.40345764160156
63.798038482666016
66.75531768798828
68.01342010498047
66.4703369140625
69.81688690185547
65.375
68.98956298828125
69.18075561523438
66.684326171875
71.56654357910156
67.87075805664062
71.79377746582031
71.5972671508789
71.96127319335938
75.18424224853516
72.45836639404297
76.488037109375
76.19336700439453
76.6189956665039
79.66129302978516
74.57717895507812
79.98876190185547
74.18220520019531
76.3830337524414
75.69489288330078
71.03594970703125
75.1231460571289
66.17216491699219
73.67684936523438
69.61798095703125
70.63613891601562
71.19664764404297
66.6365966796875
71.151123046875
67.0587387084961
69.97815704345703
68.3716049194336
68.02806854248047
70.7261734008789
64.216796875
70.32488250732422
66.8586654663086
68.69071197509766
69.00022888183594
66.88727569580078
70.52458953857422
67.64910125732422
70.43801879882812
69.05571746826172
70.79484558105469
71.20172119140625
69.7341537475586
71.0500259399414
71.11437225341797
71.79000091552734
72.95121002197266
71.65863800048828
73.26651763916016
72.5011978149414
71.9480972290039
74.5755844116211
69.85631561279297
74.5699462890625
71.96924591064453
73.59281158447266
76.03353118896484
73.97835540771484
79.46947479248047
73.56326293945312
80.66453552246094
76.2501449584961
77.89126586914062
77.47283935546875
70.24346923828125
76.5772476196289
66.2559814453125
73.77552795410156
69.48773193359375
70.63933563232422
71.26981353759766
66.87159729003906
74.39289093017578
61.64510726928711
76.71891784667969
72.01824188232422
76.60289001464844
78.59493255615234
73.0796890258789
80.80818176269531
74.11784362792969
78.12400817871094
78.03118133544922
69.90191650390625
76.99702453613281
67.68818664550781
71.20013427734375
72.2906723022461
48.57395935058594
71.30066680908203
66.96483612060547
65.67562103271484
70.51526641845703
57.75431442260742
69.59133911132812
69.6977310180664
64.14035034179688
71.3485107421875
62.2153205871582
72.01084899902344
69.43203735351562
67.90190124511719
73.16943359375
62.46516799926758
74.07841491699219
71.54595184326172
72.76139068603516
76.319091796875
69.42037963867188
79.1976547241211
73.16080474853516
80.17825317382812
80.7229995727539
79.01239776611328
84.68019104003906
77.93777465820312
85.07344818115234
82.91853332519531
81.49933624267578
84.82711791992188
74.27578735351562
82.11228942871094
75.41703796386719
76.16885375976562
73.93560028076172
71.08623504638672
74.57334899902344
63.13786315917969
74.8629150390625
66.33479309082031
74.61666107177734
73.14920043945312
72.45881652832031
75.31612396240234
70.36902618408203
75.65325927734375
72.99929809570312
74.32159423828125
75.81571960449219
72.3539810180664
76.57758331298828
73.89313507080078
76.04014587402344
76.1473159790039
74.75450897216797
77.55892944335938
75.00414276123047
77.36595153808594
77.19120788574219
76.36822509765625
78.79411315917969
76.82241821289062
78.75048828125
78.3288803100586
77.394287109375
80.36558532714844
76.92410278320312
80.71493530273438
79.21135711669922
80.27093505859375
82.50546264648438
79.52473449707031
84.34052276611328
81.32168579101562
84.8040771484375
84.84809875488281
82.92929077148438
86.37265014648438
80.84716033935547
84.7690658569336
81.98387908935547
80.7674789428711
82.0781021118164
75.9063949584961
80.61007690429688
75.77339172363281
77.44991302490234
77.01068115234375
72.60091400146484
76.94174194335938
68.71617126464844
75.4100341796875
71.50477600097656
71.9771728515625
73.99200439453125
65.66312408447266
73.84950256347656
66.70235443115234
71.69384002685547
70.43461608886719
66.47510528564453
72.0775146484375
60.467857360839844
71.44263458251953
64.15961456298828
69.3476791381836
68.43338012695312
67.2250747680664
70.97376251220703
65.73026275634766
73.93629455566406
67.95832061767578
75.2655029296875
74.27003479003906
73.62120819091797
74.64645385742188
72.59075164794922
73.44874572753906
73.36995697021484
71.18570709228516
74.07295227050781
70.82891845703125
73.64736938476562
72.20638275146484
72.10588836669922
74.14224243164062
71.42547607421875
74.54366302490234
72.44113159179688
74.4144515991211
75.09004211425781
74.5636215209961
76.6797103881836
75.76734161376953
76.64360809326172
77.35411071777344
76.3612060546875
79.05274963378906
77.0616455078125
79.09033966064453
78.91036987304688
78.8822021484375
80.74008178710938
78.87151336669922
81.49195861816406
80.1751708984375
81.36043548583984
81.69810485839844
80.26451873779297
82.1703872680664
79.83763122558594
80.98318481445312
79.72119903564453
78.83028411865234
79.19725799560547
77.38885498046875
78.17369079589844
76.12142944335938
76.6920166015625
75.58792877197266
74.7820816040039
75.07645416259766
73.73991394042969
74.69437408447266
73.08358001708984
74.11270141601562
72.6783676147461
73.35417175292969
72.99952697753906
72.31639099121094
74.09158325195312
71.99166107177734
74.28816223144531
71.819580078125
74.17176055908203
73.82498931884766
73.31934356689453
75.909423828125
72.56571197509766
77.23367309570312
75.20634460449219
77.67591094970703
79.0150375366211
76.88986206054688
82.31622314453125
76.96170043945312
83.3375015258789
79.90116119384766
79.73381042480469
79.8373031616211
71.48224639892578
77.78550720214844
67.8733901977539
74.0659408569336
69.69232177734375
68.28819274902344
69.73889923095703
57.095272064208984
68.90941619873047
55.042545318603516
64.43576049804688
61.945343017578125
64.09793853759766
61.100433349609375
61.42660140991211
64.02914428710938
56.59992980957031
65.53079986572266
44.54298400878906
65.41019439697266
58.0800895690918
64.52889251708984
65.9112548828125
63.006752014160156
68.54450225830078
61.12532043457031
69.94418334960938
67.16740417480469
68.87548065185547
70.75623321533203
66.6443099975586
72.01044464111328
65.82876586914062
71.13059997558594
66.51020050048828
68.8990249633789
69.1944580078125
69.04769897460938
71.785888671875
70.34019470214844
74.3475570678711
73.2378158569336
76.51052856445312
76.05026245117188
77.06694030761719
77.25830841064453
77.4679183959961
77.80839538574219
78.01679229736328
78.15737915039062
79.14957427978516
78.28816986083984
79.3646469116211
77.61090850830078
78.62543487548828
77.41441345214844
77.1526107788086
76.81060028076172
74.47200012207031
76.59465026855469
73.96795654296875
75.98465728759766
74.32733917236328
75.32563018798828
75.16531372070312
73.97010040283203
75.93119049072266
73.30883026123047
75.5120620727539
73.94286346435547
74.13877868652344
75.10084533691406
72.9937744140625
75.37049102783203
73.01810455322266
74.03364562988281
73.9288330078125
72.8189468383789
74.93489837646484
72.6318359375
75.42560577392578
73.15131378173828
74.46497344970703
75.34247589111328
73.75580596923828
76.33195495605469
74.47604370117188
76.32302856445312
76.99031829833984
75.36990356445312
78.25321960449219
74.63929748535156
78.35618591308594
76.47093200683594
75.87933349609375
76.94314575195312
71.23892974853516
75.74593353271484
68.02767944335938
73.16693115234375
69.6084976196289
70.96324157714844
72.19152069091797
69.3375473022461
74.31524658203125
70.03942108154297
74.56671905517578
73.55257415771484
73.81596374511719
76.4022445678711
72.97980499267578
77.79541778564453
75.92909240722656
77.64400482177734
79.20957946777344
74.396728515625
79.29940795898438
70.09429931640625
76.1487045288086
69.41168212890625
74.01134490966797
72.66110229492188
73.80947875976562
75.24713897705078
73.75064849853516
76.69337463378906
74.77984619140625
76.58586883544922
74.13646697998047
75.5491714477539
73.71771240234375
73.8211441040039
72.7784423828125
70.28670501708984
71.71984100341797
66.67899322509766
71.79642486572266
65.8224868774414
72.45945739746094
69.0538101196289
73.02678680419922
74.00428771972656
71.88471221923828
76.85842895507812
70.29122924804688
76.38711547851562
72.83513641357422
73.41913604736328
74.54701232910156
67.88704681396484
75.76852416992188
62.68286895751953
76.22615051269531
70.98278045654297
77.47510528564453
78.05538940429688
77.3598403930664
81.75172424316406
77.31745910644531
83.00457763671875
80.39287567138672
81.50214385986328
81.93782806396484
79.02435302734375
81.65242004394531
78.72297668457031
80.05879211425781
79.57969665527344
78.06256103515625
79.55516815185547
77.71299743652344
78.48153686523438
78.59781646728516
76.80741882324219
78.88908386230469
76.2979507446289
76.1734390258789
76.43152618408203
72.89412689208984
76.92513275146484
71.7262954711914
77.05064392089844
74.04537200927734
75.63797760009766
76.9209976196289
74.12358856201172
77.9732437133789
74.21575164794922
76.57221984863281
76.45024108886719
73.1175537109375
76.94532012939453
71.19156646728516
74.40167999267578
72.58898162841797
67.96401977539062
72.0954360961914
62.197998046875
67.4101333618164
66.11363983154297
54.54476547241211
63.1599006652832
67.90498352050781
58.65223693847656
68.8035888671875
69.95346069335938
63.67759323120117
71.37834930419922
68.1354751586914
71.07173919677734
72.03192138671875
68.02491760253906
73.55779266357422
69.13511657714844
71.32598114013672
70.8329086303711
66.44438934326172
70.28556060791016
61.18474578857422
69.56233215332031
63.181007385253906
69.42367553710938
66.8671646118164
67.6091079711914
69.62823486328125
67.62171936035156
68.83562469482422
67.50011444091797
67.28862762451172
65.38170623779297
64.9884033203125
63.55905532836914
