69.49272918701172
65.6632308959961
72.99713134765625
67.38545989990234
75.3329849243164
72.48164367675781
72.80294799804688
74.47882843017578
62.252769470214844
71.81272888183594
59.19230651855469
67.0498046875
64.80326080322266
57.9998664855957
65.48963165283203
54.553585052490234
60.27696228027344
63.41862869262695
53.109432220458984
67.81189727783203
61.797203063964844
68.45596313476562
68.34037017822266
72.5022201538086
71.14461517333984
73.30789184570312
68.80110931396484
71.72285461425781
66.38423919677734
66.73387145996094
67.39231872558594
60.27602767944336
68.15279388427734
41.47168731689453
66.84156799316406
60.16854476928711
63.67716598510742
62.78300857543945
58.06968307495117
62.81206512451172
45.98289108276367
61.64380645751953
60.58424758911133
60.5173225402832
59.95841598510742
57.951210021972656
60.617130279541016
60.84486770629883
57.68513107299805
61.86807632446289
51.61066436767578
63.476863861083984
55.521549224853516
64.57058715820312
62.46121597290039
62.53966522216797
64.79373931884766
54.319847106933594
65.36213684082031
57.058448791503906
66.20880889892578
60.49140167236328
64.82762145996094
64.92504119873047
61.27243423461914
66.91527557373047
49.563743591308594
68.46113586425781
59.96266174316406
68.95660400390625
65.8093032836914
67.9600601196289
68.35198974609375
67.23338317871094
71.0993881225586
67.43225860595703
72.80152893066406
70.19261932373047
73.96302795410156
74.13142395019531
75.6963882446289
76.84139251708984
78.71641540527344
77.78482818603516
80.1083755493164
76.04798889160156
79.02484130859375
73.76165008544922
77.1230239868164
74.48990631103516
75.27119445800781
74.8126449584961
72.90555572509766
74.57776641845703
69.95531463623047
75.1271743774414
69.56219482421875
74.99296569824219
71.3326416015625
74.56204223632812
74.2000732421875
72.88220977783203
75.47359466552734
71.96875
76.15470123291016
73.79698181152344
75.20166015625
74.20323944091797
71.42261505126953
70.98149871826172
68.48064422607422
59.916831970214844
66.09808349609375
62.42531204223633
57.59507369995117
68.86119079589844
57.23301315307617
69.4295425415039
66.75182342529297
67.08120727539062
71.63377380371094
61.945919036865234
73.36164855957031
64.55082702636719
73.59994506835938
70.04179382324219
71.84345245361328
73.86138916015625
69.02828216552734
75.56031036376953
66.90618896484375
76.63619995117188
71.33785247802734
75.83831024169922
75.83775329589844
72.94408416748047
78.95623779296875
71.5360336303711
80.18577575683594
75.98384857177734
79.2597427368164
80.90096282958984
75.04630279541016
83.68589782714844
75.72840118408203
81.9726791381836
81.66329956054688
70.0608901977539
81.2763900756836
73.90125274658203
78.41151428222656
80.1493148803711
72.91522979736328
82.10005950927734
73.34004211425781
82.82936096191406
80.85906982421875
82.7398681640625
85.47506713867188
82.47848510742188
88.80821228027344
84.93235778808594
90.88409423828125
89.78533172607422
91.37734985351562
92.94679260253906
90.49517059326172
93.77411651611328
90.02685546875
92.39909362792969
90.26683044433594
88.91670227050781
89.47919464111328
83.80397033691406
87.25040435791016
79.94828033447266
85.24253845214844
80.21637725830078
83.92597198486328
82.79186248779297
83.07816314697266
85.21817016601562
81.9884262084961
86.36927032470703
81.38214874267578
84.77066802978516
81.33821868896484
80.58641815185547
80.37190246582031
74.47967529296875
78.00588989257812
65.89495086669922
75.1548843383789
60.96050262451172
72.31853485107422
62.400875091552734
69.87488555908203
62.71192932128906
69.85602569580078
67.56897735595703
70.9828109741211
71.62689971923828
70.32013702392578
73.59859466552734
71.04060363769531
75.3690414428711
72.98445129394531
76.14620208740234
75.02928161621094
77.2673568725586
77.12262725830078
78.242431640625
79.14409637451172
79.79248809814453
81.00325012207031
81.19375610351562
82.85443115234375
82.1376953125
83.9317855834961
82.6627426147461
83.95448303222656
81.83356475830078
82.4105224609375
80.16423797607422
80.1171646118164
79.0659408569336
77.69699096679688
77.84829711914062
75.58236694335938
76.85790252685547
73.6159439086914
75.39671325683594
72.62958526611328
73.68190002441406
72.13337707519531
71.46587371826172
71.120849609375
69.69623565673828
71.2430191040039
67.82536315917969
71.3115463256836
67.22869873046875
69.99449157714844
68.3471908569336
68.25456237792969
68.91565704345703
67.02519226074219
68.76966857910156
65.62146759033203
68.227294921875
64.27066802978516
67.65377044677734
64.51864624023438
64.7635269165039
64.01403045654297
63.837364196777344
66.3856201171875
61.957275390625
66.17764282226562
61.69926834106445
65.87874603271484
62.546424865722656
62.35053253173828
64.6958236694336
62.354698181152344
64.96814727783203
57.54752731323242
63.734676361083984
56.628944396972656
63.536529541015625
58.77617263793945
66.3711929321289
64.08316802978516
67.05821990966797
66.15565490722656
66.0220947265625
70.24507904052734
66.36441802978516
71.12905883789062
68.42681884765625
71.72554016113281
70.44566345214844
73.39665985107422
73.78889465332031
73.3845443725586
75.85707092285156
74.33832550048828
76.46328735351562
75.2327880859375
76.57919311523438
76.85104370117188
75.97721862792969
77.65209197998047
75.05937194824219
77.97579956054688
76.14051055908203
79.29664611816406
77.89978790283203
79.91593933105469
80.03453826904297
80.51734924316406
81.93767547607422
80.67825317382812
82.45105743408203
80.35599517822266
81.54267120361328
79.6722183227539
79.07674407958984
77.91765594482422
76.57682037353516
76.91084289550781
74.39251708984375
76.0704574584961
73.22881317138672
75.75465393066406
73.42071533203125
74.61360168457031
73.56865692138672
73.89751434326172
73.78067779541016
73.16326904296875
73.84955596923828
73.04832458496094
74.28724670410156
72.9876708984375
74.24507904052734
72.6932373046875
74.61827850341797
73.41996765136719
74.9411849975586
74.90547943115234
74.38106536865234
76.16373443603516
74.95913696289062
77.9671401977539
75.86126708984375
78.8862533569336
77.77958679199219
80.51012420654297
80.51427459716797
81.53264617919922
83.23384857177734
81.40660095214844
83.7453842163086
79.03229522705078
81.80828094482422
76.6906509399414
78.40802764892578
74.96642303466797
74.6041488647461
74.04911804199219
70.51625061035156
72.6453628540039
65.61524200439453
71.24032592773438
64.28036499023438
69.69136047363281
63.260040283203125
66.37960815429688
64.9981918334961
62.22087478637695
64.5342788696289
54.87444305419922
62.51609802246094
48.573646545410156
60.802642822265625
51.046775817871094
63.15966796875
49.07437515258789
62.68105697631836
56.80121994018555
62.29063034057617
57.75946044921875
62.92403030395508
64.02983856201172
63.00099563598633
66.9353256225586
63.88630294799805
69.16310119628906
66.45318603515625
70.30049133300781
69.07731628417969
72.52420043945312
72.26443481445312
74.17066192626953
74.93512725830078
75.75577545166016
77.20986938476562
77.39680480957031
79.55237579345703
79.06478881835938
80.47672271728516
79.48889923095703
80.13438415527344
79.01677703857422
79.1068344116211
78.04302215576172
77.8670883178711
77.27479553222656
76.29356384277344
76.75177001953125
75.79236602783203
75.92694091796875
75.0383529663086
76.13507080078125
74.27123260498047
74.50873565673828
74.0420150756836
74.35778045654297
74.6020278930664
72.92230987548828
74.22740173339844
72.21176147460938
74.23423767089844
72.83844757080078
73.34547424316406
73.09976959228516
72.7566146850586
72.85501098632812
71.95407104492188
72.6198959350586
70.31950378417969
72.39356231689453
70.49784851074219
71.8671875
71.48957824707031
70.70732116699219
71.7757339477539
69.9346694946289
71.57283782958984
70.59127044677734
71.75162506103516
70.37920379638672
71.1984634399414
72.03710174560547
72.30860900878906
74.25613403320312
73.728271484375
74.90099334716797
75.00667572021484
75.27618408203125
75.87589263916016
74.83679962158203
76.83883666992188
75.31739807128906
77.43891906738281
75.92147064208984
77.22649383544922
77.06165313720703
77.19105529785156
78.14633178710938
75.23078155517578
77.14544677734375
71.36966705322266
75.01799774169922
69.59620666503906
74.33180236816406
71.65086364746094
74.52887725830078
73.42466735839844
74.63092803955078
76.05709075927734
74.54613494873047
76.93206024169922
75.30180358886719
78.1946792602539
77.20520782470703
78.90313720703125
79.2434310913086
79.66565704345703
81.01824951171875
80.73991394042969
82.77789306640625
81.67754364013672
83.57996368408203
83.55614471435547
84.2088394165039
84.84172058105469
83.9046401977539
84.87586212158203
83.53356170654297
84.20226287841797
82.9372787475586
82.70777893066406
82.23433685302734
81.0194320678711
81.46341705322266
79.75071716308594
80.17256927490234
78.94689178466797
78.67303466796875
78.61660766601562
77.7192153930664
77.94022369384766
77.50875854492188
77.48959350585938
78.05194854736328
76.91064453125
79.486328125
76.80821228027344
79.63079833984375
76.90055084228516
76.93087005615234
76.4770736694336
70.83497619628906
74.31816101074219
63.97898864746094
71.54265594482422
68.05303192138672
68.29520416259766
71.1159439086914
63.419315338134766
72.865234375
68.09272003173828
73.75021362304688
74.43698120117188
74.29041290283203
76.98016357421875
74.77639770507812
76.29598999023438
74.71393585205078
75.1346206665039
74.03817749023438
73.06379699707031
72.6921157836914
71.65682983398438
71.21974182128906
70.88024139404297
68.48589324951172
68.843505859375
67.15531158447266
67.46019744873047
67.47520446777344
68.41373443603516
70.23998260498047
69.59843444824219
74.9871597290039
72.17345428466797
77.55801391601562
73.92106628417969
77.20126342773438
75.7314453125
75.16365814208984
76.46556854248047
71.74317169189453
74.60824584960938
69.67950439453125
70.2334976196289
69.32667541503906
50.313636779785156
64.597412109375
66.47100830078125
54.68268585205078
67.98932647705078
66.73291015625
65.14057922363281
69.52251434326172
61.695011138916016
70.17473602294922
64.32636260986328
69.03823852539062
67.15505981445312
66.58943939208984
69.04122924804688
64.11854553222656
70.72978210449219
63.71444320678711
69.6244125366211
66.15675354003906
67.9796371459961
67.283447265625
64.80020141601562
66.35242462158203
62.286109924316406
67.54869079589844
62.852073669433594
