66.8565673828125
73.7323989868164
77.8527603149414
57.53287887573242
79.18482971191406
73.85494995117188
70.36048889160156
76.82144927978516
69.74435424804688
73.4312973022461
75.03977966308594
56.82222366333008
69.96986389160156
64.14857482910156
65.87115478515625
66.88654327392578
66.06690979003906
64.83375549316406
68.4069595336914
56.028541564941406
62.06206130981445
53.5523567199707
60.82782745361328
69.88983154296875
65.98161315917969
65.97542572021484
65.7656021118164
60.054222106933594
64.66161346435547
63.192405700683594
61.71387481689453
66.36173248291016
62.16215896606445
53.105186462402344
60.842933654785156
60.70375442504883
61.586463928222656
54.57243347167969
58.78670883178711
57.398521423339844
52.601104736328125
62.04679489135742
67.14512634277344
62.00815200805664
65.58953857421875
61.22623825073242
65.10401153564453
68.59195709228516
60.860557556152344
61.129112243652344
67.3228759765625
58.75564956665039
70.18268585205078
68.43695831298828
66.0045394897461
72.18952941894531
62.613014221191406
66.88953399658203
67.0790786743164
53.73512268066406
71.57971954345703
71.50955963134766
58.68466567993164
71.22657775878906
58.80143356323242
70.56990051269531
71.80470275878906
57.7877311706543
69.97511291503906
69.05107879638672
66.1541519165039
74.35807800292969
68.57585144042969
71.56854248046875
73.79953002929688
60.05088424682617
76.0643310546875
74.83901977539062
70.57801055908203
79.44332122802734
73.51763916015625
78.42823791503906
82.13008117675781
58.7777099609375
85.4510269165039
84.28315734863281
78.94673156738281
87.213623046875
78.15885925292969
82.8157730102539
83.87586975097656
52.76228713989258
82.87850952148438
80.11727905273438
73.21663665771484
82.21077728271484
73.56071472167969
79.5631332397461
81.77173614501953
58.403202056884766
81.22974395751953
79.4383773803711
73.24420166015625
81.24019622802734
70.60731506347656
75.69432830810547
75.21788024902344
55.883975982666016
67.16993713378906
64.35615539550781
60.536407470703125
66.15170288085938
57.76071548461914
68.2071304321289
71.33460235595703
55.249088287353516
70.65311431884766
70.05532836914062
65.48704528808594
74.41617584228516
66.96629333496094
71.98490905761719
75.56440734863281
58.028079986572266
76.85948181152344
75.91603088378906
71.52923583984375
82.36571502685547
76.54681396484375
82.28053283691406
86.14435577392578
54.8194580078125
87.9868392944336
85.65902709960938
79.70880889892578
87.73816680908203
79.23895263671875
84.01286315917969
86.12381744384766
57.39700698852539
86.1074447631836
83.6631851196289
77.51204681396484
86.14409637451172
77.78754425048828
84.01203918457031
86.73480224609375
48.84062957763672
86.29304504394531
83.35047149658203
77.5324935913086
84.5726547241211
74.7769775390625
79.05204772949219
80.03854370117188
56.103878021240234
76.18109893798828
71.74303436279297
66.99726104736328
72.32495880126953
57.46452331542969
69.47279357910156
71.46739196777344
56.895687103271484
72.12115478515625
71.08383178710938
68.7733154296875
75.60045623779297
69.05502319335938
74.40495300292969
77.8150634765625
52.8106803894043
78.6287841796875
76.69537353515625
73.1918716430664
81.55012512207031
74.2678451538086
78.4369125366211
81.38107299804688
56.718265533447266
82.99261474609375
80.91522216796875
75.7029800415039
84.528564453125
76.41340637207031
83.0950927734375
86.19282531738281
56.194332122802734
86.9055404663086
84.99801635742188
79.61141204833984
88.07935333251953
79.44851684570312
85.21320343017578
87.28313446044922
50.61820983886719
86.97814178466797
84.64734649658203
80.0525131225586
88.1102066040039
79.96490478515625
85.08806610107422
87.72469329833984
51.91201400756836
88.2608642578125
86.14004516601562
81.01899719238281
89.77657318115234
81.87417602539062
87.4797592163086
90.28172302246094
54.780765533447266
91.43106842041016
89.79861450195312
84.64954376220703
93.86601257324219
86.17536163330078
92.27952575683594
95.04476165771484
56.67500305175781
95.23528289794922
92.67124938964844
86.68645477294922
94.24466705322266
84.98686218261719
89.47049713134766
90.78700256347656
53.85504913330078
88.54317474365234
85.45082092285156
79.4337387084961
86.62586212158203
77.61648559570312
81.37384796142578
82.69615173339844
53.053646087646484
80.73335266113281
77.56146240234375
71.7176742553711
78.60487365722656
70.55168914794922
75.16768646240234
77.27783203125
56.75688552856445
78.88680267333984
77.48426055908203
72.3583984375
80.97118377685547
71.59272003173828
77.6403579711914
79.2938003540039
50.73143005371094
77.50991821289062
74.79468536376953
70.1751937866211
78.41926574707031
70.07855987548828
73.99181365966797
75.98088836669922
55.078163146972656
76.62922668457031
74.15901947021484
67.56349182128906
77.11433410644531
68.96612548828125
74.92601013183594
77.77374267578125
39.257972717285156
78.276611328125
76.51827239990234
71.32194519042969
79.8546371459961
72.39927673339844
77.5940933227539
80.2134780883789
52.48035430908203
79.93832397460938
78.10935974121094
74.38496398925781
82.77425384521484
75.3273696899414
80.32827758789062
82.98139953613281
55.769378662109375
84.35298156738281
82.75420379638672
77.54818725585938
86.44457244873047
78.4860610961914
83.20633697509766
85.47815704345703
53.74140548706055
85.58984375
84.17720794677734
79.19278717041016
88.50835418701172
80.80843353271484
87.09185791015625
89.62076568603516
51.06417465209961
89.20439147949219
86.41883087158203
80.07251739501953
87.83870697021484
78.14645385742188
83.73616790771484
85.214599609375
55.874324798583984
83.67240905761719
80.55116271972656
75.27755737304688
82.32758331298828
73.36678314208984
77.8585205078125
79.35758209228516
55.05946731567383
77.09674835205078
73.67524719238281
69.45176696777344
76.50605773925781
69.11093139648438
72.32151794433594
74.17821502685547
54.30839538574219
75.11360168457031
73.31458282470703
65.9218978881836
74.92302703857422
66.22282409667969
73.1473388671875
76.48218536376953
51.708011627197266
76.22320556640625
73.89954376220703
70.12974548339844
77.86028289794922
69.53306579589844
75.38211822509766
77.25877380371094
56.74100875854492
78.64197540283203
76.54029083251953
72.95719146728516
81.24190521240234
74.02100372314453
78.94424438476562
82.45455169677734
54.15294647216797
85.2677230834961
84.4463882446289
78.41502380371094
87.7767562866211
78.76688385009766
83.09152221679688
83.76434326171875
49.60488510131836
80.19513702392578
76.60774993896484
69.64898681640625
76.2000732421875
65.01273345947266
71.95314025878906
74.56920623779297
50.22578430175781
75.79996490478516
74.8033676147461
70.65133666992188
80.36207580566406
72.57478332519531
76.54163360595703
78.1819076538086
42.75004577636719
76.55929565429688
73.77471160888672
67.58940887451172
74.67211151123047
67.72323608398438
70.27533721923828
71.59999084472656
45.65263748168945
71.64741516113281
69.22429656982422
60.07011413574219
69.91609191894531
58.88760757446289
67.39141082763672
69.97301483154297
52.49516296386719
67.51841735839844
65.4010009765625
64.15716552734375
71.92449951171875
66.16571044921875
70.31006622314453
74.35617065429688
55.08953094482422
78.3700942993164
77.64833068847656
73.00928497314453
82.31856536865234
74.23812866210938
80.65042114257812
82.3600082397461
47.48849868774414
81.84545135498047
79.22431182861328
73.24821472167969
80.67839813232422
71.3377456665039
77.38243865966797
79.1662826538086
45.247257232666016
79.01178741455078
76.85841369628906
72.5271224975586
80.78932189941406
72.23567199707031
77.16169738769531
79.7448959350586
53.991031646728516
80.23636627197266
77.68125915527344
71.50028228759766
80.2319107055664
71.74870300292969
77.31688690185547
79.21271514892578
55.46222686767578
79.28347778320312
76.90103149414062
71.41272735595703
79.55924224853516
70.96424102783203
77.0664291381836
79.26985168457031
55.58976745605469
79.0423812866211
76.47711181640625
73.24308776855469
80.41439819335938
72.41876220703125
77.21760559082031
79.44317626953125
44.39029312133789
80.38240814208984
78.20088195800781
72.51942443847656
81.10800170898438
72.4051284790039
78.33773803710938
81.03180694580078
55.36014938354492
81.58624267578125
79.3701400756836
74.03705596923828
82.70044708251953
74.40193939208984
80.69876861572266
83.12890625
48.1037483215332
83.5475082397461
81.7778549194336
77.50455474853516
85.78638458251953
77.97956085205078
83.40849304199219
86.31531524658203
46.67368698120117
87.54826354980469
85.90826416015625
81.11155700683594
90.3788070678711
82.8353042602539
88.61149597167969
91.49372863769531
54.191341400146484
92.38894653320312
90.14002227783203
84.38871002197266
92.35559844970703
83.22798919677734
88.24939727783203
89.90283203125
57.034950256347656
88.74763488769531
85.8434829711914
79.67223358154297
87.57810974121094
78.33348846435547
83.48066711425781
84.7998275756836
40.61661148071289
82.95435333251953
80.13646697998047
74.47317504882812
81.72575378417969
72.67318725585938
76.31280517578125
77.77679443359375
55.68781661987305
75.77177429199219
72.95801544189453
64.8276596069336
75.34345245361328
69.50897979736328
77.9571762084961
82.96775817871094
59.084129333496094
86.67195129394531
85.67475128173828
81.32015228271484
89.28026580810547
80.4134750366211
85.08721923828125
86.4854736328125
51.91618347167969
83.77967834472656
80.46405792236328
74.76622009277344
82.61491394042969
74.20064544677734
78.12799072265625
80.89970397949219
44.000335693359375
81.11044311523438
79.25475311279297
72.99281311035156
82.51776123046875
74.25647735595703
80.1275405883789
82.27568054199219
46.848087310791016
82.42839813232422
80.33048248291016
74.66801452636719
83.33670806884766
75.24369812011719
80.51871490478516
81.9432144165039
51.019378662109375
79.53944396972656
76.36627960205078
71.36956024169922
79.90870666503906
72.63929748535156
76.36648559570312
79.38941955566406
45.6061897277832
80.4691390991211
78.24799346923828
72.70030975341797
82.0699691772461
74.01754760742188
80.3610610961914
83.29705810546875
52.330421447753906
83.98897552490234
82.29129028320312
77.4762191772461
86.3990707397461
78.1039047241211
84.33447265625
86.91075134277344
53.819515228271484
87.16893768310547
85.00697326660156
79.26849365234375
87.7222671508789
78.96127319335938
83.33462524414062
84.46405792236328
50.65339279174805
82.23406219482422
78.02403259277344
71.97039031982422
77.42024993896484
