69.96209716796875
74.53909301757812
73.88007354736328
60.07297134399414
74.12493133544922
69.58457946777344
64.68621826171875
70.90052795410156
61.77852249145508
64.76390075683594
65.59817504882812
46.03371047973633
64.8679428100586
63.04267883300781
56.98358917236328
66.04344940185547
58.27225112915039
63.36869812011719
68.83837890625
53.58330535888672
71.40507507324219
68.86854553222656
66.8118896484375
70.55097961425781
56.50115203857422
68.42979431152344
67.00084686279297
45.90869903564453
66.74301147460938
64.45105743408203
59.05747985839844
62.44847106933594
57.48969650268555
54.04601287841797
62.4866943359375
54.35667419433594
59.66777038574219
58.93490982055664
54.975189208984375
62.18953323364258
54.05491638183594
62.586524963378906
62.21563720703125
30.074514389038086
67.1944580078125
64.96336364746094
60.292354583740234
69.5171127319336
64.53115844726562
64.7013931274414
71.08832550048828
55.6234130859375
68.16522979736328
66.8349380493164
62.139556884765625
69.57616424560547
62.509422302246094
70.72337341308594
71.77411651611328
58.59105682373047
73.1902084350586
71.38101959228516
64.10670471191406
74.79214477539062
68.5350112915039
71.31317138671875
73.90792846679688
49.605224609375
74.87796020507812
72.73824310302734
70.1799087524414
77.9367446899414
68.21456909179688
78.144775390625
80.39410400390625
63.882755279541016
82.39701080322266
81.89527130126953
74.33467102050781
85.98404693603516
80.73554992675781
84.18668365478516
86.66268157958984
68.86358642578125
85.87242889404297
81.12799835205078
78.08348083496094
83.91187286376953
73.99529266357422
79.31604766845703
81.09668731689453
60.13788604736328
78.9672622680664
76.99624633789062
70.62857055664062
78.77081298828125
69.7552261352539
76.05657958984375
77.9533920288086
54.303218841552734
78.96791076660156
76.93075561523438
72.313720703125
80.89363861083984
73.25634002685547
78.60254669189453
81.25181579589844
55.65584945678711
81.66805267333984
80.25640106201172
73.75642395019531
83.46832275390625
76.72966003417969
80.5275650024414
83.6467514038086
67.41820526123047
83.87584686279297
80.42300415039062
77.84947967529297
82.72691345214844
67.88384246826172
80.16270446777344
79.73623657226562
65.9678955078125
81.16239166259766
78.3303451538086
76.05335235595703
82.89268493652344
75.99129486083984
80.39605712890625
83.81144714355469
67.71578216552734
83.69530487060547
83.24246215820312
70.79156494140625
85.65386199951172
80.63762664794922
82.14306640625
85.74394226074219
74.64563751220703
84.85052490234375
80.16854095458984
79.43994903564453
83.45748901367188
69.71211242675781
81.72224426269531
82.51056671142578
66.51221466064453
84.52910614013672
81.69798278808594
78.96388244628906
86.48612213134766
78.97535705566406
84.28485107421875
87.40746307373047
68.01983642578125
87.67400360107422
87.08831787109375
79.21292114257812
90.31986236572266
83.57662963867188
88.40621185302734
90.65888214111328
75.36540985107422
91.73255157470703
87.35723114013672
85.61304473876953
92.36127471923828
87.22562408447266
90.05835723876953
95.54661560058594
77.67516326904297
96.3528823852539
94.1373519897461
89.71736145019531
97.369140625
88.2530746459961
94.68114471435547
96.57820892333984
66.21395874023438
96.73358917236328
94.54520416259766
89.01641082763672
97.74311828613281
89.97649383544922
94.80437469482422
97.57022857666016
67.2674789428711
97.58219146728516
95.5337142944336
89.93843078613281
98.21256256103516
88.99560546875
94.6092529296875
95.97362518310547
67.33642578125
94.7218246459961
91.35022735595703
85.01667785644531
92.407958984375
83.85973358154297
86.8567123413086
88.82485961914062
64.57433319091797
86.40753173828125
83.0300521850586
78.41299438476562
85.27460479736328
75.04537200927734
82.32772064208984
83.25090789794922
58.845794677734375
82.66065216064453
80.00125122070312
71.84636688232422
81.2985610961914
73.84989166259766
76.70465087890625
79.2430191040039
58.19947052001953
79.42867279052734
76.0513916015625
74.05091094970703
79.92987823486328
69.07440185546875
76.3137435913086
78.0428237915039
55.92769241333008
76.5870590209961
74.39380645751953
63.03609085083008
73.41917419433594
65.82785034179688
66.39863586425781
68.71089172363281
53.3355598449707
65.40943145751953
64.5303726196289
54.4035530090332
67.21980285644531
64.11034393310547
62.64977264404297
68.76266479492188
52.594146728515625
69.83363342285156
68.52275848388672
65.71432495117188
72.93885803222656
64.9976806640625
71.72602081298828
75.92911529541016
59.56965637207031
75.92906188964844
75.39783477783203
68.7479019165039
78.16326141357422
70.86882781982422
75.34254455566406
77.26022338867188
52.27127456665039
77.21318054199219
74.646240234375
69.46154022216797
76.216552734375
68.26798248291016
72.50694274902344
74.34137725830078
51.29226303100586
72.6134033203125
70.01319885253906
65.5203628540039
74.66436004638672
67.44857788085938
74.58851623535156
78.26274871826172
41.042945861816406
80.16072845458984
77.76849365234375
73.46307373046875
82.0307388305664
72.75367736816406
79.17800903320312
81.79115295410156
52.047969818115234
81.17310333251953
79.05406951904297
72.86254119873047
81.52727508544922
73.79170989990234
78.19676971435547
80.58340454101562
52.86030960083008
80.83711242675781
78.32306671142578
74.53726196289062
81.75529479980469
72.7889175415039
79.4260025024414
81.80406951904297
57.21006774902344
82.71002197265625
81.29117584228516
75.10759735107422
84.9127426147461
77.00547790527344
82.65721130371094
85.30158233642578
52.74748992919922
85.56427001953125
82.77944946289062
78.59591674804688
85.6343994140625
76.4200439453125
81.60132598876953
83.45911407470703
55.816986083984375
81.78144836425781
79.95585632324219
70.37577819824219
80.95562744140625
73.22314453125
77.43083190917969
78.95374298095703
61.47490310668945
79.45573425292969
76.71366119384766
73.45812225341797
81.34042358398438
72.71058654785156
77.3314208984375
80.17103576660156
59.7501335144043
79.20600128173828
77.7400894165039
72.03543090820312
80.13756561279297
70.29117584228516
77.89920806884766
80.13870239257812
62.43029022216797
81.86572265625
80.69051361083984
74.87873077392578
84.54808044433594
78.47769165039062
81.73453521728516
85.43704986572266
66.73882293701172
85.06983947753906
81.03160858154297
76.69408416748047
82.07466888427734
71.60731506347656
76.43213653564453
77.69367980957031
53.04286575317383
74.35321807861328
71.6363754272461
65.3548355102539
73.5648193359375
65.3577880859375
71.03882598876953
74.46855163574219
46.69792175292969
76.01720428466797
74.29104614257812
69.24028778076172
77.65689849853516
70.23014831542969
75.38965606689453
77.66535949707031
51.856876373291016
76.6430892944336
74.05026245117188
68.52091217041016
75.76060485839844
68.96385955810547
71.403076171875
73.4719467163086
51.971771240234375
76.22090911865234
74.55429077148438
72.3840103149414
80.79936218261719
74.50593566894531
79.54747009277344
84.03343200683594
64.3787841796875
84.9360122680664
83.58307647705078
78.89920806884766
85.48011016845703
75.1662826538086
81.6869125366211
82.76162719726562
58.62471389770508
81.233154296875
78.78199768066406
72.54142761230469
80.68942260742188
72.98619842529297
78.07015991210938
80.6677017211914
56.64125061035156
81.20632934570312
78.33833312988281
73.89749145507812
81.54889678955078
72.95074462890625
78.11429595947266
80.15731811523438
50.1234245300293
79.47672271728516
76.76338195800781
70.4246597290039
79.28692626953125
70.19635772705078
76.99469757080078
79.15513610839844
50.858333587646484
78.8465805053711
76.79476928710938
71.61382293701172
80.6292724609375
73.130615234375
78.48194122314453
81.61114501953125
53.527103424072266
82.69010162353516
80.97724151611328
76.03205871582031
84.10224914550781
76.0863265991211
81.41159057617188
83.88441467285156
55.32259750366211
83.62018585205078
81.97425842285156
75.7260971069336
84.84647369384766
76.53252410888672
82.45672607421875
84.93351745605469
59.12221908569336
86.0978012084961
84.17321014404297
79.35795593261719
88.09500122070312
80.76229095458984
85.38028717041016
88.20973205566406
62.36549377441406
87.7957534790039
84.50590515136719
79.76234436035156
85.65055847167969
75.61547088623047
79.76500701904297
80.88613891601562
58.55414962768555
76.0339584350586
72.45283508300781
62.476524353027344
66.46752166748047
50.74485778808594
62.7777099609375
67.13671875
55.56106948852539
70.56856536865234
71.4925308227539
64.52867889404297
75.92436981201172
68.54608917236328
75.30420684814453
78.89157104492188
58.76669692993164
81.09278106689453
79.25809478759766
74.57270812988281
83.47559356689453
76.74771881103516
80.70133209228516
84.1349868774414
62.29521560668945
83.99134063720703
81.59528350830078
75.70684814453125
83.599365234375
72.8338394165039
79.81895446777344
80.17316436767578
61.27095413208008
78.82782745361328
75.9531021118164
66.57005310058594
77.18215942382812
70.50514221191406
73.71915435791016
77.26312255859375
59.74778747558594
80.94546508789062
78.83601379394531
76.91893768310547
85.84416961669922
79.26749420166016
84.90813446044922
88.71574401855469
68.5111083984375
90.06102752685547
88.94878387451172
83.31958770751953
92.05485534667969
82.55681610107422
89.03288269042969
90.20585632324219
67.26577758789062
89.58138275146484
86.28211975097656
80.41205596923828
88.1044921875
81.06377410888672
83.67794799804688
86.54608917236328
65.59420013427734
85.28551483154297
81.47480773925781
77.19033813476562
83.28877258300781
71.99345397949219
79.16521453857422
80.61470794677734
62.11965560913086
81.4840316772461
80.87053680419922
74.29366302490234
84.7322998046875
76.65245056152344
83.00894927978516
85.13904571533203
58.6129150390625
86.0462646484375
83.62075805664062
78.76102447509766
86.82828521728516
78.97199249267578
83.18164825439453
85.50718688964844
44.777591705322266
84.4757308959961
81.88633728027344
75.60391998291016
83.9784164428711
75.58621215820312
80.61195373535156
82.6162338256836
51.932369232177734
83.54000854492188
81.59131622314453
76.94084930419922
85.63163757324219
78.14380645751953
83.18771362304688
86.20643615722656
49.28152084350586
86.5244140625
84.62274932861328
78.85053253173828
87.28458404541016
78.51617431640625
83.78653717041016
84.99931335449219
53.505210876464844
83.15555572509766
79.49683380126953
72.81514739990234
79.62771606445312
