74.00154113769531
79.81493377685547
81.3564453125
53.50611114501953
78.51439666748047
74.93402099609375
69.75863647460938
76.23635864257812
69.43939971923828
71.70904541015625
71.40370178222656
47.43180465698242
69.94695281982422
66.5998306274414
58.431705474853516
66.38307189941406
60.482479095458984
63.937782287597656
67.9757080078125
55.235328674316406
71.63035583496094
71.1562271118164
68.20915985107422
75.19200897216797
63.61925506591797
70.27159881591797
71.13798522949219
49.78653335571289
70.87913513183594
67.91557312011719
55.05533981323242
66.39529418945312
60.199462890625
62.2744026184082
66.98580932617188
54.57502365112305
66.9505615234375
62.99983215332031
61.15362548828125
69.34563446044922
62.6810417175293
64.92426300048828
67.96083068847656
57.14970779418945
69.1489486694336
66.32328033447266
60.81366729736328
71.888671875
59.49205780029297
70.25418090820312
72.2428970336914
49.90066909790039
73.37982177734375
71.21415710449219
66.33586883544922
74.90917205810547
67.2349624633789
72.25748443603516
75.30424499511719
57.44302749633789
76.1124038696289
74.03355407714844
70.14553833007812
78.27814483642578
71.42938232421875
77.22088623046875
80.02482604980469
50.67921447753906
81.93267822265625
81.05545806884766
76.4146499633789
85.48660278320312
76.9864730834961
83.33394622802734
84.71731567382812
55.92439270019531
81.66105651855469
78.11392974853516
71.07318878173828
78.49535369873047
69.28593444824219
73.50518798828125
75.51615142822266
58.303585052490234
75.30361938476562
73.29203796386719
66.67376708984375
75.58242797851562
67.80391693115234
73.39677429199219
75.75877380371094
56.93202590942383
75.57695770263672
74.10462951660156
67.94043731689453
77.56620025634766
69.60868072509766
75.8140869140625
77.92505645751953
57.96013259887695
78.30953979492188
77.13619232177734
72.44637298583984
80.32669067382812
72.6027603149414
77.45249938964844
80.41215515136719
35.4510498046875
80.97257995605469
79.18727111816406
73.16293334960938
82.54744720458984
74.46768188476562
80.50119018554688
83.03961944580078
54.402366638183594
83.50597381591797
81.75789642333984
76.63396453857422
85.32930755615234
77.39619445800781
81.43661499023438
82.89842224121094
58.19652557373047
78.91197967529297
75.50733184814453
70.8628158569336
79.91928100585938
72.27001953125
78.12262725830078
81.32720947265625
58.64216232299805
82.41035461425781
80.6434326171875
76.41807556152344
85.31684112548828
77.93746185302734
83.7773208618164
86.87592315673828
56.34195327758789
87.8633804321289
85.34683990478516
79.90603637695312
87.18681335449219
77.76155090332031
83.30180358886719
85.34971618652344
52.35456848144531
85.74771881103516
83.49333190917969
78.42581176757812
87.23224639892578
79.6555404663086
85.51145935058594
88.38054656982422
55.5564079284668
89.78723907470703
88.45061492919922
83.78822326660156
93.39705657958984
86.4229965209961
92.79396057128906
96.50037384033203
55.31382369995117
98.51016998291016
96.61602020263672
91.14566040039062
98.92863464355469
89.75459289550781
94.3122787475586
95.79689025878906
54.08875274658203
94.3060302734375
91.24172973632812
85.47442626953125
93.16985321044922
84.20785522460938
89.89759826660156
92.95016479492188
63.58637237548828
97.08086395263672
96.4491195678711
91.65685272216797
100.42152404785156
92.23165893554688
97.1715316772461
99.52991485595703
41.09970474243164
99.5667953491211
97.4031982421875
91.9384994506836
100.51722717285156
92.2490234375
97.68266296386719
100.05207061767578
63.81464767456055
99.7552490234375
97.17169189453125
91.35123443603516
99.12109375
90.07511901855469
94.45442199707031
95.88560485839844
55.934776306152344
94.1114730834961
90.71248626708984
84.34976196289062
91.68901062011719
82.5198974609375
87.1214599609375
88.69355010986328
42.04241943359375
87.2664566040039
84.405517578125
79.525634765625
87.15839385986328
78.712890625
83.5698013305664
86.24935913085938
50.787113189697266
86.96914672851562
85.04500579833984
79.7143783569336
87.90093231201172
79.35039520263672
84.40031433105469
86.58309936523438
47.277610778808594
85.39892578125
82.58515930175781
76.4163589477539
84.10923767089844
75.14788055419922
79.44061279296875
80.28092956542969
50.38404846191406
76.20764923095703
70.79485321044922
61.60426712036133
65.51927947998047
52.491058349609375
57.07573318481445
59.50790023803711
54.021236419677734
69.04471588134766
69.90348052978516
67.16350555419922
76.56593322753906
68.3119125366211
74.55579376220703
78.78559112548828
45.64405822753906
80.85926055908203
79.91755676269531
74.5377426147461
82.79932403564453
74.81718444824219
80.17723083496094
82.16718292236328
48.969364166259766
81.44462585449219
77.91087341308594
72.87259674072266
80.1825180053711
71.75642395019531
75.96561431884766
76.39311981201172
55.14208984375
72.6277084350586
69.14130401611328
63.28866958618164
73.20355224609375
66.86483764648438
75.03791809082031
79.15937805175781
49.30494689941406
80.85536193847656
79.4236831665039
74.17061614990234
82.54054260253906
74.38136291503906
80.13113403320312
82.38919067382812
44.2415885925293
82.43343353271484
80.15571594238281
75.78840637207031
83.1004638671875
75.13228607177734
81.17073822021484
83.35185241699219
50.33336639404297
84.2149658203125
82.34784698486328
76.88294219970703
85.84187316894531
77.90847778320312
83.43844604492188
86.31407165527344
56.497982025146484
87.3589096069336
85.69196319580078
80.11004638671875
89.32624816894531
81.22396087646484
86.46578979492188
88.76185607910156
47.94901657104492
87.63818359375
84.57170104980469
78.6789779663086
86.38581085205078
77.76295471191406
82.3441162109375
83.82801055908203
48.858943939208984
82.35938262939453
79.48870086669922
73.50773620605469
81.60453796386719
72.02891540527344
77.4177474975586
79.3224105834961
48.15022277832031
77.53071594238281
75.00080871582031
67.49203491210938
75.51559448242188
67.2895278930664
74.41568756103516
78.48873138427734
49.82612991333008
80.77244567871094
78.77348327636719
74.07390594482422
82.26790618896484
75.16333770751953
79.66576385498047
82.22114562988281
48.521148681640625
82.90894317626953
81.20561218261719
75.76366424560547
84.6353988647461
77.1883544921875
82.91827392578125
85.78459930419922
44.7917366027832
86.88088989257812
85.2955322265625
80.22405242919922
88.53915405273438
80.0770492553711
83.3635025024414
83.89094543457031
53.162635803222656
80.61297607421875
76.98055267333984
70.07669830322266
77.61862182617188
67.8258056640625
73.31982421875
76.08546447753906
53.76905059814453
77.26557159423828
75.90982818603516
71.23471069335938
80.12152862548828
72.62471771240234
78.52765655517578
81.4657974243164
45.12700271606445
81.41034698486328
78.97522735595703
73.12409210205078
80.78290557861328
70.23595428466797
75.34305572509766
76.74059295654297
38.661495208740234
74.86698913574219
72.81598663330078
66.45817565917969
75.18131256103516
67.5777359008789
75.2074966430664
78.86528778076172
50.395442962646484
80.6893081665039
79.3586196899414
75.3802490234375
84.71089935302734
77.4596939086914
82.99859619140625
85.78402709960938
35.59272003173828
85.82823181152344
83.26359558105469
77.18171691894531
85.99311065673828
77.20272064208984
83.51863861083984
86.93480682373047
47.23318862915039
88.03453826904297
85.65164184570312
79.27552032470703
87.44036865234375
79.21717834472656
83.54573822021484
85.4258804321289
53.33696746826172
84.54522705078125
81.89619445800781
76.43118286132812
84.46333312988281
76.1484375
80.8260726928711
82.48931121826172
56.671630859375
82.20613098144531
79.42765045166016
74.121826171875
81.8765640258789
72.69170379638672
77.68585205078125
79.83271026611328
35.712642669677734
79.44120025634766
77.18150329589844
73.1249008178711
80.95642852783203
73.21212005615234
80.04598236083984
84.16243743896484
57.94784164428711
86.41744232177734
85.0984878540039
79.5255355834961
88.54643249511719
80.56291198730469
85.56575012207031
88.33811950683594
53.68703079223633
88.54447937011719
86.58365631103516
81.44420623779297
89.9035873413086
81.5814437866211
87.50617218017578
89.80364227294922
45.35681915283203
88.9396743774414
85.46994018554688
79.07115936279297
85.01033020019531
75.05065155029297
77.98216247558594
78.1844482421875
52.968666076660156
75.47715759277344
73.28965759277344
68.69941711425781
77.12445831298828
68.79603576660156
75.71875
78.91130065917969
52.138790130615234
80.1025161743164
78.7875747680664
73.29198455810547
82.27823638916016
75.1488265991211
80.37158966064453
83.7169418334961
52.287574768066406
84.84171295166016
83.12979888916016
77.83424377441406
87.41940307617188
79.62393188476562
85.04127502441406
87.8932113647461
53.685569763183594
88.44158172607422
86.0479507446289
80.1576156616211
87.97695922851562
78.94581604003906
83.85865020751953
85.30178833007812
48.73295593261719
83.46774291992188
80.18515014648438
74.21611785888672
81.95796966552734
73.76435089111328
77.73021697998047
81.06765747070312
62.869285583496094
82.50624084472656
82.84598541259766
76.7466049194336
87.28998565673828
81.09184265136719
85.97730255126953
89.58724212646484
55.69791793823242
91.2148208618164
89.86640930175781
85.18305206298828
94.26879119873047
86.54545593261719
91.57599639892578
93.74945068359375
53.75461959838867
92.24252319335938
89.24446868896484
83.061279296875
90.41236114501953
81.17227935791016
85.63129425048828
87.16178131103516
54.018226623535156
85.66105651855469
82.42019653320312
75.34879302978516
84.46674346923828
76.1205062866211
80.92581176757812
82.77742004394531
46.07713317871094
80.44168853759766
77.44097137451172
71.54400634765625
80.1607666015625
72.32886505126953
78.49991607666016
82.25323486328125
49.40120315551758
84.86975860595703
83.9059829711914
79.18394470214844
88.0195083618164
79.77908325195312
85.03180694580078
87.09081268310547
53.7957878112793
86.55778503417969
84.04716491699219
78.79639434814453
86.62179565429688
77.69564819335938
82.41722869873047
83.97879791259766
41.001007080078125
81.72291564941406
77.17742919921875
71.22372436523438
79.64488983154297
73.19041442871094
78.73434448242188
82.89093017578125
55.09502410888672
84.45771026611328
82.61969757080078
76.76251983642578
85.65983581542969
78.22480010986328
83.21931457519531
85.4216079711914
53.9713020324707
85.53707885742188
82.75804138183594
77.44739532470703
85.5772476196289
