62.93292999267578
71.76725769042969
74.47415161132812
54.81641387939453
76.66940307617188
76.19171905517578
72.81876373291016
79.99263000488281
70.35858154296875
75.50435638427734
76.97502136230469
55.70869445800781
71.874755859375
66.22584533691406
65.28771209716797
72.0611343383789
64.56253814697266
65.52621459960938
67.83203125
56.12300491333008
64.21845245361328
61.92505645751953
60.251251220703125
67.70989227294922
61.919822692871094
63.27438735961914
67.49356842041016
60.60566711425781
68.57495880126953
66.35505676269531
65.70777893066406
69.98406982421875
58.09238815307617
61.12471008300781
57.70248031616211
58.05508804321289
54.865211486816406
54.12556076049805
51.3922233581543
58.6494140625
50.174827575683594
64.03047180175781
65.14722442626953
53.854713439941406
63.93336868286133
54.481964111328125
63.40590286254883
70.3257827758789
65.36258697509766
65.7095718383789
68.78836822509766
53.70555114746094
70.84809112548828
68.5428466796875
65.15631866455078
71.97907257080078
66.6867446899414
68.02112579345703
70.73548126220703
54.909427642822266
73.13164520263672
71.1438980102539
60.74748229980469
71.17366027832031
59.659912109375
70.69570922851562
73.12187194824219
49.3594856262207
71.66913604736328
69.04082489013672
67.0199966430664
74.65840911865234
67.1326675415039
71.47486114501953
74.90486907958984
59.58711624145508
76.1553726196289
73.95245361328125
70.1148452758789
78.7677993774414
71.75736999511719
77.32086944580078
80.50244903564453
57.1202392578125
84.16889953613281
83.32215118408203
78.11335754394531
87.59089660644531
79.13916015625
84.65946197509766
85.85951232910156
48.670780181884766
84.5788345336914
82.02660369873047
75.64775085449219
83.78302764892578
74.7178726196289
80.84536743164062
83.3383560180664
54.417144775390625
82.62010955810547
80.1170883178711
73.73192596435547
80.77464294433594
69.16215515136719
72.88546752929688
72.97582244873047
57.20758819580078
65.24960327148438
63.96289825439453
60.65017318725586
67.51296997070312
56.65001678466797
70.9263687133789
72.58906555175781
55.73734664916992
71.78695678710938
70.69277954101562
67.96321105957031
75.91291809082031
67.87657928466797
73.43537902832031
77.00434112548828
40.924346923828125
78.68701934814453
77.5581283569336
73.2987289428711
83.25706481933594
76.51274871826172
83.30818176269531
87.50121307373047
43.57847595214844
89.88452911376953
87.7719955444336
82.33795928955078
90.6005630493164
82.13008117675781
87.1080322265625
89.23062896728516
57.81277847290039
89.44132995605469
86.92394256591797
80.65396881103516
88.17308807373047
77.82501220703125
83.7276611328125
85.61296081542969
57.0261344909668
85.8092269897461
83.53848266601562
78.38721466064453
85.26809692382812
75.49249267578125
79.9908676147461
80.59613037109375
55.099327087402344
77.06533813476562
73.04238891601562
66.53804779052734
75.07733917236328
65.4890365600586
72.09352111816406
75.10176086425781
50.45100784301758
75.41580963134766
73.63166809082031
68.93840026855469
78.27328491210938
70.90816497802734
75.951171875
79.61587524414062
53.791656494140625
80.0379638671875
78.23038482666016
74.23175048828125
82.52098846435547
75.34492492675781
80.56136322021484
83.63937377929688
54.0881233215332
86.02037811279297
85.13074493408203
80.02173614501953
89.68204498291016
81.9446029663086
87.6302490234375
90.01480102539062
49.14991760253906
89.49388122558594
87.2080307006836
81.44544982910156
89.81966400146484
81.33422088623047
87.0057601928711
89.00626373291016
51.64457702636719
89.06243896484375
86.76300048828125
81.70724487304688
90.22164154052734
82.17786407470703
87.3658676147461
89.86189270019531
51.9754524230957
90.51417541503906
88.6159896850586
83.72669982910156
92.27605438232422
84.33910369873047
90.08609008789062
93.07380676269531
48.263214111328125
94.18510437011719
92.5195083618164
87.30753326416016
96.2220687866211
88.2132568359375
93.40898132324219
95.53971862792969
58.41314697265625
94.13218688964844
91.04925537109375
84.34502410888672
92.0284652709961
82.31604766845703
87.33899688720703
88.75243377685547
55.00636291503906
86.69757080078125
83.40971374511719
78.06011962890625
85.46986389160156
76.6900863647461
81.23065185546875
82.69758605957031
49.38665008544922
81.70228576660156
79.011962890625
72.91488647460938
80.37094116210938
71.58963775634766
76.36962127685547
78.16010284423828
47.37897872924805
79.76138305664062
78.24066162109375
72.82849884033203
81.65263366699219
72.49547576904297
77.99942016601562
79.70001983642578
50.14548873901367
78.3921890258789
75.15343475341797
71.51041412353516
78.40745544433594
70.41030883789062
74.84806823730469
76.52423095703125
55.60968780517578
77.34917449951172
74.84970092773438
69.35530090332031
77.90056610107422
69.83927154541016
75.10205841064453
77.8135757446289
48.09302520751953
78.54875946044922
76.55868530273438
71.58213806152344
79.87977600097656
71.94933319091797
78.11591339111328
80.23213958740234
50.29840850830078
80.67567443847656
79.04093933105469
75.02830505371094
83.32913970947266
75.20378875732422
79.59803771972656
81.09689331054688
56.87559127807617
81.13861083984375
79.27438354492188
74.00492858886719
83.72834777832031
76.3136978149414
82.40797424316406
85.3812484741211
47.01183319091797
86.92428588867188
85.5551986694336
80.83513641357422
89.98979187011719
82.13138580322266
88.30783081054688
91.03361511230469
55.38786315917969
90.85767364501953
88.15218353271484
82.0951919555664
89.75078582763672
80.58472442626953
85.19721984863281
87.0050277709961
49.02279281616211
85.43555450439453
82.59877014160156
76.88731384277344
84.53639221191406
75.48384857177734
80.4365234375
81.6563491821289
54.949012756347656
79.55579376220703
75.9275131225586
69.91128540039062
78.49942016601562
70.03052520751953
74.36229705810547
76.37974548339844
41.664039611816406
76.90235900878906
74.98816680908203
68.1583251953125
76.98426055908203
67.376953125
75.39643859863281
77.85095977783203
42.49839782714844
77.44625091552734
75.12442779541016
70.88441467285156
78.76883697509766
70.56277465820312
76.80853271484375
79.0248031616211
55.74839782714844
80.40974426269531
78.86613464355469
74.96098327636719
83.8666000366211
76.52214813232422
82.39067077636719
85.92768096923828
58.165016174316406
86.83586883544922
83.83198547363281
77.7756576538086
84.21183013916016
74.05506896972656
76.99946594238281
77.94850158691406
51.97843551635742
76.56636810302734
72.79242706298828
64.22309112548828
75.36236572265625
66.41815948486328
75.53469848632812
79.35202026367188
45.299163818359375
80.74869537353516
78.69757843017578
74.23526000976562
81.60344696044922
73.37464904785156
76.48100280761719
77.58694458007812
55.37067794799805
76.587158203125
72.9373550415039
67.69800567626953
75.17875671386719
65.09210205078125
69.94255065917969
70.77639770507812
49.83753204345703
70.7003173828125
68.54100036621094
62.20200729370117
69.37400817871094
60.36836242675781
67.42777252197266
70.92552947998047
51.18413543701172
71.97325897216797
71.00723266601562
68.50389099121094
78.01661682128906
72.25392150878906
77.25419616699219
81.10932922363281
50.455421447753906
81.71812438964844
78.94962310791016
71.76919555664062
79.54927825927734
70.69792938232422
74.97689056396484
76.15069580078125
55.39616775512695
77.10202026367188
75.46610260009766
71.42998504638672
80.6332015991211
73.5174560546875
79.77490997314453
82.62667083740234
55.28898620605469
82.045166015625
79.46160125732422
74.7211685180664
82.52681732177734
74.50833892822266
79.02798461914062
81.29840087890625
51.36053466796875
81.25421905517578
78.50108337402344
72.44237518310547
81.21967315673828
73.30457305908203
78.3367919921875
80.69053649902344
49.385379791259766
80.73201751708984
78.68251037597656
72.19251251220703
80.7010269165039
71.7588882446289
78.3841323852539
80.78560638427734
48.480751037597656
80.26528930664062
77.92100524902344
73.50919342041016
81.5412368774414
73.60042572021484
78.67190551757812
81.2124252319336
55.58595657348633
81.698974609375
79.28837585449219
74.1622085571289
82.74442291259766
74.57722473144531
79.90704345703125
82.54592895507812
46.574554443359375
83.1743392944336
81.25271606445312
76.13018035888672
84.4100341796875
76.05313873291016
82.4325942993164
85.02823638916016
57.182098388671875
85.38361358642578
83.5920181274414
79.18828582763672
87.64527893066406
79.62752532958984
85.24332427978516
88.11923217773438
56.39567565917969
89.04405975341797
87.24458312988281
82.5689697265625
91.38177490234375
83.66887664794922
89.80937194824219
92.90050506591797
49.89912796020508
94.02244567871094
91.9283218383789
86.17766571044922
94.30194854736328
85.4115982055664
90.32940673828125
91.92495727539062
42.39155197143555
90.4669189453125
87.59710693359375
81.3817138671875
89.00269317626953
80.02482604980469
84.74397277832031
86.38697814941406
54.52878952026367
84.69508361816406
81.55078125
76.3542709350586
83.72560119628906
74.50223541259766
78.42178344726562
80.00643920898438
49.54993438720703
78.7833480834961
76.0306167602539
69.13304901123047
79.62895965576172
72.7176513671875
82.08414459228516
86.8560791015625
56.959659576416016
89.59376525878906
87.7783432006836
82.49371337890625
89.91670989990234
80.78568267822266
84.98902893066406
85.99188995361328
54.53453063964844
83.91007232666016
81.1194839477539
75.86505126953125
83.90203857421875
75.38121032714844
80.26982116699219
82.54583740234375
49.82394790649414
82.82304382324219
80.55677032470703
75.34747314453125
83.52830505371094
75.1675796508789
81.00920104980469
83.34681701660156
50.09027862548828
83.72461700439453
81.26116180419922
75.05721282958984
84.43333435058594
75.89599609375
82.16175842285156
84.68547821044922
49.60138702392578
85.32019805908203
83.46513366699219
78.94644927978516
87.34796905517578
79.9337158203125
84.46753692626953
87.05717468261719
58.915771484375
85.61888885498047
81.98424530029297
74.95105743408203
81.98153686523438
72.58687591552734
77.77656555175781
80.41101837158203
52.78437042236328
82.47994232177734
80.87107849121094
76.10539245605469
85.7882308959961
78.38296508789062
84.43045806884766
87.50120544433594
46.76042556762695
87.38739776611328
84.5632553100586
78.41915893554688
86.0186996459961
76.46405029296875
80.87166595458984
81.55628204345703
46.640010833740234
76.76568603515625
70.70191192626953
62.91802978515625
63.95686340332031
