70.84354400634766
72.878662109375
71.6390380859375
71.37976837158203
70.22858428955078
70.66724395751953
66.90017700195312
67.38821411132812
64.95038604736328
65.58547973632812
62.771644592285156
60.71168899536133
57.86042404174805
59.412601470947266
58.739280700683594
55.65671157836914
58.85620880126953
59.443687438964844
61.13596725463867
61.783836364746094
67.53404998779297
65.81083679199219
67.02718353271484
66.52467346191406
67.40106201171875
64.59403228759766
64.05321502685547
60.26430130004883
62.321041107177734
58.27580642700195
62.439090728759766
52.55880355834961
56.779083251953125
50.662818908691406
56.511688232421875
58.29948806762695
56.55336380004883
58.34711837768555
56.59632873535156
63.5793571472168
57.0393180847168
60.03987503051758
60.769901275634766
60.5341682434082
63.352813720703125
60.99102783203125
62.68603515625
60.162654876708984
66.16976165771484
63.05521774291992
67.48817443847656
66.40245819091797
64.17919158935547
66.03377532958984
63.87683868408203
66.57495880126953
66.25067138671875
67.49456024169922
68.22715759277344
67.73725891113281
69.5379638671875
67.78382873535156
69.94535064697266
68.47708892822266
70.29627227783203
69.41912841796875
70.27413177490234
71.52976989746094
70.74947357177734
74.50662994384766
74.44154357910156
76.12451171875
76.64717102050781
78.04769134521484
78.95162200927734
78.81881713867188
78.34905242919922
76.84468841552734
75.87991333007812
74.00728607177734
73.90325927734375
72.07496643066406
71.57245635986328
71.39692687988281
70.02809143066406
71.20016479492188
69.25041961669922
70.15911865234375
67.98799896240234
68.24109649658203
69.56178283691406
68.11673736572266
70.03206634521484
66.74198150634766
70.47947692871094
69.5824966430664
68.98485565185547
70.52072143554688
70.28076934814453
71.42520141601562
70.97579956054688
72.2894515991211
72.1800765991211
73.10303497314453
73.375244140625
72.690185546875
74.00617218017578
73.19129180908203
74.45848083496094
74.26620483398438
74.92747497558594
75.78218841552734
76.21513366699219
76.9654541015625
76.7873306274414
77.28453826904297
77.32556915283203
78.45855712890625
78.29720306396484
78.45169830322266
77.5511245727539
76.60059356689453
75.41676330566406
74.86861419677734
74.06770324707031
74.43269348144531
74.04901123046875
74.69557189941406
74.83541870117188
75.22286224365234
75.09522247314453
75.6447982788086
76.81520080566406
76.56845092773438
77.70791625976562
78.08734130859375
79.36792755126953
79.57087707519531
80.4518051147461
80.72652435302734
80.93571472167969
79.8796157836914
79.90684509277344
78.14496612548828
78.35796356201172
77.68938446044922
77.60139465332031
77.65428161621094
77.92164611816406
78.47709655761719
78.40863037109375
79.64039611816406
79.71512603759766
80.69486236572266
81.13720703125
81.84810638427734
82.78105926513672
83.58958435058594
84.61360168457031
85.47274017333984
86.67042541503906
87.73444366455078
88.83541107177734
89.75465393066406
90.47505950927734
90.20662689208984
89.65667724609375
88.63130187988281
87.696533203125
86.81245422363281
85.35147857666016
84.79267883300781
83.52490234375
83.45545959472656
83.7900619506836
84.81977844238281
87.77049255371094
89.24639892578125
90.84813690185547
90.79821014404297
90.87741088867188
90.648681640625
90.43157196044922
90.52172088623047
90.30684661865234
90.61348724365234
90.66222381591797
90.83914184570312
90.87699890136719
90.92708587646484
91.21475982666016
91.03221130371094
91.0922622680664
90.50019073486328
90.27753448486328
89.42863464355469
88.8983383178711
87.97075653076172
86.8860855102539
85.84357452392578
84.76460266113281
83.83014678955078
82.52212524414062
81.61524963378906
80.63614654541016
79.9261474609375
79.26386260986328
77.9327392578125
78.15821838378906
77.29493713378906
76.93451690673828
76.78011322021484
76.14845275878906
76.62818908691406
75.80818176269531
77.33427429199219
76.28694915771484
76.83853912353516
77.14705657958984
76.93415832519531
77.45797729492188
77.877685546875
77.4775619506836
76.74662780761719
77.27359008789062
75.97415161132812
75.76815032958984
74.959228515625
74.0160903930664
73.83760070800781
71.64737701416016
71.43963623046875
67.7325210571289
67.58599853515625
63.471797943115234
59.77139663696289
57.58146286010742
46.00664520263672
58.53182601928711
59.03768539428711
53.580596923828125
62.18521499633789
59.35564041137695
65.21497344970703
64.46443176269531
64.97689819335938
67.60719299316406
67.49214935302734
70.12892150878906
69.81137084960938
71.8785629272461
73.00236511230469
73.64942169189453
74.54071807861328
73.29827880859375
73.77254486083984
73.22650909423828
73.05372619628906
71.50635528564453
72.00521087646484
70.06507110595703
70.03237915039062
69.95679473876953
68.65402221679688
69.80691528320312
66.64411926269531
65.72723388671875
64.65364074707031
60.44296646118164
66.15558624267578
65.50042724609375
69.401611328125
69.15128326416016
70.17921447753906
72.62862396240234
71.67459869384766
73.76575469970703
74.0056381225586
74.85095977783203
74.22164154052734
74.8141860961914
74.75235748291016
74.5168685913086
75.3372573852539
74.62899780273438
75.80492401123047
75.11836242675781
75.85391235351562
75.43312072753906
76.23527526855469
76.72982788085938
75.75030517578125
76.78422546386719
77.06702423095703
77.16300964355469
76.78295135498047
76.96977996826172
77.28392791748047
77.41795349121094
78.00894165039062
78.4177017211914
78.8888168334961
79.23990631103516
79.7938232421875
80.11197662353516
80.3236312866211
79.91923522949219
79.44172668457031
79.15726470947266
78.30314636230469
78.03932189941406
76.94309997558594
76.58811950683594
75.49888610839844
75.29125213623047
74.74832153320312
72.9865951538086
72.9426498413086
71.19194793701172
71.36408233642578
69.8709945678711
70.0147933959961
70.376708984375
70.89092254638672
72.33953094482422
71.6106185913086
71.76392364501953
71.53789520263672
71.79704284667969
71.71533966064453
71.58909606933594
72.32817077636719
72.03565216064453
72.88587951660156
73.40399169921875
73.52161407470703
74.25238037109375
74.00639343261719
74.9781723022461
74.82479858398438
75.89912414550781
75.13713836669922
76.26013946533203
76.40037536621094
77.41261291503906
78.04778289794922
78.40066528320312
79.6731948852539
79.62920379638672
80.06541442871094
79.63543701171875
78.6267318725586
77.05216217041016
75.47356414794922
74.51325225830078
71.92947387695312
72.30351257324219
70.17657470703125
70.57791137695312
69.39604949951172
69.41205596923828
70.14508056640625
69.14373016357422
70.51274108886719
70.51988220214844
71.52852630615234
73.06854248046875
71.63555908203125
73.93458557128906
72.58504486083984
73.69405364990234
72.83372497558594
72.96881103515625
71.42041778564453
71.25944519042969
69.42906951904297
68.36117553710938
68.66532135009766
67.38215637207031
68.38055419921875
66.4023208618164
68.33036041259766
69.63967895507812
68.28720092773438
70.20906829833984
70.08039855957031
70.96129608154297
73.23291778564453
74.41284942626953
75.31930541992188
75.4139633178711
77.3202896118164
77.81957244873047
77.78665924072266
78.4954605102539
78.24600219726562
78.91492462158203
78.3766860961914
79.43141174316406
79.33187866210938
79.25682830810547
78.22476959228516
77.6181640625
77.52922058105469
76.84559631347656
76.44120788574219
75.06214141845703
75.39350891113281
74.85224914550781
74.93965911865234
73.50089263916016
72.91825103759766
72.98512268066406
72.60454559326172
72.61954498291016
72.75945281982422
72.90711975097656
72.54363250732422
71.7166519165039
72.39623260498047
71.36820983886719
72.00687408447266
71.56442260742188
70.04664611816406
71.44109344482422
70.63731384277344
71.66059112548828
72.72083282470703
73.8926010131836
75.19107818603516
76.22352600097656
77.44786834716797
78.17017364501953
78.2583999633789
77.9223861694336
78.58744812011719
78.34516906738281
78.25674438476562
78.90925598144531
78.261962890625
78.72917938232422
78.69911193847656
79.19334411621094
79.12360382080078
79.41825103759766
80.06299591064453
79.9826431274414
80.7887954711914
80.75277709960938
80.91508483886719
80.77809143066406
80.55364990234375
79.22702026367188
78.22676086425781
76.42538452148438
74.26605987548828
72.65704345703125
70.79625701904297
69.31338500976562
66.94764709472656
66.84014892578125
67.4352798461914
66.27058410644531
68.21644592285156
67.58613586425781
69.5790786743164
69.51298522949219
69.98442840576172
71.12947082519531
72.25839233398438
72.61734771728516
72.67074584960938
73.86503601074219
74.80584716796875
74.76457977294922
76.48108673095703
76.31341552734375
76.9055404663086
77.71293640136719
77.95413970947266
78.81524658203125
79.11143493652344
79.36677551269531
78.6971435546875
79.12824249267578
78.4034652709961
78.06783294677734
76.8687515258789
76.20496368408203
75.06388854980469
74.96440887451172
74.07571411132812
73.28518676757812
74.03585815429688
73.32054901123047
74.25901794433594
74.5838851928711
75.84346771240234
75.77633666992188
77.25672149658203
77.24575805664062
78.1894302368164
78.85874938964844
79.90032196044922
80.42326354980469
81.2996826171875
82.42584991455078
83.11625671386719
84.14981079101562
85.00077819824219
85.48876953125
85.63845825195312
85.81324005126953
85.15216064453125
84.45293426513672
83.62007141113281
82.46891784667969
81.74576568603516
80.80670166015625
79.87286376953125
79.08424377441406
78.57555389404297
77.71800994873047
77.00917053222656
76.67607116699219
75.50714111328125
75.51315307617188
73.8722915649414
73.97095489501953
72.23690795898438
70.45858764648438
69.51025390625
68.09955596923828
69.62358093261719
69.14356994628906
71.66246795654297
72.55668640136719
73.79605865478516
75.84393310546875
76.70549774169922
78.00194549560547
78.33552551269531
78.65654754638672
78.52552795410156
78.37596893310547
78.09517669677734
77.85272979736328
77.98651885986328
76.82237243652344
77.04149627685547
76.34833526611328
75.75155639648438
74.95611572265625
73.2928237915039
73.20020294189453
72.14616394042969
73.31918334960938
73.6278305053711
75.2342300415039
76.23509979248047
76.34180450439453
77.21141052246094
76.85804748535156
77.51190948486328
77.59353637695312
77.60820770263672
77.89439392089844
77.63289642333984
78.47117614746094
77.8961410522461
78.06320190429688
76.9778060913086
77.61578369140625
77.21604919433594
77.11210632324219
77.56844329833984
