61.52096176147461
66.85397338867188
70.68732452392578
46.21466064453125
73.23982238769531
72.3788833618164
68.44559478759766
79.019775390625
71.27417755126953
78.34516143798828
80.6375732421875
54.373783111572266
79.66497802734375
76.0232925415039
69.33799743652344
76.43396759033203
67.60264587402344
71.28233337402344
72.6486587524414
50.23711395263672
72.33393096923828
70.72339630126953
62.96192932128906
71.58159637451172
63.33884048461914
70.25523376464844
72.57174682617188
53.0931396484375
69.1318359375
64.44160461425781
58.505149841308594
64.85100555419922
55.900390625
62.32725143432617
64.91043853759766
39.79975128173828
66.65208435058594
64.3688735961914
57.81327438354492
68.345703125
58.499420166015625
68.58330535888672
69.71577453613281
50.05683898925781
70.9999008178711
69.59021759033203
63.910179138183594
73.09910583496094
64.94223022460938
70.59564208984375
73.84825897216797
47.741249084472656
73.8770980834961
71.00080871582031
67.017578125
75.73371887207031
66.25634765625
71.97245025634766
74.68843078613281
51.025474548339844
75.14801025390625
73.20138549804688
67.908203125
76.26998138427734
67.46498107910156
73.00004577636719
75.73704528808594
31.534706115722656
75.8146743774414
73.94050598144531
68.94496154785156
77.380615234375
68.73870849609375
74.44173431396484
77.7227783203125
53.101661682128906
78.64449310302734
76.9225082397461
73.10228729248047
81.83990478515625
74.03842163085938
80.51659393310547
83.65486145019531
40.928707122802734
84.2553482055664
81.57054138183594
75.13421630859375
82.55276489257812
73.85323333740234
77.75069427490234
79.23731231689453
46.86581802368164
78.25865936279297
75.2168197631836
68.34882354736328
76.57685089111328
67.88424682617188
72.42796325683594
75.38362884521484
49.33505630493164
76.22220611572266
74.0162353515625
69.26188659667969
77.81887817382812
69.959228515625
75.69707489013672
78.20645904541016
51.835689544677734
78.08364868164062
75.63159942626953
69.42433166503906
77.30682373046875
68.43109893798828
74.898681640625
77.09536743164062
48.605857849121094
78.36811065673828
76.5313720703125
71.6875
80.48076629638672
71.65966796875
78.76264953613281
81.4128189086914
40.94704055786133
82.55874633789062
80.83111572265625
76.00495910644531
85.08343505859375
77.39319610595703
83.44180297851562
86.4232177734375
54.607093811035156
84.93994140625
80.49140167236328
71.82371520996094
75.67538452148438
64.7224349975586
70.6710205078125
76.47901153564453
38.16539001464844
81.71904754638672
80.27935791015625
75.04230499267578
83.31657409667969
74.70128631591797
80.10974884033203
82.88243103027344
51.48765563964844
81.96214294433594
78.04640197753906
71.40476989746094
77.97914123535156
69.04450225830078
72.9267349243164
74.85324096679688
51.47043991088867
75.76272583007812
73.46473693847656
68.80108642578125
78.48859405517578
70.94440460205078
77.20333099365234
80.34785461425781
49.33383560180664
82.87798309326172
81.90345001220703
77.60426330566406
87.32627868652344
80.18390655517578
87.07222747802734
90.46864318847656
51.08464813232422
91.93212127685547
89.88190460205078
84.66805267333984
92.89431762695312
84.5360336303711
89.48822784423828
91.7866439819336
52.64716339111328
91.44316101074219
89.0267333984375
83.58251190185547
91.98857879638672
83.74808502197266
88.96919250488281
91.34632110595703
52.770450592041016
91.18838500976562
89.07624816894531
83.92021179199219
92.34503173828125
84.2677230834961
89.67671966552734
92.24961853027344
50.663658142089844
92.8027114868164
90.87593078613281
85.84257507324219
94.51714324951172
86.53009796142578
92.1528091430664
94.74263000488281
52.887149810791016
94.92194366455078
92.36864471435547
86.61947631835938
94.41995239257812
85.27599334716797
89.78087615966797
91.18145751953125
32.84321212768555
89.2867202758789
86.09310150146484
79.4371109008789
86.97116088867188
77.94794464111328
81.83427429199219
83.73204803466797
46.0623664855957
81.98153686523438
78.84025573730469
71.75382232666016
80.10118103027344
71.5035171508789
75.56104278564453
77.0416488647461
44.47011947631836
76.60169219970703
74.43450927734375
68.74212646484375
77.20877075195312
68.31260681152344
74.2934341430664
75.90038299560547
44.825584411621094
74.85545349121094
71.83368682861328
66.45174407958984
74.02025604248047
66.1253662109375
70.82422637939453
73.09601593017578
51.81868362426758
72.55408477783203
69.49859619140625
64.8617172241211
71.35437774658203
62.99608612060547
68.89274597167969
71.14350891113281
40.054718017578125
69.5560073852539
67.74231719970703
62.159759521484375
69.73677825927734
62.13077163696289
66.31224060058594
68.72277069091797
52.16598892211914
67.70416259765625
64.86386108398438
58.8615608215332
68.54878997802734
60.931217193603516
67.14889526367188
69.84405517578125
47.98126220703125
73.39745330810547
72.70364379882812
69.02285766601562
77.2544174194336
69.51910400390625
75.06143188476562
76.82738494873047
43.6298713684082
76.4292221069336
74.20458984375
68.98910522460938
76.24410247802734
68.1658706665039
73.56636047363281
76.21440887451172
44.419517517089844
76.74137115478516
74.98463439941406
69.4501953125
78.77606201171875
71.14111328125
77.46627807617188
80.76516723632812
46.05522537231445
82.54715728759766
81.12692260742188
76.72478485107422
86.15461730957031
78.82426452636719
84.9343032836914
87.96722412109375
50.052886962890625
88.56232452392578
85.85417938232422
79.9969482421875
87.62159729003906
78.41216278076172
82.76818084716797
84.30941009521484
28.76871681213379
82.6937255859375
79.68705749511719
73.30941009521484
81.54517364501953
72.8954086303711
77.48719024658203
79.76760864257812
51.317237854003906
79.20958709716797
76.30863952636719
70.23149108886719
79.36324310302734
71.17195129394531
76.3561019897461
78.95526885986328
49.79220962524414
79.79674530029297
77.47579956054688
72.71524047851562
81.1689682006836
73.54180908203125
79.93479919433594
82.84889221191406
45.90860366821289
84.2503890991211
82.68560791015625
77.48047637939453
85.76835632324219
77.1010513305664
82.16015625
84.79476165771484
39.8223991394043
85.21859741210938
82.34165954589844
75.67115020751953
82.9239273071289
73.46085357666016
76.9004898071289
78.29779052734375
48.175533294677734
76.17314147949219
72.37545776367188
66.62728881835938
73.6473388671875
63.688209533691406
68.03914642333984
69.64324188232422
45.16838073730469
67.06684875488281
64.93072509765625
61.75724411010742
67.80026245117188
59.25328826904297
63.505516052246094
64.34538269042969
43.17693328857422
62.886085510253906
58.28003692626953
51.26120376586914
63.59244155883789
58.20323944091797
56.88999938964844
60.74829864501953
49.74859619140625
51.48592758178711
48.97904586791992
48.04864501953125
62.12778091430664
56.96348190307617
65.0696792602539
68.91291809082031
43.95339584350586
72.65094757080078
71.60311126708984
66.18653869628906
76.27365112304688
68.54654693603516
75.25143432617188
78.41584014892578
45.151790618896484
80.26280975341797
79.09696197509766
74.8983154296875
84.3104476928711
76.55711364746094
82.24042510986328
84.89949035644531
46.41312789916992
84.41194915771484
81.59442901611328
75.68475341796875
83.67855834960938
75.3403549194336
79.80891418457031
81.64521789550781
39.279056549072266
80.97110748291016
78.24330139160156
73.06951904296875
80.71694946289062
72.29537963867188
77.18388366699219
78.99850463867188
44.919921875
78.58643341064453
76.30279541015625
70.1156005859375
78.6612777709961
70.68268585205078
75.704345703125
78.09954071044922
48.370357513427734
80.39787292480469
78.39495086669922
72.85673522949219
80.83672332763672
72.1399154663086
76.69499206542969
78.85994720458984
47.91682052612305
79.10186767578125
77.01127624511719
71.40847778320312
79.90396881103516
71.84404754638672
77.2877426147461
79.61695861816406
50.76182556152344
79.60769653320312
77.2054672241211
71.38969421386719
80.57044982910156
72.77251434326172
78.15357971191406
80.65196990966797
50.34173583984375
80.99614715576172
78.86033630371094
73.83839416503906
82.21315002441406
73.81990814208984
80.08099365234375
82.47074890136719
49.52536392211914
83.39176177978516
81.21127319335938
76.34054565429688
85.14810180664062
77.02454376220703
83.34465026855469
85.85340881347656
38.7547607421875
86.08479309082031
83.12461853027344
76.75997924804688
83.25797271728516
73.28813934326172
76.37886810302734
77.84967803955078
47.657230377197266
78.54064178466797
77.2821273803711
73.1500244140625
82.08415985107422
74.52752685546875
81.18683624267578
84.60726165771484
48.884700775146484
86.45684814453125
84.84343719482422
80.26289367675781
89.1646957397461
81.29267883300781
86.58477783203125
88.90353393554688
48.45114517211914
87.62239837646484
84.72856140136719
78.52828216552734
86.24121856689453
77.00933837890625
82.46546173095703
85.01451110839844
50.98462677001953
86.09255981445312
84.23839569091797
79.25931549072266
87.56529235839844
79.12735748291016
83.95392608642578
85.99468994140625
40.252140045166016
85.4349136352539
82.82984924316406
77.47972106933594
85.61369323730469
77.30682373046875
82.36092376708984
84.81891632080078
42.10395812988281
85.12136840820312
82.76941680908203
77.39350128173828
85.22146606445312
76.35013580322266
79.93865203857422
79.77430725097656
46.700958251953125
74.40321350097656
69.76173400878906
62.11660385131836
70.84890747070312
64.48473358154297
69.80742645263672
72.75247192382812
51.784420013427734
73.64087677001953
71.06815338134766
65.41020965576172
73.5251693725586
64.70924377441406
70.55149841308594
72.59345245361328
50.03459930419922
73.31333923339844
72.11540222167969
66.65884399414062
74.99154663085938
66.75408935546875
71.9898452758789
74.51189422607422
42.86488342285156
73.51347351074219
70.67481994628906
65.55221557617188
73.23054504394531
66.34835815429688
71.52178192138672
73.87281036376953
42.14955520629883
73.6384506225586
70.7727279663086
65.11931610107422
71.7260513305664
61.94711685180664
66.3587417602539
68.12739562988281
49.404518127441406
65.42868041992188
64.05692291259766
57.918182373046875
64.48778533935547
57.87413024902344
62.84262466430664
65.07762145996094
40.935543060302734
68.13102722167969
68.55123138427734
64.74708557128906
74.86100769042969
66.86115264892578
72.77913665771484
75.0398941040039
44.50806427001953
74.5011215209961
70.93769073486328
65.33379364013672
72.94441986083984
