74.37869262695312
78.46515655517578
81.18252563476562
47.343746185302734
78.33595275878906
76.38949584960938
67.91871643066406
75.49713134765625
67.88289642333984
72.23583984375
71.24427795410156
51.29116439819336
70.29837799072266
67.5574722290039
57.669925689697266
68.95730590820312
54.930511474609375
64.26932525634766
68.03379821777344
40.9018669128418
71.33464813232422
69.64811706542969
67.80099487304688
74.55618286132812
66.09431457519531
69.65869903564453
70.19561767578125
55.71149444580078
69.6978988647461
63.97206497192383
60.326683044433594
68.00872802734375
60.26786804199219
64.49955749511719
67.46853637695312
36.294551849365234
62.396934509277344
65.91852569580078
57.69770812988281
65.04391479492188
53.192039489746094
65.58763122558594
68.16303253173828
45.9569206237793
68.70293426513672
68.31182098388672
62.82666778564453
71.66898345947266
64.59046936035156
70.08313751220703
72.81180572509766
39.3549919128418
72.83234405517578
71.69694519042969
65.84112548828125
74.17545318603516
63.53117370605469
71.7946548461914
73.39376831054688
54.406829833984375
75.24400329589844
72.24469757080078
68.25360107421875
77.59197235107422
68.64381408691406
75.9714584350586
78.75433349609375
50.570438385009766
79.47518157958984
78.36849975585938
74.7510757446289
83.47039031982422
76.1275405883789
82.95604705810547
85.53201293945312
47.55018615722656
84.50845336914062
80.82864379882812
74.47970581054688
81.03112030029297
72.08551788330078
75.5738296508789
77.59346008300781
53.625457763671875
76.30471801757812
73.8586654663086
67.70255279541016
77.12541198730469
69.46480560302734
73.02174377441406
76.19499969482422
48.506874084472656
74.97907257080078
73.34343719482422
68.7108383178711
77.34303283691406
69.02178192138672
75.48975372314453
77.42179870605469
54.988197326660156
78.78546905517578
76.69672393798828
71.19674682617188
80.19734191894531
72.59403228759766
77.67424774169922
80.26913452148438
53.595130920410156
80.92594146728516
79.47699737548828
74.9417953491211
83.70927429199219
74.84735107421875
81.94620513916016
84.39410400390625
47.54018020629883
85.74169921875
83.80319213867188
78.47721099853516
86.85884857177734
77.51258087158203
82.60396575927734
83.32701110839844
59.70050048828125
81.98262023925781
79.18130493164062
74.33607482910156
82.12220764160156
73.74714660644531
79.66447448730469
81.71863555908203
56.06724548339844
83.3550033569336
80.88063049316406
77.34840393066406
85.2881851196289
77.14588928222656
84.01368713378906
86.32657623291016
60.13320541381836
87.07168579101562
83.62996673583984
79.54768371582031
86.01377868652344
77.76358032226562
82.75164794921875
85.23802947998047
54.9178581237793
85.66138458251953
83.78060150146484
78.86837005615234
87.8076171875
79.76630401611328
85.74540710449219
88.72472381591797
54.352272033691406
90.51652526855469
89.17107391357422
84.87928771972656
94.10282897949219
86.94306945800781
93.50523376464844
96.87982177734375
52.234519958496094
98.06410217285156
95.56812286376953
89.85202026367188
97.2195816040039
88.00151824951172
92.55437469482422
94.10641479492188
44.46805191040039
92.81298828125
89.83491516113281
84.31053924560547
92.4171142578125
84.50056457519531
92.05880737304688
96.17863464355469
62.89851760864258
97.21121215820312
94.79730224609375
89.26903533935547
97.53717041015625
89.30206298828125
94.59786224365234
96.97001647949219
50.017822265625
97.37923431396484
95.26453399658203
89.75791931152344
98.67923736572266
90.7303237915039
95.76152038574219
98.05443572998047
60.91735076904297
97.1933364868164
94.43351745605469
87.93098449707031
95.74640655517578
86.58586883544922
90.7337875366211
92.08944702148438
60.26270294189453
89.93350982666016
86.62311553955078
80.36529541015625
87.68050384521484
77.96788787841797
82.76618194580078
84.1617431640625
49.12342071533203
82.8742446899414
79.71109771728516
74.09603118896484
82.09220123291016
73.5340347290039
78.95208740234375
81.29127502441406
41.01347351074219
81.87861633300781
79.6177749633789
74.54483032226562
83.20594787597656
74.89118194580078
79.68944549560547
81.65213775634766
49.91546630859375
80.04948425292969
77.19078063964844
69.90850067138672
77.91741943359375
69.39557647705078
71.78186798095703
71.93472290039062
45.27366638183594
64.48506927490234
54.62319564819336
55.458988189697266
58.9683837890625
55.463565826416016
63.088497161865234
68.22714233398438
52.45511245727539
69.61174011230469
71.11023712158203
64.27771759033203
74.50447082519531
68.8229751586914
74.6419448852539
78.12673950195312
58.21849060058594
79.54365539550781
77.76573944091797
74.5256576538086
81.9951171875
72.42193603515625
78.32649230957031
79.9808578491211
60.61833953857422
78.55681610107422
75.4247817993164
70.83441925048828
77.03741455078125
67.3162841796875
71.9067611694336
71.77682495117188
54.63840866088867
70.45156860351562
70.2376480102539
66.03939819335938
75.57898712158203
69.70369720458984
75.25959014892578
78.49429321289062
45.81916809082031
80.40072631835938
78.37234497070312
73.76026153564453
82.25421905517578
73.2967529296875
79.40924072265625
81.60176086425781
50.589534759521484
81.8127212524414
79.4673080444336
73.82831573486328
82.89933776855469
74.7049789428711
80.2009506225586
82.92676544189453
46.259395599365234
83.12866973876953
80.93392944335938
74.83869171142578
84.26686096191406
76.34242248535156
81.40921783447266
83.82007598876953
58.3181266784668
84.46378326416016
82.20465850830078
77.64543914794922
86.2454605102539
77.9102554321289
83.53233337402344
85.80368041992188
56.22902297973633
84.9792251586914
82.22428894042969
76.37374114990234
84.025146484375
74.55142211914062
79.72999572753906
80.89656066894531
54.40302276611328
79.3558120727539
75.69060516357422
70.71041107177734
77.27410888671875
65.9990234375
76.10951232910156
79.30879211425781
50.44823455810547
80.32811737060547
78.70503997802734
72.32781982421875
81.0696792602539
73.17777252197266
77.7566909790039
80.39217376708984
57.70805358886719
80.19393157958984
78.34744262695312
72.52619171142578
80.9608154296875
72.9542007446289
78.0857925415039
80.8833236694336
51.02183532714844
81.38720703125
79.33605194091797
74.62118530273438
83.12312316894531
75.16629791259766
81.34321594238281
84.34130096435547
51.73208236694336
85.53695678710938
83.8148193359375
78.62118530273438
86.6469955444336
77.59595489501953
81.57258605957031
81.70108795166016
51.33489227294922
78.77320098876953
75.28218078613281
69.79486846923828
76.3031997680664
65.07064056396484
73.47706604003906
75.81131744384766
42.39461898803711
77.1934585571289
75.85273742675781
71.5918197631836
79.44583129882812
71.9310073852539
77.20573425292969
79.22526550292969
47.807613372802734
78.25516510009766
75.64273071289062
70.39144897460938
76.79476165771484
67.51736450195312
72.06168365478516
73.85179138183594
49.11687088012695
74.38030242919922
71.66786193847656
67.51362609863281
76.45362854003906
68.51106262207031
75.37638854980469
79.1627426147461
53.42588806152344
81.30704498291016
80.28194427490234
75.62572479248047
85.34284973144531
77.9249038696289
83.4835205078125
86.0627670288086
49.98139572143555
86.74791717529297
84.67513275146484
79.55423736572266
88.09040069580078
79.31124877929688
83.74331665039062
85.73638916015625
50.021427154541016
84.37956237792969
81.72974395751953
75.41606903076172
83.77377319335938
74.41954040527344
79.8681411743164
81.50052642822266
44.16801452636719
80.71571350097656
77.63052368164062
72.35254669189453
80.63916015625
71.60075378417969
77.26188659667969
78.84249114990234
52.28865051269531
78.57455444335938
76.3162612915039
69.75591278076172
78.76923370361328
70.34785461425781
74.84233093261719
77.74517059326172
48.6988525390625
78.78265380859375
77.794677734375
74.03456115722656
83.24272155761719
75.7652587890625
82.22905731201172
84.90936279296875
45.02721405029297
85.2056884765625
83.00072479248047
78.1308364868164
86.24803161621094
78.00476837158203
83.5119400024414
85.73973083496094
47.66650390625
86.35598754882812
84.45510864257812
79.74304962158203
88.1058120727539
80.16051483154297
85.5873794555664
87.4890365600586
49.640323638916016
85.8515853881836
81.8030014038086
75.50714874267578
81.66438293457031
71.10923767089844
74.57673645019531
75.98231506347656
46.18351745605469
73.90093994140625
71.15265655517578
66.73729705810547
75.31974029541016
67.50398254394531
73.62837219238281
76.71498107910156
45.81923294067383
78.39672088623047
76.46351623535156
70.33292388916016
80.51624298095703
73.36861419677734
79.16973876953125
82.4276123046875
57.84873580932617
83.44097900390625
81.89002990722656
76.89728546142578
85.7676773071289
78.14226531982422
83.75029754638672
86.38542938232422
48.69153594970703
86.2835922241211
83.63764953613281
78.27642059326172
85.78854370117188
76.74797058105469
81.29801177978516
82.88483428955078
56.274600982666016
81.69034576416016
79.32347106933594
72.74565124511719
81.92664337158203
75.5339126586914
79.53894805908203
83.94560241699219
55.06302261352539
85.47958374023438
84.69231414794922
78.75108337402344
88.58446502685547
81.24329376220703
86.71306610107422
90.2148208618164
57.93547058105469
91.52559661865234
90.21154022216797
84.59302520751953
93.40424346923828
85.09083557128906
89.51234436035156
91.20685577392578
50.98322677612305
89.34197235107422
86.15795135498047
79.44233703613281
87.45899963378906
77.84517669677734
82.61680603027344
84.22429656982422
46.53224182128906
82.61348724365234
79.65351867675781
73.10433197021484
80.9000473022461
71.73997497558594
75.75873565673828
77.0466079711914
50.682987213134766
76.75282287597656
76.82733917236328
71.84584045410156
82.05830383300781
75.6873550415039
81.47798919677734
85.04793548583984
48.647823333740234
85.65760040283203
83.82050323486328
77.84202575683594
86.1325454711914
77.53506469726562
82.8470230102539
84.6781005859375
54.92366409301758
83.87940216064453
81.12952423095703
75.06428527832031
82.5293197631836
74.05785369873047
78.4775619506836
80.20570373535156
43.33360290527344
80.49979400634766
79.39647674560547
74.74263000488281
84.00969696044922
76.32734680175781
82.3827896118164
85.18276977539062
48.30571365356445
85.6998291015625
83.45352935791016
78.05404663085938
86.89806365966797
78.90914154052734
83.80135345458984
85.91992950439453
55.56034469604492
85.15940856933594
82.41341400146484
76.83670806884766
84.94520568847656
