67.04261779785156
68.49958038330078
69.1041488647461
69.33924102783203
71.66062927246094
73.18745422363281
74.1088638305664
75.10494232177734
75.5807876586914
75.1268081665039
73.60094451904297
72.39409637451172
70.58316802978516
68.64065551757812
66.82685089111328
63.74485397338867
62.38216781616211
60.69794464111328
58.51342010498047
58.31880569458008
59.35174560546875
59.868900299072266
63.835121154785156
66.01261138916016
68.07811737060547
70.13825225830078
72.67788696289062
72.28186798095703
71.74037170410156
71.1812973022461
68.74178314208984
69.0648193359375
66.87027740478516
66.08271789550781
62.91059494018555
64.06536102294922
61.95931625366211
61.052127838134766
59.55647277832031
58.499507904052734
56.32177734375
54.70833206176758
51.11716842651367
58.09037399291992
58.04776382446289
51.681785583496094
49.22898864746094
56.28545379638672
58.153194427490234
57.19015121459961
61.1008415222168
59.59269714355469
60.02244567871094
59.624759674072266
62.921085357666016
61.41261291503906
61.81367111206055
62.903263092041016
61.75127029418945
62.48456573486328
62.586727142333984
65.34613037109375
64.20634460449219
63.15081787109375
63.993370056152344
65.81219482421875
66.05508422851562
64.39471435546875
66.21369934082031
66.72759246826172
66.9174575805664
68.38870239257812
68.58015441894531
69.89069366455078
69.9003677368164
70.37232971191406
72.29044342041016
73.12923431396484
74.24847412109375
75.69485473632812
76.65747833251953
78.54474639892578
79.61002349853516
80.9249267578125
81.42749786376953
80.82524108886719
80.49722290039062
78.74415588378906
77.87777709960938
77.57855224609375
76.57257080078125
75.88327026367188
75.23111724853516
74.7914810180664
75.05274200439453
74.10802459716797
74.31770324707031
73.94522857666016
73.91693878173828
74.41321563720703
74.4029769897461
74.48532104492188
74.70243835449219
74.4919662475586
75.28158569335938
74.78617095947266
75.3587875366211
75.28899383544922
75.3946762084961
75.71936798095703
75.58937072753906
74.76656341552734
73.37684631347656
71.7825927734375
68.27908325195312
61.62826156616211
57.35340118408203
59.89672088623047
63.466705322265625
66.80943298339844
67.5553970336914
69.712646484375
69.51241302490234
70.2920913696289
70.54264831542969
70.6950454711914
71.32404327392578
70.93658447265625
71.25393676757812
71.5914306640625
72.43749237060547
74.64068603515625
75.68280792236328
77.12852478027344
78.17565155029297
79.20943450927734
80.47789764404297
81.43081665039062
82.57111358642578
83.5780029296875
84.49951171875
85.42869567871094
85.5392837524414
85.31139373779297
84.15755462646484
82.82447814941406
81.5011978149414
80.45026397705078
79.87613677978516
78.87625885009766
78.29014587402344
77.668212890625
76.5125961303711
75.94307708740234
75.0689697265625
74.5777587890625
74.35345458984375
74.06741333007812
73.29629516601562
73.16461944580078
72.92970275878906
72.95515441894531
73.51678466796875
73.07337951660156
73.48909759521484
74.16426086425781
74.06058502197266
75.2931137084961
75.70841217041016
76.48033905029297
77.50914001464844
78.52493286132812
79.78744506835938
80.89631652832031
82.50464630126953
83.33636474609375
83.90809631347656
83.9405517578125
83.73347473144531
83.18366241455078
82.5224609375
82.13487243652344
82.19074249267578
81.93002319335938
82.02238464355469
82.11702728271484
82.04206848144531
81.99385070800781
81.70484924316406
81.51476287841797
81.45173645019531
81.36368560791016
81.35089874267578
80.99227905273438
80.74250793457031
80.89383697509766
80.79749298095703
80.7229232788086
80.79610443115234
80.73506164550781
80.58850860595703
80.81011199951172
80.6467514038086
80.85162353515625
80.77877044677734
80.6706771850586
80.96234130859375
81.01390075683594
81.04994201660156
81.26860809326172
81.53290557861328
81.46553802490234
81.55094146728516
81.85289764404297
82.01640319824219
82.31929016113281
82.71218872070312
82.81503295898438
83.27171325683594
83.70616149902344
84.04095458984375
84.72398376464844
85.10214233398438
85.73661804199219
86.09195709228516
86.6074447631836
87.05667114257812
87.47463989257812
87.62554168701172
87.7545166015625
87.48421478271484
87.21260070800781
86.71133422851562
86.0948715209961
85.42803192138672
84.65320587158203
83.76042175292969
83.07544708251953
82.25186920166016
81.42936706542969
80.84436798095703
79.9312515258789
79.03767395019531
78.62198638916016
77.93700408935547
77.47853088378906
77.2698974609375
77.20755767822266
77.04080200195312
76.56108093261719
76.26080322265625
75.3150634765625
75.13855743408203
74.38145446777344
73.95101928710938
73.73983764648438
73.73690795898438
73.1670150756836
72.77970123291016
72.39453125
72.56529998779297
71.84021759033203
72.3707275390625
71.89008331298828
71.81797790527344
71.66197204589844
72.4911117553711
73.4715805053711
74.88520050048828
75.26700592041016
75.96176147460938
76.78532409667969
76.75399017333984
76.50816345214844
76.75692749023438
76.6548843383789
77.20072174072266
77.17900085449219
77.4197998046875
77.84591674804688
77.83380889892578
77.94902038574219
78.18782806396484
78.96110534667969
78.89947509765625
79.72607421875
80.34270477294922
80.89550018310547
81.58912658691406
81.94892883300781
82.58255004882812
83.18025207519531
83.64905548095703
84.17292785644531
84.4560546875
84.65657806396484
84.49391174316406
84.20670318603516
83.7098388671875
83.01535034179688
82.53961181640625
81.47528839111328
80.60057067871094
79.8289794921875
79.26908874511719
78.59856414794922
77.76500701904297
77.3465347290039
76.88133239746094
76.5941162109375
76.13824462890625
75.1523666381836
74.74694061279297
74.23020935058594
73.5404281616211
73.18575286865234
72.33464813232422
72.2417984008789
72.04490661621094
71.06985473632812
71.02180480957031
70.89673614501953
70.3525390625
69.57425689697266
70.42195129394531
70.18184661865234
69.2197494506836
69.40970611572266
69.32655334472656
68.75965881347656
69.21210479736328
68.63734436035156
68.30583190917969
67.11077880859375
65.11494445800781
66.05208587646484
65.73362731933594
66.31580352783203
65.74884033203125
65.17985534667969
66.5854721069336
66.54070281982422
66.0270767211914
64.2530288696289
66.79097747802734
66.40290832519531
66.52912139892578
67.79956817626953
66.92623138427734
67.05950164794922
68.21761322021484
69.41836547851562
69.40911102294922
68.7654800415039
69.2626724243164
69.38793182373047
69.92005157470703
70.48655700683594
70.8448715209961
71.31460571289062
72.05378723144531
72.72577667236328
73.39502716064453
74.7868423461914
74.45199584960938
75.57555389404297
76.77940368652344
77.60103607177734
78.55069732666016
79.4695053100586
80.55206298828125
81.28917694091797
81.83881378173828
82.28068542480469
82.40650939941406
81.58821105957031
80.87236022949219
79.77579498291016
78.68611907958984
77.82264709472656
77.36842346191406
77.31940460205078
76.74630737304688
77.05419921875
77.07402038574219
76.77371215820312
76.40168762207031
76.07852935791016
74.69740295410156
74.32852935791016
73.32478332519531
72.55548095703125
72.33995056152344
72.39668273925781
71.29389190673828
70.66049194335938
70.96649932861328
69.8814468383789
68.9776611328125
69.7914810180664
69.27243041992188
69.61494445800781
71.05846405029297
72.2227783203125
72.09883880615234
72.89509582519531
72.95712280273438
72.59584045410156
72.64769744873047
71.92931365966797
72.10116577148438
72.08876037597656
71.16023254394531
70.70843505859375
71.3184814453125
70.78762817382812
70.97428894042969
71.22569274902344
71.37955474853516
72.45562744140625
73.01512145996094
73.23455810546875
72.84723663330078
72.93219757080078
72.96503448486328
73.34349822998047
73.15863037109375
72.6675033569336
72.36376953125
72.54824829101562
72.72886657714844
72.76106262207031
72.89468383789062
72.60563659667969
72.4970703125
72.47987365722656
72.772705078125
72.77012634277344
72.30814361572266
72.66043853759766
73.12944793701172
73.07392120361328
73.74372863769531
73.48990631103516
73.84654235839844
73.73114013671875
74.2816390991211
74.17219543457031
74.69677734375
74.48928833007812
74.61026763916016
75.01427459716797
74.82369232177734
74.79004669189453
75.50286102294922
75.76698303222656
76.18519592285156
76.21115112304688
76.58295440673828
77.39537811279297
77.18316650390625
77.46580505371094
77.8877944946289
78.28136444091797
78.59868621826172
79.0533676147461
79.41454315185547
79.56697082519531
79.95890808105469
80.07553100585938
80.23322296142578
80.43170928955078
79.97123718261719
79.64374542236328
79.33240509033203
78.81289672851562
78.75818634033203
78.23796081542969
78.29512786865234
78.30976104736328
78.7702407836914
79.347412109375
79.74869537353516
80.53986358642578
81.08451080322266
81.34453582763672
81.80562591552734
81.52008819580078
81.0239486694336
80.70387268066406
80.08015441894531
79.33012390136719
78.49127197265625
77.89673614501953
77.4602279663086
76.8639144897461
76.05699920654297
75.47930145263672
74.82686614990234
74.09152221679688
73.5886459350586
73.38087463378906
72.2525634765625
71.96713256835938
70.96422576904297
70.22480773925781
69.43994140625
68.34754180908203
66.81953430175781
65.45677947998047
66.95350646972656
66.0346450805664
67.6519775390625
69.99610900878906
72.31037902832031
74.07505798339844
74.96580505371094
75.76351165771484
76.05036926269531
76.62410736083984
76.3675308227539
75.9845199584961
75.89137268066406
75.66442108154297
75.27312469482422
75.24166870117188
74.4327163696289
74.3537368774414
73.74674224853516
73.7679672241211
73.42031860351562
72.66128540039062
72.09370422363281
71.90753936767578
72.49874877929688
71.25752258300781
70.69254302978516
71.40532684326172
71.78762817382812
72.63141632080078
73.86344909667969
74.35189819335938
74.81930541992188
75.08053588867188
74.49687194824219
74.8119888305664
74.78916931152344
74.52767181396484
74.35269927978516
74.21988677978516
73.82769775390625
74.40654754638672
74.38330841064453
74.45479583740234
74.77391052246094
74.72478485107422
75.27928161621094
75.37619018554688
75.54447937011719
75.65216827392578
75.8707275390625
76.23965454101562
76.34571838378906
76.89132690429688
77.02178192138672
77.25289916992188
77.71459197998047
77.93628692626953
78.36641693115234
78.76314544677734
78.86685943603516
78.66357421875
78.66827392578125
77.71147155761719
76.88251495361328
76.42660522460938
