67.89165496826172
67.4698715209961
69.19341278076172
70.11723327636719
71.14274597167969
73.11129760742188
74.17098999023438
76.02327728271484
73.92484283447266
73.01322174072266
72.58097839355469
69.96922302246094
68.97805786132812
67.47276306152344
64.72395324707031
64.1347885131836
60.05964279174805
62.10123062133789
57.063987731933594
60.64373016357422
60.809165954589844
60.633811950683594
63.794769287109375
65.11138916015625
66.3048095703125
68.08660888671875
71.50103759765625
71.60749816894531
71.25588989257812
70.2638168334961
67.96931457519531
66.82167053222656
64.96827697753906
64.83732604980469
62.428611755371094
59.260955810546875
60.38851547241211
59.95280456542969
55.140663146972656
59.32942581176758
60.344112396240234
52.26401901245117
57.47412109375
58.325923919677734
59.098243713378906
55.37322235107422
60.10822677612305
62.27997589111328
59.98302459716797
60.229095458984375
62.37065887451172
60.90363693237305
62.13737869262695
63.773597717285156
65.27911376953125
63.570892333984375
62.78352737426758
63.39023971557617
66.3277587890625
65.54701232910156
62.62759017944336
65.35697937011719
66.53221130371094
66.36870574951172
66.50407409667969
66.17861938476562
68.05010223388672
67.41398620605469
68.31068420410156
69.52295684814453
69.12882995605469
70.54177856445312
70.6386947631836
71.55061340332031
72.18437957763672
72.55555725097656
73.54623413085938
75.12451934814453
75.83194732666016
77.45538330078125
78.6383056640625
80.02388763427734
81.24110412597656
81.57194519042969
81.60889434814453
80.1982650756836
79.15316772460938
78.72492218017578
77.47068786621094
76.66358947753906
75.59400939941406
75.32176208496094
74.85664367675781
74.45199584960938
74.29996490478516
74.3508071899414
74.03389739990234
73.96471405029297
73.59432983398438
73.60131072998047
73.31917572021484
73.23407745361328
73.88721466064453
74.19393157958984
74.43560028076172
75.08096313476562
74.64546966552734
75.03286743164062
75.40719604492188
75.22724151611328
75.06168365478516
75.19679260253906
73.31744384765625
70.86903381347656
64.44505310058594
61.017662048339844
50.745025634765625
59.256534576416016
62.56300735473633
66.5089111328125
67.79907989501953
70.04293060302734
70.04481506347656
70.56285858154297
71.33152770996094
71.5805435180664
73.32115173339844
72.79727172851562
72.65242004394531
74.09402465820312
74.33353424072266
75.4553451538086
76.41093444824219
78.33841705322266
79.92323303222656
81.10616302490234
82.12596893310547
83.10420227050781
83.91133880615234
84.6457290649414
85.51416778564453
86.16014862060547
86.67623138427734
86.73358154296875
86.50426483154297
85.88087463378906
84.42189025878906
83.32138061523438
82.05656433105469
80.98155212402344
80.29336547851562
79.07039642333984
78.52680206298828
77.71102142333984
77.06546783447266
76.08177947998047
75.41487121582031
75.58361053466797
75.1951904296875
74.86001586914062
74.7572021484375
75.36323547363281
74.9704360961914
75.2525634765625
75.27176666259766
75.64764404296875
77.28673553466797
77.44929504394531
78.3488540649414
79.30636596679688
80.29680633544922
81.38427734375
82.46603393554688
83.78380584716797
84.52030181884766
85.20410919189453
84.96788024902344
84.93819427490234
84.31161499023438
83.52839660644531
83.4298095703125
83.255126953125
83.72630310058594
83.94585418701172
84.114990234375
84.37305450439453
84.11854553222656
84.20702362060547
83.97752380371094
83.73619079589844
83.55567932128906
83.31352233886719
83.35958099365234
83.01771545410156
82.99996185302734
82.80557250976562
82.7989501953125
82.7790298461914
82.78985595703125
82.92589569091797
83.00615692138672
82.783935546875
83.0725326538086
83.03804016113281
83.32674407958984
83.31729125976562
83.47328186035156
83.91426849365234
84.02783966064453
84.30989074707031
84.61000061035156
85.0762939453125
85.41724395751953
85.6794204711914
86.2516098022461
86.62403869628906
87.056884765625
87.69169616699219
88.25419616699219
88.72212219238281
89.26192474365234
89.67252349853516
89.81867980957031
89.75273895263672
89.46894836425781
88.91068267822266
88.24085998535156
87.31909942626953
86.39830017089844
85.4179916381836
84.57859802246094
83.62718963623047
82.72259521484375
81.6698226928711
80.84188079833984
80.3020248413086
79.51190948486328
78.74639892578125
78.39752197265625
77.90911865234375
77.08651733398438
76.55741119384766
75.5888671875
75.0102310180664
74.83253479003906
74.93023681640625
74.3265151977539
74.11388397216797
73.0895004272461
73.70855712890625
73.09398651123047
72.6708984375
72.58074188232422
71.98439025878906
71.91451263427734
71.16935729980469
71.34675598144531
71.6568832397461
71.0905990600586
70.67234802246094
70.39854431152344
70.13422393798828
70.1336441040039
70.37403106689453
70.31536102294922
70.40332794189453
70.66470336914062
70.99626922607422
71.59396362304688
72.18566131591797
72.02615356445312
73.05865478515625
73.38539123535156
74.07815551757812
73.05704498291016
74.29489135742188
74.47715759277344
74.92562103271484
75.0509033203125
75.3820571899414
75.4002914428711
75.91233825683594
75.71061706542969
76.18385314941406
76.7878189086914
77.37399291992188
78.44123840332031
79.01593017578125
79.89337921142578
80.42564392089844
80.98265075683594
81.8529281616211
82.52201080322266
83.3592758178711
83.98800659179688
84.44606018066406
84.76837921142578
84.69554901123047
84.17697143554688
83.56757354736328
82.85762786865234
82.02915954589844
81.41744995117188
80.33670806884766
79.40869903564453
78.29328918457031
75.9971923828125
74.21992492675781
72.53511810302734
70.85572052001953
70.76836395263672
70.55850982666016
69.97600555419922
69.60447692871094
69.36498260498047
68.81480407714844
69.47966766357422
69.61698150634766
67.71060943603516
67.49763488769531
68.47834014892578
67.47113800048828
68.40755462646484
66.52420806884766
66.03130340576172
65.67713928222656
64.99478149414062
65.99006652832031
64.92993927001953
65.65970611572266
63.49776840209961
64.9372329711914
66.12376403808594
66.00639343261719
67.11976623535156
67.05850219726562
67.81819152832031
67.66407775878906
67.05329132080078
67.58647155761719
66.84967803955078
66.40662384033203
67.24192810058594
68.60248565673828
66.39988708496094
67.05180358886719
69.39158630371094
67.99308776855469
69.17350769042969
68.95831298828125
68.70657348632812
68.41281127929688
69.00428771972656
69.42919158935547
69.90679168701172
70.46894073486328
70.97029876708984
71.62151336669922
71.7964859008789
72.54429626464844
73.36289978027344
73.93841552734375
74.37615966796875
75.39790344238281
76.31034851074219
77.36117553710938
78.27915954589844
78.86089324951172
79.89500427246094
80.89112091064453
81.4932632446289
81.95391845703125
81.98101043701172
81.2943115234375
80.66617584228516
80.14656829833984
79.01708221435547
78.88158416748047
78.55057525634766
78.37384033203125
78.33313751220703
78.39930725097656
78.4665298461914
78.37110900878906
78.0799560546875
76.83995819091797
77.14710235595703
76.16252899169922
75.81192016601562
75.53286743164062
74.34062194824219
73.7827377319336
73.30320739746094
72.50924682617188
72.49771118164062
71.68872833251953
70.94656372070312
69.36046600341797
69.5252685546875
68.28120422363281
67.5927505493164
69.12084197998047
69.83872985839844
71.2196273803711
72.12398529052734
72.89054870605469
72.37457275390625
72.85945892333984
72.75999450683594
71.9681625366211
72.3799057006836
72.50933074951172
71.91096496582031
71.9075927734375
71.87194061279297
71.8448715209961
70.85089111328125
71.05043029785156
70.17618560791016
70.43721008300781
70.27333068847656
71.02165985107422
70.96898651123047
71.31523132324219
70.74817657470703
70.72867584228516
71.1777572631836
70.4802474975586
70.94717407226562
70.40369415283203
70.84310913085938
70.54461669921875
70.45397186279297
70.32984924316406
70.25659942626953
70.65087890625
70.5336685180664
70.16740417480469
70.9393081665039
70.86363983154297
71.70536804199219
72.60299682617188
72.57440948486328
73.55142974853516
73.10731506347656
73.527587890625
73.62703704833984
73.6468734741211
73.86697387695312
73.31765747070312
73.98258209228516
74.18079376220703
74.39314270019531
74.31086730957031
74.09281921386719
75.00489044189453
74.90046691894531
75.28294372558594
75.70793151855469
75.7724380493164
76.12107849121094
76.565185546875
76.91197204589844
76.98702239990234
77.50390625
77.84304809570312
78.07302856445312
78.4322280883789
78.63044738769531
78.93357849121094
78.62702941894531
78.41136169433594
78.27838134765625
78.1961669921875
77.67193603515625
76.98384094238281
76.87608337402344
76.40019989013672
75.37080383300781
76.39533996582031
76.72738647460938
78.00332641601562
79.07254791259766
80.064208984375
81.1740951538086
81.92625427246094
82.39137268066406
82.29961395263672
81.92948913574219
81.21764373779297
80.8007583618164
79.94819641113281
79.06891632080078
78.18360900878906
77.60090637207031
77.03598022460938
75.84609985351562
75.44951629638672
74.63887786865234
73.20561218261719
73.1017837524414
72.25518035888672
71.2223129272461
70.41519927978516
69.50840759277344
68.74755859375
67.55660247802734
66.85668182373047
66.01937866210938
66.21453857421875
68.18451690673828
71.00189971923828
73.45204162597656
75.0994873046875
76.46708679199219
76.95545196533203
76.9009780883789
76.48696899414062
75.8367691040039
75.34893798828125
75.05655670166016
74.40654754638672
75.11679077148438
74.70084381103516
74.36856079101562
74.21363830566406
74.41285705566406
74.5673828125
74.09374237060547
74.15106964111328
74.00881958007812
72.75814819335938
73.94110107421875
72.99116516113281
73.56552124023438
72.60908508300781
72.7651138305664
72.74937438964844
72.5552749633789
71.8880615234375
71.49748229980469
71.45499420166016
71.85942840576172
72.20441436767578
72.36063385009766
72.14847564697266
72.36248016357422
72.98248291015625
72.94580078125
72.79401397705078
72.38034057617188
72.09603118896484
71.84444427490234
71.90914916992188
71.29168701171875
70.89644622802734
70.07743072509766
70.01351165771484
70.03341674804688
70.04769897460938
69.74760437011719
70.1247329711914
70.35669708251953
71.358642578125
70.76214599609375
71.7888412475586
72.01377868652344
71.75735473632812
72.0330810546875
72.25802612304688
72.5927505493164
72.82701873779297
73.1226577758789
73.61335754394531
73.47565460205078
74.14958953857422
