69.49078369140625
71.16622161865234
71.4325942993164
73.60747528076172
74.36820220947266
77.2566146850586
76.75436401367188
79.73566436767578
77.41743469238281
79.64903259277344
76.31758880615234
77.3775863647461
74.60855102539062
75.35709381103516
72.41535949707031
72.99210357666016
71.65091705322266
71.292236328125
70.21219635009766
68.43460083007812
68.91692352294922
65.25721740722656
68.46465301513672
68.65302276611328
62.323638916015625
71.27745819091797
68.3522720336914
70.63896942138672
69.25294494628906
70.3322982788086
70.98226928710938
66.99114990234375
71.58746337890625
65.9048080444336
71.58014678955078
64.65998077392578
70.236328125
66.26045989990234
71.2334976196289
64.14753723144531
70.725830078125
66.74549102783203
72.62360382080078
66.8447494506836
72.98518371582031
68.10160827636719
73.17684173583984
71.33145141601562
74.12832641601562
72.32600402832031
74.88105010986328
72.11767578125
74.40465545654297
73.54191589355469
73.9637680053711
75.00497436523438
75.14826965332031
75.27090454101562
75.4390640258789
76.0799331665039
75.91496276855469
76.00637817382812
76.00341796875
76.65443420410156
75.79644012451172
77.18941497802734
75.76069641113281
78.09171295166016
76.9466781616211
77.91752624511719
77.33961486816406
79.46295166015625
78.76823425292969
80.7221908569336
79.90888214111328
81.7743148803711
81.10369110107422
82.40148162841797
81.12752532958984
81.11311340332031
78.88542175292969
79.21137237548828
77.459228515625
77.30879974365234
75.23613739013672
75.41954040527344
74.19439697265625
74.97406768798828
74.16102600097656
74.65164947509766
73.23999786376953
73.51591491699219
72.76334381103516
74.28398895263672
71.92656707763672
74.64466857910156
73.41079711914062
74.95443725585938
73.43177795410156
75.90019226074219
74.1906509399414
77.09147644042969
75.70421600341797
78.10102081298828
77.24638366699219
79.45482635498047
79.00299835205078
80.21255493164062
79.95946502685547
81.1937255859375
80.29389190673828
81.3440170288086
80.08287048339844
79.1751708984375
78.63957214355469
78.44591522216797
78.63245391845703
78.70917510986328
78.87812805175781
78.84181213378906
79.1065673828125
79.70806121826172
79.88973236083984
80.22794342041016
80.90827941894531
80.6007080078125
81.72811126708984
81.57652282714844
82.14586639404297
81.86228942871094
82.97587585449219
82.5638198852539
83.7822036743164
84.24514770507812
85.23924255371094
85.55613708496094
86.95287322998047
86.91415405273438
87.93318176269531
88.00862884521484
89.15251159667969
88.94730377197266
90.6408920288086
90.51775360107422
92.3382339477539
92.14359283447266
93.18526458740234
91.99964904785156
91.9458236694336
89.89762115478516
89.57855987548828
87.1001205444336
86.45222473144531
84.46288299560547
84.19596099853516
81.94256591796875
82.12362670898438
80.5388412475586
81.09153747558594
79.82035827636719
80.27081298828125
79.23478698730469
80.06836700439453
79.83578491210938
81.0091323852539
81.29907989501953
82.09906768798828
83.16554260253906
84.10002899169922
84.85397338867188
86.06680297851562
87.31204986572266
88.1220474243164
89.0634994506836
89.48766326904297
90.07371520996094
89.69512939453125
89.97373962402344
89.38329315185547
89.43144226074219
88.86233520507812
88.53990173339844
88.11561584472656
88.01570129394531
87.44815826416016
87.55255126953125
87.13043975830078
87.34951782226562
87.08016204833984
87.18009948730469
87.413818359375
87.91355895996094
88.43038177490234
88.81144714355469
88.90704345703125
89.3214340209961
89.17847442626953
89.34642028808594
89.19851684570312
89.60298156738281
89.58702087402344
89.75519561767578
89.8578872680664
90.37015533447266
90.36727142333984
90.89173889160156
91.17359161376953
91.669189453125
91.94754028320312
92.53547668457031
92.88131713867188
93.25128936767578
93.45059967041016
93.486083984375
93.23120880126953
92.75457000732422
92.1385498046875
91.13506317138672
90.13811492919922
89.13908386230469
88.17359161376953
86.92797088623047
86.1279067993164
84.83395385742188
83.81395721435547
82.54376983642578
81.6440200805664
80.76172637939453
79.8883056640625
78.8919906616211
78.51981353759766
76.73617553710938
76.70375061035156
75.94859313964844
75.11387634277344
73.8991470336914
74.01658630371094
72.03843688964844
73.00318908691406
70.02064514160156
72.66886138916016
70.12139892578125
72.8667221069336
73.81035614013672
76.44300079345703
77.72669219970703
78.91787719726562
78.71898651123047
79.26738739013672
78.06147766113281
77.77833557128906
77.08458709716797
76.54955291748047
76.14463806152344
75.90971374511719
74.70463562011719
74.785400390625
74.04215240478516
73.36395263671875
73.43894958496094
72.98661804199219
71.10540008544922
72.72663879394531
71.99410247802734
72.99199676513672
72.45814514160156
74.5739517211914
75.01529693603516
76.33583068847656
77.69203186035156
78.38370513916016
77.4858169555664
78.4438705444336
77.81549072265625
78.11450958251953
77.88984680175781
77.8984603881836
78.03064727783203
78.5854263305664
78.48518371582031
78.56910705566406
79.11546325683594
79.32534790039062
79.51647186279297
79.30472564697266
79.3839340209961
78.81438446044922
79.61469268798828
79.52326965332031
80.094482421875
79.8580322265625
80.94371795654297
80.05081176757812
81.31822967529297
80.96626281738281
81.77449035644531
81.11054229736328
81.60953521728516
81.02855682373047
80.66699981689453
79.64742279052734
79.70752716064453
79.48699951171875
80.90067291259766
80.85079193115234
81.89554595947266
81.52015686035156
80.82115173339844
80.62591552734375
79.93255615234375
79.72698974609375
78.69620513916016
78.70140075683594
77.40799713134766
77.81581115722656
76.45919036865234
78.04951477050781
76.67742156982422
77.83038330078125
76.22953796386719
77.64010620117188
75.71923065185547
77.0069580078125
76.50469207763672
77.69804382324219
76.93224334716797
78.42997741699219
77.21023559570312
78.88609313964844
78.5821533203125
80.42698669433594
80.11189270019531
82.24078369140625
81.98344421386719
84.16500091552734
84.23597717285156
85.9682388305664
85.85540771484375
86.35987854003906
85.55390167236328
84.68006896972656
83.1730728149414
81.8810043334961
80.87216186523438
79.90637969970703
78.02387237548828
76.59210205078125
76.50697326660156
75.12484741210938
74.67302703857422
73.06281280517578
72.59941101074219
71.416259765625
71.4471206665039
69.8730239868164
70.86864471435547
68.8460922241211
69.23033142089844
67.1092300415039
68.16088104248047
65.01313781738281
66.5072250366211
63.596893310546875
65.53627014160156
61.8628044128418
63.69196701049805
60.79899215698242
66.33304595947266
59.53154373168945
63.99531555175781
59.388023376464844
66.10631561279297
57.62533950805664
66.08131408691406
59.48969268798828
66.93343353271484
58.662235260009766
63.20006561279297
61.55424499511719
64.86797332763672
62.143611907958984
66.15126037597656
67.01295471191406
68.66706848144531
68.69970703125
70.54969024658203
69.35449981689453
70.80504608154297
71.56266021728516
71.41999053955078
73.7690200805664
75.86589813232422
77.23648071289062
79.55345153808594
80.0242691040039
81.26472473144531
81.56719970703125
82.0904541015625
81.4574966430664
81.65815734863281
81.29267120361328
80.91854858398438
80.555419921875
80.47521209716797
80.35094451904297
79.59379577636719
79.57789611816406
78.28573608398438
78.32764434814453
77.8818588256836
77.19165802001953
77.15994262695312
76.64972686767578
75.64830780029297
76.00431823730469
75.22615814208984
74.9759521484375
75.2865219116211
75.44864654541016
75.46681213378906
74.2935791015625
74.84014129638672
76.58544158935547
77.14750671386719
77.79673767089844
77.2663345336914
78.18245697021484
77.91027069091797
78.73631286621094
77.2416000366211
78.17950439453125
77.33866119384766
77.67620086669922
76.97111511230469
78.06812286376953
76.98855590820312
78.32261657714844
77.36579132080078
77.672607421875
76.55436706542969
77.33422088623047
76.30958557128906
76.55876159667969
76.73810577392578
77.55525207519531
78.15770721435547
79.11457824707031
79.32695007324219
80.2776107788086
79.6590805053711
80.49148559570312
80.00045013427734
80.81716918945312
80.27970886230469
80.76583862304688
80.84456634521484
81.92298126220703
81.54448699951172
82.2479476928711
82.19366455078125
83.42864990234375
82.95201873779297
84.25725555419922
83.82148742675781
85.38040924072266
85.0248031616211
86.54759979248047
85.49797058105469
86.0506820678711
84.14886474609375
83.83197784423828
82.05815887451172
81.43551635742188
79.68330383300781
79.28102111816406
77.92237854003906
77.80329132080078
78.22986602783203
78.49765014648438
79.52777862548828
80.98283386230469
81.85111236572266
82.86360931396484
84.04402923583984
85.21358489990234
86.17694091796875
87.27241516113281
88.01467895507812
88.67669677734375
89.02989196777344
89.09232330322266
88.9358901977539
88.52594757080078
88.28779602050781
87.67019653320312
87.35086822509766
87.03559875488281
86.93226623535156
86.76655578613281
86.64854431152344
85.98678588867188
85.67829895019531
85.2252426147461
84.97187805175781
84.80265808105469
84.21735382080078
83.8791732788086
83.76272583007812
83.29283142089844
82.83851623535156
83.13984680175781
82.8785400390625
82.58763122558594
82.14630889892578
81.96696472167969
81.16059112548828
80.57556915283203
78.34811401367188
78.15729522705078
77.85218811035156
78.43231201171875
78.3662109375
78.33642578125
78.6893081665039
79.41305541992188
79.27980041503906
79.32435607910156
79.22047424316406
79.46319580078125
79.01595306396484
79.31541442871094
77.99494171142578
78.61009216308594
76.68317413330078
77.12708282470703
76.27456665039062
77.20055389404297
75.02345275878906
76.85940551757812
73.25733184814453
72.71630096435547
70.10455322265625
69.74699401855469
66.00142669677734
68.93975067138672
68.61442565917969
69.84437561035156
70.92076873779297
72.31423950195312
73.46927642822266
75.89388275146484
77.04695892333984
77.57079315185547
78.15108489990234
78.3373031616211
78.24830627441406
78.3602066040039
76.67579650878906
76.71206665039062
74.16862487792969
74.44324493408203
71.00788879394531
73.20695495605469
71.75505828857422
72.46219635009766
72.06265258789062
73.59687805175781
72.91560363769531
74.05807495117188
75.38047790527344
75.96360778808594
75.43212127685547
76.07150268554688
74.49246978759766
75.29845428466797
72.4582290649414
