72.56246185302734
73.93754577636719
75.89483642578125
75.59147644042969
78.98826599121094
77.16685485839844
77.80889129638672
76.06075286865234
75.8996810913086
75.71936798095703
73.92582702636719
72.4700698852539
72.24806213378906
71.84864044189453
66.89639282226562
71.86591339111328
64.12423706054688
70.98828125
65.48863220214844
68.75485229492188
64.55984497070312
70.23051452636719
64.33138275146484
68.1137466430664
68.27367401123047
66.40546417236328
70.51959991455078
62.101837158203125
72.81490325927734
60.970394134521484
68.8226318359375
64.78682708740234
58.59617614746094
69.29912567138672
58.15596389770508
62.46575164794922
59.765201568603516
67.16521453857422
62.505252838134766
65.4944076538086
64.53958129882812
67.1550064086914
67.44404602050781
62.96109390258789
69.45635223388672
65.24848175048828
68.6563720703125
68.33466339111328
68.9719009399414
66.94448852539062
71.97459411621094
67.19622039794922
70.64300537109375
68.08838653564453
71.18224334716797
70.76374816894531
73.34123992919922
69.61772918701172
70.85057830810547
70.62193298339844
72.97196197509766
70.19697570800781
73.74039459228516
71.0031967163086
72.74625396728516
71.76237487792969
73.20930480957031
72.6109390258789
74.37882995605469
73.49066925048828
74.29232025146484
74.27958679199219
76.57205200195312
75.915283203125
77.16353607177734
77.64274597167969
79.2894058227539
79.90703582763672
81.1532974243164
82.02542114257812
83.55319213867188
84.1872787475586
85.1838150024414
84.49178314208984
83.9714584350586
82.52711486816406
81.61958312988281
79.59027099609375
79.85364532470703
77.95159149169922
78.1457290649414
76.64216613769531
77.59322357177734
75.95529174804688
76.10575103759766
74.3947525024414
75.64082336425781
74.10343933105469
76.3360366821289
74.89513397216797
76.52864074707031
75.98263549804688
77.0159683227539
76.78841400146484
77.19039154052734
77.01677703857422
78.77188873291016
78.39401245117188
79.3287582397461
79.36274719238281
79.81582641601562
79.6919937133789
80.6904296875
79.93827819824219
80.21367645263672
79.2533187866211
78.51203918457031
77.39909362792969
77.30592346191406
76.45689392089844
77.28524017333984
77.1677017211914
78.17182922363281
77.78570556640625
79.2053451538086
79.02692413330078
80.38202667236328
80.27604675292969
81.32940673828125
81.57135772705078
82.77983093261719
83.01683807373047
83.79886627197266
84.80944061279297
84.68595123291016
85.6317367553711
84.41081237792969
85.03561401367188
82.36181640625
83.16544342041016
79.43998718261719
81.62923431396484
77.1279525756836
80.10979461669922
72.28015899658203
75.85912322998047
70.48509216308594
76.02288055419922
75.7608871459961
75.97821044921875
71.9881591796875
71.69266510009766
66.64318084716797
66.66094207763672
61.51932144165039
65.79647064208984
64.93290710449219
68.32758331298828
68.63323211669922
71.6131591796875
70.21664428710938
74.29973602294922
72.22603607177734
74.7491226196289
72.51165771484375
75.85482788085938
75.58139038085938
77.76036071777344
77.43636322021484
80.67333221435547
81.44400024414062
84.09983825683594
85.19550323486328
86.5345458984375
86.50204467773438
86.2437515258789
85.5344467163086
85.22804260253906
84.2971420288086
84.4036865234375
83.68250274658203
83.75733184814453
83.61372375488281
83.9462661743164
83.4862060546875
83.58260345458984
83.26329803466797
83.18891906738281
83.76828002929688
83.73336791992188
83.6772689819336
84.01197814941406
84.07376098632812
84.31946563720703
84.84602355957031
84.6318130493164
85.10615539550781
85.38916015625
85.8272476196289
85.65078735351562
86.0714111328125
86.04126739501953
86.78824615478516
86.57904815673828
86.977783203125
87.0691146850586
87.59064483642578
87.81562805175781
88.17980194091797
88.4513168334961
89.0189208984375
88.97279357910156
88.97479248046875
89.0726318359375
88.96591186523438
88.42919158935547
87.9616470336914
87.26564025878906
86.36932373046875
85.64126586914062
84.4504165649414
83.95552062988281
82.35530090332031
82.16757202148438
80.50420379638672
80.09176635742188
79.38101959228516
78.76498413085938
76.79197692871094
77.3546142578125
75.45491790771484
75.81956481933594
75.01024627685547
74.52904510498047
73.17522430419922
73.60208129882812
72.25906372070312
72.6589584350586
70.34768676757812
70.82711791992188
69.55687713623047
69.84111785888672
68.4103775024414
66.33551025390625
63.264442443847656
67.54342651367188
69.38915252685547
74.07501220703125
75.87737274169922
77.29989624023438
77.2506332397461
77.36665344238281
76.41717529296875
75.93833923339844
75.54649353027344
75.50553131103516
75.03852844238281
74.0381851196289
73.96007537841797
74.08816528320312
73.20063018798828
72.17852020263672
73.14651489257812
71.43340301513672
73.10749053955078
69.9873046875
72.1475601196289
71.52883911132812
71.29141235351562
69.77245330810547
69.58781433105469
67.33561706542969
70.70755767822266
72.02588653564453
75.17820739746094
75.7905502319336
78.11493682861328
76.65624237060547
78.59965515136719
76.93463897705078
78.16205596923828
76.65436553955078
78.0427474975586
77.24574279785156
78.97066497802734
78.46598052978516
79.63252258300781
79.77701568603516
80.90428924560547
80.6521987915039
81.47992706298828
81.44584655761719
82.21405792236328
82.98226165771484
83.31293487548828
83.65836334228516
83.89220428466797
84.25323486328125
84.90419006347656
85.02716827392578
85.31982421875
85.19843292236328
84.71156311035156
84.65394592285156
83.51126098632812
83.30052185058594
81.89663696289062
82.07283020019531
81.4378433227539
81.80020141601562
81.35677337646484
81.6290054321289
81.12538146972656
81.29133605957031
80.32096099853516
80.31056213378906
80.15467834472656
79.37747955322266
78.96842956542969
78.95742797851562
78.86085510253906
79.22737884521484
78.82655334472656
78.53125762939453
78.92385864257812
78.68223571777344
78.68138885498047
78.54066467285156
79.0933837890625
78.97296905517578
79.05098724365234
79.54190826416016
80.04585266113281
80.61569213867188
80.53377532958984
81.23050689697266
81.3785171508789
82.87372589111328
82.5537109375
84.51338195800781
84.22508239746094
86.18441009521484
86.01744842529297
87.67096710205078
86.77245330810547
87.34539794921875
84.60262298583984
84.62511444091797
81.33100128173828
81.22390747070312
77.76676940917969
78.34884643554688
74.04306030273438
75.51901245117188
72.27155303955078
74.30956268310547
69.83319091796875
73.01974487304688
69.98839569091797
71.82241821289062
68.75126647949219
72.35623168945312
66.46871185302734
71.55290222167969
69.20034790039062
73.59870910644531
71.29813385009766
73.013427734375
72.01678466796875
75.73210144042969
73.93637084960938
76.91105651855469
76.0634765625
78.20320129394531
77.53425598144531
78.85137939453125
79.1903305053711
79.65178680419922
79.2060775756836
79.1170883178711
79.3532943725586
78.25230407714844
77.9271240234375
76.9652328491211
76.69879150390625
75.67427825927734
75.4705810546875
74.69711303710938
74.74881744384766
74.91056823730469
75.79512023925781
74.77647399902344
76.89752197265625
76.57209014892578
79.01802062988281
78.18795776367188
80.0751953125
79.3146743774414
80.23039245605469
78.90704345703125
80.2984848022461
79.50980377197266
80.49822235107422
79.08967590332031
80.11616516113281
79.20880889892578
79.49658966064453
77.91661834716797
77.96942138671875
75.62501525878906
76.66006469726562
76.0652847290039
77.18217468261719
77.12076568603516
77.1553726196289
76.77104949951172
77.49117279052734
77.19055938720703
77.8163070678711
76.96051788330078
77.30628967285156
77.13238525390625
76.63825988769531
75.94954681396484
76.2601318359375
75.35787963867188
75.49980926513672
76.00020599365234
76.36353302001953
75.54821014404297
76.31300354003906
77.22789764404297
76.3885269165039
77.4769515991211
76.94739532470703
77.63572692871094
77.91756439208984
78.19632720947266
77.82307434082031
78.26380157470703
78.46076965332031
78.61959075927734
79.37410736083984
80.05313110351562
79.63327026367188
80.7145767211914
80.7781753540039
81.65753936767578
82.54779815673828
82.6052017211914
83.10798645019531
82.91368103027344
82.75685119628906
81.25767517089844
80.5909423828125
77.88762664794922
76.27703094482422
72.71358489990234
72.24369812011719
66.71763610839844
68.16578674316406
67.55550384521484
69.95860290527344
71.98760986328125
73.14376068115234
73.33336639404297
73.96653747558594
75.73698425292969
76.37127685546875
76.94734191894531
77.54299926757812
79.2409896850586
79.50308990478516
80.49758911132812
81.36356353759766
81.97786712646484
82.85517883300781
83.4632568359375
83.71806335449219
84.16345977783203
85.17951965332031
84.96212005615234
85.2176513671875
84.88729095458984
84.71463775634766
84.13338470458984
83.37598419189453
82.07672882080078
81.98502349853516
80.47615814208984
79.75503540039062
78.99581146240234
78.87818908691406
78.27425384521484
78.57062530517578
78.24620819091797
79.73099517822266
80.7724609375
81.81363677978516
83.04718780517578
84.65809631347656
86.20574951171875
86.86083984375
87.8354721069336
88.17665100097656
88.45530700683594
87.89596557617188
88.08533477783203
87.18928527832031
87.33368682861328
86.46244812011719
86.60968017578125
85.80445861816406
86.20123291015625
85.43193054199219
85.6156234741211
85.21527862548828
85.43562316894531
85.02230072021484
84.93392944335938
84.58234405517578
84.39884185791016
83.91082763671875
83.30174255371094
82.39102172851562
82.2475357055664
81.74927520751953
82.77377319335938
83.17561340332031
82.66261291503906
82.40203094482422
81.13082122802734
80.12641143798828
78.35249328613281
77.52155303955078
77.32111358642578
76.68416595458984
77.03398895263672
76.69639587402344
77.7969970703125
76.89142608642578
77.11250305175781
77.3162612915039
75.17396545410156
75.22391510009766
71.54950714111328
70.18675994873047
65.20094299316406
65.84623718261719
64.60672760009766
66.67915344238281
67.68112182617188
70.88893127441406
68.42639923095703
70.48976135253906
70.75582885742188
72.8510513305664
71.78197479248047
73.16120147705078
73.49626159667969
75.63375091552734
75.32945251464844
76.23486328125
76.66349792480469
77.38338470458984
76.99893188476562
77.25590515136719
76.37113952636719
76.09909057617188
74.34812927246094
74.47023010253906
71.85540008544922
72.84720611572266
71.64436340332031
72.06121063232422
71.21630096435547
