67.85918426513672
69.57596588134766
69.12863159179688
70.43257904052734
71.64897918701172
72.6122817993164
73.63876342773438
74.29991149902344
73.8724594116211
73.94070434570312
72.17079162597656
71.64979553222656
68.45487213134766
68.77950286865234
63.08763885498047
66.15321350097656
60.80521011352539
65.61979675292969
61.85692596435547
63.32267379760742
62.55782699584961
64.27062225341797
64.59362030029297
66.0826416015625
70.9337158203125
69.84081268310547
73.60708618164062
68.89492797851562
71.62067413330078
65.03363800048828
68.6038589477539
63.22468948364258
65.0655746459961
62.004547119140625
63.12057876586914
59.90196228027344
60.09675979614258
62.67402648925781
59.04703903198242
63.24335479736328
59.53059005737305
61.45127868652344
54.17681121826172
62.539859771728516
58.43536376953125
65.09814453125
62.9912223815918
64.12713623046875
64.34111785888672
64.84632873535156
65.6270980834961
66.9263916015625
66.44853973388672
66.94491577148438
67.3178939819336
67.50386047363281
65.90328216552734
69.00305938720703
69.95604705810547
69.96343231201172
70.7726821899414
70.64030456542969
71.68096160888672
72.51268005371094
73.4690933227539
72.2011489868164
71.29507446289062
70.44190216064453
67.99267578125
67.06074523925781
65.9267807006836
64.42324829101562
61.481727600097656
60.84559631347656
61.64875793457031
55.232051849365234
60.70798110961914
62.781768798828125
63.100250244140625
61.52421188354492
63.69476318359375
62.744834899902344
66.03328704833984
65.62020111083984
62.890869140625
64.83522033691406
65.23726654052734
65.24549865722656
64.81180572509766
65.453857421875
66.8355712890625
65.7274169921875
66.25069427490234
67.31378936767578
67.68733215332031
68.1291732788086
68.28670501708984
69.13774108886719
68.98216247558594
69.16513061523438
70.2298583984375
70.5802230834961
71.53063201904297
71.9474105834961
72.24852752685547
72.20584106445312
72.41064453125
72.95658874511719
73.42827606201172
73.79912567138672
73.5270767211914
73.17505645751953
74.26895141601562
75.24510955810547
75.27632141113281
75.41773223876953
75.63811492919922
75.59136962890625
76.0884017944336
77.41775512695312
77.63381958007812
78.21831512451172
78.7993392944336
80.16790771484375
80.99895477294922
80.7790298461914
80.84520721435547
80.3100357055664
80.4808578491211
80.50789642333984
80.3738784790039
80.4743881225586
80.29704284667969
80.1474838256836
78.8844985961914
77.60237884521484
74.92562866210938
72.23551177978516
74.50554656982422
75.65320587158203
78.45885467529297
79.43350982666016
81.03072357177734
82.37213134765625
83.35230255126953
83.7854232788086
83.53178405761719
81.76131439208984
80.5694580078125
77.9551010131836
77.7328872680664
79.10273742675781
79.934326171875
80.67015838623047
81.01617431640625
80.59235382080078
81.3497314453125
80.80854034423828
81.44688415527344
80.70471954345703
81.6761703491211
81.30875396728516
82.67921447753906
82.18407440185547
83.70943450927734
83.72100830078125
85.13668823242188
85.24191284179688
86.71753692626953
86.75035095214844
88.1734848022461
88.01111602783203
88.7703857421875
88.09628295898438
88.41057586669922
87.24974822998047
87.40211486816406
86.07172393798828
86.43174743652344
85.03137969970703
85.81400299072266
84.9329605102539
85.88885498046875
86.28559875488281
87.51551055908203
87.52239227294922
87.62254333496094
87.41448211669922
87.22596740722656
86.97840118408203
86.69434356689453
86.49636840820312
86.0873794555664
85.94768524169922
85.7846908569336
86.01070404052734
85.89685821533203
86.15377807617188
85.9469985961914
86.15685272216797
86.30587005615234
86.5943832397461
86.53053283691406
86.93785858154297
86.97826385498047
87.47018432617188
87.66070556640625
88.20679473876953
88.38204193115234
89.22344970703125
89.44302368164062
90.24665069580078
90.2726058959961
91.07186889648438
90.71351623535156
91.09539794921875
90.3328857421875
90.03614807128906
88.74015045166016
88.26860809326172
86.85124969482422
86.6324462890625
85.20785522460938
84.55231475830078
83.3213882446289
82.58290100097656
81.23854064941406
81.06791687011719
79.83814239501953
79.3232650756836
78.17576599121094
78.09158325195312
76.51338958740234
76.14264678955078
75.2991714477539
75.2832260131836
74.23452758789062
73.50359344482422
72.88743591308594
72.71611022949219
71.8059310913086
73.02561950683594
72.03040313720703
70.74121856689453
70.60195922851562
70.41587829589844
68.72701263427734
70.6144790649414
68.65084075927734
68.31596374511719
68.01162719726562
68.32178497314453
67.15787506103516
68.7383804321289
66.63641357421875
67.51851654052734
64.80140686035156
67.0083236694336
63.28074264526367
66.3570327758789
64.83917236328125
65.35753631591797
62.32278823852539
66.431640625
65.91625213623047
70.43245697021484
71.88236999511719
73.12455749511719
74.44674682617188
73.90633392333984
74.27552795410156
74.07794189453125
74.16832733154297
73.56301879882812
72.86692810058594
72.4804458618164
72.5182113647461
72.3388671875
72.4920883178711
72.04097747802734
73.18643188476562
73.87163543701172
73.78662872314453
74.92214965820312
75.59791564941406
75.76564025878906
76.88640594482422
77.13335418701172
77.76333618164062
78.33866119384766
79.32577514648438
80.02618408203125
81.1697769165039
81.32011413574219
82.54826354980469
82.93204498291016
84.15109252929688
84.38593292236328
85.33306121826172
85.44325256347656
85.66075134277344
84.90089416503906
84.7634048461914
83.96124267578125
83.70882415771484
82.3730697631836
82.22722625732422
80.72490692138672
80.57469940185547
79.86858367919922
79.48455047607422
78.60910034179688
78.55715942382812
77.81547546386719
77.5376205444336
77.12763977050781
76.9896469116211
76.87429809570312
76.8748550415039
76.18379974365234
75.92596435546875
75.68783569335938
75.66901397705078
75.37834930419922
74.5362319946289
74.55992126464844
74.07115173339844
73.96905517578125
74.16100311279297
74.88799285888672
74.79869842529297
75.82757568359375
76.187744140625
76.83233642578125
77.36351013183594
77.8864517211914
79.05116271972656
79.92697143554688
80.49798583984375
81.72697448730469
82.3197250366211
82.61138916015625
81.89964294433594
80.72832489013672
79.10196685791016
77.76317596435547
75.99385070800781
74.64253234863281
72.51239013671875
72.36763000488281
70.38209533691406
69.81810760498047
66.86550903320312
66.33645629882812
65.61209869384766
64.2516860961914
64.25450134277344
62.617767333984375
61.51319122314453
60.26036834716797
59.7730598449707
61.983646392822266
62.748863220214844
64.6389389038086
63.40514373779297
63.01675033569336
64.9529800415039
64.79782104492188
65.98784637451172
65.81185150146484
66.77986907958984
66.7630844116211
67.34380340576172
66.67971801757812
65.6156005859375
67.79637908935547
64.03520965576172
65.93986511230469
63.882301330566406
64.51956176757812
60.97412109375
64.70829010009766
63.03519058227539
65.09420776367188
63.17525863647461
66.32707977294922
66.91645050048828
67.94364929199219
68.9317855834961
70.045166015625
70.98140716552734
71.0758056640625
71.43877410888672
72.000732421875
72.46501159667969
74.38147735595703
74.86797332763672
76.90480041503906
77.35432434082031
78.9285659790039
78.9347915649414
79.86042022705078
79.01687622070312
79.11725616455078
77.75443267822266
78.402099609375
76.96730041503906
77.3645248413086
76.03009033203125
76.34385681152344
75.4404525756836
75.6731185913086
74.67689514160156
74.84781646728516
74.26991271972656
73.84765625
73.85360717773438
74.44023895263672
74.22601318359375
75.34545135498047
74.60416412353516
74.86264038085938
74.09567260742188
74.28504180908203
74.0931396484375
74.39859771728516
73.86821746826172
74.63581085205078
74.27207946777344
74.47645568847656
74.16079711914062
73.90055084228516
74.03428649902344
73.72935485839844
72.92842864990234
72.81867218017578
72.36508178710938
73.14856719970703
72.34371185302734
73.16133880615234
72.1679458618164
73.0192642211914
72.85143280029297
72.63123321533203
73.07752227783203
73.57669830322266
73.10291290283203
73.86128234863281
74.39956665039062
74.24905395507812
74.38432312011719
74.9041976928711
75.12479400634766
75.08014678955078
75.18204498291016
75.97201538085938
75.74046325683594
76.64420318603516
76.41783905029297
76.11277770996094
75.68457794189453
75.01599884033203
74.92061614990234
73.86634826660156
74.48513793945312
75.03366088867188
75.23393249511719
76.2603988647461
76.88877868652344
77.76673126220703
78.12716674804688
79.44050598144531
79.91117858886719
80.93379974365234
81.60359191894531
82.29299926757812
83.08720397949219
83.19090270996094
83.67182922363281
83.31236267089844
83.07528686523438
82.61134338378906
82.3183364868164
81.2349853515625
81.2110824584961
80.08601379394531
79.8056640625
78.83129119873047
78.5606460571289
78.0079116821289
77.70087432861328
77.13422393798828
76.937744140625
77.0435791015625
76.99447631835938
76.74425506591797
76.85204315185547
76.78997039794922
77.12531280517578
77.75497436523438
77.79666900634766
78.85907745361328
78.49979400634766
79.56968688964844
78.85221099853516
79.82827758789062
78.90444946289062
80.12787628173828
79.83345031738281
80.49485778808594
80.67485046386719
81.3492431640625
81.35655212402344
81.59200286865234
81.51918029785156
80.55411529541016
79.96979522705078
78.9339828491211
78.37438201904297
77.16429901123047
77.15681457519531
74.92460632324219
74.88810729980469
73.16781616210938
74.05318450927734
73.0594482421875
74.25756072998047
76.88982391357422
76.92865753173828
77.28571319580078
76.88529205322266
76.33891296386719
75.86116790771484
75.31314849853516
75.9402847290039
76.64231872558594
77.30443572998047
78.22625732421875
78.88043212890625
79.66002655029297
79.92335510253906
80.35242462158203
80.80816650390625
80.69255065917969
80.81390380859375
80.3676528930664
79.4022445678711
77.56977844238281
76.0458755493164
73.47654724121094
70.33219909667969
69.10514831542969
66.28153991699219
65.619384765625
64.86121368408203
66.45532989501953
66.722412109375
70.01819610595703
71.6900634765625
73.48538970947266
74.19194030761719
76.12960815429688
76.57850646972656
77.38993835449219
77.82691192626953
77.63304901123047
78.14363861083984
78.0684814453125
76.91429138183594
76.21956634521484
74.65081024169922
74.81475830078125
72.93270111083984
71.43827819824219
70.22557067871094
69.28113555908203
