64.48917388916016
71.60687255859375
73.7051010131836
39.13154220581055
77.24763488769531
76.85308837890625
71.84776306152344
80.9574203491211
71.75543212890625
77.36956787109375
78.2903823852539
53.05347442626953
74.93026733398438
70.39582061767578
62.35060119628906
70.55726623535156
60.62356185913086
65.71981811523438
65.06139373779297
47.738582611083984
67.36253356933594
66.02445220947266
62.76530456542969
71.87808990478516
66.6855239868164
74.66374206542969
77.21224975585938
34.35960006713867
75.3035659790039
71.38424682617188
64.91024780273438
70.95404052734375
61.98353958129883
67.80355072021484
69.34300994873047
52.09785461425781
66.76531219482422
64.5127944946289
58.13185119628906
69.72005462646484
60.598838806152344
65.36090850830078
68.73053741455078
49.72089767456055
69.88024139404297
68.3440933227539
63.62646484375
71.82837677001953
65.52973175048828
69.7587890625
72.76471710205078
41.52986145019531
73.19430541992188
71.29210662841797
66.08723449707031
75.79613494873047
67.80281829833984
72.61212158203125
75.12747192382812
48.42745590209961
76.65558624267578
74.88086700439453
70.67599487304688
79.2891845703125
70.97310638427734
76.91095733642578
77.94493865966797
43.067604064941406
74.33087158203125
71.0078125
63.6280403137207
70.24473571777344
59.68630599975586
65.3520278930664
68.34124755859375
55.67460250854492
68.84786224365234
67.72830963134766
59.433467864990234
70.5435791015625
61.8223991394043
67.96321868896484
70.73736572265625
48.20256042480469
71.82002258300781
69.23941802978516
63.552703857421875
72.55401611328125
64.37983703613281
70.23580932617188
72.26933288574219
43.27659225463867
72.31488037109375
70.64061737060547
65.67295837402344
74.04800415039062
65.84185028076172
72.18872833251953
75.06214904785156
38.334190368652344
76.16983795166016
74.97284698486328
68.68668365478516
77.4874038696289
69.83602142333984
75.15857696533203
77.93697357177734
41.507850646972656
78.7053451538086
76.37198638916016
70.99588012695312
79.81192016601562
72.6492691040039
77.83053588867188
80.42140197753906
48.937538146972656
81.37191772460938
79.30486297607422
74.29875946044922
83.36858367919922
75.38941192626953
81.59699249267578
84.3599853515625
49.72225570678711
84.2064208984375
81.5595932006836
76.2505874633789
84.58816528320312
76.45211791992188
81.73908233642578
84.08821105957031
54.158382415771484
84.07414245605469
81.86021423339844
75.47413635253906
83.33465576171875
74.84819793701172
79.87588500976562
83.23297119140625
36.99041748046875
85.48074340820312
84.33998107910156
80.46715545654297
89.51043701171875
82.08876037597656
87.2421646118164
88.84393310546875
45.34111785888672
84.76470184326172
80.71990203857422
74.38251495361328
83.45333862304688
77.3392333984375
83.49916076660156
86.85481262207031
54.01481246948242
87.27135467529297
84.91142272949219
79.54813385009766
88.07079315185547
80.04456329345703
85.56734466552734
88.28841400146484
55.10260009765625
89.37187194824219
87.71161651611328
83.21018981933594
92.31664276123047
84.87950897216797
90.8826904296875
93.79110717773438
40.58293914794922
94.1153564453125
91.51757049560547
85.58180236816406
93.3498764038086
84.35679626464844
89.07809448242188
90.98153686523438
56.65363693237305
90.54206848144531
88.41970825195312
83.59075927734375
92.71906280517578
85.28206634521484
91.08208465576172
93.5907211303711
57.87728500366211
93.1908950805664
90.46681213378906
84.88150024414062
93.03141021728516
84.50155639648438
89.56684875488281
91.8839340209961
55.02110290527344
91.74518585205078
89.4780502319336
84.1706771850586
92.61929321289062
84.51808166503906
89.89347839355469
92.3736343383789
55.07783889770508
92.93131256103516
90.88078308105469
85.9913330078125
94.66991424560547
86.68942260742188
92.64551544189453
95.42288208007812
52.27004623413086
96.2889175415039
94.26720428466797
88.96175384521484
97.0617446899414
88.33611297607422
92.80235290527344
94.2603988647461
57.507057189941406
92.34141540527344
89.12886810302734
82.92445373535156
90.44683837890625
81.09735107421875
85.55435180664062
87.07215118408203
47.340553283691406
85.44403076171875
82.2511978149414
76.25249481201172
83.6948471069336
75.02029418945312
79.4552230834961
81.0975341796875
46.238128662109375
80.03913116455078
76.8186264038086
71.32657623291016
78.91182708740234
69.60562133789062
74.90926361083984
76.69841003417969
43.56648635864258
76.42118072509766
72.58184051513672
67.65754699707031
75.15326690673828
66.05081176757812
71.55118560791016
73.3128890991211
51.07062911987305
73.0931396484375
71.00422668457031
64.36265563964844
72.89505004882812
65.46110534667969
69.05596160888672
70.82947540283203
43.32080078125
69.98143768310547
68.21419525146484
62.8515625
70.9615707397461
64.13111877441406
71.57456970214844
75.91096496582031
33.857261657714844
79.44882202148438
77.35173034667969
71.78125762939453
80.5290756225586
72.07264709472656
76.8165054321289
78.67357635498047
50.362770080566406
77.7569351196289
75.50890350341797
69.85658264160156
79.25476837158203
71.71906280517578
77.2894515991211
79.79829406738281
46.42667007446289
81.25183868408203
79.19940948486328
74.87127685546875
83.82855987548828
76.14237976074219
82.22386932373047
84.97650146484375
47.093990325927734
86.57215118408203
85.12006378173828
80.48157501220703
89.65135192871094
81.97149658203125
88.16829681396484
90.79732513427734
49.018028259277344
91.0879135131836
88.43199920654297
82.51461791992188
90.2850570678711
80.96272277832031
85.7893295288086
87.42691040039062
54.55461502075195
85.84254455566406
83.05071258544922
77.55352783203125
85.00629425048828
75.79261779785156
81.2999496459961
83.08522033691406
48.438514709472656
82.39399719238281
80.2405014038086
74.56464385986328
82.78043365478516
74.21742248535156
79.62091064453125
81.6068115234375
41.840362548828125
80.24504089355469
76.83415985107422
71.24122619628906
79.76014709472656
71.67086029052734
77.57264709472656
80.12229919433594
47.171897888183594
81.23411560058594
79.62042999267578
75.43571472167969
83.93123626708984
76.17387390136719
82.77565002441406
86.47087097167969
45.04365921020508
87.89628601074219
85.6419677734375
80.12117004394531
87.52556610107422
77.75227355957031
81.07839965820312
82.1388168334961
42.890262603759766
79.28176879882812
75.38993835449219
68.42723846435547
75.7281265258789
66.4638900756836
70.67086029052734
71.05848693847656
31.017227172851562
68.45691680908203
64.66918182373047
62.12257385253906
67.9363784790039
60.42515563964844
63.456417083740234
67.01256561279297
37.59760284423828
66.94478607177734
65.4239730834961
62.31214141845703
70.45941162109375
63.03583526611328
67.62019348144531
71.59463500976562
42.67660903930664
71.38821411132812
67.90257263183594
63.77893829345703
71.47044372558594
62.94147491455078
66.13014221191406
69.40862274169922
48.69048309326172
68.6458969116211
66.0102767944336
63.60965347290039
71.2798843383789
63.99396514892578
69.72314453125
73.57360076904297
43.55699157714844
75.50995635986328
74.14185333251953
69.52212524414062
78.84386444091797
71.4579086303711
76.86515808105469
79.39427947998047
36.10647964477539
81.29173278808594
80.29293823242188
76.6111068725586
85.2932357788086
77.17317199707031
82.72218322753906
84.61946105957031
40.369014739990234
83.79582214355469
80.80480194091797
75.18113708496094
82.89539337158203
74.12210845947266
79.24530792236328
81.02169036865234
41.869163513183594
80.50325775146484
77.52252197265625
73.02655792236328
80.40437316894531
72.37928009033203
77.08131408691406
79.35212707519531
34.08061599731445
79.52810668945312
76.92996215820312
71.77308654785156
79.9381332397461
71.53938293457031
77.17158508300781
79.41580200195312
47.94602584838867
79.94283294677734
77.2780532836914
72.05741882324219
79.78275299072266
71.78135681152344
76.21849060058594
78.11270141601562
51.24018096923828
77.73828125
75.40458679199219
70.64102935791016
78.6596908569336
70.97103881835938
75.62973022460938
78.2890625
50.098106384277344
78.2956771850586
76.70372009277344
69.80924224853516
79.63927459716797
71.30476379394531
76.95843505859375
79.420654296875
42.482635498046875
79.95014953613281
77.99578094482422
72.95098114013672
81.0625
73.3555908203125
78.66246032714844
81.31539154052734
38.35770034790039
81.18486785888672
78.42630004882812
73.14515686035156
81.21333312988281
73.1905517578125
78.70748901367188
81.60884857177734
44.465877532958984
82.85844421386719
81.27307891845703
76.41975402832031
85.63990020751953
78.19200134277344
84.25993347167969
87.19339752197266
38.24209213256836
88.5325698852539
86.70410919189453
81.45722198486328
89.83566284179688
81.50316619873047
86.2555923461914
88.08349609375
46.228031158447266
86.71805572509766
83.90386962890625
77.57608032226562
85.4246597290039
76.52647399902344
81.46461486816406
83.29670715332031
55.43925857543945
82.16319274902344
79.63748168945312
73.6625747680664
82.18038940429688
73.29104614257812
78.48788452148438
81.06531524658203
40.266929626464844
80.64400482177734
78.2947006225586
72.31280517578125
80.69562530517578
72.36170959472656
77.30517578125
80.25764465332031
42.655487060546875
81.33434295654297
79.58123016357422
74.65266418457031
83.9864501953125
76.2117691040039
81.9925765991211
84.24755859375
45.87214279174805
83.14970397949219
80.21626281738281
73.77667236328125
80.98120880126953
72.10523223876953
76.23661041259766
77.72413635253906
37.66170883178711
77.30557250976562
76.4619140625
72.17130279541016
82.92565155029297
76.30862426757812
81.7342300415039
83.93885803222656
49.80622863769531
82.35763549804688
79.64801788330078
74.22681427001953
83.17893981933594
75.68266296386719
81.88143157958984
84.6636734008789
53.51059341430664
85.63683319091797
83.63563537597656
78.48711395263672
87.21713256835938
78.94549560546875
84.14496612548828
85.75281524658203
48.91225814819336
82.82807922363281
78.50987243652344
70.62203216552734
75.71672821044922
63.8670539855957
68.47360229492188
70.08851623535156
43.356910705566406
73.15721130371094
72.83829498291016
68.76760864257812
78.23220825195312
70.63541412353516
77.89278411865234
81.0903091430664
45.76760482788086
82.44747161865234
80.59856414794922
75.80953216552734
84.0489273071289
75.93550109863281
80.29389190673828
82.12381744384766
53.302974700927734
80.1516342163086
76.74874114990234
69.66313171386719
77.33638763427734
