69.3546371459961
71.90715026855469
72.63568115234375
72.42430877685547
73.46436309814453
72.17838287353516
71.71063995361328
69.92407989501953
69.05390167236328
66.20404052734375
66.99044036865234
66.7020263671875
65.86882781982422
62.0151252746582
63.48893737792969
62.48419952392578
60.03908920288086
63.10613250732422
60.99203109741211
61.38433074951172
61.05806350708008
59.02388000488281
60.813507080078125
59.141273498535156
63.4530143737793
60.27107238769531
64.26810455322266
64.45716094970703
62.98086166381836
59.586212158203125
65.19884490966797
65.66841125488281
58.23537826538086
60.73208236694336
55.447471618652344
53.1290397644043
50.691383361816406
43.30929183959961
47.718544006347656
43.314292907714844
43.63416290283203
59.21694564819336
56.14545822143555
59.208927154541016
57.54551315307617
59.40449142456055
61.08564376831055
59.55513381958008
64.88265991210938
62.83329391479492
65.1593017578125
62.10540771484375
64.85153198242188
65.18331909179688
64.92618560791016
66.35577392578125
67.07167053222656
65.66902923583984
66.14415740966797
66.20355224609375
65.92521667480469
65.27539825439453
66.5988540649414
67.51708221435547
64.66984558105469
67.18128204345703
66.23163604736328
67.9503402709961
66.64440155029297
67.6433334350586
67.40804290771484
68.1447525024414
69.04835510253906
68.75326538085938
70.0958023071289
69.35093688964844
71.32398986816406
70.90991973876953
71.66732788085938
72.4231948852539
74.50277709960938
75.34630584716797
76.68525695800781
78.08647155761719
79.00065612792969
80.80865478515625
81.15679931640625
81.64519500732422
81.07660675048828
80.29100036621094
79.51457977294922
78.5413818359375
78.13069915771484
77.33021545410156
77.08837890625
77.09237670898438
76.66400909423828
76.63824462890625
76.42097473144531
76.23309326171875
76.07554626464844
75.91603088378906
74.83592224121094
73.30657958984375
70.85183715820312
68.22108459472656
65.48194122314453
63.98031997680664
62.444801330566406
63.48331069946289
63.384971618652344
66.66009521484375
64.91718292236328
67.09003448486328
67.88849639892578
68.74577331542969
68.33583068847656
70.33943939208984
69.0033950805664
69.90721130371094
70.28998565673828
72.29529571533203
72.44474029541016
73.09339904785156
75.29803466796875
75.96350860595703
78.49809265136719
79.5748519897461
81.30901336669922
82.10717010498047
82.55992889404297
82.27372741699219
82.00498962402344
81.5584487915039
80.93836975097656
80.99432373046875
80.3808822631836
80.39044189453125
80.13304138183594
80.32144927978516
79.43531799316406
79.19393157958984
78.5031509399414
77.5081558227539
77.15441131591797
77.79877471923828
78.98605346679688
79.5580062866211
80.03070068359375
80.3822021484375
80.3696060180664
78.74752044677734
78.23136901855469
75.82127380371094
73.89718627929688
71.5097427368164
71.189208984375
66.4765625
64.83926391601562
63.25156784057617
64.41325378417969
67.16558837890625
67.96292114257812
69.0439453125
70.4593734741211
70.36272430419922
71.70858764648438
73.02587890625
73.11570739746094
73.76509094238281
74.2525405883789
75.04426574707031
75.0541000366211
75.96672821044922
75.9286117553711
76.8307113647461
77.00433349609375
77.17135620117188
77.79820251464844
78.26467895507812
78.60639953613281
79.1118392944336
80.07939147949219
80.75313568115234
81.45382690429688
81.97964477539062
82.92990112304688
83.35812377929688
83.50726318359375
83.14275360107422
83.39128112792969
82.96204376220703
83.1508560180664
83.02012634277344
82.89299774169922
82.49638366699219
82.70027923583984
82.8052978515625
82.71511840820312
83.0546646118164
83.13782501220703
83.29132843017578
83.62193298339844
83.74117279052734
83.98181915283203
84.3611831665039
84.76350402832031
85.16117095947266
85.60991668701172
86.04454040527344
86.69466400146484
87.17172241210938
87.84271240234375
88.46016693115234
89.15440368652344
89.60383605957031
90.18297576904297
90.29731750488281
90.33080291748047
89.95547485351562
89.35965728759766
88.28926086425781
87.28333282470703
86.27164459228516
85.13868713378906
84.1038589477539
82.87845611572266
81.8558120727539
80.92122650146484
80.27902221679688
78.80329132080078
78.27742767333984
77.34612274169922
77.16114044189453
76.99964904785156
76.26078796386719
76.54066467285156
75.6806640625
75.07245635986328
74.83148193359375
74.14335632324219
74.30778503417969
74.00465393066406
75.38924407958984
75.58580780029297
76.27506256103516
76.82997131347656
76.40826416015625
76.3827896118164
75.65127563476562
74.78588104248047
75.13125610351562
73.8194351196289
74.43231201171875
73.47331237792969
73.56963348388672
72.63030242919922
72.8676986694336
73.16290283203125
72.24089813232422
72.38875579833984
72.41529083251953
71.67594146728516
72.1301498413086
72.1811752319336
73.04348754882812
73.04829406738281
73.00794982910156
73.07474517822266
73.86971282958984
74.3575439453125
74.18303680419922
74.7987289428711
75.15841674804688
75.51683044433594
75.88269805908203
76.6329345703125
77.03667449951172
77.47034454345703
78.1520004272461
78.79969787597656
79.46416473388672
79.55658721923828
80.1891860961914
80.15354919433594
80.50434112548828
80.18171691894531
79.56372833251953
79.33834075927734
79.6752700805664
80.24653625488281
81.15373229980469
82.40647888183594
83.28108215332031
84.16358184814453
84.81990051269531
85.29615020751953
85.65181732177734
85.51324462890625
85.36761474609375
84.84160614013672
84.10201263427734
83.6299819946289
82.86873626708984
82.04678344726562
81.3961410522461
80.83544158935547
80.48079681396484
80.02242279052734
79.27264404296875
78.57404327392578
78.55786895751953
78.27619171142578
77.8787612915039
77.66443634033203
77.45773315429688
77.4313735961914
77.03815460205078
76.51950073242188
75.902099609375
75.1966781616211
73.30152130126953
72.28473663330078
71.7065658569336
71.47803497314453
71.613525390625
71.00904846191406
71.79986572265625
71.95098876953125
72.83042907714844
73.09945678710938
73.34317016601562
73.1888198852539
73.32318115234375
71.35811614990234
71.9372329711914
71.24303436279297
70.82292175292969
71.12616729736328
70.89197540283203
71.33845520019531
72.0605239868164
72.64842224121094
73.60211944580078
73.84886169433594
75.1094741821289
76.15328216552734
77.97136688232422
78.1878433227539
79.91012573242188
79.87123107910156
80.17976379394531
78.95661163330078
77.87541198730469
76.02118682861328
74.19093322753906
73.31293487548828
70.76945495605469
71.93404388427734
69.71511840820312
69.40553283691406
71.37055206298828
72.02867126464844
73.36898803710938
74.3218765258789
75.71063995361328
75.37452697753906
74.84529876708984
75.11083221435547
73.66703796386719
73.45587158203125
72.22494506835938
71.77295684814453
71.1152572631836
70.97615814208984
68.79515838623047
68.8165512084961
68.50486755371094
68.50648498535156
67.92960357666016
67.39031982421875
67.11116790771484
66.73418426513672
65.08426666259766
66.09358215332031
65.5839614868164
64.48220825195312
63.843666076660156
64.55493927001953
63.00608444213867
65.10330963134766
64.38202667236328
65.59066772460938
66.0710220336914
67.51398468017578
67.60838317871094
69.68431091308594
71.86951446533203
73.03136444091797
74.08395385742188
74.56169128417969
74.24646759033203
74.38414764404297
73.85074615478516
72.41072845458984
71.922607421875
71.39732360839844
71.29653930664062
70.61917114257812
69.91655731201172
71.70037841796875
73.4538803100586
74.56503295898438
75.2691421508789
75.87914276123047
76.3836898803711
76.04479217529297
75.91996002197266
76.64408874511719
76.26033020019531
75.45484924316406
75.6585693359375
75.11233520507812
75.24131774902344
75.30244445800781
75.19954681396484
75.1216049194336
74.81421661376953
74.86547088623047
74.69963836669922
75.08694458007812
74.38864135742188
75.25928497314453
74.2870864868164
75.10696411132812
74.6299057006836
74.60760498046875
74.83289337158203
75.28863525390625
75.25556182861328
74.98414611816406
75.0926742553711
75.62614440917969
75.4576644897461
75.97900390625
76.08023071289062
76.08304595947266
76.00962829589844
76.39581298828125
76.5909423828125
76.97958374023438
76.96749114990234
76.5871353149414
77.24920654296875
77.38911437988281
77.92371368408203
77.84827423095703
78.27799224853516
78.29847717285156
78.98341369628906
79.39701843261719
79.48413848876953
79.88068389892578
80.12291717529297
80.7882308959961
81.35783386230469
81.79776000976562
82.38273620605469
82.8139419555664
83.27820587158203
83.87779235839844
84.1169662475586
85.03112030029297
85.6612548828125
86.56549072265625
87.13844299316406
87.64265441894531
88.13457489013672
88.35540008544922
88.44441986083984
87.9752197265625
87.57942962646484
86.8306884765625
86.1319580078125
85.168212890625
84.32501220703125
83.64328002929688
82.71290588378906
81.5280532836914
80.95002746582031
79.90245819091797
79.16243743896484
78.27084350585938
77.4759750366211
76.64610290527344
75.68834686279297
74.84335327148438
73.36186981201172
72.4261703491211
71.37173461914062
70.6017837524414
71.59452056884766
72.1465072631836
75.1738052368164
78.10372924804688
80.28771209716797
82.52478790283203
83.7034683227539
84.9648666381836
84.8994369506836
84.72212219238281
83.88502502441406
83.16307830810547
82.06558990478516
80.92034912109375
79.47276306152344
77.9332275390625
77.18660736083984
76.22261047363281
75.94779968261719
75.68163299560547
75.81134033203125
75.5262680053711
75.80070495605469
75.82775115966797
76.79082489013672
77.25906372070312
77.1972885131836
77.70951080322266
77.74811553955078
77.31629180908203
77.6190185546875
77.28311920166016
77.88103485107422
78.28130340576172
78.33553314208984
78.39649200439453
78.49162292480469
77.81962585449219
77.80790710449219
77.23426818847656
75.92880249023438
75.62483978271484
75.98831939697266
75.58699035644531
75.99467468261719
76.4240493774414
77.06674194335938
77.5069580078125
78.04438018798828
78.16841125488281
78.73226928710938
78.98639678955078
78.72148132324219
78.68619537353516
78.38971710205078
78.05721282958984
78.3453140258789
78.85812377929688
79.35308837890625
80.0016098022461
80.66812896728516
81.39314270019531
81.89704132080078
82.29582214355469
82.2848892211914
82.0110855102539
81.73539733886719
80.95392608642578
79.8912124633789
78.81949615478516
77.42622375488281
75.93890380859375
73.32511138916016
70.89303588867188
67.35490417480469
