74.2012939453125
76.69953155517578
77.47472381591797
74.65618896484375
77.70684814453125
68.66473388671875
75.6321792602539
69.37203979492188
72.1156997680664
70.33704376220703
65.36746978759766
71.05014038085938
51.02676010131836
67.1073989868164
63.959083557128906
63.6171989440918
67.19952392578125
61.0755500793457
65.36267852783203
66.32862091064453
60.11284637451172
71.49210357666016
58.11090850830078
72.93790435791016
71.14073181152344
67.33711242675781
71.42724609375
64.21379852294922
68.69160461425781
65.68702697753906
64.0846176147461
68.0090560913086
51.925445556640625
66.97746276855469
57.461204528808594
65.3262939453125
61.696903228759766
58.730709075927734
65.27790832519531
53.49069595336914
63.968116760253906
59.84426498413086
64.80181884765625
63.259765625
62.3631477355957
65.49877166748047
49.097591400146484
66.9739990234375
62.21672058105469
67.282470703125
64.67743682861328
63.990333557128906
67.38595581054688
63.422237396240234
69.198486328125
62.17174530029297
68.95658874511719
65.87528228759766
67.56471252441406
68.97103881835938
65.30216217041016
69.87651824951172
64.01617431640625
71.76429748535156
66.94773864746094
72.0762710571289
70.98626708984375
71.97172546386719
73.2635498046875
70.01082611083984
75.99716186523438
71.72440338134766
77.65618133544922
74.15657043457031
79.47549438476562
77.60668182373047
80.48544311523438
81.06685638427734
79.53601837158203
79.81336975097656
76.0866470336914
77.47122955322266
73.27306365966797
75.12345123291016
71.72266387939453
73.14575958251953
71.31593322753906
70.84175872802734
70.80131530761719
69.47542572021484
70.58635711669922
69.4771499633789
70.39617156982422
67.98902893066406
69.20164489746094
68.92849731445312
69.32247924804688
70.61883544921875
70.32347106933594
71.52600860595703
70.85782623291016
72.35564422607422
71.91999053955078
72.98355865478516
72.68951416015625
73.70817565917969
74.08460998535156
74.28638458251953
75.17276000976562
74.12809753417969
76.48733520507812
75.77339172363281
77.8548355102539
76.05619812011719
78.67692565917969
78.74839782714844
79.42935180664062
80.90206146240234
78.72685241699219
82.65608215332031
77.57958984375
81.19790649414062
78.1343765258789
76.38951110839844
78.67305755615234
68.07111358642578
77.8628158569336
72.12542724609375
74.90398406982422
76.7521743774414
71.30956268310547
78.3831787109375
70.30634307861328
79.39102172851562
76.67682647705078
77.85375213623047
80.55521392822266
74.33747863769531
83.25643157958984
77.23677825927734
83.19124603271484
82.17325592041016
78.14275360107422
81.97956848144531
76.48929595947266
79.7493667602539
79.07324981689453
77.67536926269531
79.86075592041016
78.47584533691406
79.81910705566406
80.17633056640625
79.96822357177734
82.42547607421875
80.4985122680664
83.86412811279297
83.01762390136719
84.93822479248047
86.16673278808594
86.4319076538086
89.56941223144531
88.2221450805664
92.26961517333984
90.009521484375
93.0334701538086
90.65811157226562
91.27641296386719
90.17386627197266
88.68465423583984
89.2709732055664
86.7197494506836
87.88957214355469
85.68058013916016
86.4267807006836
85.28294372558594
84.37234497070312
86.51284790039062
85.35699462890625
90.53440856933594
88.19644165039062
91.95475769042969
89.17155456542969
91.25115966796875
89.95349884033203
90.4820785522461
90.88623046875
89.82919311523438
91.66844177246094
89.78487396240234
91.8695297241211
90.39877319335938
91.66143798828125
91.165283203125
90.64151763916016
91.38951873779297
89.23661041259766
90.3864517211914
87.56852722167969
88.47042846679688
86.63338470458984
85.771484375
85.30580139160156
82.81587982177734
83.83772277832031
80.13368225097656
81.97953796386719
78.50531005859375
79.86766815185547
78.2640380859375
77.81145477294922
77.79544067382812
74.57394409179688
77.10797119140625
72.91261291503906
76.81658935546875
70.82371520996094
76.38848876953125
72.9555892944336
75.14119720458984
74.45152282714844
73.90077209472656
76.24446105957031
74.37521362304688
77.85855865478516
74.12483215332031
77.8321762084961
75.91544342041016
76.12842559814453
75.94945526123047
73.07491302490234
75.87500762939453
69.42047119140625
74.3203353881836
68.95272064208984
71.85533905029297
68.63402557373047
69.10356903076172
69.02619934082031
65.56633758544922
68.7910385131836
60.99648666381836
68.25888061523438
58.29426574707031
69.144287109375
56.62107467651367
67.6823501586914
61.05403518676758
69.91050720214844
66.38800048828125
70.29525756835938
71.56282043457031
70.80831146240234
74.76152801513672
71.73360443115234
75.87574005126953
73.7734375
73.71211242675781
74.29838562011719
70.15144348144531
74.53160858154297
68.2538070678711
73.8862533569336
66.98334503173828
71.2085952758789
68.11747741699219
68.69247436523438
68.06197357177734
65.38397979736328
68.4053726196289
63.55650329589844
69.79621887207031
64.11613464355469
71.23880004882812
64.48541259765625
72.0101089477539
69.07485961914062
73.27174377441406
74.05634307861328
72.24895477294922
76.41900634765625
72.3726577758789
77.07498931884766
73.85934448242188
77.12387084960938
75.50572204589844
76.2520980834961
77.33281707763672
75.082763671875
78.43724822998047
74.9715576171875
78.67147827148438
75.9907455444336
78.55635833740234
77.91241455078125
77.88695526123047
79.40737915039062
76.85444641113281
80.02666473388672
77.10128021240234
80.72505187988281
78.88505554199219
80.58280181884766
80.9312515258789
80.31835174560547
82.07955169677734
80.37535858154297
82.03487396240234
80.4522705078125
80.4083480834961
79.85809326171875
78.05664825439453
78.55967712402344
76.41320037841797
76.92051696777344
74.58745574951172
74.31137084960938
72.91987609863281
72.70301818847656
74.81973266601562
75.07710266113281
76.22305297851562
75.30780029296875
76.28118133544922
74.25668334960938
75.00080108642578
74.80289459228516
73.67240905761719
74.52236938476562
72.70209503173828
74.64010620117188
72.98897552490234
74.05329132080078
72.79389953613281
74.22565460205078
74.33747863769531
73.85020446777344
75.12105560302734
74.04199981689453
75.74213409423828
74.26943969726562
76.6701431274414
75.71537017822266
76.92220306396484
76.82367706298828
77.46199035644531
78.1655044555664
78.43048095703125
80.0462875366211
79.86820220947266
81.42617797851562
80.40581512451172
81.14826965332031
79.05411529541016
79.2986831665039
75.11231994628906
76.33853912353516
71.47964477539062
73.4043960571289
67.41232299804688
72.67940521240234
65.63990783691406
70.85552215576172
66.77420043945312
69.7807846069336
68.39289855957031
69.5841064453125
71.35578918457031
69.0599365234375
72.56380462646484
68.48745727539062
73.8193588256836
68.69251251220703
73.26703643798828
70.51353454589844
71.2144775390625
70.26493835449219
69.05616760253906
69.67150115966797
63.79018020629883
70.0576400756836
64.5943832397461
71.81816864013672
65.23536682128906
72.51850128173828
69.24609375
73.99198150634766
72.47925567626953
75.53034210205078
75.95341491699219
77.18956756591797
78.9545669555664
78.76622772216797
81.25730895996094
80.07562255859375
82.06231689453125
81.841796875
82.42769622802734
82.53961944580078
81.38839721679688
81.62152862548828
79.71263885498047
80.32343292236328
78.44303894042969
78.71603393554688
77.5754165649414
77.78863525390625
77.27857208251953
76.35076904296875
76.95298767089844
75.85138702392578
76.11073303222656
75.40516662597656
74.42044830322266
74.87643432617188
74.4283676147461
74.46964263916016
72.77287292480469
74.15351104736328
73.0707778930664
73.72114562988281
71.83378601074219
72.34650421142578
72.70643615722656
71.51544189453125
72.18310546875
70.81560516357422
72.3421859741211
71.4775161743164
73.43738555908203
74.22225952148438
75.71112823486328
76.77662658691406
77.84484100341797
78.61383819580078
78.43289947509766
79.5504379272461
78.49527740478516
79.48770141601562
79.29218292236328
79.15117645263672
79.50328063964844
79.24403381347656
79.91276550292969
79.31242370605469
80.19831848144531
80.06507873535156
80.8497314453125
80.77365112304688
81.19700622558594
81.51600646972656
81.5901107788086
80.86347961425781
80.52091217041016
78.16549682617188
78.48374938964844
73.70166778564453
75.35909271240234
70.07173156738281
73.11542510986328
63.656986236572266
71.01631164550781
64.39270782470703
71.19412994384766
66.18330383300781
70.45567321777344
69.46964263916016
70.68010711669922
72.91046142578125
71.29485321044922
74.85643768310547
72.61497497558594
76.52902221679688
72.58898162841797
77.39137268066406
75.93050384521484
78.00798034667969
78.03472900390625
78.13340759277344
79.86456298828125
78.36181640625
80.82911682128906
79.03022003173828
80.6445541381836
79.63483428955078
79.0906982421875
79.54642486572266
76.46038055419922
77.16667175292969
74.5067138671875
72.73814392089844
73.61116790771484
65.77564239501953
71.6988525390625
72.45795440673828
69.72160339355469
75.53349304199219
73.71589660644531
77.20436096191406
77.10137176513672
76.96126556396484
79.6806640625
77.6878433227539
81.32649993896484
79.7509765625
82.43527221679688
82.08335876464844
83.98009490966797
84.9183120727539
84.72671508789062
86.96424865722656
85.66034698486328
87.90431213378906
85.97174072265625
86.9859848022461
85.57894897460938
85.01356506347656
84.70025634765625
82.6799545288086
83.16854858398438
80.5283432006836
81.6834716796875
79.40324401855469
79.50957489013672
78.43159484863281
77.28526306152344
78.02430725097656
76.10438537597656
78.13871002197266
73.9216079711914
77.09944915771484
72.975341796875
77.38436889648438
74.87556457519531
79.0943832397461
78.05838012695312
80.0966567993164
79.80013275146484
79.7958984375
80.28559112548828
79.9593734741211
79.9835205078125
79.22189331054688
79.5258560180664
78.88356018066406
78.87126159667969
78.76066589355469
78.61659240722656
78.49536895751953
78.33683776855469
78.40364837646484
77.69879913330078
77.58162689208984
77.67543029785156
77.12356567382812
77.56095123291016
77.70514678955078
77.8564453125
78.79257202148438
79.04850006103516
80.29936218261719
80.04116821289062
81.10546875
80.91592407226562
81.88849639892578
81.45657348632812
82.0693359375
82.45490264892578
81.99549102783203
82.88288116455078
82.30242156982422
83.21843719482422
82.16619873046875
82.7755355834961
82.13945770263672
81.00849151611328
81.12016296386719
