64.91554260253906
73.72562408447266
77.08596801757812
56.046104431152344
79.9456558227539
78.06073760986328
73.55899047851562
81.33264923095703
72.41988372802734
76.88375854492188
78.35417938232422
51.85545349121094
75.9239501953125
73.80061340332031
65.78102111816406
73.74185943603516
65.53296661376953
67.94746398925781
69.79607391357422
49.69728469848633
68.45660400390625
64.74287414550781
63.87837600708008
69.9356689453125
60.63385009765625
69.14813995361328
71.60981750488281
52.59666442871094
69.55654907226562
68.23828125
60.66647720336914
70.21292114257812
63.06974792480469
65.4385757446289
67.9259033203125
56.07709884643555
68.4176025390625
65.76593780517578
62.3416862487793
69.64707946777344
61.766361236572266
67.63199615478516
70.52342224121094
57.636566162109375
70.95557403564453
68.20342254638672
66.1482925415039
74.38117218017578
64.36881256103516
72.19593811035156
73.8603744506836
52.4155158996582
74.84249877929688
72.27188873291016
69.7265625
76.0608901977539
67.73091125488281
74.01238250732422
76.18988037109375
52.737579345703125
76.87676239013672
74.46521759033203
69.93616485595703
78.06558990478516
69.09420776367188
76.15573120117188
78.19517517089844
56.80889129638672
79.02787017822266
77.36045837402344
72.64965057373047
80.89632415771484
73.1861343383789
78.71101379394531
82.07737731933594
51.26741409301758
82.55619812011719
80.3174057006836
73.97494506835938
81.84090423583984
72.59236145019531
76.49869537353516
78.37175750732422
54.38382339477539
76.53237915039062
74.14772033691406
67.32321166992188
76.31492614746094
69.04032897949219
72.64967346191406
75.43142700195312
57.3387565612793
75.20100402832031
73.26286315917969
66.69734191894531
75.65892791748047
69.20298767089844
72.55139923095703
75.36335754394531
51.766845703125
75.91645812988281
74.74966430664062
67.99188232421875
78.09844207763672
70.90034484863281
75.54197692871094
79.23362731933594
56.10005569458008
79.71736145019531
78.34984588623047
72.39974975585938
82.39469909667969
75.31133270263672
79.11073303222656
81.36898040771484
48.47895050048828
80.0950927734375
77.58782958984375
71.45068359375
80.42325592041016
72.39517211914062
77.59980010986328
80.24089050292969
54.29423141479492
80.7320785522461
78.80998229980469
73.29887390136719
82.29156494140625
75.18721008300781
79.86869049072266
82.86918640136719
48.04203414916992
83.863037109375
82.02566528320312
77.04618072509766
86.36055755615234
78.63693237304688
84.42532348632812
87.41558074951172
47.95943832397461
88.43846130371094
86.5746078491211
82.04589080810547
90.24695587158203
81.86114501953125
87.91060638427734
90.83033752441406
53.45654296875
91.47550964355469
88.39388275146484
82.52996826171875
89.14146423339844
79.5041732788086
83.4114761352539
84.62017822265625
46.6826286315918
82.51773071289062
79.29586029052734
72.62930297851562
81.02513122558594
72.69200897216797
77.50540161132812
79.92074584960938
53.92337417602539
80.6175308227539
79.32703399658203
73.66039276123047
83.72923278808594
76.92750549316406
82.64160919189453
86.12059783935547
55.91815948486328
88.48167419433594
87.02326202392578
82.34490966796875
91.03215789794922
82.79296112060547
87.98944854736328
90.01629638671875
54.04875183105469
89.46773529052734
86.7532730102539
81.21236419677734
89.09346008300781
80.441650390625
85.77069854736328
87.74861145019531
46.76507568359375
87.7550277709961
85.64592742919922
81.1937026977539
89.9842300415039
81.92951965332031
88.11186981201172
90.260498046875
54.68913650512695
90.30704498291016
87.9057388305664
82.65249633789062
91.17562103271484
82.8595199584961
88.35211181640625
90.89834594726562
52.58125305175781
91.42921447753906
89.46122741699219
84.44591522216797
93.10228729248047
85.1175308227539
90.80437469482422
93.61831665039062
46.48090362548828
94.1895980834961
92.11076354980469
86.47819519042969
94.61750030517578
85.8434066772461
90.11482238769531
91.71929931640625
51.725860595703125
89.45991516113281
86.14842224121094
79.09992218017578
86.70903015136719
77.57750701904297
81.52719116210938
82.73504638671875
50.335567474365234
80.71514892578125
77.61820220947266
70.6038589477539
78.83789825439453
70.45974731445312
74.75164031982422
77.38902282714844
51.82988739013672
78.31124114990234
76.86880493164062
71.02406311035156
80.19415283203125
72.64722442626953
77.18744659423828
79.76194763183594
49.4487190246582
80.26014709472656
78.05237579345703
72.32815551757812
80.0391616821289
70.77558898925781
75.49028778076172
77.7074966430664
50.52191925048828
76.63939666748047
73.18861389160156
66.76435852050781
75.1686782836914
66.81751251220703
71.5963134765625
73.49798583984375
47.97554397583008
72.7909164428711
69.40608215332031
65.38321685791016
72.94216918945312
64.75458526611328
71.29434967041016
74.68852996826172
51.08169174194336
77.59085083007812
76.57190704345703
72.55506134033203
80.80659484863281
72.16365814208984
77.98897552490234
79.59627532958984
52.42422103881836
80.03146362304688
77.57400512695312
73.21891784667969
81.2017822265625
72.16397857666016
78.69473266601562
81.03243255615234
53.1900634765625
81.89349365234375
79.2721176147461
74.79399871826172
83.2774429321289
74.72040557861328
80.90106201171875
83.45113372802734
49.7429313659668
84.22893524169922
82.23738861083984
77.50794219970703
86.19853210449219
78.35302734375
84.37895965576172
87.12564086914062
34.07700729370117
87.83235168457031
85.63186645507812
79.91604614257812
88.05377960205078
79.46148681640625
83.60551452636719
85.1467514038086
51.40214538574219
83.41602325439453
80.56802368164062
74.09370422363281
82.35133361816406
74.33291625976562
78.59661865234375
80.56851196289062
51.01435470581055
79.58755493164062
77.77088165283203
71.52955627441406
79.93900299072266
72.35894012451172
77.16617584228516
79.37580108642578
55.424644470214844
79.37300872802734
77.37487030029297
72.66270446777344
81.02811431884766
73.15526580810547
78.77067565917969
81.49606323242188
52.07575225830078
82.83709716796875
81.28407287597656
76.88145446777344
86.19417572021484
79.23169708251953
85.41704559326172
88.70774841308594
54.36812973022461
89.54564666748047
86.39564514160156
80.02478790283203
86.88907623291016
76.72008514404297
80.64766693115234
81.4848861694336
55.361419677734375
78.95348358154297
75.75920104980469
68.74143981933594
77.07170867919922
69.12629699707031
71.89239501953125
73.70845794677734
53.27374267578125
71.98822784423828
68.6322021484375
64.28751373291016
70.74758911132812
60.12901306152344
65.8952865600586
68.49885559082031
42.53541946411133
66.56424713134766
61.6773567199707
58.92947769165039
68.03450012207031
56.897369384765625
63.02731704711914
66.74100494384766
43.69496154785156
66.04235076904297
64.15462493896484
60.135833740234375
68.55521392822266
59.89217758178711
67.81985473632812
69.33670043945312
39.2614860534668
72.01531219482422
69.41242980957031
67.7466812133789
74.68766784667969
67.43990325927734
74.72932434082031
77.61319732666016
38.60847091674805
80.3310775756836
78.59436798095703
74.63168334960938
83.45584106445312
75.57779693603516
80.36637878417969
82.4046630859375
36.20339584350586
81.49382019042969
79.27198028564453
73.77416229248047
82.2596206665039
73.9034423828125
78.63368225097656
81.31417083740234
54.83678436279297
80.74898529052734
78.3253402709961
72.24989318847656
80.77613830566406
72.12852478027344
76.98882293701172
79.35446166992188
45.0460205078125
78.17578887939453
75.73637390136719
69.09383392333984
78.0360336303711
69.58318328857422
74.99879455566406
77.389892578125
41.63762283325195
77.5279312133789
75.42060852050781
70.28523254394531
79.2039794921875
71.85893249511719
76.54204559326172
79.03024291992188
50.08267593383789
78.66781616210938
76.60865020751953
71.00495147705078
79.25115203857422
71.18345642089844
75.6786880493164
78.3596420288086
48.98168182373047
78.05940246582031
75.67417907714844
69.75237274169922
78.27568817138672
70.27508544921875
74.66709899902344
77.04395294189453
46.91890335083008
77.42709350585938
75.9703140258789
69.86780548095703
80.12857055664062
73.28196716308594
78.71099090576172
81.64485168457031
48.203548431396484
82.16779327392578
79.9862060546875
74.48015594482422
83.2331771850586
74.77925109863281
80.00067901611328
83.10577392578125
46.69369125366211
83.40725708007812
81.36808776855469
75.90426635742188
84.81855010986328
77.02291870117188
82.53980255126953
85.10676574707031
49.68394470214844
85.75499725341797
83.98110961914062
79.00333404541016
87.70136260986328
80.0262451171875
86.01762390136719
88.88246154785156
42.94940948486328
89.1856460571289
86.12360382080078
79.97925567626953
87.3014144897461
78.61255645751953
84.39396667480469
87.42761993408203
53.00946044921875
89.19933319091797
87.37223052978516
82.5164794921875
90.75122833251953
82.44129180908203
86.98532104492188
88.76666259765625
44.26420211791992
87.52299499511719
84.68898010253906
79.378173828125
87.5015640258789
79.31251525878906
84.78575897216797
87.11204528808594
49.85438919067383
86.62701416015625
83.92401123046875
78.10283660888672
86.28187561035156
77.63263702392578
82.53001403808594
84.6126708984375
57.07687759399414
83.92876434326172
81.74365234375
75.96665954589844
83.81619262695312
75.50484466552734
80.52555084228516
82.56004333496094
49.33586120605469
81.53983306884766
78.42281341552734
72.12493896484375
79.3523941040039
71.31645202636719
75.86803436279297
79.17766571044922
50.17939376831055
78.91531372070312
77.10986328125
72.12751770019531
80.51466369628906
72.10540771484375
77.04077911376953
79.72669982910156
52.221214294433594
79.49041748046875
77.48233032226562
71.94957733154297
80.04057312011719
72.76631164550781
77.44630432128906
79.87651062011719
51.97235107421875
77.57748413085938
73.83772277832031
65.64291381835938
74.75149536132812
67.56339263916016
71.67855834960938
75.49203491210938
47.9219970703125
75.84496307373047
74.99372100830078
69.31396484375
78.73014831542969
72.08281707763672
77.62142181396484
80.46720123291016
41.040592193603516
80.39146423339844
77.65906524658203
71.57642364501953
78.93910217285156
68.95796203613281
73.16851806640625
74.5964126586914
50.660186767578125
73.39610290527344
70.7885513305664
65.89098358154297
74.5173568725586
67.24956512451172
73.29312896728516
75.55309295654297
48.09208297729492
75.32190704345703
72.53984069824219
67.24056243896484
72.91851806640625
