64.85420989990234
71.25814819335938
74.54376983642578
57.53507995605469
75.55721282958984
74.98233032226562
71.10973358154297
77.9810562133789
68.23131561279297
73.01197052001953
74.56607818603516
47.12649154663086
71.47433471679688
63.94298553466797
62.96703338623047
70.86288452148438
62.875301361083984
65.0171890258789
66.03192138671875
44.801490783691406
66.96613311767578
62.63164138793945
64.0657730102539
67.17328643798828
62.080711364746094
64.85380554199219
67.6432113647461
54.50542068481445
70.43582916259766
67.98606872558594
61.58499526977539
71.90776824951172
59.80630111694336
57.66757583618164
59.64949035644531
45.837406158447266
52.248905181884766
57.37318801879883
50.699729919433594
56.88426971435547
56.84251403808594
60.4404411315918
66.4994888305664
52.86976623535156
64.54643249511719
62.678123474121094
60.89814758300781
69.16427612304688
61.89609909057617
65.67805480957031
67.73982238769531
57.56452941894531
70.13687896728516
68.06415557861328
63.457523345947266
72.27178192138672
64.72698211669922
68.61592102050781
71.24199676513672
53.06145477294922
72.77974700927734
69.86087799072266
64.05326843261719
71.9186019897461
63.550872802734375
70.39501953125
72.02172088623047
53.775909423828125
71.55628204345703
68.64556884765625
65.55976867675781
74.65082550048828
65.42538452148438
70.81818389892578
73.99516296386719
53.73974609375
74.75499725341797
73.13209533691406
69.64495086669922
78.00369262695312
71.1016616821289
76.67139434814453
79.8947525024414
50.036128997802734
83.18732452392578
82.48894500732422
77.43844604492188
87.1754150390625
78.74275207519531
84.12129974365234
85.56597137451172
56.27835464477539
83.81703186035156
81.26628112792969
75.02831268310547
83.05915069580078
74.50364685058594
80.40675354003906
82.15094757080078
57.844112396240234
81.94112396240234
79.3051986694336
73.4642105102539
79.80171203613281
67.16425323486328
72.01329040527344
70.2564926147461
53.75143051147461
61.12335968017578
63.108272552490234
54.73652267456055
68.82859802246094
58.42441177368164
68.65160369873047
72.59407043457031
49.06814956665039
72.12187957763672
71.33119201660156
67.98216247558594
76.12667083740234
67.15995025634766
74.39968872070312
76.54029846191406
50.01650619506836
79.29072570800781
77.60124969482422
74.32452392578125
83.95014190673828
77.34972381591797
84.1480484008789
87.80194854736328
54.143585205078125
89.21417236328125
86.69683074951172
80.87096405029297
89.29560089111328
80.4383544921875
85.8360595703125
87.97062683105469
53.63722229003906
88.05433654785156
85.62973022460938
79.20048522949219
87.01561737060547
77.23785400390625
82.43598937988281
84.74022674560547
53.070560455322266
84.57532501220703
82.43738555908203
77.03138732910156
83.98920440673828
74.54188537597656
77.81585693359375
78.40580749511719
52.526554107666016
72.97837829589844
69.0934829711914
67.21526336669922
71.53331756591797
67.0277328491211
69.83527374267578
74.94136810302734
43.228721618652344
75.73759460449219
74.6594467163086
71.12541198730469
79.41873168945312
71.69568634033203
77.2850112915039
80.31196594238281
46.097354888916016
80.8326187133789
78.56541442871094
74.11503601074219
82.07244110107422
74.21186828613281
79.0016860961914
81.42863464355469
55.318721771240234
82.9537582397461
81.2026596069336
77.04607391357422
86.18839263916016
78.34735870361328
84.78522491455078
87.75228881835938
57.6072883605957
87.57273864746094
85.48731994628906
79.93357849121094
88.23689270019531
79.68292236328125
85.38502502441406
87.59305572509766
48.89906311035156
87.6987075805664
85.6073989868164
80.39336395263672
89.05843353271484
80.94792175292969
86.11192321777344
88.82806396484375
55.14655303955078
89.40663146972656
87.2580795288086
82.34088134765625
91.27415466308594
83.57634735107422
88.921142578125
91.90270233154297
58.685813903808594
93.16647338867188
91.46468353271484
86.65895080566406
95.61095428466797
88.04288482666016
93.3201904296875
95.92607879638672
61.98581314086914
95.17121887207031
92.24188232421875
86.23430633544922
93.62438201904297
84.37466430664062
88.7022476196289
90.21763610839844
57.46377182006836
88.2472915649414
85.01935577392578
79.46562194824219
86.863525390625
77.41215515136719
82.25767517089844
83.72054290771484
56.362056732177734
81.9488296508789
78.34566497802734
71.319091796875
77.72090148925781
67.28097534179688
71.62825012207031
74.11443328857422
57.15059280395508
77.0975570678711
75.70402526855469
69.80087280273438
78.75397491455078
69.32328033447266
75.03888702392578
77.21040344238281
50.15679931640625
75.93366241455078
73.07174682617188
68.81146240234375
76.91242980957031
69.37706756591797
71.89582061767578
75.03766632080078
47.196571350097656
75.73760986328125
73.5943603515625
66.8354721069336
76.21170806884766
68.22860717773438
74.62620544433594
76.86119079589844
42.55437088012695
77.17841339111328
75.16094207763672
70.34484100341797
79.05338287353516
71.75944519042969
76.5716552734375
79.61739349365234
44.54336166381836
80.63394165039062
79.06661224365234
73.30770111083984
82.44163513183594
73.45299530029297
77.54053497314453
79.18321228027344
54.629154205322266
80.51737213134766
78.72325134277344
74.05464935302734
83.07576751708984
74.62993621826172
81.94831848144531
84.42317962646484
55.83784103393555
85.91950988769531
84.45816802978516
79.8457260131836
88.89437103271484
81.38036346435547
87.45245361328125
90.25471496582031
59.58194351196289
90.56903076171875
88.12886810302734
82.08462524414062
90.03267669677734
81.00946044921875
85.74674224853516
87.28955841064453
56.06955337524414
85.90361785888672
83.1487808227539
77.22018432617188
85.02227783203125
76.45234680175781
81.19121551513672
82.89205169677734
51.38057327270508
82.16986846923828
79.54463195800781
72.9557113647461
80.6461410522461
71.0079116821289
75.47893524169922
77.56848907470703
48.95092010498047
77.06285858154297
75.3903579711914
68.91079711914062
78.46368408203125
69.67475128173828
76.52957153320312
78.56597137451172
53.571712493896484
77.71993255615234
74.4582748413086
70.85108947753906
77.64155578613281
68.69377899169922
75.13116455078125
77.76686096191406
47.734134674072266
78.85038757324219
77.44223022460938
73.53160858154297
82.41133880615234
75.20245361328125
81.46819305419922
84.79779052734375
51.09499740600586
85.59561920166016
82.20393371582031
74.9776611328125
82.2760009765625
71.70940399169922
75.2780532836914
76.34822845458984
54.581756591796875
74.32151794433594
71.64470672607422
64.78272247314453
75.05867767333984
68.17533111572266
75.43974304199219
79.45093536376953
48.599361419677734
81.12443542480469
78.95934295654297
74.09978485107422
81.27945709228516
72.4555892944336
76.40315246582031
77.52757263183594
49.595760345458984
76.68767547607422
73.60325622558594
67.38800811767578
75.00901794433594
67.52657318115234
71.22505950927734
73.25035095214844
48.034366607666016
71.38253784179688
69.14122772216797
64.84034729003906
71.57378387451172
60.20220184326172
68.10804748535156
70.39561462402344
31.326526641845703
70.4353256225586
68.4498291015625
66.69453430175781
74.99311065673828
68.00579071044922
74.52787780761719
78.3549575805664
44.65437316894531
79.70537567138672
76.76885986328125
70.08712768554688
76.90806579589844
67.77143859863281
72.74810791015625
73.94418334960938
49.049583435058594
73.90349578857422
70.79621124267578
67.54207611083984
76.31500244140625
69.74469757080078
75.06759643554688
79.10567474365234
43.73849105834961
80.9487075805664
79.75804901123047
74.61785125732422
83.29582977294922
75.6322021484375
80.06343841552734
82.10295867919922
49.69721603393555
81.61322021484375
79.26527404785156
73.4157943725586
81.78739166259766
73.04605865478516
78.77560424804688
80.85735321044922
43.98724365234375
80.67461395263672
78.75172424316406
73.01385498046875
81.26202392578125
72.01917266845703
78.55303955078125
80.95880889892578
55.6416130065918
80.49443817138672
78.49597930908203
73.45545196533203
81.68173217773438
73.82910919189453
78.82554626464844
80.95946502685547
51.99469757080078
81.69415283203125
79.7707290649414
73.76554870605469
82.5703125
74.73030853271484
80.2386245727539
82.69131469726562
54.68911361694336
82.98377227783203
80.76718139648438
75.87960815429688
84.58802032470703
76.343994140625
82.43798828125
85.17332458496094
54.25287628173828
85.48674011230469
83.69479370117188
79.03853607177734
87.7802734375
79.78094482421875
85.3475341796875
88.08284759521484
51.83020782470703
88.98977661132812
87.04367065429688
81.7298355102539
90.76509857177734
82.85249328613281
88.77452850341797
91.73543548583984
50.657012939453125
93.08008575439453
91.22602844238281
85.9737319946289
94.23626708984375
85.42462921142578
90.57392120361328
92.09009552001953
56.81911849975586
90.45651245117188
87.3654556274414
80.9615478515625
88.72897338867188
79.38684844970703
84.24394989013672
85.8282699584961
48.42649841308594
84.3962631225586
81.1032485961914
75.9905014038086
83.31177520751953
74.76469421386719
77.72449493408203
79.65978240966797
53.89419174194336
78.31710052490234
75.6915512084961
70.4996566772461
80.40483856201172
74.80750274658203
83.2679214477539
87.73358917236328
54.32609176635742
89.7229232788086
87.49006652832031
81.7339096069336
89.3860092163086
80.2564926147461
84.48023223876953
86.01023864746094
44.51752471923828
85.09368133544922
82.55130004882812
77.34271240234375
85.5134506225586
77.33975219726562
81.8202133178711
83.59993743896484
48.14112091064453
82.91331481933594
80.99665069580078
75.356201171875
83.97093963623047
75.84839630126953
81.58045196533203
83.75778198242188
46.663856506347656
84.03390502929688
81.92767333984375
77.26055908203125
85.88501739501953
77.81037139892578
83.56504821777344
86.27449035644531
55.53971862792969
87.12862396240234
85.49810791015625
79.89672088623047
88.74918365478516
80.18177795410156
84.37950134277344
85.33557891845703
42.495208740234375
81.45687103271484
77.4509048461914
70.66166687011719
78.70171356201172
69.1923828125
75.68433380126953
78.54676818847656
50.603111267089844
80.90715789794922
79.61294555664062
75.2629165649414
84.57897186279297
77.09446716308594
83.49877166748047
86.42034912109375
52.58718490600586
86.32732391357422
83.6686782836914
77.13565826416016
85.10044860839844
75.7645034790039
79.55206298828125
80.0450668334961
54.21173858642578
75.71802520751953
70.02385711669922
61.53572463989258
64.39643859863281
