69.9922866821289
75.41239166259766
79.03317260742188
40.02836990356445
80.22327423095703
77.0833511352539
71.07913208007812
77.48565673828125
67.76497650146484
71.0001449584961
70.82330322265625
49.43446731567383
65.72924041748047
63.13810348510742
60.509578704833984
66.29114532470703
62.37794494628906
67.75188446044922
70.39410400390625
34.32197189331055
75.58187866210938
74.8402099609375
71.0963363647461
79.226318359375
69.30165100097656
73.27704620361328
74.2341079711914
46.96861267089844
69.9432144165039
67.62633514404297
61.82100296020508
67.71511840820312
57.37323760986328
60.21445083618164
63.769065856933594
44.703330993652344
61.23588943481445
53.476505279541016
51.179527282714844
55.96670150756836
49.021907806396484
59.334171295166016
59.14216995239258
40.44417953491211
62.66041946411133
60.87678527832031
58.510074615478516
66.0685043334961
59.69892883300781
66.55323791503906
68.17232513427734
39.070648193359375
69.54644012451172
64.95278930664062
62.402706146240234
70.53858947753906
64.1268081665039
68.83964538574219
71.34754180908203
50.88125228881836
71.73184204101562
70.23031616210938
64.67330932617188
73.24421691894531
65.7402572631836
70.08187866210938
72.84996795654297
47.50548553466797
73.68009948730469
71.3544692993164
67.90603637695312
76.23438262939453
68.97743225097656
74.55940246582031
77.96464538574219
50.638877868652344
80.02997589111328
79.40036010742188
75.23895263671875
84.79957580566406
77.91368103027344
83.43543243408203
85.38467407226562
50.70701217651367
83.39818572998047
80.09398651123047
74.45024871826172
81.5350570678711
72.36000061035156
77.7850570678711
79.58887481689453
48.958370208740234
79.08768463134766
76.79866790771484
71.10266876220703
79.64920043945312
70.88935089111328
76.74205017089844
79.1483154296875
49.66292190551758
79.5958251953125
77.44281005859375
72.54387664794922
81.27574157714844
73.0091552734375
78.52503204345703
80.27184295654297
46.842369079589844
78.48712158203125
74.62347412109375
66.00826263427734
70.54255676269531
61.145023345947266
62.960716247558594
67.50323486328125
47.399322509765625
72.07820892333984
71.45943450927734
67.7881851196289
76.00238800048828
68.27977752685547
73.98739624023438
77.02102661132812
48.720069885253906
78.01606750488281
76.24671936035156
71.27117156982422
79.5663833618164
72.05489349365234
77.19342803955078
80.09169006347656
51.921287536621094
81.14932250976562
79.42283630371094
74.9234619140625
83.56111145019531
75.34024047851562
81.9037094116211
84.70477294921875
51.20637512207031
85.99153900146484
84.91011047363281
80.1300277709961
88.7691879272461
80.20820617675781
84.57032775878906
85.8337173461914
47.53022766113281
83.71533966064453
81.01903533935547
75.38711547851562
83.82667541503906
75.51197052001953
81.22589111328125
84.24005889892578
47.55560302734375
85.95712280273438
84.31322479248047
80.249755859375
89.25867462158203
82.22886657714844
88.81216430664062
92.44998168945312
49.92831802368164
94.96998596191406
93.82349395751953
89.50547790527344
98.57210540771484
90.76253509521484
96.51901245117188
98.8857421875
53.408851623535156
98.49437713623047
95.52855682373047
89.34744262695312
96.58851623535156
87.24897003173828
91.75041198730469
93.45367431640625
45.285430908203125
92.89363861083984
90.72525787353516
85.43724822998047
93.90171813964844
85.8641586303711
90.71300506591797
92.52564239501953
49.747596740722656
90.40306091308594
86.6357192993164
79.5300064086914
86.14456939697266
76.07401275634766
79.05199432373047
79.30719757080078
41.774620056152344
74.3509292602539
70.06661224365234
64.19741821289062
72.2907485961914
65.76658630371094
72.3148422241211
75.55426025390625
48.66211700439453
78.46800231933594
77.0608139038086
72.26272583007812
81.60901641845703
74.08644104003906
80.36377716064453
83.51534271240234
43.18617248535156
85.0984115600586
83.6904296875
79.20057678222656
88.44475555419922
81.07665252685547
86.98255920410156
89.98725128173828
53.197021484375
90.7694091796875
88.32959747314453
82.62528228759766
90.09039306640625
80.74312591552734
85.12031555175781
86.59477996826172
39.214481353759766
84.63443756103516
81.58769989013672
75.72020721435547
83.0540542602539
74.32186126708984
78.86521911621094
80.52690887451172
43.86270523071289
79.37555694580078
76.88397979736328
70.56304168701172
78.8808822631836
69.35958862304688
74.73347473144531
77.0150375366211
28.938308715820312
75.95015716552734
73.4537582397461
68.42327880859375
75.58200073242188
67.3901138305664
72.53936004638672
74.31993103027344
48.563167572021484
73.66519165039062
70.94088745117188
66.4551010131836
73.97628784179688
64.65019989013672
69.33951568603516
72.34964752197266
39.285865783691406
71.50625610351562
67.84758758544922
62.22383117675781
71.14073181152344
61.72553253173828
67.41373443603516
68.58148956298828
51.39818572998047
68.9134292602539
66.83650970458984
61.960575103759766
72.36563873291016
65.3494644165039
70.59648132324219
74.35089111328125
48.402339935302734
75.15764617919922
73.97139739990234
69.132568359375
78.27535247802734
70.56392669677734
76.85697937011719
79.90145874023438
48.65769577026367
81.16233825683594
79.20732879638672
74.35102844238281
82.95315551757812
74.85272216796875
80.9333724975586
83.52645874023438
52.66242980957031
84.50863647460938
82.23677825927734
77.31289672851562
86.02848815917969
78.36711120605469
84.3342056274414
87.43719482421875
36.14327621459961
88.96183013916016
87.3575210571289
82.51103973388672
91.009521484375
82.35031127929688
87.55236053466797
89.2940444946289
46.98219299316406
88.07498168945312
84.77719116210938
78.36935424804688
85.60313415527344
76.37409973144531
79.96446990966797
81.76300048828125
37.38534927368164
81.18936920166016
78.73381805419922
73.42113494873047
81.34759521484375
72.4420166015625
78.20641326904297
80.60211944580078
48.54588317871094
80.60687255859375
78.4072494506836
73.1662368774414
81.70234680175781
73.25843048095703
79.16244506835938
81.68724822998047
46.49971389770508
82.12474060058594
80.57516479492188
75.46611022949219
84.48345184326172
76.8457260131836
83.01204681396484
86.22522735595703
47.500389099121094
88.13395690917969
86.63079071044922
81.6920166015625
89.88793182373047
80.7161865234375
84.80773162841797
85.7427978515625
43.330345153808594
83.88584899902344
80.10891723632812
73.94509887695312
80.95603942871094
71.56475067138672
76.02847290039062
77.30256652832031
35.96876907348633
75.26282501220703
72.13812255859375
63.89541244506836
73.08589935302734
63.585845947265625
67.58338928222656
69.82532501220703
50.29512405395508
66.48774719238281
64.27783966064453
57.80046463012695
64.5916976928711
47.56888198852539
62.98628234863281
62.849308013916016
44.14777374267578
67.35891723632812
64.32415008544922
58.584224700927734
69.4684066772461
63.8040885925293
69.24250793457031
72.30294036865234
46.61164474487305
74.30683135986328
72.86298370361328
69.31745910644531
78.65167999267578
71.42090606689453
77.36775970458984
80.83130645751953
48.80931854248047
82.92024993896484
81.71247100830078
77.56864166259766
86.42167663574219
78.53758239746094
84.2352294921875
86.36213684082031
42.212364196777344
85.61894226074219
82.81379699707031
76.5632095336914
84.67505645751953
76.15589904785156
80.79293823242188
82.65201568603516
49.898658752441406
82.05350494384766
79.29594421386719
73.48292541503906
81.8921890258789
73.70536804199219
77.9738540649414
80.42353057861328
40.296329498291016
79.86600494384766
77.32190704345703
71.8465347290039
80.16722106933594
71.67166900634766
76.95928192138672
79.21686553955078
41.954524993896484
78.82707977294922
76.22393035888672
70.90983581542969
79.00933074951172
70.69458770751953
76.1364517211914
78.51866912841797
50.36285400390625
78.16839599609375
75.87185668945312
71.134521484375
78.73294830322266
70.37379455566406
75.09307861328125
77.06388092041016
40.47148132324219
77.50170135498047
76.00452423095703
72.0722427368164
81.51957702636719
74.12586975097656
80.31779479980469
82.96270751953125
39.70163345336914
83.34967803955078
80.97643280029297
75.88522338867188
84.1053237915039
76.0241928100586
81.49652862548828
84.00865936279297
48.36026382446289
84.51634979248047
82.14851379394531
76.84130859375
85.17115783691406
76.25127410888672
80.98883056640625
82.84046936035156
47.069549560546875
83.01319885253906
80.98668670654297
76.15164184570312
85.04190063476562
77.18384552001953
82.89454650878906
85.79792022705078
47.981746673583984
87.0605239868164
85.30660247802734
80.85868835449219
89.64225769042969
81.95964050292969
87.99773406982422
90.86367797851562
42.224212646484375
91.5206069946289
89.26412963867188
83.98934936523438
92.08284759521484
83.38594055175781
88.2712631225586
90.06259155273438
37.46027374267578
88.93431854248047
85.99784851074219
79.95990753173828
87.75233459472656
78.84213256835938
83.70063781738281
85.65678405761719
52.83951950073242
84.70289611816406
82.05522155761719
76.58358001708984
84.92781066894531
76.94367218017578
82.56758117675781
85.125732421875
48.43160629272461
85.61182403564453
83.40744018554688
77.97688293457031
86.63197326660156
78.40584564208984
83.83600616455078
86.27149963378906
42.1153564453125
85.23567962646484
82.07398223876953
75.10384368896484
81.89566040039062
72.00907135009766
75.30292510986328
77.0947036743164
44.17911148071289
76.03227233886719
73.71153259277344
68.34073638916016
77.67604064941406
69.07662963867188
74.79605102539062
76.1682357788086
49.44818115234375
72.74960327148438
68.7098617553711
61.84056854248047
68.14031219482422
58.7060661315918
61.473453521728516
64.76519775390625
45.886817932128906
70.05651092529297
69.59256744384766
67.06196594238281
77.38628387451172
71.42009735107422
77.97319793701172
81.12660217285156
46.23505783081055
81.6308822631836
79.09135437011719
73.2458724975586
81.30267333984375
72.2560043334961
77.37716674804688
78.9974594116211
27.89674186706543
76.66448974609375
71.9715805053711
65.67655181884766
73.00477600097656
65.20931243896484
69.9690933227539
72.29767608642578
50.86177444458008
72.92851257324219
69.9984359741211
65.11290740966797
73.24305725097656
65.41841125488281
69.91635131835938
72.10432434082031
45.36385726928711
71.37570190429688
69.2223892211914
63.899925231933594
71.78352355957031
63.608726501464844
68.68878936767578
71.54011535644531
53.194000244140625
72.7057876586914
71.16918182373047
66.00853729248047
74.32952880859375
