65.90750885009766
68.73275756835938
69.68321228027344
72.1909408569336
71.20513153076172
74.15348815917969
74.09793090820312
73.63429260253906
71.04212951660156
72.30027770996094
68.88666534423828
69.7659912109375
65.13433837890625
65.71636199951172
55.7408447265625
59.09451675415039
54.80732727050781
51.012962341308594
55.20077133178711
57.644447326660156
58.185543060302734
63.64387893676758
65.45545196533203
62.62983703613281
61.44194793701172
63.45219802856445
57.756370544433594
59.53042984008789
50.88302993774414
59.245758056640625
37.29438400268555
56.46282196044922
41.79551696777344
52.44321823120117
54.67311477661133
54.17208480834961
57.46435546875
59.768558502197266
56.29861831665039
55.99638748168945
55.334251403808594
54.54850387573242
61.826053619384766
58.385406494140625
61.93721389770508
63.22545623779297
62.48322296142578
58.8342399597168
64.79356384277344
64.07709503173828
64.90796661376953
65.72795104980469
65.86888122558594
66.10554504394531
66.59163665771484
66.1910171508789
67.9442367553711
67.77122497558594
68.3333511352539
68.44010162353516
69.20482635498047
68.44001770019531
69.10043334960938
68.78655242919922
71.04605102539062
69.95246124267578
71.12285614013672
72.03334045410156
73.26105499267578
73.30975341796875
74.33642578125
75.59405517578125
75.82550811767578
77.4002456665039
78.27659606933594
80.12954711914062
80.89636993408203
82.41832733154297
81.79271697998047
82.12640380859375
79.67633819580078
79.32510375976562
76.99797821044922
77.08271789550781
74.55481719970703
75.89939880371094
73.20925903320312
73.84013366699219
72.94866943359375
73.32939910888672
71.11054229736328
72.19669342041016
70.79942321777344
71.56121063232422
71.20762634277344
71.20425415039062
69.9045181274414
71.53146362304688
71.38728332519531
70.70938873291016
70.59740447998047
71.9981918334961
70.7603759765625
71.85359954833984
71.64723205566406
71.6747817993164
72.87374114990234
73.0765151977539
73.3153076171875
73.73499298095703
74.18482208251953
73.95469665527344
73.8865966796875
75.09352111816406
74.70105743408203
75.18893432617188
75.19197082519531
75.38735961914062
74.97496032714844
75.04317474365234
74.85407257080078
74.65221405029297
73.28343963623047
73.15650939941406
71.97021484375
71.88660430908203
72.76951599121094
74.64250946044922
74.94853210449219
77.05895233154297
76.72386169433594
78.41287994384766
78.70560455322266
80.1607894897461
79.89024353027344
80.85401153564453
81.09790802001953
82.52630615234375
83.13430786132812
84.27053833007812
84.90521240234375
85.92745208740234
86.39530944824219
87.25273132324219
87.71690368652344
88.05596160888672
88.01142120361328
87.43067932128906
87.06781005859375
85.71778869628906
85.63636016845703
84.11170196533203
84.40768432617188
82.69276428222656
83.21728515625
82.18678283691406
82.76408386230469
81.67127990722656
82.57096099853516
82.06597900390625
82.88365173339844
82.53319549560547
83.35372161865234
83.31073760986328
84.24443054199219
84.58549499511719
85.59285736083984
86.36063385009766
87.46282958984375
88.22062683105469
89.14581298828125
90.00626373291016
90.64642333984375
91.08839416503906
91.20268249511719
91.32047271728516
90.92289733886719
90.80117797851562
90.39196014404297
90.2308578491211
89.74376678466797
89.72425079345703
89.38923645019531
89.36321258544922
89.14328002929688
89.35311126708984
89.09378051757812
89.35343170166016
89.24480438232422
89.50031280517578
89.38601684570312
89.58021545410156
89.1424560546875
89.15101623535156
88.61553192138672
88.45606994628906
87.81590270996094
87.80203247070312
87.55023956298828
87.58138275146484
87.5567626953125
87.85420227050781
87.91464233398438
88.3606185913086
88.26792907714844
88.96493530273438
89.0514144897461
89.68859100341797
89.89449310302734
90.61517333984375
90.93185424804688
91.7737808227539
92.14952850341797
92.74919128417969
93.0579833984375
93.49114227294922
93.38309478759766
93.29747009277344
92.89257049560547
92.29762268066406
91.4531478881836
90.58175659179688
89.64566802978516
88.5811767578125
87.53591918945312
86.58880615234375
85.90140533447266
85.02945709228516
84.34178924560547
83.30563354492188
83.02156829833984
82.00849151611328
81.3343276977539
81.1478042602539
80.40174865722656
79.76073455810547
79.39684295654297
78.69739532470703
78.39676666259766
77.38563537597656
76.92622375488281
76.02825164794922
75.13371276855469
74.79778289794922
73.95484161376953
74.12381744384766
73.81859588623047
73.42388153076172
73.09070587158203
72.78914642333984
72.49507904052734
71.69669342041016
71.72574615478516
69.93264770507812
71.32696533203125
70.35614013671875
70.46659088134766
69.91849517822266
69.27397155761719
68.84024047851562
70.14678192138672
69.45539093017578
68.90914154052734
69.32615661621094
68.44242858886719
67.50564575195312
69.03620147705078
68.88275909423828
68.51203918457031
70.31795501708984
70.22179412841797
72.49018096923828
73.16595458984375
73.88042449951172
73.32656860351562
74.9606704711914
74.7070083618164
76.21841430664062
75.8904037475586
77.08360290527344
77.1009521484375
77.9631118774414
77.79280853271484
77.93513488769531
77.94124603271484
78.39623260498047
78.27558898925781
78.8216552734375
78.82727813720703
79.10895538330078
79.85466003417969
80.04742431640625
80.43989562988281
81.10012817382812
81.6667251586914
81.91290283203125
82.63321685791016
82.649658203125
83.39714050292969
83.28176879882812
83.68626403808594
83.45713806152344
83.47953796386719
83.07434844970703
82.7221908569336
82.17511749267578
81.41268920898438
81.1195068359375
80.30796813964844
80.18242645263672
79.27530670166016
78.958251953125
77.83404541015625
78.122314453125
76.9174575805664
77.63267517089844
76.21461486816406
76.18812561035156
74.51825714111328
75.08708190917969
72.79283905029297
70.7138442993164
66.60122680664062
65.96646118164062
64.06405639648438
62.41460418701172
63.4278564453125
64.22576904296875
64.05574035644531
62.79810333251953
63.88141632080078
62.41715621948242
66.3086166381836
64.1863021850586
66.13208770751953
64.104248046875
65.96027374267578
64.41812133789062
63.75379943847656
65.27372741699219
67.14824676513672
67.63855743408203
66.23412322998047
67.69280242919922
68.41685485839844
67.81771850585938
69.95836639404297
69.57438659667969
71.11448669433594
70.34601593017578
73.28158569335938
72.55244445800781
73.48663330078125
73.25865936279297
75.1334228515625
74.38267517089844
75.10879516601562
73.89933013916016
72.40188598632812
71.57660675048828
70.54792022705078
69.0706787109375
67.8887710571289
68.29202270507812
67.37218475341797
65.60987854003906
66.85527038574219
66.4266357421875
65.43504333496094
67.77011108398438
67.64295196533203
69.36392211914062
68.7499771118164
70.56951904296875
70.43219757080078
71.45044708251953
71.41218566894531
72.7165298461914
73.47071075439453
74.62786865234375
74.73250579833984
75.8691177368164
76.14533233642578
77.3198471069336
77.37830352783203
78.20130157470703
77.40071868896484
77.56493377685547
77.24992370605469
77.4598159790039
77.11849212646484
78.53705596923828
78.03965759277344
77.88729095458984
77.31109619140625
76.74564361572266
76.0587387084961
75.57693481445312
74.38265991210938
73.37971496582031
72.11122131347656
72.20995330810547
71.13858032226562
72.92180633544922
73.25084686279297
74.69597625732422
75.19010162353516
75.39561462402344
75.20389556884766
75.01813507080078
75.3995361328125
75.037841796875
75.85369873046875
76.28269958496094
76.75906372070312
76.69855499267578
77.27763366699219
77.31385803222656
77.03892517089844
77.13524627685547
76.9638671875
76.915283203125
76.67648315429688
76.62471771240234
76.47348022460938
76.61516571044922
76.4770736694336
76.64290618896484
76.6903305053711
77.26744842529297
77.0085678100586
76.99961853027344
77.26715087890625
77.29960632324219
76.97698974609375
75.70874786376953
75.49609375
74.85432434082031
74.29281616210938
75.56499481201172
75.25920867919922
75.88043975830078
75.64080047607422
76.08146667480469
75.75411224365234
74.42280578613281
75.00727081298828
73.90013885498047
74.26493072509766
74.34037017822266
74.05548095703125
73.78166198730469
74.62116241455078
74.5023422241211
75.26604461669922
75.64102935791016
76.48928833007812
76.75816345214844
77.4577865600586
78.02713012695312
79.29448699951172
79.38713073730469
80.91812133789062
81.16327667236328
82.18242645263672
82.06891632080078
82.67741394042969
81.29134368896484
80.5929183959961
78.6526870727539
78.37733459472656
77.83328247070312
78.27050018310547
77.79393005371094
78.22692108154297
78.17337799072266
78.01901245117188
78.05294036865234
77.69558715820312
77.50530242919922
77.61442565917969
77.75202941894531
78.58644104003906
78.76927947998047
78.77397918701172
79.60124206542969
79.9620590209961
79.89202880859375
80.17603302001953
79.73484802246094
79.24903869628906
78.63631439208984
77.42574310302734
77.65695190429688
76.2785415649414
76.01746368408203
74.77578735351562
74.68634033203125
73.68000793457031
73.38367462158203
72.3260269165039
70.74166870117188
71.30086517333984
68.9869155883789
69.57020568847656
67.31444549560547
65.87486267089844
64.03284454345703
62.58481979370117
62.041385650634766
62.20219802856445
65.23955535888672
66.3490219116211
69.05614471435547
70.32572937011719
74.3249740600586
75.9543685913086
78.09236907958984
79.55439758300781
81.32353210449219
81.87728881835938
82.48091125488281
82.70622253417969
82.43812561035156
82.17423248291016
81.44232177734375
80.97310638427734
80.5018539428711
79.92931365966797
79.15857696533203
79.2659683227539
78.421630859375
78.99424743652344
78.53314208984375
78.80602264404297
78.6339340209961
78.84395599365234
78.28105926513672
78.13650512695312
77.89332580566406
78.079345703125
77.6800308227539
77.55255889892578
77.27063751220703
77.83732604980469
78.05278778076172
78.53302764892578
78.6939468383789
78.35980987548828
78.31185913085938
78.13375091552734
77.44701385498047
77.44320678710938
77.42797088623047
77.79961395263672
77.80504608154297
78.38794708251953
78.63711547851562
78.91097259521484
79.40262603759766
79.99655151367188
80.40658569335938
80.78640747070312
81.18958282470703
81.878173828125
82.19864654541016
82.51910400390625
82.95315551757812
82.8590316772461
82.71436309814453
82.67801666259766
82.2589111328125
81.50106048583984
80.79608154296875
80.06401062011719
79.00654602050781
