64.24304962158203
71.38719177246094
73.78168487548828
58.01618194580078
76.26547241210938
75.6391372680664
69.7654037475586
79.24205780029297
70.38027954101562
76.1690444946289
75.92804718017578
62.27309799194336
73.7722396850586
69.12081909179688
63.38980484008789
68.91773223876953
60.471771240234375
61.81413650512695
61.92953109741211
50.86983871459961
65.66387176513672
66.89836883544922
57.540924072265625
73.07894134521484
68.81652069091797
72.78645324707031
74.8472900390625
61.186885833740234
74.90986633300781
69.14430236816406
66.99142456054688
72.27228546142578
62.51787567138672
65.09526062011719
68.53076934814453
53.65657043457031
63.817352294921875
60.85362243652344
52.536502838134766
58.8156623840332
47.02050018310547
59.475223541259766
55.893733978271484
49.52731704711914
59.565067291259766
56.407867431640625
55.22538375854492
61.71339416503906
57.87278747558594
61.32457733154297
63.72579574584961
34.43863296508789
63.9716796875
60.27827453613281
58.102691650390625
67.41690826416016
58.93328857421875
65.33631134033203
67.64234924316406
46.88113021850586
67.06683349609375
65.91565704345703
59.66681671142578
69.3856201171875
62.08154296875
68.25050354003906
70.31108856201172
51.661468505859375
71.53270721435547
69.56318664550781
63.062164306640625
72.97480010986328
65.97471618652344
70.83221435546875
74.12914276123047
55.555641174316406
77.49998474121094
75.89471435546875
72.36845397949219
81.99925994873047
75.85315704345703
81.1433334350586
84.4483871459961
62.80317687988281
84.64075469970703
80.7078628540039
76.62336730957031
82.98823547363281
74.18115997314453
77.76140594482422
79.81452178955078
52.276763916015625
78.11018371582031
75.38168334960938
70.85852813720703
78.32486724853516
69.13477325439453
75.92535400390625
78.0423812866211
52.47719192504883
77.60789489746094
75.87969970703125
69.80819702148438
78.55120849609375
70.3737564086914
76.5635757446289
78.76069641113281
43.369144439697266
78.99666595458984
76.87767028808594
71.16381072998047
79.37030029296875
71.14491271972656
73.93436431884766
74.70541381835938
43.97633361816406
69.51787567138672
63.401126861572266
57.9090690612793
68.52617645263672
62.51264572143555
70.58805847167969
73.08685302734375
31.02513885498047
74.5218734741211
72.84418487548828
67.06058502197266
76.6667709350586
68.74726867675781
75.54348754882812
79.3013916015625
45.1785774230957
82.45426177978516
81.22819519042969
77.77014923095703
86.87664794921875
79.83895111083984
85.55596160888672
88.97148132324219
60.17930221557617
89.90043640136719
87.83499908447266
83.22725677490234
90.20616149902344
79.8155288696289
85.89122009277344
87.00556945800781
64.6614761352539
84.91912841796875
82.11609649658203
73.35993957519531
82.1885986328125
73.69567108154297
77.19048309326172
78.36622619628906
57.22957229614258
78.11885833740234
74.7889404296875
71.92698669433594
78.12432098388672
69.7794418334961
74.11165618896484
76.70616149902344
56.31880187988281
75.26611328125
73.3145523071289
69.26651763916016
77.35193634033203
66.99739837646484
77.02783966064453
80.19618225097656
61.850799560546875
82.61744689941406
81.87640380859375
75.73455047607422
85.877685546875
78.22102355957031
83.23242950439453
85.17967224121094
59.661102294921875
84.70870971679688
81.75045013427734
76.20189666748047
84.68445587158203
76.80773162841797
81.7600326538086
84.36406707763672
46.97439193725586
84.64644622802734
82.43988800048828
77.05382537841797
85.33273315429688
76.54743194580078
81.99871826171875
84.25106811523438
47.17588806152344
84.11093139648438
81.72949981689453
76.47042846679688
84.59773254394531
76.3246841430664
81.5101318359375
83.90705108642578
42.72951889038086
83.93145751953125
81.78267669677734
76.56851196289062
84.83546447753906
76.50228118896484
81.98243713378906
84.45154571533203
47.4514274597168
84.49177551269531
82.4455337524414
77.35444641113281
85.8674087524414
77.38743591308594
83.33001708984375
85.92913055419922
51.529720306396484
86.32270050048828
84.48509979248047
79.46812438964844
88.38126373291016
80.26373291015625
86.54781341552734
89.3277587890625
51.332427978515625
90.51863861083984
88.75778198242188
83.49571990966797
92.22669219970703
83.8715591430664
89.21966552734375
91.20832824707031
53.08403396606445
90.0267105102539
86.85629272460938
80.25467681884766
88.01870727539062
79.27608489990234
82.8535385131836
84.59342193603516
53.436676025390625
83.52971649169922
80.5380630493164
75.19009399414062
83.17681884765625
75.55854797363281
79.46117401123047
81.61161804199219
47.60956573486328
80.35415649414062
77.55717468261719
72.24838256835938
79.9932861328125
70.78297424316406
76.78817749023438
78.48408508300781
44.100624084472656
77.10906219482422
74.89105224609375
68.83811950683594
76.82461547851562
68.23771667480469
75.24276733398438
77.83806610107422
48.02948760986328
79.39661407470703
77.68811798095703
72.48857879638672
81.38829040527344
73.44561767578125
78.58184814453125
80.97140502929688
46.687721252441406
81.3431625366211
79.00515747070312
74.4061050415039
82.57731628417969
74.68170928955078
79.60205078125
82.4530029296875
37.28886032104492
83.1026382446289
81.08123779296875
77.24372863769531
85.67035675048828
77.5198745727539
84.1863021850586
86.90138244628906
59.01774597167969
87.74964904785156
86.06072235107422
80.23090362548828
88.9133071899414
80.03917694091797
85.33364868164062
86.54908752441406
59.291160583496094
84.66999053955078
81.12047576904297
74.64783477783203
82.83275604248047
75.01940155029297
78.9330825805664
81.43383026123047
46.809593200683594
80.70325469970703
77.65679168701172
72.61184692382812
80.0691146850586
71.03711700439453
75.43614959716797
77.20439910888672
44.26993942260742
75.99276733398438
73.19468688964844
67.99874877929688
75.39241790771484
67.46102905273438
71.64408111572266
73.48771667480469
46.66443634033203
72.93026733398438
69.27163696289062
62.637794494628906
71.57247161865234
64.3155288696289
67.57020568847656
70.99015045166016
43.414634704589844
70.67227172851562
68.3677978515625
60.84590148925781
71.42593383789062
63.23906707763672
68.17387390136719
69.94741821289062
44.05109405517578
70.12639617919922
68.65066528320312
63.12004852294922
71.26213073730469
62.37636947631836
68.65242004394531
70.76325988769531
47.856903076171875
71.58821868896484
68.6279525756836
62.87637710571289
71.9031753540039
65.27734375
70.03519439697266
72.93953704833984
51.212886810302734
73.44425964355469
70.74760437011719
66.42050170898438
75.25007629394531
68.24549102783203
72.80868530273438
76.23273468017578
46.09090805053711
76.90719604492188
75.0920181274414
71.61487579345703
80.08413696289062
72.01188659667969
79.50037384033203
82.66925048828125
61.640811920166016
84.41458892822266
83.5342788696289
77.54837799072266
87.3832778930664
78.9390869140625
84.24706268310547
85.33875274658203
61.01142120361328
83.97161102294922
80.98493194580078
72.96907806396484
81.94219207763672
74.46161651611328
77.77470397949219
80.252197265625
57.32164764404297
80.27729034423828
76.71471405029297
72.31922149658203
79.46077728271484
70.94286346435547
74.5586166381836
77.22937774658203
57.8859748840332
75.33118438720703
72.7056655883789
68.52101135253906
75.40211486816406
65.00482177734375
72.59635162353516
74.9686279296875
57.362064361572266
75.50525665283203
74.49012756347656
68.40591430664062
77.3499755859375
68.91542053222656
74.87945556640625
76.73741149902344
51.0325927734375
76.64005279541016
73.15282440185547
67.15219116210938
75.22883605957031
67.44734191894531
71.92225646972656
74.7751693725586
44.0490837097168
75.9735336303711
73.43936920166016
69.6214828491211
77.41710662841797
68.5863037109375
74.10050964355469
76.3926010131836
48.28635787963867
75.59566497802734
73.41119384765625
68.53572845458984
76.50178527832031
67.47356414794922
74.34358978271484
76.3964614868164
48.69977951049805
76.23025512695312
74.24645233154297
67.28702545166016
76.88714599609375
69.53897857666016
73.68572235107422
76.82157897949219
50.73122024536133
77.74221801757812
74.8587875366211
70.42186737060547
78.58061981201172
70.71321105957031
75.19692993164062
77.98004150390625
52.34364318847656
78.20645904541016
75.80982971191406
71.56013488769531
80.23177337646484
71.85201263427734
77.6421127319336
80.3381576538086
41.448795318603516
80.73824310302734
78.80657958984375
73.4229736328125
82.5514907836914
74.37812805175781
80.61608123779297
83.26206970214844
55.375675201416016
84.271728515625
82.41765594482422
77.00862884521484
85.63445281982422
77.54610443115234
82.46390533447266
84.25096130371094
40.70481491088867
83.14360809326172
80.13385009765625
74.45028686523438
82.43231964111328
73.1147232055664
79.52737426757812
81.90135955810547
55.13226318359375
82.91719055175781
81.36439514160156
75.54297637939453
84.87647247314453
76.92998504638672
82.2178955078125
84.17838287353516
53.20316696166992
83.61371612548828
80.39205932617188
74.59453582763672
82.3907470703125
73.81487274169922
77.54879760742188
79.61918640136719
46.37655258178711
78.03199005126953
75.2754135131836
69.7774887084961
77.31140899658203
67.70674896240234
73.52733612060547
75.25579071044922
45.55598068237305
73.17819213867188
70.51863098144531
61.6528434753418
69.31449890136719
55.33544158935547
66.443115234375
68.9328842163086
56.04225158691406
74.51197052001953
75.12994384765625
69.15274810791016
80.07485961914062
72.30279541015625
78.422607421875
80.36116790771484
54.556602478027344
80.5616226196289
77.68170928955078
71.91366577148438
79.92172241210938
72.04727172851562
75.32999420166016
77.50675201416016
50.47916793823242
76.154296875
73.08365631103516
69.05482482910156
76.11048889160156
66.43498992919922
73.50459289550781
76.77594757080078
56.722774505615234
78.12892150878906
76.91139221191406
72.13890838623047
80.4469985961914
71.61469268798828
77.8770751953125
79.80171966552734
54.08610153198242
79.62271881103516
77.2783203125
70.47889709472656
79.42186737060547
71.3582763671875
75.51557922363281
77.86308288574219
54.265663146972656
77.98633575439453
74.92816162109375
70.90386962890625
78.28678131103516
70.85172271728516
75.54046630859375
77.93559265136719
51.3428840637207
78.58464813232422
76.48037719726562
72.37699890136719
80.8152847290039
72.7391128540039
78.41505432128906
81.34455871582031
57.134307861328125
81.21046447753906
79.20228576660156
72.52567291259766
80.7607421875
