69.31103515625
75.87364196777344
79.35221862792969
48.32206726074219
81.59636688232422
80.24006652832031
75.83085632324219
83.83812713623047
74.5941390991211
79.52076721191406
80.55380249023438
52.453853607177734
77.74131774902344
74.42253875732422
69.0123062133789
74.58075714111328
66.31254577636719
70.86536407470703
71.0278549194336
52.097660064697266
71.14511108398438
64.80955505371094
60.82805252075195
70.67549896240234
63.754486083984375
70.8578109741211
74.49300384521484
50.94179153442383
77.1507339477539
73.09266662597656
67.53182220458984
73.52042388916016
61.57533264160156
68.06169128417969
69.50325775146484
46.409000396728516
66.66497802734375
64.88402557373047
58.05466079711914
66.43364715576172
57.70201110839844
63.38246536254883
66.97174072265625
37.786285400390625
67.64807891845703
64.46440887451172
63.1771125793457
70.68646240234375
62.42729568481445
69.39881134033203
71.77742004394531
51.16518020629883
72.04690551757812
69.71235656738281
65.50537109375
73.95736694335938
67.00352478027344
71.59232330322266
74.63421630859375
49.22136688232422
75.36421203613281
73.26719665527344
68.44913482666016
76.96688079833984
68.98868560791016
74.89342498779297
77.72390747070312
46.45585250854492
78.99639129638672
77.64273071289062
73.41864013671875
82.44976806640625
74.40869140625
81.38322448730469
84.11831665039062
58.561981201171875
84.99807739257812
81.82952880859375
75.59050750732422
82.68179321289062
73.8437728881836
77.8038558959961
78.96197509765625
54.68274688720703
77.55293273925781
74.56889343261719
70.0653076171875
77.1939468383789
68.50521087646484
73.80050659179688
76.42135620117188
45.93016052246094
76.1071548461914
73.17223358154297
68.07027435302734
76.47451782226562
67.54488372802734
73.01390838623047
75.60161590576172
51.02399826049805
76.05989074707031
74.058837890625
68.78488159179688
77.56224822998047
69.41230773925781
74.93795013427734
77.75048828125
52.05913543701172
78.07809448242188
76.37905883789062
70.29373931884766
80.36980438232422
72.56415557861328
77.6319808959961
80.2072982788086
49.6191291809082
79.98555755615234
77.20152282714844
71.23977661132812
80.11897277832031
73.38882446289062
79.3346939086914
83.30319213867188
51.44661331176758
84.014404296875
81.64826965332031
74.91323852539062
82.0551986694336
73.28453063964844
75.85406494140625
75.31472778320312
50.48430252075195
73.1055679321289
70.5840835571289
68.40876007080078
76.51280975341797
68.61470794677734
76.37763977050781
79.97077941894531
45.13034439086914
82.50232696533203
81.00748443603516
77.07349395751953
85.15177917480469
76.00543212890625
81.58280181884766
82.96931457519531
58.523921966552734
80.02330780029297
75.58099365234375
69.07804870605469
75.72681427001953
65.03378295898438
71.04291534423828
71.9062271118164
48.45947265625
72.88084411621094
70.5452880859375
65.5133056640625
73.82630920410156
67.48143768310547
72.5469741821289
75.04010009765625
54.8290901184082
76.51262664794922
74.76461029052734
69.88089752197266
78.6617660522461
70.77536010742188
77.28228759765625
80.11153411865234
53.430992126464844
82.2519760131836
80.54714965820312
77.39962005615234
86.6043701171875
79.42062377929688
86.34354400634766
89.54217529296875
59.59075927734375
90.3687515258789
88.10511779785156
81.61759948730469
89.14584350585938
79.20592498779297
81.96414184570312
81.81622314453125
54.27833557128906
79.3122329711914
76.05694580078125
71.64936065673828
79.9993896484375
71.55831146240234
77.81358337402344
80.46226501464844
47.84743881225586
80.70497131347656
78.9572525024414
73.69229125976562
82.4705581665039
74.62581634521484
79.73426055908203
82.35696411132812
47.567508697509766
82.73772430419922
80.56047821044922
75.00035858154297
84.18274688720703
75.67019653320312
81.44656372070312
84.08203125
49.03900909423828
84.73615264892578
82.86093139648438
78.15924835205078
86.59138488769531
78.37551879882812
84.07111358642578
86.80098724365234
57.89946746826172
87.58253479003906
85.89649963378906
81.0088119506836
90.132568359375
83.10640716552734
88.23341369628906
91.65857696533203
69.13554382324219
91.86421966552734
90.20213317871094
82.41788482666016
91.44015502929688
83.13126373291016
86.45977783203125
87.99915313720703
58.8895263671875
85.83851623535156
82.77632141113281
75.89732360839844
84.03218841552734
75.1039047241211
78.9668960571289
81.05863189697266
40.558414459228516
79.59014892578125
76.87200164794922
70.80728912353516
78.83769989013672
69.8294448852539
75.07621765136719
76.61907958984375
48.34287643432617
75.3631362915039
73.11890411376953
65.778076171875
74.37940216064453
66.03684997558594
70.96744537353516
72.41719818115234
51.777679443359375
72.63883972167969
70.4949722290039
65.88123321533203
75.1883773803711
68.53631591796875
77.21324920654297
80.11050415039062
53.42041015625
81.532958984375
78.53401947021484
74.13398742675781
81.14252471923828
72.27849578857422
77.80500793457031
79.96208953857422
47.95223617553711
79.56641387939453
77.36559295654297
71.32801818847656
80.82862854003906
72.44234466552734
78.23931121826172
81.0423355102539
49.750816345214844
81.90071105957031
80.18279266357422
75.33223724365234
84.18939208984375
75.82624816894531
81.57611083984375
84.6218032836914
48.73652648925781
85.58513641357422
83.85013580322266
78.8279800415039
87.65646362304688
79.62733459472656
85.45362091064453
88.19766235351562
49.642337799072266
88.68254852294922
86.54621124267578
80.97186279296875
89.12657165527344
80.53491973876953
85.04833984375
86.85904693603516
54.5502815246582
85.26646423339844
82.62875366210938
76.3297348022461
84.38374328613281
75.4059066772461
80.28374481201172
82.29214477539062
49.907161712646484
81.3662109375
78.90626525878906
73.68094635009766
81.30939483642578
72.43443298339844
77.9802017211914
80.12236785888672
46.20781326293945
80.20260620117188
77.75530242919922
72.43182373046875
81.1209945678711
72.97823333740234
78.33415222167969
81.2682113647461
48.071746826171875
82.47323608398438
80.79882049560547
76.12395477294922
85.2393569946289
77.70599365234375
83.98606872558594
87.41292572021484
56.62477493286133
88.30088806152344
85.63355255126953
78.86029052734375
85.52310180664062
75.48411560058594
78.90293884277344
79.34698486328125
44.71018600463867
76.18328857421875
71.87077331542969
66.35657501220703
71.54496765136719
60.48406982421875
65.50535583496094
66.56460571289062
46.91157913208008
63.01414489746094
55.598270416259766
57.471858978271484
63.458717346191406
57.3526611328125
63.958290100097656
66.67494201660156
48.595741271972656
69.5736083984375
68.28240966796875
62.14344787597656
72.80477905273438
66.06138610839844
71.03128814697266
74.24620819091797
39.694095611572266
75.71644592285156
74.36609649658203
68.9540023803711
76.62301635742188
68.53976440429688
73.15414428710938
74.66551971435547
44.856807708740234
75.7463150024414
74.88334655761719
70.7951889038086
80.43160247802734
73.5573959350586
79.40458679199219
83.13761138916016
51.986793518066406
83.72386169433594
81.77906036376953
76.92203521728516
85.56450653076172
77.67461395263672
83.56880187988281
85.97154235839844
54.12278366088867
85.62154388427734
83.04598999023438
77.08233642578125
84.92437744140625
76.69036865234375
80.81423950195312
82.6712417602539
47.465389251708984
82.08781433105469
79.7962875366211
73.97377014160156
82.57029724121094
74.35202026367188
79.42581176757812
81.60697937011719
43.85265350341797
81.43588256835938
78.71766662597656
73.86203002929688
81.81692504882812
73.37568664550781
78.99927520751953
81.04290008544922
47.299522399902344
80.86817932128906
77.92762756347656
73.20809173583984
81.48839569091797
73.2226333618164
78.90834045410156
81.42721557617188
51.23979949951172
81.9702377319336
79.8133316040039
75.18437957763672
83.43589782714844
75.20221710205078
80.90062713623047
83.38591003417969
47.22418975830078
83.50586700439453
80.87001037597656
75.72278594970703
82.6619873046875
72.61727905273438
77.75006866455078
79.34236145019531
45.042301177978516
78.46749877929688
76.21066284179688
71.83351135253906
80.25767517089844
72.49822235107422
78.25408935546875
81.4883041381836
53.603153228759766
82.56636810302734
80.8456802368164
75.2739028930664
85.09371185302734
79.19166564941406
81.1207504272461
84.22206115722656
65.28828430175781
80.61249542236328
76.54071044921875
72.13275909423828
79.4234848022461
69.98098754882812
77.99162292480469
81.03319549560547
50.150333404541016
82.41777801513672
80.54911804199219
75.65546417236328
83.50667572021484
74.12538146972656
79.5614013671875
81.09491729736328
50.785888671875
79.31414031982422
75.715576171875
70.81169128417969
78.35281372070312
69.38257598876953
76.70986938476562
79.54659271240234
57.7728271484375
81.36275482177734
80.12197875976562
73.63886260986328
82.6359634399414
74.24266052246094
78.03559875488281
79.999267578125
52.600894927978516
78.12821960449219
75.34378814697266
70.83053588867188
79.46951293945312
71.94312286376953
78.98748779296875
83.09190368652344
48.91328811645508
85.84257507324219
84.8932876586914
79.3821792602539
88.89889526367188
81.3084487915039
85.64854431152344
87.87321472167969
48.70859146118164
87.0309829711914
84.26603698730469
78.3589859008789
86.68665313720703
78.30381774902344
83.13054656982422
85.31190490722656
31.220569610595703
85.0374984741211
82.47029876708984
76.48158264160156
84.52854919433594
75.09561157226562
79.71871185302734
81.5142822265625
47.38447570800781
81.84358215332031
79.77074432373047
74.45689392089844
83.05717468261719
74.9515151977539
80.25418853759766
83.06501007080078
48.29961395263672
82.42948150634766
80.23677825927734
73.73453521728516
81.662353515625
73.22423553466797
77.17110443115234
78.73469543457031
51.22035217285156
74.94415283203125
70.42283630371094
60.91945266723633
67.78759002685547
57.07682418823242
59.95106506347656
67.49580383300781
44.01424789428711
73.74253845214844
72.4375228881836
67.34536743164062
77.12065124511719
68.8788070678711
74.14204406738281
77.5526123046875
41.80416488647461
77.95557403564453
75.58055877685547
69.24998474121094
76.82341766357422
67.00362396240234
71.71955871582031
73.28499603271484
45.042396545410156
73.95349884033203
71.7585220336914
67.80289459228516
76.29103088378906
68.2885513305664
72.90328216552734
75.20340728759766
38.17407989501953
73.17962646484375
69.13494873046875
62.179718017578125
70.79588317871094
