70.6732406616211
76.54817199707031
80.01832580566406
54.86701965332031
80.79344940185547
77.72582244873047
70.9001235961914
78.11083221435547
68.27788543701172
72.15483093261719
73.4776611328125
43.439247131347656
70.76966857910156
68.676513671875
55.738365173339844
70.2157974243164
61.74308776855469
63.67656326293945
67.92811584472656
49.84501266479492
66.70587921142578
65.39436340332031
63.331295013427734
71.38267517089844
62.358882904052734
70.65062713623047
74.4910659790039
53.05517578125
74.87439727783203
70.65754699707031
63.20289993286133
69.78490447998047
59.905269622802734
60.79632568359375
60.82929229736328
51.9139518737793
58.491458892822266
56.640647888183594
53.786766052246094
60.35483932495117
50.66117477416992
58.23451614379883
61.42759704589844
46.2293701171875
63.35387420654297
60.75494384765625
61.847381591796875
66.83920288085938
60.011512756347656
66.44550323486328
69.15449523925781
53.795249938964844
69.66824340820312
68.41273498535156
61.921730041503906
72.1596450805664
64.95184326171875
70.57392883300781
72.66529846191406
41.86687088012695
73.80061340332031
72.10142517089844
65.15618896484375
73.88678741455078
66.37033081054688
71.63472747802734
74.80445861816406
54.94125747680664
75.46349334716797
73.5531997680664
69.8893814086914
77.5129165649414
69.72100830078125
75.41040802001953
79.08296966552734
51.36655044555664
80.30448913574219
78.945556640625
75.31461334228516
84.02542114257812
76.88313293457031
83.87954711914062
87.7043228149414
48.799373626708984
89.3401107788086
86.94490051269531
80.89649963378906
88.03121948242188
78.21659088134766
82.87152862548828
84.16743469238281
48.20305252075195
82.80484771728516
80.0650863647461
74.17425537109375
82.13684844970703
73.13911437988281
78.52861785888672
80.80976867675781
42.06888961791992
81.05298614501953
78.9388427734375
74.23949432373047
82.79573059082031
74.65584564208984
80.71741485595703
83.40414428710938
57.97193145751953
85.01139068603516
83.19685363769531
78.86467742919922
87.84590148925781
80.33968353271484
85.44212341308594
87.48578643798828
52.0478515625
85.61972045898438
82.50950622558594
76.03521728515625
84.02837371826172
74.98397064208984
80.09477996826172
82.06717681884766
50.69353485107422
82.629638671875
79.95718383789062
75.48851776123047
83.65675354003906
75.68086242675781
81.7451171875
84.70587921142578
54.29685592651367
85.77946472167969
83.79109191894531
79.62098693847656
88.17560577392578
79.8448257446289
85.20063781738281
87.01909637451172
49.49117660522461
84.69831085205078
81.26029205322266
73.1391830444336
79.31414794921875
66.43132781982422
70.23239135742188
76.02928924560547
45.20000076293945
79.73985290527344
76.1446304321289
67.71119689941406
74.89018249511719
65.42828369140625
68.6826400756836
72.44464874267578
49.466590881347656
71.05931854248047
70.35810852050781
63.59346008300781
74.72389221191406
68.06095123291016
73.46096801757812
76.5492172241211
42.0785026550293
78.95662689208984
77.64945983886719
74.39698791503906
85.10905456542969
79.1784439086914
87.13441467285156
91.42740631103516
49.99697494506836
92.31724548339844
89.54795837402344
83.78256225585938
91.57435607910156
83.0531234741211
88.14561462402344
90.24981689453125
43.2585563659668
89.9717025756836
87.58038330078125
82.51315307617188
90.78743743896484
82.34242248535156
87.85142517089844
90.1671142578125
52.025638580322266
89.80514526367188
87.27948760986328
81.74759674072266
89.21070098876953
80.4446792602539
85.02213287353516
86.95905303955078
58.84744644165039
86.96836853027344
84.63066864013672
79.55491638183594
88.36730194091797
80.09119415283203
85.9539794921875
88.90338134765625
52.444786071777344
89.69364166259766
87.71881866455078
82.92853546142578
91.72660827636719
83.87723541259766
89.43960571289062
91.88616943359375
50.691795349121094
92.0797348022461
89.44215393066406
83.64337921142578
91.60135650634766
82.74667358398438
87.0927963256836
88.94986724853516
51.60109329223633
87.32438659667969
84.22920989990234
78.0767593383789
85.60945129394531
76.3858642578125
80.89509582519531
83.00909423828125
50.934810638427734
81.55879211425781
78.56768798828125
73.12368774414062
80.64067077636719
71.10816192626953
76.5257568359375
78.57225799560547
39.313907623291016
77.35235595703125
74.5840835571289
69.22317504882812
76.1272201538086
65.87935638427734
70.07796478271484
69.50391387939453
47.73598861694336
68.17504119873047
65.63605499267578
62.143001556396484
74.67076110839844
67.91322326660156
73.94092559814453
75.92618560791016
48.36610412597656
74.89275360107422
71.80162048339844
67.061279296875
74.264892578125
64.44369506835938
70.80874633789062
72.65645599365234
52.6837272644043
72.14954376220703
70.30375671386719
65.37648010253906
72.91539001464844
64.48173522949219
69.42964172363281
71.88131713867188
36.954345703125
70.82864379882812
67.95221710205078
64.83448791503906
74.29888153076172
67.33086395263672
74.06269836425781
77.24200439453125
52.7155647277832
78.55384826660156
75.79960632324219
70.88299560546875
78.95458984375
69.60476684570312
75.7170639038086
78.49066162109375
45.85651779174805
80.30320739746094
78.96058654785156
74.44481658935547
83.51969146728516
75.74674987792969
81.92276763916016
84.60636901855469
51.1850471496582
85.72869110107422
84.03514862060547
79.09248352050781
87.7430648803711
79.51736450195312
84.7099609375
86.9123306274414
51.546348571777344
85.50726318359375
82.31684875488281
75.71095275878906
82.88725280761719
73.95043182373047
78.30631256103516
80.28221130371094
50.005191802978516
81.83186340332031
80.4057846069336
75.5927963256836
84.2540054321289
75.81645202636719
81.43404388427734
83.58540344238281
54.59107208251953
83.1604995727539
80.4873275756836
74.82645416259766
83.12248229980469
74.69587707519531
79.77031707763672
82.01284790039062
51.157684326171875
81.843017578125
79.45982360839844
74.31494903564453
82.6529312133789
74.26947021484375
80.07891082763672
82.38290405273438
52.621559143066406
82.75212097167969
80.9791030883789
76.4188232421875
84.73871612548828
76.7680892944336
83.16941833496094
85.84432220458984
54.44515609741211
87.62127685546875
86.34892272949219
82.01131439208984
90.88471221923828
82.8605728149414
87.89218139648438
89.13130950927734
49.25114822387695
86.10269165039062
81.95347595214844
74.9295654296875
81.92881774902344
72.2311019897461
76.11489868164062
77.12831115722656
49.028072357177734
75.66783905029297
71.96859741210938
65.37853240966797
74.28624725341797
66.26062774658203
69.80960083007812
73.23729705810547
44.233394622802734
74.50218200683594
72.36290740966797
68.35596466064453
77.33535766601562
70.17578125
76.44979095458984
79.3671875
43.96205520629883
81.64158630371094
80.205078125
75.34091186523438
84.0129623413086
76.02826690673828
80.87818908691406
83.05236053466797
49.11634826660156
82.06968688964844
78.93217468261719
73.76890563964844
80.94456481933594
72.07152557373047
76.94483184814453
79.0613021850586
49.30190658569336
80.03804779052734
77.37771606445312
73.4404296875
82.09796142578125
74.17852783203125
79.3365249633789
80.97757720947266
44.41745376586914
80.3193130493164
77.99614715576172
72.87380981445312
80.86285400390625
71.76038360595703
77.44556427001953
79.27859497070312
55.51469421386719
78.77383422851562
77.00236511230469
71.90885162353516
81.83731079101562
74.27153015136719
79.78317260742188
82.26868438720703
45.06647872924805
82.37670135498047
79.63115692138672
74.1426010131836
82.59600067138672
74.67716217041016
79.3876953125
81.73199462890625
40.382930755615234
81.34747314453125
78.69084930419922
73.1150131225586
81.19947052001953
73.22496032714844
77.95198059082031
80.63569641113281
49.41275405883789
80.79520416259766
78.93447875976562
72.98380279541016
81.7618408203125
73.80464172363281
78.76592254638672
81.32740020751953
47.10509490966797
81.60337829589844
79.85417175292969
74.0182876586914
83.06689453125
75.72042846679688
80.38903045654297
83.06096649169922
51.48786544799805
83.98469543457031
82.21684265136719
77.19464874267578
86.03852081298828
78.30696868896484
84.21376037597656
87.0403823852539
54.99517822265625
87.07039642333984
83.75277709960938
77.18003845214844
83.37614440917969
72.49484252929688
76.12610626220703
76.18161010742188
49.5061149597168
72.11266326904297
68.808349609375
64.50090026855469
74.70018768310547
66.50769805908203
74.16409301757812
77.3600845336914
46.256221771240234
79.21271514892578
77.2055892944336
73.17076873779297
82.44702911376953
75.23411560058594
81.01493835449219
84.12871551513672
51.051979064941406
85.67951202392578
84.10945892333984
79.62346649169922
88.37767028808594
80.4751205444336
86.3636703491211
88.66796875
48.18357467651367
88.121826171875
85.19573974609375
78.8915786743164
86.72307586669922
77.36663055419922
81.71800231933594
83.17510223388672
50.6679573059082
82.12904357910156
79.33744812011719
74.7376480102539
83.070068359375
75.89669036865234
82.70916748046875
86.34747314453125
51.061397552490234
89.32544708251953
88.31499481201172
83.88350677490234
92.91876983642578
84.95824432373047
90.04142761230469
92.02120971679688
48.39356994628906
91.34297943115234
88.43421936035156
82.64414978027344
90.82624053955078
82.12207794189453
87.2392578125
89.23877716064453
53.768924713134766
88.57540893554688
85.68905639648438
79.56551361083984
86.90838623046875
76.92745208740234
81.18014526367188
82.83447265625
51.030269622802734
81.83702087402344
78.4493408203125
71.84601593017578
78.85911560058594
69.66108703613281
75.49655151367188
78.07980346679688
51.81076431274414
79.31541442871094
77.59954833984375
73.37579345703125
82.07235717773438
74.08706665039062
80.06478118896484
82.71857452392578
48.564327239990234
82.49994659423828
79.66622161865234
72.51335906982422
79.4251937866211
70.3568344116211
72.44577026367188
74.05557250976562
48.331825256347656
74.94434356689453
73.38314056396484
67.52671813964844
75.48800659179688
65.7229995727539
71.26730346679688
73.89705657958984
37.592002868652344
74.49002838134766
72.67162322998047
68.19453430175781
76.26643371582031
68.89490509033203
74.67020416259766
76.012939453125
52.773223876953125
75.01432800292969
72.61161041259766
65.2310562133789
75.2507095336914
67.23175811767578
73.29930114746094
75.28173828125
49.31986618041992
76.43318939208984
73.1801986694336
68.99404907226562
75.67433166503906
