70.68669128417969
77.55072784423828
81.6087646484375
49.32230758666992
84.25199890136719
82.10293579101562
77.27082061767578
84.66608428955078
74.5733413696289
79.8175277709961
80.98338317871094
55.51367950439453
78.76908874511719
74.82672119140625
69.26383972167969
76.0508804321289
64.0859375
69.51110076904297
69.26819610595703
54.72932052612305
68.74058532714844
66.32532501220703
59.30189895629883
70.90422821044922
66.8643798828125
73.6895523071289
77.95272064208984
55.40650939941406
79.1189193725586
75.5044174194336
70.48189544677734
75.09844207763672
65.79055786132812
69.2569808959961
71.14463806152344
51.2435302734375
68.97242736816406
67.68659210205078
59.92264938354492
67.14398193359375
55.142425537109375
64.0873794555664
67.48908996582031
45.46076965332031
68.98050689697266
67.98873138427734
63.113956451416016
71.17561340332031
63.64474105834961
69.14923858642578
71.40798950195312
51.60226821899414
73.01634216308594
70.37726593017578
63.752479553222656
75.19190216064453
66.53816223144531
73.00033569335938
75.69282531738281
55.06402587890625
76.59254455566406
74.13131713867188
70.95086669921875
77.85887908935547
71.16393280029297
76.19235229492188
80.27680206298828
56.64604568481445
81.16937255859375
78.76327514648438
75.94303894042969
84.02863311767578
76.31615447998047
82.55008697509766
85.72117614746094
60.086456298828125
85.3056411743164
82.3893814086914
76.33206939697266
82.93282318115234
73.79439544677734
77.9560546875
79.3607177734375
38.59959030151367
78.2935791015625
75.87166595458984
70.27974700927734
77.59735107421875
69.2968521118164
74.91960144042969
77.11433410644531
30.529787063598633
77.07197570800781
74.38607788085938
69.80631256103516
77.82787322998047
68.83906555175781
73.45816040039062
77.22245788574219
54.77061080932617
77.24909210205078
74.96356964111328
70.57845306396484
78.05549621582031
70.8569564819336
75.73430633544922
78.81114959716797
58.80767059326172
79.63675689697266
78.38177490234375
73.28343200683594
81.52970886230469
71.99536895751953
78.80828857421875
81.40204620361328
59.23387145996094
82.63805389404297
81.48121643066406
76.6189193725586
84.59456634521484
74.46387481689453
82.46349334716797
85.3146743774414
61.78474807739258
86.18160247802734
84.54144287109375
78.07687377929688
85.89675903320312
75.499267578125
79.75118255615234
79.48331451416016
58.746246337890625
76.1788558959961
73.51884460449219
68.03601837158203
77.61993408203125
70.40279388427734
77.03231811523438
81.66378784179688
54.809513092041016
84.23715209960938
82.6403579711914
78.83566284179688
86.72373962402344
77.9722900390625
82.65704345703125
83.6811752319336
49.06232833862305
81.0191879272461
77.37837219238281
69.9656753540039
77.42406463623047
66.8403549194336
72.27922821044922
73.82447052001953
52.44568634033203
74.11661529541016
70.98584747314453
67.41751098632812
75.16312408447266
68.07128143310547
73.89618682861328
76.16487884521484
34.05181884765625
77.4212417602539
76.19845581054688
72.12277221679688
80.15373992919922
71.82266998291016
78.41923522949219
81.46480560302734
48.1876335144043
83.3838119506836
82.75519561767578
78.07118225097656
88.13575744628906
80.83878326416016
87.57353210449219
90.65166473388672
54.762542724609375
91.41806030273438
89.119384765625
83.7403564453125
91.53870391845703
82.54747009277344
85.80076599121094
85.92198181152344
57.388423919677734
81.25820922851562
76.21910858154297
70.64347839355469
79.52357482910156
71.58997344970703
77.9137954711914
80.58181762695312
41.79767608642578
81.53852081298828
79.02216339111328
74.97694396972656
83.01783752441406
74.77786254882812
80.53350830078125
83.2905044555664
41.14667510986328
83.64288330078125
81.36128997802734
76.0516357421875
84.67774200439453
76.3158950805664
82.0929183959961
85.27659606933594
47.69932556152344
85.68390655517578
83.84490966796875
78.61921691894531
87.22945404052734
78.84834289550781
84.42353820800781
87.04846954345703
45.011146545410156
87.50151824951172
85.41703033447266
80.36187744140625
89.12504577636719
81.62030029296875
87.5611343383789
90.68960571289062
60.24137496948242
91.92573547363281
90.21762084960938
85.2030029296875
93.3633041381836
84.54837799072266
89.3097152709961
90.76789855957031
54.915225982666016
88.72076416015625
85.68397521972656
79.00257873535156
86.90741729736328
77.92239379882812
82.26161193847656
83.705078125
49.425201416015625
82.46321105957031
79.2759780883789
73.1605453491211
81.22589111328125
72.3661880493164
76.85151672363281
79.05278015136719
53.02604293823242
77.97068786621094
75.3371353149414
70.07374572753906
77.55268859863281
69.12126159667969
73.35617065429688
75.68290710449219
51.90925216674805
74.48834228515625
72.58777618408203
69.24612426757812
78.48583221435547
72.85730743408203
79.53369903564453
82.59881591796875
51.80598449707031
82.57511138916016
79.66511535644531
74.03917694091797
82.13447570800781
74.2515640258789
78.818603515625
80.92870330810547
43.92350769042969
81.32160949707031
79.23246765136719
73.46060943603516
82.00955200195312
74.2739486694336
79.57935333251953
82.2583236694336
52.56572341918945
83.35138702392578
81.55791473388672
77.25914764404297
85.71819305419922
77.02600860595703
83.35279846191406
86.04544067382812
51.703826904296875
86.80970001220703
85.05596923828125
79.91857147216797
88.60594940185547
80.33654022216797
86.53269958496094
88.98963928222656
54.25202941894531
89.62974548339844
87.49576568603516
82.06998443603516
90.36693572998047
81.83109283447266
86.43712615966797
88.27173614501953
51.12722396850586
87.02627563476562
84.07391357421875
78.03233337402344
85.87860107421875
77.31198120117188
81.93279266357422
83.97252655029297
46.170536041259766
82.94255828857422
79.80014038085938
74.66107177734375
82.96355438232422
74.21051025390625
79.50446319580078
81.5879898071289
47.39704513549805
81.65277099609375
79.32460021972656
73.84809875488281
82.27632904052734
73.67503356933594
79.68547821044922
82.61238861083984
47.631439208984375
83.54246520996094
82.04022216796875
77.49625396728516
86.40335083007812
78.80046081542969
84.94181060791016
88.4105224609375
48.042850494384766
89.52264404296875
86.47909545898438
80.51859283447266
86.78245544433594
76.42289733886719
80.00724029541016
80.7706298828125
49.88155746459961
77.47205352783203
73.11084747314453
66.54287719726562
72.85335540771484
64.3408203125
68.1375503540039
67.38692474365234
49.44270324707031
63.45925521850586
61.421546936035156
59.41456604003906
64.08673095703125
60.85980224609375
64.66824340820312
67.43915557861328
47.76106262207031
70.39141845703125
69.2122802734375
64.90206909179688
73.74095153808594
65.18416595458984
72.12556457519531
75.87472534179688
53.72870635986328
76.94908905029297
75.20938873291016
70.36396789550781
78.78324890136719
70.12311553955078
75.0254135131836
76.59355163574219
50.0339469909668
77.03216552734375
75.61405944824219
71.1229019165039
81.12901306152344
73.92378997802734
80.82963562011719
83.890380859375
13.642388343811035
85.69205474853516
84.03157806396484
78.95378112792969
87.45645904541016
79.38304901123047
85.23479461669922
87.72081756591797
42.26580810546875
87.5325698852539
84.8631591796875
79.52523803710938
87.04877471923828
78.28778076171875
83.1207046508789
84.64108276367188
45.270751953125
84.12007904052734
81.6253662109375
75.6908187866211
84.30309295654297
76.03350067138672
81.3477783203125
83.4416275024414
53.39118576049805
83.32821655273438
80.99121856689453
75.45848846435547
83.73182678222656
75.26280975341797
80.63938903808594
82.57083892822266
45.64731979370117
82.32701873779297
79.91465759277344
75.05029296875
83.26071166992188
75.15415954589844
80.33297729492188
83.34941101074219
50.40195846557617
83.70759582519531
81.44648742675781
77.00637817382812
85.23464965820312
76.82142639160156
82.73816680908203
85.51598358154297
29.40067481994629
85.46643829345703
83.1092758178711
77.13235473632812
84.75405883789062
74.42019653320312
79.60428619384766
79.8459701538086
46.091190338134766
78.51832580566406
76.47920989990234
72.08576202392578
80.14846801757812
72.3818130493164
78.1692886352539
80.92076110839844
44.597476959228516
82.21085357666016
80.34957885742188
75.34489440917969
84.04421997070312
76.18656921386719
82.55890655517578
85.45108795166016
50.31670379638672
86.2489013671875
83.68043518066406
77.40384674072266
84.30656433105469
74.54460144042969
79.82489776611328
82.33493041992188
34.575897216796875
83.56781768798828
81.38798522949219
76.06926727294922
84.85411071777344
76.17676544189453
81.22998046875
82.76256561279297
51.58845520019531
80.65587615966797
77.26130676269531
70.67003631591797
78.35424041748047
69.51239776611328
74.23094940185547
77.46969604492188
39.78508377075195
79.14750671386719
78.26544189453125
73.25593566894531
82.83261108398438
74.1657485961914
79.89744567871094
81.98640441894531
41.93516540527344
80.72626495361328
78.07564544677734
72.26959228515625
81.56053924560547
74.28755187988281
80.31769561767578
83.80877685546875
51.005271911621094
86.7126693725586
85.72041320800781
81.22758483886719
90.39179992675781
82.49063873291016
87.43971252441406
89.62957763671875
29.086055755615234
88.869873046875
86.22590637207031
80.48470306396484
88.3836441040039
80.03909301757812
85.03254699707031
87.0340576171875
48.289920806884766
86.84131622314453
84.17259979248047
78.29049682617188
85.87601470947266
76.51091003417969
81.20016479492188
83.26848602294922
39.5278434753418
83.41691589355469
81.26128387451172
76.4453125
84.669677734375
76.9155044555664
82.1308822631836
84.37611389160156
48.48817443847656
84.69760131835938
82.27448272705078
76.54771423339844
84.13523864746094
75.50225830078125
79.73519897460938
81.00453186035156
50.405799865722656
77.56124114990234
73.84696960449219
65.45377349853516
71.58082580566406
58.402828216552734
62.47892379760742
69.38800048828125
53.65155029296875
74.57254791259766
73.53160858154297
69.24659729003906
77.92240905761719
70.0755386352539
75.76718139648438
78.85594940185547
49.57441711425781
79.88423919677734
77.69673156738281
72.07193756103516
79.1558609008789
69.91236877441406
73.78733825683594
75.64976501464844
51.122039794921875
74.90550231933594
73.67200469970703
68.85895538330078
78.19271087646484
68.68323516845703
75.30878448486328
76.91720581054688
41.25870132446289
75.46277618408203
71.49021911621094
66.22370910644531
73.07390594482422
