61.501529693603516
72.26568603515625
74.6861801147461
45.177677154541016
78.15032958984375
77.03518676757812
70.66921997070312
80.61797332763672
71.99260711669922
77.74596405029297
77.51841735839844
40.81093215942383
74.3205795288086
69.0866928100586
58.841064453125
69.11063385009766
59.31560516357422
63.11927032470703
60.835723876953125
50.62300491333008
67.55284881591797
65.84784698486328
62.85316848754883
73.74385070800781
67.3429946899414
73.99969482421875
75.92453002929688
51.0850944519043
73.95269775390625
70.45669555664062
62.65607833862305
69.88693237304688
64.72148132324219
64.90023040771484
64.58391571044922
46.3083381652832
66.31179809570312
61.75632858276367
63.57080841064453
67.12806701660156
62.117923736572266
63.68546676635742
66.38401794433594
50.05693817138672
66.182861328125
65.40213775634766
60.63212966918945
70.41971588134766
64.16641235351562
68.27246856689453
71.29785919189453
44.2043571472168
71.8609848022461
70.33507537841797
65.18386840820312
73.82461547851562
63.932533264160156
72.10606384277344
75.40042114257812
55.70167541503906
75.97777557373047
74.53540802001953
69.16600036621094
77.41557312011719
65.6333236694336
73.88470458984375
74.85820770263672
53.717506408691406
70.08943176269531
67.52376556396484
58.70170593261719
66.15533447265625
58.35398483276367
65.5313491821289
67.66887664794922
54.81034469604492
66.14753723144531
65.14117431640625
58.703372955322266
68.87945556640625
57.670230865478516
67.64460754394531
69.9944076538086
53.350730895996094
69.38871765136719
66.72769165039062
61.428470611572266
70.36381530761719
60.16291046142578
69.03194427490234
70.69955444335938
49.55312728881836
69.97874450683594
69.55088806152344
64.05691528320312
72.67400360107422
63.40339660644531
72.47869873046875
73.9413833618164
51.313480377197266
74.38187408447266
72.6517105102539
68.32614135742188
76.64944458007812
68.01226043701172
74.9227066040039
77.28675842285156
52.592796325683594
77.51580047607422
75.96257019042969
70.49771881103516
78.61695098876953
70.82352447509766
77.10281372070312
79.88784790039062
55.732547760009766
80.02869415283203
78.26374053955078
72.68026733398438
80.84609985351562
72.57059478759766
79.767822265625
82.7507095336914
53.74942398071289
83.93701171875
82.75016784667969
77.010009765625
86.1607894897461
77.49710845947266
83.6114501953125
85.69087219238281
58.38365173339844
85.6908187866211
82.95030975341797
76.0442886352539
84.18363189697266
74.117919921875
79.17574310302734
81.45999908447266
52.57191848754883
84.57341003417969
83.81173706054688
78.74236297607422
88.54369354248047
81.07352447509766
85.8191909790039
87.029052734375
64.18633270263672
84.53336334228516
80.1629638671875
74.09793090820312
82.56713104248047
76.81098937988281
81.78004455566406
85.13662719726562
63.04897689819336
86.08956909179688
83.53841400146484
78.82140350341797
86.92619323730469
79.23973846435547
83.76446533203125
86.56240844726562
55.963436126708984
87.66239929199219
85.693359375
81.8450698852539
90.57518768310547
83.10525512695312
88.92882537841797
92.00352478027344
63.50515365600586
92.69972229003906
90.32635498046875
85.1977310180664
92.8148422241211
83.6964111328125
88.44037628173828
90.306640625
58.80236053466797
89.18079376220703
86.889892578125
82.43734741210938
90.85520935058594
83.9977798461914
89.40968322753906
92.39287567138672
57.57917785644531
92.46515655517578
89.89312744140625
84.21012878417969
92.36747741699219
83.9229965209961
88.87584686279297
91.05137634277344
38.49018859863281
90.96470642089844
88.6529541015625
83.19676208496094
91.63938903808594
83.14385223388672
88.95242309570312
91.28844451904297
54.99726104736328
91.7115707397461
89.77152252197266
84.53473663330078
93.4786605834961
85.06732940673828
91.19416809082031
94.00320434570312
49.44243621826172
95.0922622680664
93.3484115600586
88.0763931274414
96.6203842163086
88.10867309570312
93.11258697509766
94.80732727050781
39.004783630371094
93.07215118408203
89.78651428222656
83.22952270507812
90.74348449707031
81.25825500488281
86.02455139160156
87.2959976196289
42.7835807800293
85.57759094238281
82.42784881591797
76.42072296142578
83.64527893066406
74.27142333984375
79.62480926513672
80.91310119628906
40.1900749206543
80.01553344726562
77.10375213623047
71.45806884765625
78.90330505371094
70.88612365722656
75.1921615600586
76.79109954833984
40.294525146484375
76.04014587402344
72.54312896728516
67.51412200927734
75.33977508544922
66.55590057373047
71.64258575439453
72.89005279541016
48.399959564208984
72.5223388671875
70.49051666259766
64.29154205322266
72.43920135498047
64.27983856201172
68.26587677001953
70.29419708251953
46.310890197753906
69.05089569091797
67.47132110595703
63.38042068481445
71.13379669189453
65.68138885498047
72.60782623291016
77.30986785888672
51.061222076416016
78.9032211303711
76.54734802246094
71.66690063476562
79.5799560546875
70.8042984008789
75.67105102539062
77.53268432617188
51.63007354736328
77.19550323486328
74.70278930664062
69.99966430664062
78.40836334228516
71.00569152832031
76.36881256103516
79.26535034179688
45.77739334106445
80.3034896850586
78.4554672241211
73.62049102783203
83.07600402832031
75.54485321044922
80.71649932861328
83.93162536621094
54.37299346923828
85.54580688476562
83.83548736572266
80.08514404296875
88.68343353271484
81.13066864013672
86.97016906738281
89.8833999633789
56.31013107299805
90.25106811523438
87.64444732666016
82.17863464355469
89.72290802001953
80.56487274169922
85.14087677001953
86.6163330078125
51.451026916503906
85.14199829101562
82.36637878417969
76.62374114990234
84.1846694946289
75.28157806396484
80.35039520263672
82.30477905273438
53.18775939941406
81.4953842163086
78.868896484375
73.50251770019531
81.62914276123047
72.82249450683594
78.48084259033203
80.50060272216797
44.8801155090332
79.87686920166016
76.78936767578125
71.62663269042969
78.51940155029297
71.38542938232422
76.54215240478516
79.180419921875
44.967674255371094
80.05889129638672
78.093505859375
73.65323638916016
82.45027923583984
75.02286529541016
81.71563720703125
84.7206802368164
50.81177520751953
86.16356658935547
84.38214874267578
79.15892028808594
86.53707885742188
76.67948150634766
81.31171417236328
82.224853515625
58.533111572265625
78.44432830810547
74.15796661376953
69.33777618408203
74.93254089355469
64.4350814819336
69.80608367919922
71.27667236328125
45.345584869384766
67.78591918945312
64.81974029541016
61.35163879394531
67.93209838867188
59.758121490478516
63.77335739135742
67.22024536132812
50.605594635009766
67.90963745117188
64.99053192138672
62.982486724853516
70.73825073242188
63.20451736450195
68.74679565429688
71.21627807617188
48.50407409667969
72.36209869384766
70.02594757080078
66.2911148071289
73.09810638427734
65.36856079101562
69.83155059814453
70.66111755371094
42.56846618652344
68.84380340576172
66.25482177734375
62.00959014892578
70.6356201171875
61.63290786743164
68.03701782226562
71.28754425048828
47.735355377197266
73.50151062011719
71.85812377929688
68.68537902832031
76.6611328125
69.43074035644531
74.15872955322266
76.58247375488281
39.91100311279297
77.26249694824219
75.74315643310547
72.81363677978516
82.00480651855469
75.1753158569336
80.86388397216797
83.58113098144531
41.202083587646484
83.32837677001953
80.678466796875
74.85789489746094
82.72129821777344
74.08134460449219
78.51651763916016
80.4516372680664
34.831546783447266
79.99253845214844
76.67137908935547
70.9513931274414
79.60050964355469
70.44569396972656
76.4727554321289
79.26082611083984
48.03074264526367
79.2171630859375
76.87676239013672
71.30616760253906
80.28565216064453
71.62319946289062
76.8845443725586
78.9600601196289
44.999839782714844
78.99591064453125
76.88117218017578
71.29484558105469
79.90313720703125
70.8876724243164
75.93739318847656
77.54048156738281
45.46955108642578
76.85230255126953
74.27802276611328
69.28823852539062
77.44081115722656
69.44400024414062
74.70545959472656
77.29541778564453
44.88852310180664
77.50718688964844
75.48529052734375
69.7153549194336
78.49200439453125
71.14130401611328
75.9951171875
78.71176147460938
51.606571197509766
79.1283950805664
76.84368133544922
72.182373046875
80.50581359863281
72.36407470703125
78.20147705078125
80.94306182861328
49.995452880859375
80.42079162597656
78.2867660522461
71.79917907714844
80.3276138305664
71.32088470458984
77.48540496826172
80.0122299194336
42.452213287353516
81.15291595458984
79.45877075195312
74.76797485351562
83.84394836425781
76.70269775390625
82.6430435180664
85.9239730834961
43.972904205322266
87.11011505126953
85.34117889404297
80.13908386230469
88.6764907836914
80.03507232666016
85.32069396972656
87.03789520263672
40.97793960571289
85.72001647949219
82.68769073486328
76.61514282226562
84.38251495361328
75.70098114013672
80.39183807373047
82.29016876220703
47.457054138183594
81.59619903564453
79.06175994873047
72.55770111083984
81.60784912109375
73.3703384399414
78.66548919677734
80.94921112060547
43.84235763549805
81.85105895996094
80.16511535644531
74.4683609008789
83.72211456298828
76.44873046875
81.28089904785156
83.8819808959961
46.21393966674805
84.3820571899414
82.2587661743164
76.92044830322266
85.85279083251953
78.50460052490234
83.30471801757812
85.98089599609375
55.22245407104492
85.94062042236328
83.21012115478516
77.77015686035156
84.7405776977539
75.72508239746094
79.0682144165039
80.30941009521484
56.103729248046875
78.76299285888672
76.5521469116211
73.1184310913086
83.16626739501953
76.79425811767578
81.7780532836914
84.42459106445312
57.99772644042969
84.01229858398438
80.67118835449219
75.0440673828125
83.57626342773438
76.09536743164062
81.43087768554688
84.54898071289062
49.46285629272461
85.56219482421875
83.50946807861328
78.02308654785156
86.7457504272461
78.74827575683594
83.33197021484375
85.06944274902344
53.140968322753906
82.34248352050781
77.920654296875
70.40017700195312
76.76693725585938
67.3728256225586
72.82020568847656
75.48764038085938
40.75935745239258
76.14899444580078
73.77642059326172
68.40419006347656
77.32017517089844
69.95082092285156
76.70716857910156
80.00871276855469
47.22294616699219
82.14901733398438
80.3651351928711
74.83209228515625
83.74295806884766
75.29339599609375
79.88140869140625
81.23626708984375
46.825706481933594
79.6379623413086
76.23648834228516
69.81051635742188
77.78154754638672
