66.7436294555664
70.58555603027344
75.87580108642578
56.63092803955078
76.3978500366211
76.65618896484375
72.05435180664062
82.35586547851562
72.6523666381836
79.49717712402344
80.6727523803711
47.88325119018555
77.53129577636719
73.65264129638672
65.45470428466797
71.62818145751953
63.31795120239258
64.52923583984375
59.089176177978516
55.9188117980957
65.71269989013672
61.068824768066406
62.265907287597656
71.4156723022461
63.62894058227539
73.39385223388672
76.8733139038086
43.1412467956543
79.5177001953125
75.0272216796875
69.31011962890625
75.35470581054688
59.50468826293945
70.66309356689453
70.04389953613281
59.73728942871094
69.48751831054688
65.77648162841797
63.13093185424805
64.6814193725586
45.659305572509766
62.37065887451172
62.50000762939453
39.849727630615234
62.41279220581055
60.53335952758789
60.44232940673828
66.22483825683594
56.68436813354492
64.61033630371094
67.48387145996094
57.33893966674805
68.86807250976562
67.62340545654297
63.970455169677734
70.10904693603516
62.388919830322266
68.07592010498047
70.24579620361328
51.8545036315918
70.7657699584961
68.2796630859375
63.047035217285156
71.99373626708984
63.97385025024414
66.56586456298828
71.44058990478516
52.2933235168457
72.10440826416016
70.34941864013672
66.1854019165039
73.868896484375
66.56532287597656
73.15293884277344
76.08240509033203
49.367923736572266
77.37137603759766
76.33782196044922
72.02825927734375
81.26986694335938
74.60358428955078
80.78792572021484
84.68053436279297
51.39472579956055
87.4395751953125
85.57154083251953
79.9720230102539
87.48233032226562
77.77523040771484
82.411865234375
83.93394470214844
55.39052200317383
82.75074768066406
80.02827453613281
74.55007934570312
82.09095001220703
74.02378845214844
79.01497650146484
81.32815551757812
48.696388244628906
81.5619888305664
79.02185821533203
74.21334075927734
82.85757446289062
74.6168212890625
80.19493865966797
82.6806869506836
54.07381057739258
81.72744750976562
78.46953582763672
71.02642059326172
75.33698272705078
62.436038970947266
58.54290771484375
62.764732360839844
52.15278625488281
69.02490997314453
70.30607604980469
64.20576477050781
75.07783508300781
67.52203369140625
73.05428314208984
76.357421875
38.14900207519531
77.73577880859375
75.4591293334961
70.04012298583984
79.5058364868164
71.19701385498047
78.30561828613281
81.86317443847656
40.78554916381836
84.60398864746094
83.48114776611328
79.24005126953125
88.55635833740234
80.7750015258789
86.9890365600586
90.10392761230469
43.874385833740234
91.89493560791016
90.05516052246094
85.16519927978516
93.17365264892578
83.88382720947266
88.08561706542969
88.95391082763672
33.930057525634766
87.631103515625
84.82772827148438
78.48333740234375
86.10169982910156
77.01705169677734
80.9015884399414
83.06137084960938
42.508888244628906
81.49961853027344
78.7785415649414
72.65119934082031
81.26826477050781
72.13716125488281
77.91911315917969
80.1302719116211
53.88568115234375
80.7364273071289
79.28954315185547
73.93140411376953
83.27611541748047
75.50481414794922
81.5816421508789
85.04496765136719
45.87515640258789
86.96546173095703
85.9310302734375
81.34017181396484
90.9759521484375
83.37976837158203
88.70442962646484
91.15685272216797
58.96040725708008
90.93609619140625
88.48886108398438
83.02716827392578
91.40355682373047
82.9410400390625
87.742431640625
89.89358520507812
45.49498748779297
89.50750732421875
86.92839813232422
80.99304962158203
89.55452728271484
81.43737030029297
86.21670532226562
88.35689544677734
43.114158630371094
88.23715209960938
85.84354400634766
80.51924133300781
88.90967559814453
80.46444702148438
86.01480865478516
88.32373046875
52.45542907714844
88.58403015136719
86.17840576171875
81.08473205566406
89.5832748413086
81.44255828857422
86.99083709716797
89.5596694946289
47.99441146850586
89.84781646728516
87.74144744873047
82.33921813964844
91.05287170410156
83.19190979003906
88.38627624511719
91.28589630126953
49.31932067871094
92.24627685546875
90.77111053466797
85.70162200927734
94.93553924560547
87.58524322509766
92.75285339355469
95.28852844238281
58.69834899902344
94.4565200805664
91.4464340209961
85.08441925048828
92.58019256591797
83.40512084960938
87.63899230957031
89.12113952636719
49.6475830078125
87.30413055419922
84.17467498779297
77.67467498779297
85.78590393066406
77.26415252685547
81.042724609375
83.13430786132812
53.46359634399414
82.152099609375
79.6595458984375
73.16183471679688
82.8445816040039
74.7668228149414
79.33984375
81.30418395996094
49.22814178466797
80.87384033203125
77.7226333618164
73.20757293701172
80.49694061279297
70.762939453125
77.15205383300781
78.44815826416016
37.39848327636719
78.4820556640625
75.22591400146484
70.49139404296875
77.76997375488281
69.3425521850586
74.8539047241211
77.77803802490234
56.438323974609375
78.84825134277344
77.70863342285156
71.9778060913086
81.71331787109375
74.77242279052734
79.38712310791016
82.24650573730469
45.07718276977539
82.47917175292969
80.63590240478516
75.5801010131836
84.2762222290039
75.89295196533203
81.89540100097656
84.61093139648438
41.780426025390625
85.053466796875
83.12480163574219
78.42688751220703
87.41561126708984
79.84854125976562
85.74368286132812
88.86740112304688
59.68760299682617
89.48314666748047
87.62117004394531
82.25011444091797
90.40788269042969
81.74796295166016
87.59476470947266
89.47962188720703
47.12928009033203
88.36199188232422
84.98330688476562
79.17611694335938
86.67188262939453
77.64178466796875
82.26127624511719
84.21483612060547
43.678184509277344
82.7719955444336
80.2595443725586
73.65975952148438
81.8802261352539
73.06856536865234
77.54283905029297
79.43061065673828
31.9936580657959
79.14093780517578
75.84805297851562
70.64659881591797
78.23322296142578
68.60407257080078
74.8615951538086
76.53825378417969
51.83378601074219
76.08453369140625
73.79597473144531
69.34588623046875
76.9771728515625
67.55010986328125
73.05838012695312
74.90660095214844
48.70210266113281
74.86846923828125
71.8070068359375
66.89490509033203
74.391845703125
67.96116638183594
72.34375762939453
74.08088684082031
48.98636245727539
74.09368896484375
72.680908203125
67.8548355102539
75.60442352294922
66.91394805908203
72.14344787597656
75.49555969238281
45.702152252197266
76.22232055664062
73.44905853271484
68.295654296875
78.00042724609375
70.20204162597656
75.80611419677734
78.3787612915039
46.74925994873047
79.8387451171875
78.14514923095703
73.91771697998047
82.62779998779297
75.3185043334961
81.0799560546875
84.4116439819336
57.212345123291016
85.61731719970703
84.28168487548828
77.45011901855469
86.798828125
78.80445098876953
83.85628509521484
86.95687103271484
50.41346740722656
87.91429138183594
85.6471939086914
79.26435852050781
87.0290756225586
77.64624786376953
82.06473541259766
83.51660919189453
52.6031379699707
82.11604309082031
79.62612915039062
72.68230438232422
81.40019989013672
72.90388488769531
76.6103515625
78.95539855957031
46.60206985473633
77.45196533203125
75.06082153320312
67.61016845703125
76.17205810546875
65.3808822631836
70.219482421875
69.27120971679688
52.676239013671875
73.05746459960938
72.74481201171875
69.4629135131836
79.19429779052734
71.72425842285156
77.82990264892578
80.17131805419922
50.11491775512695
79.51405334472656
77.17435455322266
71.96406555175781
80.21331787109375
70.86237335205078
76.86300659179688
78.41952514648438
43.76642608642578
78.18624114990234
75.66273498535156
68.7463150024414
77.72911071777344
69.75526428222656
74.25313568115234
77.46846771240234
51.73886489868164
78.76994323730469
76.73238372802734
71.61631774902344
80.38272094726562
71.97183227539062
76.89090728759766
79.22166442871094
45.32637023925781
79.05302429199219
76.28023529052734
71.43049621582031
79.5545425415039
71.05667877197266
76.201171875
78.920166015625
51.86429214477539
79.1387710571289
76.91844177246094
71.21903228759766
80.17864990234375
72.87031555175781
78.00476837158203
80.15950012207031
42.02254104614258
80.30741882324219
78.02811431884766
73.66716003417969
81.3888931274414
73.3918685913086
78.93052673339844
81.0645523071289
27.9199161529541
81.62763214111328
79.6172866821289
74.29338836669922
83.23331451416016
74.54155731201172
80.58106231689453
83.25849151611328
50.887760162353516
84.27387237548828
82.1267318725586
77.30365753173828
86.0384292602539
78.12449645996094
83.5982666015625
86.6119613647461
50.400230407714844
86.97503662109375
84.91517639160156
79.43260192871094
87.56036376953125
79.01335906982422
83.95886993408203
85.46097564697266
52.68205642700195
84.76974487304688
82.07826232910156
77.15579986572266
86.04330444335938
78.31283569335938
84.8756332397461
88.03606414794922
48.702239990234375
88.9466552734375
86.83995819091797
80.76483917236328
89.13309478759766
80.29564666748047
84.60858917236328
86.3287353515625
50.43226623535156
84.7334213256836
81.77420043945312
75.48393249511719
83.33715057373047
74.95629119873047
79.09925842285156
80.7332992553711
55.83546447753906
79.46115112304688
76.06671142578125
70.70257568359375
77.30057525634766
69.72181701660156
73.54610443115234
75.47838592529297
50.98096466064453
74.94003295898438
73.2805404663086
69.71188354492188
79.82054138183594
72.93080139160156
79.31076049804688
82.1919937133789
52.41255569458008
81.56887817382812
78.82665252685547
73.22834777832031
81.63955688476562
73.68778991699219
78.71366119384766
81.09300994873047
43.9288330078125
80.26231384277344
78.17434692382812
72.709228515625
80.69205474853516
71.91159057617188
77.49873352050781
79.95803833007812
48.30765914916992
79.21435546875
76.85951232910156
71.39056396484375
79.65221405029297
71.6734848022461
76.2516860961914
78.6379623413086
53.75818634033203
78.41403198242188
76.3156967163086
71.11966705322266
79.6087417602539
72.42146301269531
77.05580139160156
79.48736572265625
39.75660705566406
79.31563568115234
76.59204864501953
71.56664276123047
79.6514663696289
70.61074829101562
76.63355255126953
78.33000946044922
41.136993408203125
78.81124877929688
76.25596618652344
71.37947845458984
79.84683990478516
71.4776382446289
77.77710723876953
79.94778442382812
51.56144714355469
80.78936767578125
78.96774291992188
74.104248046875
82.54383087158203
74.64494323730469
80.2082290649414
83.03834533691406
42.68069839477539
82.93224334716797
80.32013702392578
73.56489562988281
81.5556640625
