66.93307495117188
70.72171020507812
71.27499389648438
71.69706726074219
72.00214385986328
70.5559310913086
70.87440490722656
69.06202697753906
68.32868194580078
66.25180053710938
66.94205474853516
65.26914978027344
63.95085906982422
63.361698150634766
62.86681365966797
63.73672103881836
55.89788818359375
63.8316764831543
60.58303451538086
61.37942123413086
57.926673889160156
59.66720199584961
59.007835388183594
58.99138641357422
59.000282287597656
63.2364616394043
58.651004791259766
59.809635162353516
58.62802505493164
62.33843231201172
59.303260803222656
60.84434509277344
59.35237503051758
54.617828369140625
49.91217041015625
53.13087463378906
47.187503814697266
50.105186462402344
51.183570861816406
55.952213287353516
50.705177307128906
50.89667510986328
53.73175048828125
58.089027404785156
51.80653762817383
58.93898391723633
59.73945999145508
59.557247161865234
58.167423248291016
61.12030029296875
63.7506217956543
63.929203033447266
62.282249450683594
63.65449523925781
64.63567352294922
63.04801559448242
65.52201843261719
63.500152587890625
65.4526138305664
65.3222427368164
65.42962646484375
63.987186431884766
65.87544250488281
64.82669830322266
65.22779846191406
67.3448715209961
65.92837524414062
65.7345962524414
66.35287475585938
66.3119888305664
65.95596313476562
67.046875
67.77400207519531
68.27165222167969
67.4905014038086
69.98294067382812
70.249755859375
70.9669189453125
72.15711212158203
72.57736206054688
73.96562957763672
74.9638442993164
75.9645004272461
77.71755981445312
79.0179214477539
80.20855712890625
80.66046142578125
80.24848937988281
79.98666381835938
78.39213562011719
78.37985229492188
77.072265625
76.92181396484375
75.77925109863281
76.06913757324219
75.28775787353516
75.50416564941406
75.25218200683594
75.55626678466797
75.9941635131836
75.67338562011719
76.28935241699219
75.55807495117188
74.51829528808594
71.73896789550781
69.77710723876953
68.22418975830078
65.8035659790039
65.83432006835938
64.068359375
62.52747344970703
64.14501190185547
64.52063751220703
65.19164276123047
66.81326293945312
66.88338470458984
65.1734848022461
68.35205841064453
67.88676452636719
68.780517578125
68.60721588134766
70.21070861816406
70.93677520751953
71.94520568847656
73.8019027709961
74.43956756591797
76.5477523803711
78.11126708984375
80.1305923461914
80.87199401855469
81.24256134033203
81.10875701904297
80.7348861694336
80.45508575439453
80.35224151611328
79.68826293945312
79.019287109375
79.37188720703125
78.98784637451172
78.91322326660156
78.75346374511719
78.18006134033203
77.7785415649414
76.81619262695312
76.46952819824219
75.967529296875
77.22840118408203
77.74632263183594
78.49065399169922
78.55400085449219
78.77301025390625
77.15312957763672
76.27867126464844
74.91018676757812
73.27930450439453
71.8519515991211
70.4381332397461
66.77007293701172
67.09765625
66.2695083618164
63.978458404541016
66.20097351074219
67.1719741821289
67.76140594482422
69.36183166503906
70.88179779052734
70.8172607421875
71.00481414794922
72.12312316894531
72.79060363769531
72.63255310058594
73.5608139038086
73.9712905883789
74.66014862060547
75.08732604980469
75.82794952392578
76.22468566894531
76.28462982177734
76.77755737304688
77.0713882446289
77.3747787475586
78.3482666015625
78.9603042602539
79.28662109375
80.48906707763672
80.85176849365234
81.80591583251953
82.26837921142578
82.98545837402344
82.73189544677734
82.95870971679688
82.76154327392578
82.83269500732422
82.5877456665039
82.57186889648438
82.77473449707031
82.4504623413086
82.52910614013672
82.2546615600586
82.71247863769531
82.82597351074219
82.93390655517578
82.94944763183594
83.20120239257812
83.40670776367188
83.64615631103516
83.91216278076172
84.40202331542969
84.76045989990234
85.10507202148438
85.63992309570312
86.02446746826172
86.60066223144531
87.22665405273438
87.79643249511719
88.05374145507812
88.79440307617188
88.97078704833984
89.00070190429688
88.57124328613281
87.92416381835938
86.92008972167969
86.08198547363281
84.93675231933594
83.65546417236328
82.61456298828125
81.4359359741211
80.75434875488281
79.1591567993164
78.75082397460938
78.05657958984375
77.51353454589844
76.2647705078125
77.09820556640625
77.26435089111328
76.65667724609375
76.08952331542969
76.29020690917969
76.0457534790039
74.0348892211914
74.13984680175781
73.98307800292969
73.56405639648438
73.8817138671875
74.98184204101562
76.57464599609375
76.61691284179688
76.66362762451172
76.5385971069336
75.96675109863281
74.56797790527344
74.36588287353516
74.3563461303711
73.78113555908203
72.69679260253906
72.75669860839844
72.38679504394531
72.13531494140625
71.75619506835938
72.19759368896484
71.12330627441406
71.09717559814453
71.61650848388672
71.46856689453125
71.41495513916016
71.34280395507812
71.33842468261719
72.18698120117188
72.29852294921875
72.97239685058594
73.7809066772461
74.22508239746094
73.8183364868164
74.51114654541016
74.25606536865234
74.46190643310547
75.11764526367188
75.9654541015625
76.4156723022461
77.16357421875
77.23143005371094
77.6394271850586
78.04195404052734
78.590576171875
79.28413391113281
79.85713958740234
80.46992492675781
80.70429992675781
80.99190521240234
80.80974578857422
81.15001678466797
81.00536346435547
81.46820831298828
81.99967193603516
83.21857452392578
83.62947845458984
84.16009521484375
84.45584106445312
84.62357330322266
84.0521011352539
83.73845672607422
82.97856140136719
82.46781921386719
81.5190200805664
80.81767272949219
80.08253479003906
79.80805969238281
79.3244400024414
78.3536376953125
78.08798217773438
77.75395202636719
77.12309265136719
76.56511688232422
77.03370666503906
76.46517181396484
76.4979019165039
75.81587219238281
75.41688537597656
74.57545471191406
73.693603515625
72.85375213623047
71.57231140136719
71.17611694335938
69.90288543701172
70.1015625
68.95928192138672
70.14056396484375
70.16471862792969
70.36231994628906
71.32842254638672
71.1558609008789
71.93846893310547
72.18925476074219
72.07347106933594
71.4910659790039
71.03582763671875
70.17472076416016
69.72819519042969
70.27534484863281
69.28350067138672
68.94795989990234
69.5787353515625
70.92542266845703
71.2302474975586
71.0108413696289
72.3055648803711
73.66435241699219
73.8394546508789
75.36377716064453
76.34925079345703
77.21600341796875
77.87955474853516
78.58985900878906
78.04859161376953
76.60265350341797
75.8990707397461
74.4877700805664
72.29490661621094
71.23820495605469
70.8035888671875
70.30989074707031
68.69267272949219
70.50489807128906
71.57804107666016
71.99495697021484
73.09751892089844
73.69683074951172
74.2092514038086
73.75723266601562
73.50030517578125
72.4509048461914
72.14791870117188
71.06981658935547
69.28217315673828
69.69319915771484
68.97596740722656
68.0602798461914
67.85171508789062
68.3479232788086
66.12679290771484
65.60627746582031
65.5578842163086
66.27980041503906
66.76502227783203
64.71282196044922
65.10456848144531
63.760223388671875
63.51029586791992
64.37739562988281
63.48284149169922
61.77082443237305
62.30730056762695
64.16152954101562
65.58087158203125
65.25735473632812
64.96185302734375
67.31363677978516
69.2179946899414
70.64566802978516
71.93162536621094
73.58760070800781
73.86216735839844
74.41029357910156
74.06366729736328
73.5436782836914
72.74183654785156
71.73273468017578
71.77869415283203
71.31188201904297
71.02587890625
71.77672576904297
73.10186767578125
73.70242309570312
75.03304290771484
75.17107391357422
76.10692596435547
75.70223999023438
75.11896514892578
75.4343490600586
74.62648010253906
74.48734283447266
74.44276428222656
74.5147705078125
73.72090911865234
73.98844146728516
73.59345245361328
74.27909851074219
73.42860412597656
73.67135620117188
72.99488830566406
73.65348815917969
73.54957580566406
73.7211685180664
73.30652618408203
73.39376831054688
74.1012954711914
73.78785705566406
73.7851333618164
73.4556884765625
73.9365463256836
74.14720153808594
73.82225036621094
74.1222915649414
74.0322494506836
73.94111633300781
74.34210968017578
74.21379852294922
75.02515411376953
74.90766143798828
74.74765014648438
75.4474105834961
75.56436157226562
75.92456817626953
75.39984893798828
76.2825927734375
76.20670318603516
76.77836608886719
76.96562194824219
77.01025390625
77.3282470703125
78.03063201904297
78.28883361816406
78.55309295654297
79.01283264160156
79.375732421875
79.69551849365234
80.23326110839844
81.0172119140625
81.06841278076172
81.73306274414062
82.37222290039062
82.97748565673828
83.69093322753906
84.367431640625
85.15483856201172
85.86176300048828
86.32906341552734
86.77901458740234
86.82020568847656
86.76747131347656
86.50668334960938
86.00537872314453
85.39594268798828
84.67591857910156
83.8868637084961
83.14620971679688
82.07240295410156
81.37700653076172
80.7063980102539
79.62565612792969
78.7920150756836
77.66374969482422
76.99730682373047
76.30292510986328
75.26722717285156
74.3951187133789
73.29495239257812
72.97029113769531
71.86571502685547
70.28406524658203
69.91312408447266
69.4981460571289
69.96033477783203
71.77610778808594
74.80374908447266
77.37602996826172
80.01982116699219
81.74148559570312
82.96903991699219
83.37001037597656
83.5858154296875
83.03870391845703
82.40567779541016
81.34044647216797
80.2531967163086
78.63861846923828
77.53436279296875
76.45901489257812
75.2801513671875
74.73333740234375
73.8773422241211
74.05110931396484
74.2304916381836
74.78620910644531
74.80770111083984
75.28633880615234
75.7780990600586
75.62366485595703
75.9827651977539
76.3146743774414
76.58804321289062
76.11141204833984
76.55059814453125
76.41824340820312
76.87688446044922
76.75377655029297
77.07925415039062
77.02477264404297
76.57579040527344
75.68013000488281
74.37158203125
73.32862854003906
72.4135971069336
71.87056732177734
71.92396545410156
72.46309661865234
72.96269989013672
73.29463958740234
73.54953002929688
74.15672302246094
75.09872436523438
75.48289489746094
76.22286224365234
76.69520568847656
77.43106842041016
77.76790618896484
78.45167541503906
78.78262329101562
79.1867904663086
79.41663360595703
80.02664947509766
80.2778091430664
80.60212707519531
80.83167266845703
81.26396942138672
81.40428924560547
81.00106811523438
80.60659790039062
79.63516998291016
79.16060638427734
78.00557708740234
76.57721710205078
75.02261352539062
73.69609069824219
71.10481262207031
68.64009857177734
