69.94234466552734
73.15303039550781
77.26808166503906
61.320743560791016
77.3233871459961
74.63446044921875
71.1314926147461
76.51463317871094
66.65510559082031
70.9046859741211
70.36463928222656
56.1233024597168
70.14221954345703
65.48067474365234
57.09293746948242
65.54840087890625
59.63376235961914
58.291500091552734
60.75104904174805
55.707550048828125
65.90750885009766
66.66419219970703
54.14179992675781
70.51239013671875
66.27449798583984
69.78507232666016
70.74967956542969
53.4638786315918
69.91171264648438
65.34822082519531
57.8951530456543
66.1553726196289
57.87644958496094
60.78598403930664
61.864376068115234
46.69670486450195
59.99384307861328
60.968074798583984
44.62281799316406
52.759559631347656
49.57469940185547
59.117149353027344
59.251708984375
38.62076950073242
62.428199768066406
60.50054168701172
59.47517013549805
65.61372375488281
56.46576690673828
63.77391815185547
67.3778076171875
48.5760498046875
66.39766693115234
66.35305786132812
58.52447509765625
67.57120513916016
60.47428894042969
66.7265396118164
67.97845458984375
46.30978775024414
69.43123626708984
66.14768981933594
64.28662872314453
72.56100463867188
65.6063232421875
68.6546630859375
72.68502044677734
54.83045959472656
71.80947875976562
70.78877258300781
63.850528717041016
73.85324096679688
62.77147674560547
73.86788177490234
76.18818664550781
60.76085662841797
79.39134216308594
78.53417205810547
71.05604553222656
82.80223083496094
77.9078369140625
80.78902435302734
85.09889221191406
68.03345489501953
84.62468719482422
80.87153625488281
76.4898910522461
82.53855895996094
72.52408599853516
78.00841522216797
79.40365600585938
50.202903747558594
77.90008544921875
75.55776977539062
68.96588897705078
77.46399688720703
68.95364379882812
74.40939331054688
76.56719970703125
48.73052978515625
77.44905090332031
75.35363006591797
70.59727478027344
78.72486877441406
70.19695281982422
77.08549499511719
79.4408187866211
49.29538345336914
80.48872375488281
78.71617126464844
74.11663055419922
82.83257293701172
76.2283706665039
80.4920883178711
84.24063110351562
66.19837951660156
84.11872100830078
82.07925415039062
78.42973327636719
84.22956848144531
71.98280334472656
80.4296646118164
79.66094970703125
67.04727935791016
80.13936614990234
75.71411895751953
72.5745620727539
79.16121673583984
70.71721649169922
76.21316528320312
78.85894012451172
65.21048736572266
79.07172393798828
78.8421630859375
66.86469268798828
80.38196563720703
76.29605102539062
76.01834106445312
81.48343658447266
70.5494613647461
81.71405029296875
79.327880859375
76.3084945678711
81.56656646728516
71.31239318847656
79.56867218017578
79.909912109375
67.7315444946289
81.97964477539062
78.28766632080078
77.45526123046875
84.33977508544922
76.5892333984375
82.5491943359375
85.56299591064453
65.6908950805664
86.4057846069336
86.0560531616211
78.10295104980469
89.6390609741211
83.47843933105469
87.7412338256836
89.66459655761719
76.15087890625
89.62010192871094
84.30079650878906
82.56564331054688
88.9729995727539
84.09303283691406
86.15979766845703
91.5979232788086
74.48607635498047
92.48306274414062
90.14421081542969
86.24835968017578
93.5556640625
84.13052368164062
91.31362915039062
93.13601684570312
67.64039611816406
93.67207336425781
91.4453353881836
86.00836181640625
94.50949096679688
86.58025360107422
91.24153137207031
93.58193969726562
60.71180725097656
92.84295654296875
89.6354751586914
84.59497833251953
91.24491882324219
81.2582015991211
86.48529052734375
87.48941040039062
63.84309387207031
85.16676330566406
81.9884262084961
73.62799072265625
82.31342315673828
74.2944564819336
77.46345520019531
79.60272979736328
51.3170280456543
78.64700317382812
76.57714080810547
69.52058410644531
79.26453399658203
71.13463592529297
76.2817611694336
79.29743194580078
56.31321334838867
79.81471252441406
78.27483367919922
73.19746398925781
82.1187515258789
74.60232543945312
79.59329223632812
82.31157684326172
59.80083465576172
82.32847595214844
78.98382568359375
74.64608001708984
81.61477661132812
71.81918334960938
77.25397491455078
78.46406555175781
50.5660514831543
76.46351623535156
73.79984283447266
65.337890625
74.1056900024414
64.85562133789062
69.91337585449219
70.60846710205078
51.208656311035156
71.07210540771484
67.9100341796875
62.096229553222656
69.50032043457031
60.35051727294922
63.60600662231445
65.80200958251953
47.88410568237305
68.13107299804688
63.68638610839844
62.5267448425293
71.93220520019531
66.00627136230469
71.25248718261719
75.50450134277344
47.50675582885742
75.97225952148438
73.11509704589844
70.19613647460938
75.9478988647461
65.49187469482422
71.46356964111328
73.57312774658203
48.280845642089844
70.97853088378906
69.3050537109375
63.007469177246094
69.99531555175781
59.33930206298828
65.77173614501953
67.06719970703125
42.53166961669922
68.37315368652344
66.65618133544922
62.11420440673828
73.44623565673828
68.6694564819336
72.25529479980469
76.56449127197266
53.65594482421875
77.99803924560547
76.31623840332031
72.13170623779297
80.3064193725586
71.36703491210938
78.63157653808594
80.41539764404297
54.88286590576172
80.55974578857422
78.66886901855469
72.62287902832031
81.70323944091797
74.27881622314453
78.85172271728516
81.48961639404297
56.20101547241211
82.21826934814453
79.7137451171875
75.97606658935547
83.5816421508789
75.5941162109375
81.13877868652344
84.29393768310547
53.70009994506836
85.0870361328125
83.4773941040039
77.5223159790039
86.70134735107422
78.17768859863281
83.89315032958984
85.46398162841797
63.332740783691406
85.26260375976562
81.4291763305664
77.22775268554688
84.01969146728516
75.00318908691406
79.92268371582031
81.48895263671875
54.89008331298828
80.07653045654297
77.81764221191406
70.94608306884766
79.52238464355469
70.02466583251953
76.20692443847656
78.16353607177734
55.43138885498047
78.43228149414062
75.507080078125
71.2669448852539
79.00807189941406
71.30241394042969
75.69905090332031
78.34713745117188
56.21405792236328
77.68292236328125
76.10951232910156
70.29594421386719
78.63935852050781
69.96774291992188
77.44247436523438
79.94705963134766
58.035987854003906
81.82353973388672
80.02526092529297
74.66252899169922
84.42350006103516
78.02269744873047
81.79380798339844
85.42131805419922
67.0771713256836
85.37339782714844
80.98251342773438
77.7621078491211
82.47832489013672
71.42797088623047
76.958740234375
77.54907989501953
58.30052947998047
73.15983581542969
71.25086975097656
63.14387512207031
70.28558349609375
58.738712310791016
69.14704895019531
70.07551574707031
50.875343322753906
72.23094177246094
71.3420639038086
63.37978744506836
74.76354217529297
66.71442413330078
72.12073516845703
73.8286361694336
44.67226028442383
73.98636627197266
71.11991882324219
66.23905181884766
73.21463012695312
65.1416244506836
69.16434478759766
71.72247314453125
46.676788330078125
73.83110809326172
72.22128295898438
68.56822967529297
78.24009704589844
72.08383178710938
77.61141967773438
81.96131896972656
62.91767501831055
83.56743621826172
81.60189056396484
78.19843292236328
84.10091400146484
72.62614440917969
80.3396224975586
81.60926818847656
60.434207916259766
80.27859497070312
77.50425720214844
70.08049011230469
78.81818389892578
71.2732925415039
75.15620422363281
77.70672607421875
54.517337799072266
78.47040557861328
75.54191589355469
71.8795394897461
78.87361145019531
69.82776641845703
75.26555633544922
77.09072875976562
55.85044479370117
75.6959457397461
73.15836334228516
67.2264633178711
75.42864227294922
65.6489486694336
73.14920806884766
75.38288116455078
45.93600082397461
76.47705841064453
75.45403289794922
70.18695831298828
79.73526000976562
73.0390853881836
77.99108123779297
80.76176452636719
58.3577880859375
81.2439956665039
78.83873748779297
74.41114044189453
82.30430603027344
73.13577270507812
79.14974212646484
81.70233917236328
48.541927337646484
81.4712905883789
79.20712280273438
73.65803527832031
82.2615737915039
74.20765686035156
80.22814178466797
82.6127700805664
46.6831169128418
83.44854736328125
81.56025695800781
76.58008575439453
85.0119400024414
76.66279602050781
82.170654296875
83.76023864746094
60.05912399291992
82.44513702392578
78.22648620605469
72.01136016845703
78.18218994140625
70.45003509521484
69.46534729003906
71.67376708984375
57.468482971191406
67.88509368896484
63.113426208496094
63.26515579223633
70.29676818847656
64.82879638671875
68.87342071533203
74.64741516113281
59.90194320678711
76.4616470336914
73.95315551757812
72.66234588623047
80.0557632446289
70.82583618164062
79.87789154052734
82.34868621826172
57.258792877197266
83.98983764648438
82.30950164794922
77.13369750976562
85.89646911621094
78.23908996582031
82.88944244384766
85.2120361328125
58.808162689208984
84.28457641601562
80.75585174560547
75.42375183105469
82.00460815429688
70.66000366210938
77.13046264648438
77.54883575439453
51.105804443359375
75.7554702758789
72.61481475830078
65.89604187011719
74.03240203857422
67.57945251464844
71.22586822509766
73.99492645263672
59.910736083984375
78.25228881835938
76.4386215209961
74.77828216552734
83.48869323730469
76.8613052368164
82.74728393554688
86.96317291259766
64.80094909667969
88.33397674560547
87.00173950195312
82.1540298461914
90.29325866699219
80.00069427490234
87.43842315673828
88.40540313720703
66.66874694824219
87.71646881103516
84.43762969970703
78.3956069946289
86.19843292236328
78.93041229248047
81.75543212890625
84.58971405029297
64.11219024658203
83.44918060302734
79.97257995605469
75.91414642333984
82.38484191894531
71.58071899414062
78.9588851928711
80.90045928955078
52.26776885986328
81.16185760498047
79.08419036865234
73.42517852783203
82.31421661376953
73.09508514404297
79.99969482421875
81.70581817626953
58.44218444824219
82.52799224853516
79.9765396118164
76.18698120117188
83.48988342285156
75.23228454589844
80.53644561767578
82.96760559082031
51.947418212890625
82.43671417236328
79.43336486816406
74.60010528564453
81.38928985595703
72.04591369628906
77.78170013427734
79.99531555175781
45.243526458740234
80.75730895996094
78.54393005371094
74.63328552246094
83.07936096191406
74.24275207519531
81.14141082763672
83.67579650878906
51.42034149169922
84.35578155517578
81.74498748779297
77.64532470703125
84.69245147705078
74.51592254638672
81.2354736328125
82.16497802734375
61.178504943847656
81.00067901611328
77.44172668457031
71.61544036865234
77.94790649414062
