63.25322341918945
70.19916534423828
72.63410949707031
63.932674407958984
75.53826904296875
75.17353820800781
71.16520690917969
81.39965057373047
73.69359588623047
80.24794006347656
82.28152465820312
52.63029098510742
79.40359497070312
74.89142608642578
69.49464416503906
73.50093841552734
58.88631057739258
67.15231323242188
66.72889709472656
57.66775131225586
59.2882194519043
58.061988830566406
52.463260650634766
71.23944091796875
63.16734313964844
68.58674621582031
70.44779205322266
48.28590393066406
70.1939468383789
64.60181427001953
57.35529327392578
64.35801696777344
51.618412017822266
58.0864372253418
57.30775451660156
56.83980941772461
61.546783447265625
59.92281723022461
50.794219970703125
66.11138916015625
55.39640426635742
62.63632583618164
63.268585205078125
53.04096221923828
65.91131591796875
64.1656265258789
61.67543029785156
71.9564208984375
63.86183166503906
66.41206359863281
69.78131866455078
47.53218460083008
70.89418029785156
69.8862533569336
66.29950714111328
73.64031219482422
64.3281478881836
71.2951889038086
73.7272720336914
58.45920181274414
74.55432891845703
70.39873504638672
67.09635925292969
74.56909942626953
67.20154571533203
72.9172134399414
74.81491088867188
48.044403076171875
75.94244384765625
74.08500671386719
68.29812622070312
79.18940734863281
71.30773162841797
77.54113006591797
80.01302337646484
56.86494064331055
82.46876525878906
80.8774185180664
76.74239349365234
86.67089080810547
80.18446350097656
86.59398651123047
89.88063049316406
54.89118194580078
89.39169311523438
85.51627349853516
79.70053100585938
86.90569305419922
77.54199981689453
82.17759704589844
83.92800903320312
58.71772766113281
82.58534240722656
79.40180206298828
73.1940689086914
82.00999450683594
73.68019104003906
79.07453155517578
81.51182556152344
48.73830795288086
81.21424102783203
78.8272705078125
73.59058380126953
81.85570526123047
74.6339111328125
78.9833755493164
81.78921508789062
44.59098815917969
82.69271087646484
80.23529815673828
75.76245880126953
83.88813781738281
75.35060119628906
81.02458190917969
83.58854675292969
58.92490768432617
84.1222915649414
82.51654815673828
77.55360412597656
85.99856567382812
77.10213470458984
82.1994400024414
83.4837875366211
58.319271087646484
79.9061050415039
77.28868865966797
71.934814453125
82.64217376708984
76.6214599609375
82.09403991699219
85.71636199951172
54.672645568847656
84.43540954589844
80.71015930175781
72.43675994873047
77.17926788330078
66.6247329711914
73.23725891113281
80.6009750366211
54.40933609008789
85.88690185546875
85.9463119506836
82.91859436035156
92.28375244140625
84.6008529663086
90.45105743408203
92.50452423095703
61.70234680175781
91.75054168701172
88.92442321777344
82.83928680419922
91.04247283935547
82.74768829345703
87.45897674560547
89.56769561767578
41.9783935546875
89.82398986816406
87.20903778076172
82.99951171875
91.04873657226562
83.09793090820312
88.8196029663086
91.9294662475586
61.46004104614258
93.47015380859375
92.36253356933594
87.77481842041016
97.06221771240234
89.60939025878906
95.78106689453125
98.7385482788086
64.03569793701172
99.14397430419922
96.68449401855469
90.89580535888672
98.81224822998047
89.97996520996094
95.06927490234375
96.99793243408203
58.80582809448242
96.46570587158203
93.9710922241211
88.44692993164062
96.69546508789062
88.20464324951172
93.63870239257812
95.9859619140625
59.56314468383789
95.74325561523438
93.27301788330078
87.69766235351562
95.79915618896484
87.25761413574219
92.6556167602539
94.94473266601562
63.9620361328125
95.25942993164062
93.15179443359375
88.03219604492188
96.62882232666016
88.64453125
94.1627197265625
96.86955261230469
62.699119567871094
97.52611541748047
95.69696807861328
90.56097412109375
99.52706146240234
91.63613891601562
97.17078399658203
99.84626770019531
63.67027282714844
99.79856872558594
97.27312469482422
91.1803970336914
98.90263366699219
89.67465209960938
94.1187744140625
95.49959564208984
49.63308334350586
93.7288818359375
90.56978607177734
84.05052947998047
91.78768920898438
82.57733154296875
87.22367095947266
88.5913314819336
49.39781188964844
87.3635025024414
84.45848083496094
78.33102416992188
86.09272003173828
77.48558807373047
82.02500915527344
82.78942108154297
56.48505783081055
81.24981689453125
78.39823150634766
71.30296325683594
79.97659301757812
70.65263366699219
76.08567810058594
76.65293884277344
52.525508880615234
75.57283782958984
74.33111572265625
66.80913543701172
78.37136840820312
71.63182830810547
76.51703643798828
77.70918273925781
58.39357376098633
77.33924865722656
73.71401977539062
68.09489440917969
76.53311920166016
70.4049072265625
73.36473846435547
76.13346099853516
54.090606689453125
76.12088012695312
70.14472961425781
68.93396759033203
73.70384216308594
66.46105194091797
69.99212646484375
74.62440490722656
57.70397186279297
73.94383239746094
70.83712768554688
67.74911499023438
77.50511169433594
71.46194458007812
78.09200286865234
81.41151428222656
47.33485412597656
83.00003051757812
81.35623931884766
76.05803680419922
85.25653076171875
77.60362243652344
83.25973510742188
86.00532531738281
59.87833786010742
86.43399810791016
84.22822570800781
79.09846496582031
87.80142211914062
80.45883178710938
85.87400817871094
88.52288818359375
50.33915710449219
89.32504272460938
87.29173278808594
82.39981842041016
91.52079772949219
83.6312255859375
88.99798583984375
91.43647766113281
51.23189926147461
90.64473724365234
87.63016510009766
81.92830657958984
89.00911712646484
80.00157928466797
84.14598083496094
85.79032897949219
55.658172607421875
82.77312469482422
78.79684448242188
72.60067749023438
79.56442260742188
70.46563720703125
75.39334106445312
77.74313354492188
47.08258056640625
77.61737060546875
74.71660614013672
69.07672882080078
77.01336669921875
66.92493438720703
72.80127716064453
74.78984069824219
49.13585662841797
74.77685546875
72.3395767211914
66.88072967529297
74.64974975585938
65.68115997314453
70.82806396484375
72.7282485961914
55.11151885986328
71.83567810058594
70.57699584960938
63.909847259521484
73.73233795166016
66.64436340332031
71.85751342773438
74.62625122070312
56.16666030883789
75.95222473144531
73.71607971191406
67.39179992675781
77.61790466308594
69.70925903320312
75.89555358886719
78.98070526123047
50.11445236206055
80.5165786743164
79.18567657470703
74.8255386352539
83.837646484375
76.18142700195312
81.4291763305664
83.079833984375
55.3035774230957
80.69692993164062
76.74390411376953
70.44161224365234
77.38294219970703
68.44743347167969
72.89916229248047
73.17748260498047
44.41604232788086
72.2680892944336
69.31695556640625
64.25645446777344
73.42486572265625
63.051429748535156
71.6676025390625
73.32056427001953
48.39192581176758
74.56697845458984
73.09923553466797
66.05316162109375
77.23643493652344
70.62743377685547
75.3384780883789
77.76358795166016
52.078250885009766
78.8304672241211
76.47844696044922
71.62092590332031
79.78205871582031
72.1075668334961
77.03392028808594
79.21263885498047
45.787654876708984
79.71664428710938
75.89142608642578
69.81462097167969
76.99449157714844
65.47631072998047
73.2731704711914
75.91788482666016
44.28770065307617
79.90731048583984
79.25193786621094
73.81786346435547
83.78288269042969
75.89200592041016
81.49280548095703
83.65615844726562
50.51996994018555
83.08937072753906
80.38711547851562
74.67134094238281
82.25991821289062
74.1258773803711
77.84679412841797
80.49015045166016
55.944705963134766
80.60186004638672
78.84263610839844
73.64059448242188
81.50634002685547
72.62260437011719
77.69977569580078
80.0873794555664
50.603755950927734
79.5489273071289
76.90682220458984
72.06948852539062
80.04071044921875
71.17251586914062
77.69842529296875
80.66551208496094
49.338138580322266
80.81561279296875
78.05671691894531
71.84309387207031
80.92471313476562
72.224365234375
77.39067840576172
80.17385864257812
51.58676528930664
80.27818298339844
77.78688049316406
72.94598388671875
80.89539337158203
72.98970031738281
78.07918548583984
81.0782699584961
55.5012092590332
81.55659484863281
79.39328002929688
74.79054260253906
82.9128189086914
75.10980987548828
80.52851867675781
83.02149963378906
48.9407844543457
83.23597717285156
81.39818572998047
75.74456787109375
85.23356628417969
76.5926284790039
83.20498657226562
85.61137390136719
53.77825927734375
86.90862274169922
85.33457946777344
79.8313980102539
89.36759185791016
80.78638458251953
85.42283630371094
86.25934600830078
53.202232360839844
84.49974822998047
81.91390228271484
77.4426498413086
85.73389434814453
78.01982116699219
83.6156234741211
86.30672454833984
52.5464973449707
86.73494720458984
84.5060043334961
79.22630310058594
87.70551300048828
79.3448486328125
85.14774322509766
87.74937438964844
56.7305908203125
87.75160217285156
84.96331024169922
79.30003356933594
87.02781677246094
77.64458465576172
82.88884735107422
84.4681396484375
45.039588928222656
83.11055755615234
80.04280853271484
72.86279296875
81.48468780517578
72.28524017333984
76.85016632080078
78.62565612792969
48.909210205078125
76.44654083251953
73.43730163574219
66.8623275756836
74.08074951171875
63.98081970214844
65.52570343017578
65.56804656982422
44.50856018066406
67.0614242553711
68.28463745117188
65.46490478515625
75.60340881347656
68.26560974121094
77.19084167480469
81.27324676513672
45.07614517211914
85.16720581054688
84.69818115234375
80.4661636352539
89.81385040283203
82.04403686523438
87.2215805053711
89.43231964111328
54.48250961303711
88.51964569091797
85.60652923583984
79.81761169433594
87.70459747314453
78.5145034790039
83.32254791259766
85.05851745605469
52.46946716308594
83.4703140258789
80.57672119140625
74.98262786865234
83.25716400146484
74.6620864868164
81.15519714355469
83.4585189819336
49.57634353637695
83.77295684814453
81.68038940429688
76.54528045654297
84.6834716796875
76.2017593383789
81.6104736328125
84.05430603027344
50.03744125366211
84.23721313476562
81.72727966308594
76.43416595458984
85.2969741821289
77.3233413696289
82.12357330322266
85.3067855834961
51.39427947998047
85.63581848144531
83.24240112304688
79.07146453857422
87.23650360107422
79.2428970336914
85.4792251586914
88.7020034790039
60.645530700683594
89.51329040527344
87.54299926757812
81.72956848144531
89.91809844970703
80.62564086914062
85.34210968017578
86.78668212890625
46.067955017089844
84.40067291259766
81.11141204833984
74.55915069580078
82.25601196289062
