72.691650390625
74.99701690673828
75.15990447998047
77.34925842285156
76.93923950195312
79.10862731933594
77.01246643066406
76.31500244140625
73.57858276367188
73.2716293334961
71.61389923095703
65.5264892578125
66.9892349243164
60.104469299316406
64.27776336669922
63.07937240600586
61.65770721435547
64.54409790039062
63.70180130004883
65.86918640136719
66.44396209716797
67.50251007080078
71.38386535644531
70.37801361083984
73.59344482421875
74.57933807373047
78.16771697998047
75.8739242553711
76.62736511230469
72.1783218383789
72.47660064697266
68.30379486083984
68.7200698852539
63.057315826416016
61.176239013671875
56.176856994628906
58.4866828918457
50.5853157043457
51.74423599243164
49.42118453979492
59.3802375793457
59.56077194213867
58.06536865234375
61.17034912109375
58.240577697753906
61.285797119140625
65.07060241699219
62.665992736816406
63.395565032958984
62.82305908203125
65.63811492919922
63.509517669677734
67.4778823852539
68.0438003540039
68.06490325927734
70.90805053710938
69.71593475341797
71.61197662353516
72.17749786376953
71.84735870361328
71.91019439697266
73.5290298461914
74.04706573486328
74.56695556640625
76.2143783569336
77.02579498291016
77.99532318115234
78.8386001586914
80.203857421875
80.26123809814453
80.76679229736328
80.80939483642578
80.30743408203125
78.80213165283203
78.85570526123047
76.79704284667969
77.43611145019531
75.43933868408203
75.47901916503906
74.466064453125
75.14073944091797
74.28392791748047
74.15443420410156
73.90672302246094
72.88824462890625
73.52190399169922
74.28643035888672
74.79725646972656
73.59381866455078
74.08502960205078
73.54466247558594
73.61981964111328
74.79422760009766
73.90946960449219
72.7485122680664
73.83536529541016
74.4581527709961
73.87183380126953
74.57316589355469
74.05640411376953
75.01737213134766
73.21640014648438
74.17050170898438
73.68424224853516
74.94583892822266
74.54090881347656
74.5964584350586
75.58436584472656
72.95964050292969
75.08863830566406
74.08686828613281
73.58675384521484
73.18730926513672
74.15864562988281
76.12602233886719
76.1346435546875
79.76306915283203
81.59033203125
84.97433471679688
87.46604919433594
88.98426055908203
89.92813873291016
90.07675170898438
90.40982055664062
90.76856994628906
91.12429809570312
91.38561248779297
91.86293029785156
91.58203887939453
91.56237030029297
89.94693756103516
88.8506851196289
86.22630310058594
84.70454406738281
82.25849914550781
80.40592193603516
79.51641082763672
77.37132263183594
78.13472747802734
79.8775863647461
82.081298828125
84.75898742675781
85.99182891845703
87.52687072753906
86.47068786621094
85.8301773071289
85.57930755615234
85.45867919921875
85.83865356445312
85.23751068115234
85.22541809082031
84.54557800292969
84.87786102294922
84.50965118408203
84.69904327392578
84.7092514038086
85.22016143798828
85.85965728759766
86.21183776855469
87.10201263427734
87.54915618896484
88.75386047363281
89.42604064941406
90.67518615722656
91.60492706298828
92.84580993652344
93.64107513427734
94.5771255493164
94.82555389404297
95.38516998291016
95.0315170288086
95.1690902709961
94.66411590576172
93.97933959960938
92.94274139404297
91.09675598144531
90.64794921875
89.89140319824219
90.0888442993164
89.81718444824219
89.7054443359375
89.67095947265625
89.58259582519531
89.55945587158203
89.35691833496094
89.35099792480469
89.33470153808594
89.525390625
89.22209930419922
89.54810333251953
89.39111328125
89.77655792236328
89.51065063476562
89.75045776367188
89.91377258300781
90.18704223632812
90.43854522705078
90.7568130493164
91.3272476196289
91.39808654785156
91.9970474243164
92.33275604248047
92.94346618652344
93.50348663330078
94.0283432006836
94.57003784179688
95.10323333740234
95.39521789550781
95.48345947265625
95.34784698486328
95.09510803222656
94.48970031738281
93.76396942138672
92.94219207763672
91.95105743408203
90.8629379272461
89.88285827636719
89.09857177734375
87.89702606201172
87.18476104736328
86.05396270751953
85.46684265136719
84.43710327148438
84.04793548583984
83.27207946777344
82.30891418457031
81.8687515258789
81.3853759765625
80.56022644042969
79.67129516601562
80.03465270996094
79.23258972167969
78.92145538330078
77.04902648925781
78.02685546875
77.1290054321289
76.7353286743164
76.1000747680664
75.90182495117188
76.34715270996094
73.88404083251953
75.0274429321289
73.88082885742188
73.99353790283203
72.9482421875
73.31473541259766
70.45000457763672
71.70181274414062
71.10464477539062
69.68449401855469
70.61927795410156
69.47437286376953
71.0987319946289
69.66259002685547
70.42826843261719
69.23773956298828
69.23577880859375
70.08541107177734
68.56182861328125
70.04263305664062
66.03962707519531
68.80689239501953
65.34371948242188
68.2369155883789
71.24839782714844
74.46131134033203
76.53009033203125
77.64319610595703
78.4365463256836
77.029541015625
75.70722198486328
72.47756958007812
69.02024841308594
66.31786346435547
68.2110595703125
68.76679229736328
69.92829132080078
72.16461944580078
71.46825408935547
73.43475341796875
74.39649963378906
75.73821258544922
75.8602294921875
77.04188537597656
78.55977630615234
78.92745208740234
80.26143646240234
81.14643096923828
82.41474151611328
83.42810821533203
84.8083267211914
85.65583038330078
86.76077270507812
87.6762924194336
88.41585540771484
88.48497009277344
88.73394012451172
88.47653198242188
88.19035339355469
87.50904083251953
86.9974365234375
85.92959594726562
85.68724060058594
84.7066650390625
84.49105834960938
83.69791412353516
83.11102294921875
82.81517791748047
82.09156036376953
81.94328308105469
81.30757904052734
81.5354995727539
80.96460723876953
81.10818481445312
80.47193908691406
80.83313751220703
80.97570037841797
80.94733428955078
80.87903594970703
80.72256469726562
81.68370819091797
81.04685974121094
81.92855072021484
81.6578369140625
82.46138000488281
82.72697448730469
83.33363342285156
83.8349609375
84.29660034179688
85.3370590209961
85.74885559082031
87.20045471191406
87.56053924560547
88.49335479736328
87.97483825683594
87.04157257080078
85.0425796508789
82.72463989257812
80.87744140625
78.76405334472656
77.5250244140625
76.7293472290039
75.33244323730469
77.10396575927734
78.8781509399414
79.98184204101562
81.14637756347656
81.27497100830078
80.66218566894531
79.16447448730469
77.87943267822266
76.71595001220703
74.87516021728516
73.75875091552734
72.81958770751953
70.82959747314453
69.63368225097656
68.3531723022461
67.99002838134766
69.31979370117188
66.68939208984375
69.6949462890625
70.00210571289062
70.94843292236328
72.58679962158203
72.68842315673828
71.3776626586914
70.55760192871094
69.24610900878906
67.3753890991211
65.89318084716797
64.37554168701172
64.27144622802734
65.59261322021484
66.11090087890625
70.15804290771484
69.08972930908203
71.8185806274414
72.64269256591797
75.34931945800781
75.22643280029297
76.95536804199219
78.5056381225586
79.75552368164062
80.56810760498047
81.84882354736328
83.50790405273438
84.67947387695312
86.30255889892578
87.52852630615234
88.37113952636719
89.337158203125
89.44475555419922
89.52198028564453
88.98249053955078
88.30750274658203
87.74066925048828
86.6571273803711
86.26802062988281
85.73572540283203
85.00816345214844
84.35641479492188
84.2713851928711
83.64425659179688
83.54827880859375
83.07379913330078
82.61398315429688
82.71747589111328
82.63252258300781
82.10728454589844
81.6222915649414
81.9107437133789
81.48149871826172
81.67745971679688
81.37445068359375
81.42310333251953
81.48350524902344
81.16212463378906
81.83830261230469
81.42166137695312
81.64906311035156
81.0283203125
81.65708923339844
81.29937744140625
80.95042419433594
81.40702056884766
81.40422821044922
81.32271575927734
81.09188079833984
80.86963653564453
80.68415832519531
80.94696807861328
81.23047637939453
81.28068542480469
81.45223236083984
82.06172943115234
82.32730865478516
82.49240112304688
82.84376525878906
83.34042358398438
83.5668716430664
84.00774383544922
84.90525817871094
84.74160766601562
85.77452850341797
86.14280700683594
86.6148910522461
87.14727783203125
87.43012237548828
87.152099609375
86.53329467773438
85.74060821533203
84.07050323486328
82.64788055419922
80.40340423583984
79.25093841552734
76.67668914794922
75.32019805908203
74.6153793334961
74.26224517822266
75.15094757080078
75.64260864257812
76.97447204589844
78.12860107421875
79.83129119873047
81.43254852294922
82.69869232177734
84.34894561767578
85.29084777832031
86.12886047363281
86.66130828857422
87.00176239013672
86.33763122558594
86.22632598876953
85.22205352783203
84.76053619384766
83.61995697021484
82.79420471191406
82.12195587158203
80.99812316894531
79.59898376464844
78.5451889038086
76.0464859008789
74.37184143066406
72.17951965332031
69.7547607421875
66.76459503173828
65.39285278320312
66.92266845703125
66.66962432861328
64.8399658203125
66.84678649902344
65.55357360839844
67.85186004638672
68.64234924316406
71.15306091308594
73.18152618408203
74.74319458007812
76.86763763427734
77.8807601928711
80.88526153564453
82.17989349365234
83.77904510498047
84.78793334960938
85.5440673828125
85.89006042480469
85.73475646972656
85.55461120605469
84.99258422851562
84.60537719726562
84.06689453125
83.3930892944336
83.20560455322266
82.76399993896484
82.4994125366211
81.72207641601562
81.78641510009766
81.71908569335938
81.17686462402344
81.334716796875
81.06160736083984
81.14038848876953
80.9379653930664
81.00923919677734
81.16741180419922
81.08934783935547
80.85262298583984
80.51307678222656
80.8744125366211
80.02498626708984
80.29151153564453
79.64591217041016
78.87409210205078
78.08556365966797
77.89812469482422
77.81231689453125
78.65300750732422
79.4564437866211
80.40034484863281
80.99853515625
81.23051452636719
80.7149887084961
80.337646484375
78.89433288574219
77.8940200805664
76.53365325927734
74.94424438476562
74.29833984375
74.38307189941406
72.12727355957031
71.80753326416016
71.63215637207031
70.28380584716797
70.78357696533203
67.00892639160156
69.52953338623047
68.58826446533203
68.99291229248047
69.03141784667969
67.23031616210938
67.28939819335938
66.27455139160156
68.6195297241211
67.97032165527344
70.89224243164062
71.72975158691406
74.248291015625
74.69525909423828
76.74413299560547
77.76615905761719
78.30728912353516
78.71410369873047
78.98960876464844
79.0089340209961
78.86721801757812
78.57817077636719
