71.82970428466797
73.18370819091797
73.72737884521484
75.5422134399414
75.69758605957031
77.02216339111328
77.10015869140625
77.33282470703125
74.10265350341797
72.34564208984375
71.26214599609375
68.17801666259766
68.27250671386719
65.16468811035156
64.97437286376953
63.6132926940918
60.12385559082031
59.21141052246094
58.75027847290039
60.26163101196289
58.695804595947266
64.70555877685547
65.07157135009766
68.80075073242188
68.10411071777344
72.96309661865234
72.7654800415039
74.8548355102539
76.05416107177734
74.4486083984375
72.7873764038086
69.72925567626953
69.92845916748047
67.85435485839844
59.238643646240234
60.96375274658203
52.04383850097656
62.903987884521484
54.022884368896484
50.335960388183594
46.314510345458984
43.41200256347656
56.203346252441406
55.51518630981445
56.17689514160156
60.748191833496094
55.095733642578125
63.10963821411133
61.75059127807617
63.412235260009766
57.611873626708984
62.90944290161133
62.07310104370117
66.98257446289062
66.49006652832031
66.50180053710938
67.64897155761719
67.95738983154297
69.34317779541016
67.27236938476562
70.33216857910156
68.53990173339844
72.02726745605469
70.5411605834961
72.72572326660156
72.37908935546875
73.50501251220703
73.03414154052734
73.508056640625
76.01670837402344
75.38801574707031
77.5023422241211
77.55816650390625
79.5206527709961
80.03082275390625
81.67871856689453
81.7423095703125
81.82626342773438
81.0152816772461
80.36215209960938
79.2400894165039
78.0809097290039
77.52728271484375
76.6358871459961
76.9569091796875
74.939453125
76.13383483886719
75.04637145996094
75.50216674804688
74.75997161865234
74.74601745605469
74.36348724365234
74.99755096435547
75.1307144165039
73.53990936279297
75.3270492553711
74.19595336914062
75.68590545654297
73.61186218261719
75.32502746582031
74.4105453491211
75.81368255615234
75.27346801757812
74.63740539550781
74.55718231201172
74.42198944091797
75.15874481201172
73.88388061523438
74.9981689453125
73.5748519897461
74.62294006347656
73.90235137939453
74.88204956054688
78.15777587890625
78.6947250366211
82.9746322631836
84.44990539550781
87.16960906982422
87.89254760742188
88.6486587524414
88.86451721191406
89.45314025878906
89.83819580078125
90.0665512084961
90.1357650756836
89.52899169921875
88.56700134277344
86.84162139892578
85.30432891845703
83.21701049804688
81.7363052368164
79.18146514892578
78.70099639892578
75.71870422363281
74.92414093017578
71.05083465576172
71.59814453125
66.95442962646484
63.47666549682617
69.13337707519531
72.04570770263672
77.24199676513672
76.9745101928711
80.33604431152344
78.3380126953125
79.62555694580078
78.35104370117188
80.52729797363281
81.93433380126953
82.44743347167969
83.01607513427734
82.75969696044922
83.3154525756836
82.69075775146484
83.81640625
84.20105743408203
85.07369995117188
85.55705261230469
86.67749786376953
87.64551544189453
88.76847839355469
90.02365112304688
91.06449890136719
92.17259216308594
92.94937133789062
93.51234436035156
93.674560546875
93.50884246826172
93.21295928955078
92.48284149169922
92.0579833984375
91.12403106689453
90.40997314453125
89.06460571289062
88.3275146484375
87.45133972167969
87.3904800415039
88.03929901123047
88.04983520507812
88.40300750732422
88.05895233154297
88.51493072509766
88.41114044189453
88.5989761352539
88.54993438720703
88.59748077392578
88.83468627929688
88.82597351074219
89.17054748535156
89.04192352294922
89.36441802978516
89.44556427001953
89.85176849365234
89.9427719116211
90.32791900634766
90.68067932128906
91.17951202392578
91.55831909179688
92.1567611694336
92.65885925292969
93.29312133789062
93.85228729248047
94.23397827148438
94.45445251464844
94.36676025390625
94.19487762451172
93.8824462890625
93.60530853271484
92.73088073730469
91.98835754394531
90.84186553955078
90.09814453125
89.00404357910156
88.09859466552734
87.087890625
86.23450469970703
85.26590728759766
84.60494232177734
83.90814208984375
82.55513763427734
82.46957397460938
81.33036804199219
81.00146484375
79.93135833740234
79.79486083984375
78.59569549560547
78.30866241455078
77.67516326904297
77.47991943359375
77.32536315917969
75.77274322509766
76.36595153808594
75.30269622802734
75.51971435546875
74.94012451171875
74.79621124267578
73.75390625
73.33224487304688
73.44328308105469
72.65148162841797
73.30155944824219
71.34815216064453
73.08052062988281
69.73059844970703
70.81477355957031
68.63460540771484
68.9269790649414
68.5569839477539
67.03296661376953
68.5230484008789
67.44386291503906
68.58744812011719
68.05353546142578
68.39967346191406
67.69133758544922
68.39826965332031
67.57402801513672
69.10404205322266
68.56476593017578
67.58244323730469
67.91986083984375
65.49947357177734
68.65099334716797
66.7179183959961
67.36083984375
63.985137939453125
58.93025207519531
62.54490280151367
66.79965209960938
66.24964141845703
64.91361999511719
65.5206069946289
61.76664352416992
67.62100219726562
68.391845703125
69.3621597290039
69.79302978515625
71.63717651367188
71.90452575683594
72.49259948730469
73.41629028320312
73.6758804321289
75.14732360839844
75.56363677978516
76.37171936035156
77.73837280273438
79.48542022705078
79.91941833496094
81.8204345703125
82.35140991210938
83.5357894897461
84.64961242675781
85.30575561523438
86.37091827392578
86.85858917236328
87.507568359375
87.35118865966797
87.07350158691406
86.52828979492188
86.18292999267578
85.39468383789062
84.7597427368164
83.83959197998047
83.43025970458984
82.8095703125
82.30384826660156
81.72725677490234
81.33148193359375
80.63195037841797
80.05950927734375
80.13127136230469
79.73414611816406
80.0687484741211
78.98989868164062
79.76661682128906
79.18839263916016
79.75563049316406
79.60305786132812
79.55208587646484
79.22666931152344
79.5319595336914
79.84494018554688
80.07307434082031
80.90878295898438
80.61945343017578
81.61952209472656
81.36968994140625
82.78541564941406
82.99488830566406
83.87967681884766
84.50874328613281
85.21100616455078
85.4763412475586
84.57902526855469
83.71244049072266
81.00237274169922
80.56771087646484
78.13130187988281
79.76789855957031
80.27314758300781
81.79548645019531
83.63604736328125
84.40316009521484
85.32494354248047
84.39353942871094
83.7217788696289
81.56770324707031
80.79295349121094
78.80953979492188
77.56157684326172
76.12640380859375
74.28040313720703
72.77740478515625
71.58899688720703
69.93943786621094
70.2815933227539
67.93973541259766
64.50579833984375
66.89332580566406
66.0276870727539
67.5843276977539
68.76068115234375
70.31742095947266
70.57949829101562
70.87065887451172
71.28227996826172
70.01669311523438
68.63494873046875
67.21434783935547
67.56378173828125
64.82186126708984
65.11072540283203
65.4690170288086
65.78461456298828
69.152587890625
68.99429321289062
72.81729888916016
71.92914581298828
74.0125732421875
74.27474212646484
76.4995346069336
77.21365356445312
78.51241302490234
80.19554138183594
81.3037338256836
83.16972351074219
84.12785339355469
85.8741226196289
86.88802337646484
87.95918273925781
88.17205047607422
88.16840362548828
87.61925506591797
87.10614776611328
86.3095474243164
85.64717102050781
85.12590789794922
84.69933319091797
84.1898422241211
83.40750122070312
83.20883178710938
82.45121765136719
82.65731048583984
81.9150161743164
81.85223388671875
81.95100402832031
81.74271392822266
81.20651245117188
80.19184112548828
79.3425064086914
79.20347595214844
79.06778717041016
79.2742919921875
79.18524169921875
78.81029510498047
79.40666961669922
79.0730972290039
79.3211669921875
79.26029205322266
79.0643539428711
79.03406524658203
79.10124206542969
79.0327377319336
79.12191772460938
78.94410705566406
78.98137664794922
79.14454650878906
78.9207992553711
79.07444763183594
79.14613342285156
79.14645385742188
79.47052001953125
79.80628967285156
80.09542083740234
79.96873474121094
80.30577087402344
80.5647964477539
81.42654418945312
81.33846282958984
82.06120300292969
82.19154357910156
83.00873565673828
83.2220458984375
84.02970123291016
84.58049774169922
84.77733612060547
84.65876770019531
84.10340881347656
82.64990997314453
81.24762725830078
78.9642105102539
76.98116302490234
75.5385971069336
72.6061782836914
71.46075439453125
69.56990051269531
69.15646362304688
69.58150482177734
69.73945617675781
72.69667053222656
72.72685241699219
74.20686340332031
75.50863647460938
76.92618560791016
78.26641845703125
79.2060317993164
80.1573715209961
81.42698669433594
82.03990936279297
82.20893096923828
82.47029113769531
81.84159088134766
80.9272232055664
79.8119888305664
78.60652160644531
77.03099060058594
77.02010345458984
76.78128814697266
77.69276428222656
78.0339126586914
78.37806701660156
78.4320297241211
77.38036346435547
76.81604766845703
74.79102325439453
74.36306762695312
72.61873626708984
71.40582275390625
71.12670135498047
71.3028793334961
72.62651062011719
73.79541015625
75.42211151123047
76.78948211669922
78.33072662353516
80.26500701904297
82.07540893554688
83.4905776977539
84.87319946289062
85.8594741821289
86.38538360595703
86.59649658203125
86.63961791992188
86.173095703125
85.62753295898438
85.119873046875
84.51066589355469
84.1615982055664
83.56529235839844
83.37129974365234
82.84469604492188
82.46331024169922
82.26815795898438
81.8694839477539
82.1095962524414
81.59349060058594
81.33743286132812
80.45733642578125
80.33055877685547
79.48664093017578
80.02946472167969
79.77124786376953
79.71964263916016
80.03192138671875
80.02192687988281
80.16521453857422
79.72500610351562
80.08999633789062
79.50336456298828
79.09769439697266
78.11732482910156
77.56108093261719
75.3689193725586
75.76753234863281
73.17431640625
72.99293518066406
71.86897277832031
70.80786895751953
70.43075561523438
68.42243194580078
68.46192169189453
67.13175964355469
68.74442291259766
68.48697662353516
71.223876953125
69.8204574584961
70.43672180175781
67.98750305175781
70.585205078125
68.46405792236328
70.31841278076172
69.86849212646484
72.66246032714844
73.11555480957031
74.29408264160156
73.91478729248047
74.64139556884766
72.99246978759766
72.1277084350586
69.53630828857422
68.27213287353516
60.988319396972656
61.094261169433594
53.504981994628906
57.480770111083984
65.06258392333984
67.26990509033203
71.15699768066406
72.01543426513672
72.9393310546875
73.72064208984375
73.59976959228516
73.76062774658203
73.1635513305664
74.24727630615234
73.7051010131836
