71.3151626586914
72.88385009765625
79.01870727539062
66.90056610107422
79.57537078857422
79.48786163330078
74.14298248291016
81.3546142578125
71.08655548095703
76.63573455810547
74.3922119140625
57.65694808959961
73.47850799560547
68.3584213256836
66.2893295288086
69.39469146728516
58.49275588989258
67.1073226928711
67.36078643798828
60.7877311706543
70.89971923828125
70.5351791381836
64.30912780761719
74.7612533569336
70.93800354003906
72.52259063720703
78.05815887451172
67.39441680908203
80.08499145507812
75.32972717285156
74.4474868774414
76.62688446044922
58.52753448486328
72.88600158691406
72.46540832519531
64.38648986816406
68.89490509033203
66.73812103271484
60.82855987548828
64.43011474609375
60.25428771972656
59.051551818847656
43.38698959350586
60.16730880737305
64.91183471679688
60.07158279418945
62.221153259277344
69.62506103515625
64.12313079833984
66.4786605834961
71.2315444946289
60.200496673583984
68.26516723632812
70.71415710449219
57.942588806152344
69.82472229003906
67.00186157226562
67.61622619628906
70.21444702148438
63.715301513671875
73.18942260742188
70.3646469116211
71.28071594238281
77.03103637695312
64.56227111816406
76.86151123046875
78.64828491210938
63.321598052978516
80.46700286865234
79.44898223876953
72.87593841552734
83.1986312866211
77.93986511230469
80.29479217529297
85.24757385253906
71.62467193603516
85.64679718017578
83.14588928222656
79.62789916992188
85.1340560913086
73.391357421875
81.8827133178711
82.2250747680664
62.9030876159668
81.85610961914062
78.49597930908203
75.48835754394531
82.18992614746094
72.38094329833984
78.69928741455078
80.73292541503906
54.6326904296875
80.73382568359375
78.84589385986328
70.93987274169922
81.51708221435547
75.15996551513672
76.565185546875
80.28983306884766
65.76924133300781
77.87422943115234
77.05956268310547
71.37551879882812
77.47500610351562
70.54456329345703
77.07879638671875
75.52118682861328
70.66281127929688
81.1940689086914
77.05992126464844
78.23882293701172
83.93028259277344
81.05113983154297
81.04999542236328
88.63965606689453
79.319091796875
89.49080657958984
90.49884033203125
80.25505065917969
92.868408203125
87.48006439208984
89.35716247558594
93.45214080810547
81.14926147460938
93.39185333251953
91.58536529541016
87.23532104492188
93.07649230957031
80.87816619873047
89.0643539428711
88.23102569580078
70.09580993652344
86.68513488769531
82.51165771484375
77.17481231689453
82.39683532714844
75.6317367553711
73.04678344726562
75.79158782958984
70.50372314453125
66.87568664550781
74.44794464111328
75.4935073852539
81.31266784667969
74.73214721679688
81.66410064697266
82.7092514038086
70.13233184814453
86.41262817382812
84.0227279663086
82.55764770507812
89.1646957397461
79.12367248535156
88.14183807373047
90.45116424560547
71.24161529541016
91.85847473144531
91.14240264892578
83.1570816040039
94.97518157958984
90.23648834228516
92.08712005615234
97.13799285888672
82.51698303222656
97.52473449707031
95.9753646850586
90.98564147949219
98.48462677001953
88.72635650634766
95.44805145263672
96.49707794189453
74.58489990234375
95.84127044677734
92.4997329711914
86.23754119873047
94.82730865478516
88.60884857177734
90.06757354736328
94.02597045898438
78.33765411376953
92.76463317871094
91.34892272949219
85.5782699584961
93.72321319580078
84.97941589355469
91.9192123413086
93.42276763916016
76.0695571899414
94.95359802246094
91.84671783447266
89.40379333496094
96.65796661376953
88.24781799316406
94.28292846679688
97.10246276855469
77.8094711303711
97.33596801757812
96.48987579345703
87.43314361572266
99.16865539550781
93.86454010009766
95.41704559326172
99.6257553100586
84.07001495361328
98.94673156738281
96.83140563964844
91.02935028076172
98.50528717041016
89.06852722167969
94.538330078125
95.47638702392578
69.51934814453125
94.15988159179688
90.79462432861328
84.73249053955078
92.16964721679688
83.65525817871094
86.97528839111328
89.15795135498047
66.66686248779297
86.85051727294922
84.4912338256836
77.31397247314453
85.47779083251953
77.91767120361328
81.14411163330078
82.85420227050781
59.43669891357422
82.58805084228516
79.23599243164062
74.3117904663086
81.84536743164062
72.83035278320312
78.07183837890625
79.66146850585938
53.15156555175781
79.00237274169922
76.68175506591797
71.01417541503906
78.88105010986328
70.75292205810547
75.09032440185547
77.39169311523438
57.18356704711914
77.05308532714844
72.31407165527344
67.5849380493164
75.26318359375
68.19731140136719
70.3970718383789
74.17797088623047
54.540348052978516
72.90420532226562
71.90739440917969
64.0124282836914
72.880615234375
66.17130279541016
70.66034698486328
72.56966400146484
59.08540725708008
73.20697784423828
71.64434051513672
68.85074615478516
74.01654815673828
60.74602127075195
70.8780746459961
68.40617370605469
64.27813720703125
62.160987854003906
68.7328109741211
60.32918167114258
64.4665298461914
66.8740463256836
69.638916015625
68.7913818359375
69.04483795166016
75.91706085205078
70.71736145019531
75.06689453125
79.3796157836914
68.13093566894531
80.30459594726562
81.6739501953125
69.37447357177734
84.05529022216797
83.37311553955078
76.18283081054688
87.29844665527344
82.13465881347656
84.30048370361328
89.19657897949219
74.461181640625
89.61091613769531
89.39993286132812
83.03126525878906
92.2406997680664
84.76879119873047
89.73365783691406
90.95506286621094
74.98676300048828
90.69693756103516
86.78361511230469
83.97154235839844
89.7442398071289
79.51949310302734
86.22502136230469
87.67009735107422
58.52294921875
86.65512084960938
84.0982437133789
77.1168212890625
86.08231353759766
79.10120391845703
81.78407287597656
84.6964340209961
65.83397674560547
84.29685974121094
82.13457489013672
77.33892822265625
85.70975494384766
77.14315032958984
83.1148681640625
85.7147445678711
57.065460205078125
86.66836547851562
84.91107940673828
79.09667205810547
88.82349395751953
81.8878402709961
86.17633819580078
89.63887786865234
74.72000122070312
90.4194564819336
86.23426818847656
84.95632934570312
88.82807922363281
76.62737274169922
85.37994384765625
86.60149383544922
74.85538482666016
86.23209381103516
86.79222106933594
75.20011138916016
89.14275360107422
81.84475708007812
85.37940979003906
86.11897277832031
66.85232543945312
84.135009765625
80.27350616455078
74.68948364257812
81.16887664794922
72.4845199584961
74.57489776611328
76.04843139648438
55.50341796875
72.5295181274414
70.31085968017578
65.8224105834961
72.33649444580078
63.58247756958008
71.74031066894531
75.05516052246094
55.056461334228516
76.34044647216797
72.22795104980469
67.59642028808594
74.32756042480469
67.01300811767578
66.97700500488281
70.17884826660156
61.332881927490234
68.14556121826172
67.06137084960938
69.1477279663086
76.75786590576172
63.956058502197266
78.24801635742188
79.90524291992188
66.59117126464844
83.31747436523438
82.1316909790039
76.50916290283203
87.30339050292969
82.73448181152344
84.7498779296875
90.1043472290039
76.08486938476562
90.85637664794922
90.494873046875
85.03260803222656
93.03990173339844
83.48906707763672
90.11446380615234
91.15084838867188
70.09512329101562
90.79994201660156
87.55243682861328
82.69339752197266
90.07206726074219
82.00755310058594
85.67176818847656
88.40910339355469
68.24656677246094
86.72174835205078
85.04081726074219
76.80720520019531
86.44396209716797
77.9013900756836
82.24827575683594
83.88139343261719
60.90985107421875
83.88255310058594
81.27108001708984
77.56958770751953
84.72010803222656
75.73995971679688
82.39398193359375
84.85870361328125
50.624977111816406
84.35823822021484
82.27227020263672
75.66900634765625
84.90884399414062
77.56187438964844
81.30201721191406
83.7629623413086
61.09315490722656
83.69113159179688
81.46231079101562
76.60081481933594
84.88146209716797
76.00996398925781
82.7940902709961
85.27800750732422
55.30516052246094
86.27848815917969
84.36795806884766
78.66941833496094
88.0156021118164
81.49512481689453
84.85466766357422
88.71431732177734
71.72295379638672
88.59236145019531
87.02501678466797
81.64319610595703
88.96665954589844
78.7249984741211
85.17613983154297
84.39100646972656
66.55661010742188
82.07438659667969
77.50982666015625
68.97457122802734
76.8794174194336
68.55386352539062
72.31253051757812
74.3050308227539
62.76627731323242
78.72415924072266
76.75715637207031
75.39002227783203
83.43138885498047
76.17523193359375
82.48744201660156
85.60887145996094
65.43144226074219
87.12112426757812
84.93950653076172
82.2765884399414
88.14859771728516
73.65247344970703
85.65017700195312
84.21891784667969
71.5948715209961
84.00048828125
80.64619445800781
73.56996154785156
82.52986907958984
75.84117126464844
77.40699768066406
80.45195007324219
65.08112335205078
78.07674407958984
72.33624267578125
74.55328369140625
77.97684478759766
66.61669921875
78.5705337524414
80.43341064453125
71.59493255615234
82.81682586669922
83.28074645996094
73.53334045410156
86.92623138427734
83.37688446044922
84.04364013671875
89.68265533447266
75.61727142333984
89.98706817626953
88.59622192382812
83.28498840332031
90.97755432128906
81.86123657226562
87.80419921875
89.2664566040039
62.160274505615234
88.95880126953125
86.24148559570312
80.52239990234375
88.59745788574219
80.82967376708984
84.428466796875
87.08099365234375
56.70012664794922
85.534912109375
83.32110595703125
74.16207122802734
84.93682861328125
78.64347076416016
80.27604675292969
84.0064468383789
69.42058563232422
83.1827163696289
81.4037094116211
76.09088897705078
83.57371520996094
74.16033172607422
80.68120574951172
80.9769515991211
66.81999206542969
80.67163848876953
75.05358123779297
72.83863830566406
78.34111785888672
69.93815612792969
73.4333724975586
75.89335632324219
59.319061279296875
72.77696228027344
72.55887603759766
59.95331954956055
69.76361083984375
69.88472747802734
61.874595642089844
69.91512298583984
69.00210571289062
64.84442138671875
74.84078979492188
66.75886535644531
75.52954864501953
76.1357421875
71.84505462646484
79.30503845214844
71.7474594116211
78.12960815429688
75.75392150878906
71.40437316894531
75.4292984008789
54.38948440551758
70.47750091552734
67.08413696289062
60.28345489501953
63.751102447509766
69.25811767578125
51.738285064697266
74.58285522460938
71.34017944335938
73.12246704101562
77.45087432861328
60.24605941772461
77.92964172363281
75.75506591796875
70.83251953125
79.0861587524414
