78.38892364501953
74.67807006835938
80.78478240966797
78.81077575683594
82.16883087158203
83.26310729980469
79.5593490600586
84.63346099853516
74.2548828125
81.59040832519531
74.5620346069336
72.28290557861328
75.6091537475586
65.47334289550781
73.74884796142578
64.86872863769531
68.07211303710938
69.51368713378906
53.9171142578125
68.41077423095703
66.26543426513672
67.97135162353516
71.6708984375
71.06038665771484
75.27095794677734
71.63534545898438
79.86746978759766
76.11093139648438
82.64808654785156
78.88272094726562
79.64768981933594
78.32095336914062
69.37809753417969
76.15106201171875
54.56473922729492
73.38069152832031
66.2071533203125
71.40774536132812
67.45647430419922
59.03850555419922
69.04505920410156
66.3092269897461
68.42034912109375
65.16908264160156
68.48838806152344
62.49714279174805
71.36302185058594
50.97104263305664
66.7255630493164
65.36443328857422
68.36943054199219
70.55941772460938
60.58161544799805
74.36988830566406
64.604736328125
72.6012191772461
73.3851547241211
69.54462432861328
75.65797424316406
63.549957275390625
77.14923095703125
71.83358001708984
75.15001678466797
76.32234954833984
73.11072540283203
78.36210632324219
71.60103607177734
78.42680358886719
76.45037078857422
77.50838470458984
79.81355285644531
76.25363159179688
82.64460754394531
76.45291137695312
84.05977630615234
83.2412109375
83.78675079345703
87.47435760498047
83.28743743896484
89.43604278564453
83.71485137939453
87.32389831542969
85.38799285888672
83.1364517211914
84.83329010009766
79.59468078613281
83.92838287353516
80.0041275024414
81.01956939697266
82.20227813720703
77.70186614990234
82.09839630126953
77.4203872680664
81.20479583740234
80.40957641601562
79.48751068115234
81.51317596435547
76.63435363769531
81.47161865234375
77.74895477294922
80.66431427001953
80.55768585205078
74.4281005859375
82.41656494140625
70.84330749511719
81.52741241455078
74.90493774414062
80.0090103149414
80.71224975585938
78.59754180908203
84.24795532226562
79.66627502441406
88.4405517578125
83.97864532470703
91.03304290771484
89.12918090820312
90.35269165039062
91.47026824951172
90.00780487060547
91.78350830078125
92.12137603759766
91.29143524169922
94.62339782714844
91.44632720947266
95.52088165283203
94.26555633544922
93.26580047607422
95.13037872314453
86.87665557861328
92.79239654541016
85.17544555664062
88.22238159179688
86.23233795166016
80.14138793945312
85.51469421386719
63.04846954345703
82.56307983398438
74.08699798583984
78.1473388671875
75.0405502319336
78.3031234741211
81.30018615722656
76.89881134033203
84.98699951171875
72.9831771850586
84.13729095458984
81.4342041015625
82.34984588623047
88.08551025390625
83.43901824951172
88.08171844482422
87.9583740234375
84.3926010131836
89.49420928955078
81.67757415771484
89.88630676269531
86.45982360839844
89.29723358154297
90.89116668701172
88.45687866210938
94.10091400146484
89.86750793457031
96.20753479003906
94.60882568359375
96.87993621826172
98.4347152709961
96.08631896972656
99.68519592285156
95.2352523803711
98.5125503540039
95.91241455078125
95.5359878540039
96.09591674804688
90.97660827636719
95.16321563720703
88.43429565429688
94.61090087890625
90.24767303466797
93.6753158569336
92.8538589477539
91.93708038330078
94.17636108398438
90.6495590209961
94.29802703857422
91.6011962890625
93.3022689819336
93.57306671142578
91.7531509399414
94.70700073242188
91.43032836914062
94.65824890136719
93.13104248046875
93.91532897949219
95.04508972167969
92.88632202148438
96.31988525390625
93.60999298095703
96.6619644165039
95.91287231445312
96.33244323730469
98.56526947021484
95.94210052490234
99.9403076171875
97.46826934814453
99.7403564453125
99.33966064453125
97.84088897705078
99.65808868408203
95.42747497558594
97.88307189941406
94.64167022705078
94.67909240722656
94.16674041748047
90.9980697631836
93.08525848388672
88.65111541748047
91.06249237060547
88.29339599609375
88.09870147705078
88.3223876953125
84.95149993896484
87.48153686523438
83.69412231445312
85.32439422607422
84.26569366455078
82.97489929199219
83.75395965576172
79.697998046875
82.91416931152344
79.98627471923828
81.00045013427734
80.58552551269531
78.3452377319336
80.85736846923828
77.39627838134766
79.7722396850586
77.87281799316406
78.09651184082031
77.48960876464844
75.35197448730469
77.71315002441406
75.29820251464844
77.11063385009766
76.93236541748047
75.07794952392578
73.85802459716797
71.8248519897461
73.66803741455078
72.1929702758789
71.57417297363281
74.53689575195312
71.43563079833984
74.396728515625
72.49396514892578
72.5662612915039
73.3118667602539
71.64895629882812
73.10321044921875
70.53263854980469
72.10443115234375
73.05435180664062
70.34305572509766
74.34839630126953
69.97814178466797
71.36219787597656
71.74179077148438
66.01200866699219
71.77790069580078
69.82911682128906
75.30401611328125
64.45417022705078
73.3832015991211
64.70382690429688
70.7695541381836
71.89799499511719
70.69084167480469
76.88027954101562
70.29002380371094
78.30030059814453
75.72786712646484
77.53675079345703
80.15248107910156
75.78042602539062
82.60914611816406
78.57952880859375
84.04478454589844
83.65104675292969
83.33290100097656
87.52732849121094
83.5085220336914
89.20111083984375
87.564453125
89.48944854736328
91.80908966064453
88.47278594970703
93.388671875
89.10465240478516
92.17753601074219
90.75468444824219
88.69669342041016
90.92739868164062
85.79032897949219
89.33683776855469
85.62435913085938
86.68610382080078
86.44099426269531
84.184326171875
86.52849578857422
82.60408782958984
85.72789001464844
83.64457702636719
83.84188842773438
84.80123138427734
82.42671203613281
85.13629913330078
82.48416900634766
84.7948226928711
83.53701782226562
83.72265625
84.92657470703125
83.4599609375
85.53025817871094
84.0623550415039
86.142822265625
85.30403900146484
86.23796844482422
87.1895523071289
86.82701873779297
88.68390655517578
87.88270568847656
90.75434875488281
88.71671295166016
91.96096801757812
88.16011810302734
90.31238555908203
85.93347930908203
88.1034164428711
85.6636962890625
88.13841247558594
88.74740600585938
89.08712005615234
91.28180694580078
88.27886962890625
90.66702270507812
85.37335205078125
87.6030502319336
83.13907623291016
84.1570053100586
81.5408935546875
80.8652114868164
80.16909790039062
76.17678833007812
77.99408721923828
73.00668334960938
76.58515167236328
70.89712524414062
74.27921295166016
70.71469116210938
72.0130844116211
68.58238983154297
71.16666412353516
73.85554504394531
73.1470718383789
76.08662414550781
74.21519470214844
74.46333312988281
75.03795623779297
71.4373779296875
74.44139099121094
64.129150390625
73.55520629882812
66.39753723144531
73.82984161376953
71.64805603027344
74.8900375366211
77.54266357421875
74.49632263183594
80.57740783691406
74.33789825439453
82.9782943725586
78.52105712890625
84.25804901123047
84.39710998535156
84.3966293334961
88.75365447998047
85.4427261352539
91.917724609375
89.18256378173828
92.97164154052734
92.70211791992188
91.30691528320312
93.42546081542969
88.98714447021484
92.17542266845703
88.57357025146484
89.79255676269531
88.86748504638672
87.30038452148438
89.02204132080078
85.5732650756836
88.29141998291016
85.84710693359375
87.15916442871094
86.57115936279297
85.99359893798828
86.28178405761719
84.382568359375
84.82742309570312
82.73507690429688
82.92473602294922
82.97539520263672
82.16400909423828
83.16921997070312
82.58698272705078
83.20317840576172
82.74209594726562
82.8214111328125
83.43376922607422
83.19104766845703
83.31072998046875
82.87162780761719
82.48164367675781
83.4817886352539
81.8828125
83.28653717041016
82.14613342285156
83.29669952392578
82.7635498046875
83.66974639892578
83.40986633300781
83.64573669433594
84.00373077392578
84.14834594726562
84.55007934570312
84.65092468261719
85.20821380615234
84.57138061523438
86.72892761230469
85.65828704833984
87.34748840332031
87.75032043457031
86.94744110107422
89.44043731689453
86.29192352294922
89.65196990966797
84.70907592773438
86.8081283569336
83.78044891357422
81.0815658569336
81.35858917236328
73.5335922241211
79.46101379394531
67.08975982666016
79.68587493896484
68.60567474365234
79.70436096191406
75.43914794921875
80.22090911865234
80.14529418945312
79.7647476196289
82.8892822265625
80.3654556274414
84.38220977783203
82.45724487304688
85.39419555664062
85.34414672851562
86.18766021728516
87.3910140991211
87.28489685058594
88.08572387695312
88.29551696777344
87.52342987060547
87.21078491210938
86.88350677490234
85.50858306884766
87.68562316894531
85.24897766113281
89.58125305175781
85.28942108154297
89.50397491455078
85.96070098876953
86.77023315429688
86.42958068847656
82.65839385986328
84.951171875
79.82170867919922
82.51080322265625
79.82887268066406
78.10148620605469
80.9244384765625
76.88396453857422
84.55162048339844
76.84233093261719
87.04621124267578
83.64102935791016
89.19723510742188
89.785400390625
89.41654968261719
92.8453369140625
88.7313232421875
92.78165435791016
89.78199005126953
90.87255096435547
90.6152572631836
88.50473022460938
90.36051940917969
87.30874633789062
89.2773208618164
87.8454360961914
87.99283599853516
88.03193664550781
86.91370391845703
87.81458282470703
86.80014038085938
86.9456787109375
86.11245727539062
85.20191955566406
83.15007781982422
84.26871490478516
80.86599731445312
84.95130157470703
80.40699768066406
85.72924041748047
82.77552032470703
84.88394165039062
85.91961669921875
82.76985168457031
87.44674682617188
82.61149597167969
86.10013580322266
85.56719970703125
80.23621368408203
86.3095703125
77.2186279296875
83.09197998046875
82.66957092285156
72.63925170898438
81.11347961425781
80.96004486083984
72.98175048828125
81.04679107666016
81.65259552001953
73.57765197753906
84.07009887695312
75.83488464355469
80.337890625
81.90848541259766
60.19694519042969
79.90576934814453
76.93421173095703
72.12628936767578
78.66482543945312
69.65593719482422
76.17145538330078
78.8297348022461
46.95842742919922
78.9119644165039
74.66255950927734
73.81649017333984
77.84239196777344
60.30132293701172
76.88066864013672
65.16088104248047
75.75204467773438
70.47407531738281
75.3243179321289
76.09916687011719
75.71340942382812
78.98916625976562
76.29226684570312
78.59588623046875
79.31459045410156
77.85319519042969
80.25425720214844
77.30287170410156
79.26939392089844
