74.05098724365234
69.66180419921875
72.54859161376953
72.69527435302734
72.39691925048828
74.15520477294922
70.49513244628906
70.43487548828125
74.68264770507812
70.18006896972656
72.92779541015625
73.23292541503906
69.66801452636719
72.94668579101562
73.08372497558594
72.96873474121094
77.2020492553711
72.7852554321289
74.54712677001953
76.53948211669922
74.96284484863281
78.12615966796875
77.5600357055664
78.8061752319336
79.9688720703125
78.21771240234375
80.922119140625
80.28248596191406
81.20121765136719
82.83931732177734
82.68132781982422
84.83097839355469
84.95901489257812
86.7122573852539
88.51213836669922
87.09333038330078
89.45404815673828
86.15231323242188
84.51478576660156
84.74026489257812
78.85513305664062
80.76718139648438
78.1658706665039
72.79548645019531
78.57759857177734
71.3406753540039
74.961181640625
74.57913208007812
58.52769088745117
72.11617279052734
67.85319519042969
61.71281051635742
70.21665954589844
66.37117004394531
68.53761291503906
64.90340423583984
69.67237091064453
65.6754379272461
67.7979736328125
73.32088470458984
40.19500732421875
72.2052230834961
71.89252471923828
65.20596313476562
74.14701843261719
68.08533477783203
72.63908386230469
74.01680755615234
63.697261810302734
75.43285369873047
73.12190246582031
73.8006591796875
77.02100372314453
69.81358337402344
75.56315612792969
76.35820770263672
70.87483978271484
77.2430419921875
74.4574966430664
74.4958724975586
77.56086730957031
73.04163360595703
78.21578979492188
77.61112976074219
74.0448226928711
79.27824401855469
76.62408447265625
76.7435302734375
78.56232452392578
75.76587677001953
78.72265625
78.58401489257812
76.58446502685547
80.7949447631836
76.69218444824219
78.72380065917969
79.93341064453125
75.29914855957031
80.14955139160156
79.21185302734375
77.81707763671875
80.61078643798828
77.12594604492188
79.23234558105469
80.18035125732422
75.88060760498047
80.95126342773438
78.40174102783203
78.15719604492188
80.52642059326172
76.45926666259766
79.53089904785156
80.08712768554688
77.64840698242188
81.02456665039062
78.18932342529297
78.5667724609375
80.63743591308594
76.2669677734375
79.56986236572266
79.16344451904297
76.71167755126953
80.22135162353516
77.75039672851562
78.89620971679688
79.7596435546875
76.06171417236328
80.37670135498047
77.52275848388672
79.08568572998047
80.81111907958984
80.3323974609375
84.9523696899414
84.78372192382812
89.0492172241211
90.73873138427734
92.17095184326172
93.69962310791016
93.79859161376953
94.61195373535156
94.34781646728516
94.82371520996094
94.98851013183594
95.15078735351562
96.03062438964844
96.1347427368164
96.9339828491211
97.69160461425781
98.11305236816406
99.11951446533203
99.63832092285156
100.34442138671875
101.09327697753906
101.39461517333984
101.94161224365234
101.78295135498047
101.47008514404297
100.84346771240234
99.89183807373047
99.7044448852539
99.41342163085938
99.45235443115234
99.45013427734375
99.23431396484375
99.34429168701172
98.98297119140625
98.81204223632812
98.47766876220703
97.30968475341797
96.29793548583984
94.25969696044922
92.81036376953125
92.79541015625
92.08907318115234
92.5333480834961
93.27715301513672
92.59900665283203
93.29888153076172
93.54588317871094
93.2870101928711
94.04808807373047
93.7795181274414
93.84088897705078
94.43306732177734
94.0080795288086
94.71842956542969
94.59164428710938
94.2341079711914
94.9773941040039
94.51960754394531
94.49092102050781
94.8074722290039
94.34803771972656
95.10295867919922
95.09115600585938
95.1234130859375
95.88468170166016
95.86094665527344
96.54804992675781
97.12391662597656
97.2314682006836
98.20658874511719
98.5076904296875
99.02606964111328
99.76664733886719
99.73650360107422
99.91819763183594
99.3990478515625
98.54634857177734
97.56997680664062
96.04902648925781
95.03321838378906
93.56027221679688
92.17650604248047
91.24263763427734
89.51995849609375
88.8651123046875
87.40876770019531
86.2209701538086
86.12084197998047
84.03607940673828
83.66575622558594
82.93421173095703
80.84742736816406
82.1027603149414
79.80760955810547
77.8869400024414
79.77690887451172
76.6469955444336
77.85865783691406
77.7483139038086
73.78903198242188
77.32315063476562
69.57018280029297
71.60479736328125
66.13458251953125
63.274986267089844
65.31725311279297
64.55599975585938
69.57499694824219
52.22529983520508
69.3227767944336
68.40949249267578
62.749664306640625
70.9224853515625
64.11274719238281
70.34013366699219
73.12899780273438
67.98320770263672
73.96649932861328
73.24510955810547
74.54473876953125
77.43553161621094
76.0063705444336
78.15788269042969
80.07636260986328
79.3577651977539
82.6554183959961
82.9419174194336
84.45942687988281
85.80549621582031
84.93971252441406
85.92410278320312
84.64933013916016
84.39137268066406
83.69706726074219
81.65266418457031
82.6185302734375
81.09934997558594
80.053955078125
81.1381607055664
78.39783477783203
79.89970397949219
79.26065826416016
76.6651382446289
79.09539794921875
77.99471282958984
78.219482421875
79.16398620605469
77.4487533569336
78.71337127685547
78.18897247314453
77.32244873046875
79.48548126220703
78.26306915283203
79.23898315429688
80.54232025146484
77.96210479736328
81.0157699584961
80.86627960205078
80.25260162353516
82.61436462402344
81.65425872802734
83.33067321777344
84.69490814208984
83.8606948852539
86.29560089111328
86.58041381835938
87.40438842773438
89.23807525634766
89.7827377319336
91.17520904541016
91.82142639160156
92.51697540283203
93.12720489501953
92.79385375976562
93.02801513671875
92.2800064086914
92.12657928466797
91.51056671142578
90.58198547363281
90.04708862304688
88.02629852294922
86.54776763916016
84.62799072265625
81.4947738647461
81.265869140625
78.27812194824219
77.28950500488281
78.88465118408203
75.6312255859375
77.30585479736328
77.89022064208984
74.40061950683594
77.89045715332031
77.31587219238281
75.32535552978516
79.76873016357422
77.67472076416016
77.52456665039062
78.89411163330078
76.76626586914062
78.936767578125
78.57643127441406
76.09033966064453
79.73436737060547
77.95366668701172
78.92976379394531
80.074462890625
76.882568359375
79.26324462890625
79.6767807006836
78.16124725341797
81.62518310546875
82.71939849853516
84.01509857177734
86.9839096069336
86.76126098632812
87.67153930664062
88.6221694946289
88.5227279663086
90.03343963623047
90.35332489013672
91.38709259033203
92.61438751220703
92.906494140625
94.0167007446289
93.66958618164062
93.33563995361328
92.41387939453125
90.77688598632812
89.7511215209961
87.59874725341797
86.33394622802734
84.89698791503906
81.86522674560547
81.3437271118164
80.0771255493164
77.30329132080078
78.11894226074219
76.1275863647461
75.42147064208984
78.46216583251953
79.47297668457031
80.70555877685547
83.36724853515625
84.41032409667969
86.97127532958984
88.52262878417969
89.43732452392578
91.00493621826172
91.1742172241211
91.77066040039062
91.4825668334961
90.98674011230469
90.81791687011719
89.70748901367188
89.6399917602539
89.24161529541016
87.97563171386719
88.47367858886719
87.27130126953125
86.8619384765625
87.02153778076172
85.35116577148438
85.70945739746094
84.78885650634766
83.39990997314453
83.8572006225586
82.65008544921875
82.8230972290039
83.49369049072266
82.18584442138672
83.31475830078125
83.62474822998047
82.22842407226562
84.3694839477539
82.7351303100586
83.03030395507812
83.95684814453125
82.44114685058594
83.42459869384766
83.07218933105469
82.43968963623047
83.90084838867188
82.39024353027344
83.1211166381836
83.43734741210938
82.30811309814453
83.45281219482422
83.36038208007812
82.6366958618164
83.93949127197266
82.8958740234375
83.83919525146484
85.2872085571289
84.89812469482422
86.75537109375
87.71109008789062
87.98841857910156
89.3145751953125
89.5343017578125
90.62847137451172
91.70608520507812
91.89019012451172
93.43665313720703
93.95684051513672
94.60049438476562
95.0196762084961
94.21631622314453
93.7906494140625
92.08733367919922
91.0167007446289
89.7323226928711
87.62188720703125
87.62671661376953
85.66265106201172
84.91007232666016
84.2808609008789
82.04702758789062
82.80736541748047
81.60669708251953
79.50728607177734
80.85328674316406
79.1371841430664
78.41605377197266
79.28468322753906
76.68059539794922
78.61295318603516
77.37489318847656
76.061767578125
77.79508209228516
74.9456558227539
77.10415649414062
77.87106323242188
75.25831604003906
78.48646545410156
77.85369873046875
78.96593475341797
80.82980346679688
79.5416030883789
82.42072296142578
83.52723693847656
85.16934967041016
87.27519226074219
86.958984375
88.3565673828125
86.81824493408203
86.52791595458984
86.12324523925781
84.74195861816406
86.10155487060547
85.23562622070312
85.57118225097656
86.06504821777344
85.37816619873047
86.13147735595703
84.61231994628906
84.23985290527344
84.89331817626953
83.53475952148438
85.50907897949219
86.39154052734375
86.7259750366211
88.197509765625
88.21229553222656
88.72241973876953
88.60698699951172
87.96810150146484
88.40965270996094
86.84233093261719
87.54829406738281
86.8631591796875
86.02686309814453
86.14447784423828
84.52366638183594
84.60867309570312
82.12601470947266
80.28370666503906
77.97957611083984
72.27621459960938
72.98666381835938
67.02565002441406
63.064151763916016
65.84498596191406
62.286285400390625
55.47420120239258
60.18887710571289
63.6827392578125
62.481468200683594
61.8720703125
57.91814422607422
60.65945053100586
63.426212310791016
63.80648422241211
59.53313064575195
61.214271545410156
64.9407958984375
56.635169982910156
66.66525268554688
67.30809783935547
63.91267013549805
70.53805541992188
66.64690399169922
71.5550308227539
71.727783203125
70.9366226196289
76.08085632324219
74.89617156982422
77.2647476196289
79.16185760498047
78.72848510742188
82.154541015625
83.38789367675781
84.25064849853516
86.11249542236328
85.91276550292969
87.03856658935547
86.71634674072266
86.5902328491211
86.63715362548828
86.11003875732422
87.35039520263672
87.52784729003906
87.55847930908203
87.89360809326172
86.7225341796875
86.54882049560547
85.75835418701172
84.2484130859375
83.94715881347656
82.16703033447266
81.94388580322266
83.30085754394531
83.09698486328125
85.3847427368164
86.32830047607422
87.15298461914062
88.37820434570312
87.90229797363281
88.4329605102539
87.16858673095703
86.36592864990234
86.13694763183594
83.64730834960938
83.68464660644531
