72.59236907958984
67.3907241821289
72.47691345214844
69.28850555419922
70.59136199951172
68.9454345703125
69.84674835205078
70.78162384033203
68.21597290039062
71.42953491210938
67.4686279296875
70.74922943115234
69.90863037109375
71.80508422851562
71.738525390625
69.48249816894531
73.13391876220703
68.93002319335938
73.1467514038086
71.53839111328125
73.16695404052734
73.77803039550781
72.7119140625
74.4310531616211
74.03564453125
76.1083984375
73.64534759521484
76.31354522705078
75.53963470458984
77.08790588378906
77.6129150390625
76.49414825439453
78.94908905029297
78.47844696044922
80.28539276123047
79.99942016601562
81.97167205810547
82.25665283203125
83.13103485107422
84.5658950805664
84.33544921875
87.2060775756836
86.9046401977539
88.7705307006836
89.51050567626953
88.95869445800781
88.10486602783203
86.67230224609375
84.8282241821289
83.7203140258789
82.0583267211914
80.62721252441406
78.93814086914062
78.04766082763672
75.68440246582031
75.04345703125
72.69039154052734
70.34358215332031
71.92666625976562
68.5938949584961
67.47608947753906
64.25312805175781
63.6729621887207
61.840484619140625
59.80361557006836
58.74606704711914
62.7674446105957
62.409950256347656
65.71794128417969
63.35215759277344
64.31641387939453
68.41781616210938
65.40040588378906
68.45438385009766
66.87355041503906
70.5631103515625
68.79615020751953
71.36820220947266
69.86505126953125
70.17134857177734
71.88044738769531
70.54297637939453
72.85550689697266
71.25997161865234
73.30519104003906
71.22373962402344
74.02149200439453
72.96053314208984
73.2934799194336
74.45895385742188
73.141357421875
75.48192596435547
73.56139373779297
75.64015197753906
73.92793273925781
75.41758728027344
74.6579818725586
75.10543060302734
75.22643280029297
75.20513916015625
76.42854309082031
75.64089965820312
76.25303649902344
75.80239868164062
76.47489166259766
75.54487609863281
76.85630798339844
76.2234878540039
75.82589721679688
75.96769714355469
75.24972534179688
75.88258361816406
75.44890594482422
76.34999084472656
75.3765869140625
75.75785064697266
75.38807678222656
74.15325164794922
75.1556167602539
72.02696990966797
74.23638153076172
70.76384735107422
72.12918853759766
69.71099090576172
67.26438903808594
63.1646842956543
56.87368392944336
54.967063903808594
67.75782775878906
70.96878814697266
74.0413818359375
74.510498046875
77.15589904785156
77.08699798583984
78.40670776367188
78.03587341308594
79.20313262939453
79.35955047607422
79.69475555419922
80.42239379882812
80.06159210205078
81.12715148925781
80.79025268554688
81.94234466552734
82.36254119873047
82.754150390625
83.66770935058594
84.18879699707031
84.77217102050781
85.13570404052734
86.13870239257812
86.54061889648438
87.31845092773438
88.09278869628906
89.04419708251953
89.87879180908203
90.8053207397461
91.9453125
92.70028686523438
93.67826843261719
94.56278991699219
95.46118927001953
95.97216796875
96.54944610595703
96.77796936035156
96.95155334472656
96.87986755371094
96.74812316894531
96.65634155273438
96.3660888671875
96.1646728515625
95.47857666015625
94.67716979980469
92.82987213134766
91.10783386230469
88.77943420410156
87.22383117675781
86.6777572631836
85.89285278320312
86.66511535644531
86.28473663330078
86.72875213623047
86.6890640258789
86.55901336669922
86.64187622070312
86.3906021118164
86.800537109375
86.87220001220703
87.46257781982422
86.84748077392578
87.38314056396484
87.2614974975586
87.54352569580078
87.67374420166016
87.89630126953125
88.30207061767578
88.0259017944336
88.52415466308594
88.83638763427734
88.9132080078125
88.7194595336914
87.79013061523438
85.82217407226562
83.79751586914062
79.72023010253906
76.8829345703125
74.1378402709961
71.32640838623047
72.11662292480469
71.80355072021484
73.65606689453125
75.83926391601562
74.95399475097656
76.48863983154297
76.12860107421875
77.85912322998047
77.43074798583984
78.08780670166016
78.2426986694336
77.53812408447266
78.90691375732422
78.34129333496094
79.158447265625
78.88581848144531
79.07351684570312
79.4117660522461
78.97908020019531
79.80233764648438
78.98224639892578
80.14950561523438
79.28868103027344
80.1283187866211
79.90835571289062
79.93058776855469
80.16288757324219
80.3916015625
80.929931640625
80.59029388427734
81.11221313476562
81.08604431152344
81.57583618164062
81.65918731689453
82.00431823730469
81.9616928100586
82.0433349609375
82.80069732666016
82.92626953125
83.72325134277344
83.96114349365234
84.47053527832031
85.00281524658203
85.47691345214844
85.85704803466797
86.50347900390625
87.19879913330078
87.56849670410156
88.39205169677734
88.67644500732422
89.22683715820312
89.41062927246094
89.60202026367188
89.18451690673828
89.00438690185547
88.22633361816406
87.40230560302734
87.00201416015625
85.9950942993164
85.48336791992188
84.44189453125
84.19062042236328
83.0242919921875
82.86140441894531
82.12184143066406
81.84278106689453
81.36803436279297
80.7142333984375
80.9214096069336
79.59973907470703
80.27193450927734
79.42044830322266
79.60702514648438
79.33053588867188
79.38334655761719
79.67924499511719
78.73117065429688
79.71882629394531
79.03092193603516
80.31250762939453
79.96871948242188
80.20209503173828
80.75569915771484
81.60275268554688
81.96248626708984
82.60472869873047
83.8106460571289
84.20619201660156
85.67790985107422
86.0068130493164
87.17755126953125
86.6087417602539
86.41602325439453
85.0385513305664
84.09864807128906
82.5196304321289
81.27955627441406
80.49635314941406
78.75519561767578
78.95655059814453
77.77951049804688
77.93250274658203
79.06731414794922
79.43753051757812
81.38356018066406
80.0216293334961
76.9017105102539
74.42841339111328
65.39009857177734
67.36006927490234
65.14585876464844
61.91682815551758
69.01776123046875
67.47164916992188
69.86300659179688
69.16021728515625
70.22919464111328
71.37871551513672
70.35501861572266
71.5904541015625
70.48592376708984
72.55804443359375
71.15210723876953
72.77694702148438
74.16808319091797
72.74406433105469
73.9600601196289
73.77072143554688
74.680419921875
74.79815673828125
75.41252899169922
75.66902923583984
77.15847778320312
77.6873779296875
77.796630859375
78.85578155517578
79.30926513671875
80.84700012207031
81.00569915771484
81.76969909667969
82.9794921875
83.55436706542969
84.23260498046875
84.31964111328125
84.03690338134766
83.12378692626953
81.96356964111328
80.23104858398438
79.05921936035156
76.66661834716797
75.7542495727539
71.69036865234375
71.27874755859375
68.4644775390625
66.96481323242188
68.73345947265625
69.57733917236328
72.23762512207031
73.28724670410156
75.03922271728516
77.68720245361328
78.89945220947266
80.30753326416016
81.8940658569336
83.62663269042969
84.89215850830078
86.75845336914062
87.88958740234375
89.2955322265625
90.15797424316406
90.17887878417969
90.12818145751953
89.17634582519531
88.6410903930664
87.69578552246094
87.2261962890625
86.15082550048828
85.70081329345703
84.82306671142578
84.48487091064453
84.00533294677734
83.24297332763672
83.5809326171875
82.49299621582031
82.45743560791016
81.83841705322266
81.80164337158203
81.32390594482422
81.08012390136719
81.48225402832031
80.32414245605469
80.90729522705078
79.84456634521484
80.09893035888672
79.65050506591797
79.58858489990234
79.23550415039062
79.72972106933594
80.13253784179688
79.3092269897461
80.0440444946289
79.13693237304688
79.29964447021484
79.43233489990234
79.3926773071289
79.79121398925781
79.11154174804688
79.96556091308594
79.36865997314453
79.74829864501953
79.68427276611328
79.72996520996094
79.94971466064453
79.62218475341797
80.43435668945312
79.72480773925781
80.15839385986328
80.02911376953125
80.70065307617188
81.2798843383789
81.51582336425781
82.20770263671875
82.42779541015625
83.23099517822266
82.97676849365234
83.93663024902344
83.83660888671875
84.36001586914062
84.65853881835938
85.00999450683594
85.48773956298828
85.92204284667969
86.70983123779297
87.02903747558594
87.95027160644531
88.31668853759766
89.16783905029297
89.74016571044922
90.2819595336914
90.47370910644531
90.60433959960938
90.32288360595703
89.71022033691406
89.1509780883789
88.06051635742188
87.36402893066406
85.95855712890625
85.31905364990234
84.15979766845703
83.4118881225586
82.25729370117188
81.3962631225586
80.86209869384766
79.29251098632812
79.27395629882812
77.38682556152344
77.18020629882812
75.71338653564453
75.49008178710938
74.3853759765625
73.316650390625
73.00794219970703
70.83425903320312
71.32860565185547
68.20336151123047
67.10580444335938
67.15129089355469
65.21306610107422
68.6135482788086
68.12132263183594
71.01396179199219
72.13111877441406
73.8726806640625
76.52167510986328
77.79131317138672
79.93059539794922
80.03936767578125
81.63064575195312
81.83674621582031
82.31021118164062
82.07565307617188
82.19873046875
81.59674835205078
81.21969604492188
81.34381866455078
79.97616577148438
80.7135009765625
79.6430892944336
79.49887084960938
79.12294006347656
79.00336456298828
78.87764739990234
77.84487915039062
77.91276550292969
77.18694305419922
76.86652374267578
76.43472290039062
75.71411895751953
75.02735137939453
74.87601470947266
75.55731964111328
74.32077026367188
75.68038940429688
73.81764221191406
75.6577377319336
74.14315795898438
74.94564819335938
75.072265625
74.97371673583984
74.89155578613281
73.80343627929688
75.14632415771484
73.83087158203125
74.77069091796875
73.88400268554688
74.31402587890625
74.65143585205078
73.30301666259766
74.34986877441406
72.7523422241211
75.14045715332031
72.95735168457031
74.25641632080078
71.71320343017578
73.07135772705078
73.36600494384766
71.88909912109375
73.8693618774414
71.04550170898438
72.47516632080078
70.3853530883789
71.61996459960938
69.50202178955078
69.59307861328125
69.3701171875
67.60738372802734
66.57928466796875
57.87368392944336
62.41770553588867
71.60746002197266
73.12240600585938
78.09111785888672
79.0224838256836
80.95228576660156
81.67481231689453
83.17413330078125
83.77123260498047
84.01030731201172
83.61701965332031
83.13432312011719
81.42416381835938
78.7161636352539
77.97012329101562
77.43404388427734
78.61927795410156
79.39746856689453
80.07755279541016
80.85462188720703
80.78845977783203
81.59397888183594
81.64320373535156
82.25736999511719
82.06560516357422
82.8173828125
82.61431121826172
82.82048797607422
83.15495300292969
82.92414093017578
