70.7688980102539
77.7114028930664
80.15885925292969
62.08473587036133
77.888916015625
76.71958923339844
69.673095703125
78.15939331054688
71.56317901611328
73.70354461669922
77.61796569824219
66.71018981933594
78.83073425292969
75.9377670288086
72.78421020507812
80.16636657714844
71.86674499511719
77.53935241699219
81.09165954589844
56.20371627807617
81.53126525878906
79.61852264404297
75.8634033203125
83.79686737060547
75.61434173583984
82.41461944580078
85.11579895019531
51.868797302246094
86.68888854980469
85.60905456542969
79.0154037475586
89.58580780029297
83.68051147460938
87.5130844116211
91.22675323486328
77.40015411376953
91.66455841064453
86.57628631591797
85.0517807006836
88.56344604492188
74.98102569580078
84.5274887084961
83.66043090820312
71.40409088134766
80.30582427978516
77.93141174316406
69.35208892822266
74.24171447753906
72.4035415649414
70.17369079589844
74.8798599243164
66.58746337890625
73.5372085571289
74.20651245117188
62.71636199951172
76.04825592041016
70.83251190185547
69.40867614746094
75.78465270996094
70.966552734375
74.67679595947266
73.1490478515625
73.82324981689453
79.006591796875
66.44703674316406
79.3782730102539
80.65644073486328
65.56160736083984
82.0149917602539
80.6163101196289
73.97532653808594
82.92748260498047
76.64496612548828
77.47452545166016
81.8016357421875
68.75371551513672
80.35649871826172
79.58745574951172
75.5048599243164
82.19197845458984
70.626953125
81.79826354980469
82.71522521972656
66.00416564941406
84.201904296875
81.95089721679688
76.38953399658203
85.4262466430664
78.4714126586914
80.38662719726562
84.16095733642578
68.57811737060547
82.65633392333984
81.23622131347656
76.30193328857422
84.07359313964844
74.64250183105469
82.59410095214844
83.75414276123047
67.23564147949219
85.89498901367188
82.3812484741211
78.94058227539062
86.91876220703125
79.8086929321289
82.65196228027344
86.17699432373047
68.27104949951172
84.67999267578125
83.1612319946289
76.40086364746094
85.4617691040039
76.87229919433594
84.2038345336914
85.72295379638672
69.14420318603516
87.75279998779297
84.63190460205078
81.01622009277344
88.76937103271484
81.19520568847656
84.4535903930664
88.14911651611328
69.53267669677734
87.03147888183594
85.79051208496094
78.46324920654297
87.72856140136719
79.50237274169922
86.18687438964844
87.5406494140625
72.91027069091797
89.91339111328125
86.89527893066406
84.1160888671875
91.7660140991211
84.57917785644531
88.42915344238281
91.62716674804688
75.86891174316406
89.91909790039062
89.05889129638672
79.06526184082031
88.40880584716797
79.69332122802734
87.45978546142578
87.93284606933594
78.73375701904297
93.48626708984375
92.36795043945312
88.35773468017578
98.65938568115234
94.19120025634766
97.39277648925781
102.53117370605469
86.1288070678711
103.54944610595703
101.48812103271484
97.06415557861328
104.42857360839844
94.87409210205078
101.30889129638672
102.99663543701172
73.39298248291016
102.4547119140625
99.32853698730469
94.91227722167969
100.54466247558594
88.3210220336914
94.37071228027344
95.8793716430664
79.42695617675781
93.70649719238281
92.81707000732422
85.89429473876953
95.07540893554688
86.30809783935547
93.42817687988281
95.14122772216797
75.30662536621094
96.25169372558594
93.39862060546875
89.32120513916016
97.06234741210938
88.93234252929688
93.90774536132812
96.47840118408203
71.37110900878906
95.81077575683594
94.0249252319336
87.06426239013672
96.3812255859375
88.49563598632812
93.00592041015625
94.86177825927734
75.21338653564453
94.4786148071289
90.380859375
87.0893325805664
92.84615325927734
83.44285583496094
88.5073471069336
91.07562255859375
69.49543762207031
90.30775451660156
88.8144760131836
82.71510314941406
91.94841766357422
83.99999237060547
89.94717407226562
92.32566833496094
65.98284912109375
93.17084503173828
91.02015686035156
86.6485366821289
94.35157012939453
83.05237579345703
91.0302734375
90.5665283203125
74.5494384765625
88.23764038085938
87.15010070800781
73.60765838623047
87.67830657958984
81.7899398803711
86.19674682617188
88.40644836425781
75.28330993652344
91.39458465576172
88.45677185058594
86.5738525390625
94.0867691040039
86.34044647216797
92.18284606933594
95.25312805175781
76.89218139648438
95.26982116699219
94.7557601928711
85.79254150390625
97.11508178710938
90.21976470947266
93.87215423583984
94.87212371826172
79.22645568847656
93.25745391845703
87.75374603271484
85.12985229492188
90.65895080566406
82.35057830810547
87.3685531616211
91.22708129882812
73.75531005859375
92.22010040283203
92.24727630615234
85.06864166259766
95.59428405761719
87.74244689941406
93.14505004882812
94.43904113769531
74.6622085571289
93.86885070800781
89.95836639404297
85.79023742675781
92.39248657226562
83.96669006347656
87.69371032714844
89.81764221191406
64.81399536132812
88.06941986083984
85.72624206542969
77.59170532226562
87.3386459350586
78.454345703125
84.01388549804688
85.79983520507812
67.01873016357422
86.45257568359375
83.34435272216797
80.21370697021484
87.22196197509766
78.83001708984375
84.81368255615234
87.49371337890625
55.82905578613281
87.58868408203125
85.82025146484375
79.25621032714844
89.08120727539062
82.19428253173828
85.86400604248047
89.43678283691406
72.31709289550781
90.34789276123047
88.20996856689453
85.52278900146484
91.73381805419922
77.66807556152344
89.15601348876953
90.18795776367188
75.59156036376953
91.20609283447266
90.93240356445312
81.97002410888672
94.1724853515625
88.38292694091797
91.72159576416016
94.42224884033203
76.81645965576172
94.04084777832031
90.5081787109375
86.42227172851562
93.0123062133789
83.107421875
89.29393005371094
90.67180633544922
59.27753829956055
89.6457748413086
86.92937469482422
80.08403778076172
88.92497253417969
80.6060791015625
85.18180084228516
87.35911560058594
58.98876953125
87.13148498535156
84.81875610351562
79.38626861572266
87.72150421142578
79.51897430419922
85.05224609375
87.37415313720703
53.19633483886719
87.53643798828125
85.50213623046875
80.7933578491211
89.22405242919922
80.7114486694336
87.5750961303711
90.03179168701172
56.67729949951172
91.09475708007812
89.68868255615234
83.772705078125
93.71122741699219
87.44625854492188
91.1971664428711
94.83356475830078
77.31910705566406
95.19398498535156
91.95979309082031
88.28096771240234
94.4319839477539
84.0731430053711
90.93521881103516
91.71932220458984
67.88304901123047
90.4151611328125
87.27694702148438
79.74000549316406
87.90416717529297
81.66012573242188
80.46168518066406
84.45803833007812
73.54527282714844
80.62532043457031
81.8122329711914
70.1126480102539
83.56056213378906
82.72572326660156
83.01823425292969
87.29145050048828
78.21383666992188
88.19066619873047
84.75161743164062
84.04827117919922
90.46504211425781
80.3469467163086
89.18022155761719
91.69841766357422
68.42501068115234
92.99018096923828
91.89981842041016
85.37503814697266
95.64164733886719
89.5583724975586
92.84589385986328
96.43267059326172
77.67900085449219
96.39038848876953
93.83308410644531
89.19744110107422
96.27111053466797
86.24241638183594
92.62972259521484
94.08600616455078
48.488346099853516
93.26698303222656
90.92042541503906
84.4891128540039
93.02439880371094
84.48363494873047
89.25852966308594
91.31756591796875
62.968955993652344
90.60972595214844
87.97791290283203
82.3685302734375
90.41059112548828
81.78539276123047
86.45587921142578
88.81397247314453
51.750091552734375
88.19158935546875
85.45938873291016
79.77406311035156
88.01727294921875
79.38469696044922
84.68704986572266
86.68092346191406
49.46040725708008
86.23833465576172
83.96434783935547
78.81121826171875
86.76194763183594
79.57662200927734
83.85690307617188
86.32980346679688
61.232627868652344
86.65398406982422
83.99736022949219
79.85939025878906
87.05636596679688
78.91478729248047
84.01763916015625
86.5830078125
53.39386749267578
86.25110626220703
84.341552734375
77.97534942626953
86.96236419677734
79.5500717163086
83.45130157470703
86.2747802734375
63.43109893798828
86.68795776367188
84.21664428710938
80.80400848388672
88.40028381347656
80.24871826171875
86.11537170410156
88.91202545166016
63.350589752197266
89.51490020751953
88.33277130126953
80.55833435058594
91.22845458984375
85.19818115234375
88.15235137939453
91.32093811035156
77.0824966430664
89.72738647460938
82.9949722290039
80.25840759277344
83.30001831054688
74.22159576416016
74.64031982421875
78.46289825439453
67.0165023803711
80.67196655273438
79.05684661865234
77.8367691040039
85.7791519165039
76.7491226196289
85.66242218017578
88.10083770751953
66.56419372558594
89.7534408569336
88.60116577148438
82.128662109375
92.47361755371094
86.1279525756836
89.80016326904297
93.5722885131836
74.50362396240234
93.85228729248047
91.33934020996094
87.1399917602539
94.0500259399414
83.36151885986328
90.87812805175781
91.82141876220703
70.80662536621094
91.12598419189453
89.0323257446289
80.36013793945312
91.56346893310547
85.72427368164062
88.3559341430664
91.23596954345703
71.23338317871094
90.79981231689453
88.00273895263672
83.85526275634766
91.57843017578125
82.11121368408203
89.32508850097656
91.13963317871094
67.58533477783203
91.3652572631836
89.2275161743164
82.5855712890625
92.2969741821289
86.0498275756836
88.2591323852539
92.50228881835938
76.21537780761719
91.67192840576172
90.39676666259766
83.81523132324219
91.70286560058594
82.16180419921875
87.34773254394531
88.04653930664062
60.26010513305664
86.6955795288086
83.35709381103516
76.08715057373047
84.76481628417969
77.0079345703125
79.63992309570312
82.55443572998047
64.71090698242188
82.12989044189453
80.26451110839844
75.6424560546875
84.13286590576172
75.22673034667969
82.19417572021484
85.62454223632812
52.45412826538086
86.8923110961914
85.43390655517578
79.42987823486328
89.55610656738281
82.6444320678711
87.83557891845703
90.7635498046875
68.79882049560547
91.37581634521484
88.42975616455078
83.78814697265625
92.01558685302734
84.83279418945312
89.48200988769531
92.3332748413086
65.41800689697266
92.19742584228516
89.5410385131836
84.03836059570312
92.41059112548828
84.94384002685547
89.10387420654297
91.79680633544922
68.93521881103516
91.56893157958984
89.3688735961914
84.24462127685547
92.12434387207031
83.91898345947266
89.27066802978516
91.60475158691406
52.1011848449707
91.82127380371094
89.8172607421875
83.62606811523438
92.88111114501953
