64.46156311035156
68.79581451416016
61.580345153808594
68.72244262695312
63.678462982177734
63.0502815246582
67.72488403320312
56.74212646484375
68.70175170898438
64.46720886230469
65.13026428222656
67.55355072021484
61.111656188964844
68.14071655273438
66.46727752685547
65.09793090820312
70.04512786865234
62.80165100097656
70.29264068603516
68.80278015136719
66.62299346923828
72.6254653930664
64.37387084960938
72.09396362304688
71.91230773925781
67.5023422241211
74.95274353027344
67.29393768310547
73.81878662109375
75.73196411132812
67.47528076171875
78.37513732910156
73.78800964355469
77.30696105957031
80.6224594116211
69.02296447753906
80.5926284790039
77.20592498779297
76.24124908447266
81.42792510986328
65.92733764648438
77.57498931884766
73.88152313232422
67.10987091064453
73.76666259765625
65.46400451660156
69.25184631347656
68.04731750488281
66.17488861083984
64.38390350341797
66.346923828125
65.06721496582031
62.30272674560547
68.23363494873047
57.2883186340332
67.04325103759766
67.13997650146484
56.60265350341797
68.4780044555664
62.478878021240234
65.66769409179688
68.24041748046875
56.55953598022461
68.9135971069336
65.47830200195312
65.26860046386719
68.95368194580078
59.08668518066406
69.44646453857422
66.06040954589844
65.90321350097656
69.77275085449219
60.90331268310547
69.3087387084961
67.07925415039062
64.06462860107422
70.87997436523438
60.92275619506836
68.59310913085938
68.79022216796875
64.44400024414062
70.80947875976562
63.88713073730469
68.80754089355469
69.82695770263672
63.1162109375
70.31562805175781
65.81721496582031
69.33800506591797
70.52642059326172
60.47267532348633
71.19926452636719
66.25303649902344
68.89306640625
70.56546783447266
60.82253646850586
71.9320297241211
65.94436645507812
69.00769805908203
72.05813598632812
61.868751525878906
71.71720886230469
69.0345687866211
68.50349426269531
71.98983001708984
61.4138069152832
72.01837921142578
69.9201431274414
68.39250183105469
72.41473388671875
60.554534912109375
72.84661102294922
70.7891616821289
68.38446044921875
74.34349060058594
57.59158706665039
73.9444351196289
71.27835845947266
68.6415786743164
74.72394561767578
59.41962432861328
74.79818725585938
71.79750061035156
69.47381591796875
75.6617431640625
60.317440032958984
74.76136779785156
72.96686553955078
70.87724304199219
77.19544219970703
60.35810852050781
76.46411895751953
74.68771362304688
72.650634765625
78.58526611328125
60.38108825683594
79.13802337646484
76.79798889160156
74.51457214355469
81.10359191894531
63.17588806152344
81.59143829345703
79.19505310058594
77.37342834472656
84.03837585449219
61.84928512573242
86.87779998779297
83.34320068359375
88.91976165771484
92.98103332519531
81.84215545654297
95.77609252929688
90.91494750976562
93.02276611328125
95.29407501220703
85.36164855957031
93.75338745117188
89.9594497680664
89.02936553955078
92.78488159179688
85.29613494873047
91.70171356201172
91.01640319824219
86.04161071777344
93.040283203125
85.6307144165039
90.40165710449219
90.20584106445312
79.52104949951172
88.6710433959961
71.00154113769531
86.23799133300781
80.34152221679688
83.07503509521484
85.29864501953125
75.38441467285156
86.10934448242188
81.20423126220703
83.43434143066406
85.76045989990234
79.18194580078125
86.28923034667969
83.26606750488281
84.14215850830078
86.49176025390625
81.42558288574219
86.73426055908203
84.82774353027344
84.80961608886719
87.1491470336914
83.33159637451172
87.15778350830078
85.75292205810547
85.28038024902344
86.85114288330078
83.69839477539062
85.46932220458984
83.21321868896484
83.93276977539062
82.24835968017578
83.76307678222656
81.93902587890625
84.02005004882812
83.15018463134766
83.4885482788086
85.9657211303711
82.3131332397461
87.15264129638672
85.54078674316406
85.79740142822266
89.36284637451172
83.15428161621094
90.57107543945312
88.4495849609375
87.22248077392578
91.50440216064453
77.66423797607422
89.41510772705078
85.17420196533203
82.20154571533203
86.1180648803711
70.5587158203125
83.76958465576172
77.87091827392578
80.76290130615234
79.71023559570312
78.38972473144531
81.6908950805664
71.18936920166016
83.61799621582031
76.19671630859375
83.10861206054688
84.49043273925781
76.71388244628906
87.45466613769531
80.25456237792969
85.95188903808594
85.86209106445312
79.81214904785156
85.26528930664062
79.39591979980469
81.32213592529297
80.7154312133789
76.6191177368164
79.29873657226562
75.97332000732422
76.12062072753906
76.40841674804688
74.17001342773438
74.2031478881836
74.22245025634766
71.92203521728516
73.48359680175781
72.39564514160156
70.88945007324219
72.26652526855469
69.97000122070312
70.82579803466797
70.0790023803711
66.19036865234375
71.1033706665039
67.35773468017578
69.39044952392578
70.43714141845703
64.67911529541016
72.25252532958984
67.42627716064453
69.10794067382812
71.23513793945312
62.840980529785156
72.09884643554688
66.47212219238281
69.36921691894531
71.71903228759766
61.47306442260742
72.19217681884766
67.7910385131836
70.07444763183594
72.13002014160156
61.73613357543945
73.31998443603516
69.04290771484375
70.78063201904297
73.87274932861328
64.3025131225586
75.48764038085938
71.67437744140625
72.62873077392578
76.10972595214844
67.16551208496094
78.04347229003906
74.60757446289062
74.9567642211914
79.05936431884766
73.29643249511719
77.52099609375
76.5674057006836
72.07955932617188
79.0246810913086
75.38321685791016
78.5063705444336
81.3787612915039
74.66226959228516
83.53053283691406
79.19918060302734
81.40493774414062
83.444091796875
75.29671478271484
83.46670532226562
79.01671600341797
79.34394073486328
81.55099487304688
72.86600494384766
80.6494369506836
76.78048706054688
75.89392852783203
78.9278564453125
71.06881713867188
78.26957702636719
75.29708099365234
73.71832275390625
77.50188446044922
69.1453857421875
76.75064086914062
74.72344207763672
72.38682556152344
77.18980407714844
69.78548431396484
76.72602844238281
74.96109771728516
72.6048355102539
77.61595916748047
69.13798522949219
77.43399047851562
75.37284088134766
73.6889877319336
78.70423889160156
70.44940948486328
79.31620025634766
77.38471984863281
77.1746826171875
81.86141204833984
74.16594696044922
83.50758361816406
80.55735778808594
81.610107421875
83.13334655761719
76.01465606689453
81.05013275146484
77.22249603271484
77.95195007324219
79.89287567138672
73.1158676147461
78.39344024658203
73.79181671142578
73.73633575439453
74.62955474853516
65.59000396728516
73.0655746459961
63.93401336669922
68.37637329101562
66.06301879882812
60.688350677490234
67.16117858886719
45.035240173339844
64.8906021118164
50.557308197021484
65.87077331542969
60.53631591796875
65.7039794921875
66.9079360961914
62.789276123046875
69.40371704101562
66.97197723388672
70.7104721069336
71.57193756103516
69.99553680419922
75.03761291503906
73.47895812988281
73.30767059326172
76.19670867919922
65.52532196044922
75.54669952392578
64.3331527709961
75.9952163696289
71.65778350830078
75.52003479003906
77.26274108886719
74.53936004638672
79.42621612548828
77.20132446289062
79.84615325927734
79.32359313964844
79.32673645019531
78.41207122802734
79.1329574584961
77.36893463134766
77.65640258789062
78.35668182373047
75.90113067626953
80.64710235595703
74.64856719970703
83.2825698852539
79.32634735107422
83.17469024658203
83.77404022216797
79.6511001586914
84.10232543945312
78.36212158203125
81.57844543457031
80.24630737304688
77.47980499267578
80.04328155517578
75.74447631835938
78.57999420166016
77.08403778076172
75.26788330078125
77.51190185546875
73.16065216064453
76.53057861328125
73.54655456542969
74.47909545898438
74.9223861694336
75.10582733154297
76.40291595458984
76.25713348388672
76.90738677978516
75.60627746582031
77.28874969482422
75.15612030029297
76.89839172363281
75.59274291992188
75.45396423339844
76.51138305664062
73.58788299560547
77.19470977783203
74.79986572265625
75.93074035644531
77.167236328125
73.49989318847656
77.78907012939453
75.45372009277344
76.57288360595703
78.2471694946289
73.17639923095703
79.28227233886719
76.65007019042969
77.59983825683594
80.44686889648438
74.36890411376953
81.9499740600586
78.72591400146484
80.66272735595703
83.89251708984375
76.37530517578125
86.13285064697266
83.35498809814453
84.86263275146484
88.81663513183594
76.24278259277344
88.15239715576172
82.53709411621094
81.44819641113281
83.54235076904297
59.26362228393555
80.61276245117188
74.10302734375
74.36758422851562
75.88932037353516
63.84825897216797
73.85572052001953
68.0130386352539
71.94108581542969
68.9169692993164
69.68952178955078
71.50179290771484
65.41004180908203
74.7975845336914
62.87835693359375
75.13420104980469
75.6814193725586
71.07785034179688
79.76116943359375
72.61983489990234
79.82475280761719
79.43524932861328
75.8144760131836
79.70709228515625
74.46886444091797
76.88577270507812
76.11896514892578
76.3234634399414
77.37421417236328
79.90328979492188
77.40898132324219
82.94108581542969
78.92790985107422
82.24124145507812
82.2832260131836
77.94928741455078
83.14517211914062
77.41153717041016
81.17988586425781
80.04499053955078
75.53904724121094
80.17279815673828
71.88873291015625
79.38704681396484
75.7415771484375
77.21238708496094
78.74249267578125
76.12787628173828
79.99588775634766
77.35690307617188
80.01499938964844
79.89928436279297
79.703857421875
81.97716522216797
79.70187377929688
82.74858856201172
80.06608581542969
82.0748062133789
81.7774887084961
78.904052734375
82.06719970703125
76.85372161865234
80.51873016357422
78.3769302368164
76.73230743408203
79.7591552734375
72.61357879638672
78.92382049560547
75.65462493896484
75.92610931396484
78.30773162841797
70.35111236572266
78.54244995117188
73.72445678710938
76.80301666259766
78.56622314453125
72.10611724853516
79.97193145751953
74.83403015136719
78.66808319091797
79.92618560791016
74.44105529785156
81.89195251464844
76.71161651611328
80.70246124267578
82.25711822509766
75.91148376464844
84.3462142944336
79.73391723632812
82.03909301757812
84.07814025878906
74.21198272705078
83.66514587402344
79.26864624023438
78.34945678710938
81.9239501953125
68.93885040283203
80.5279769897461
79.33085632324219
69.13388061523438
79.63850402832031
72.31546783447266
72.96327209472656
75.85456848144531
63.158912658691406
72.76617431640625
71.13795471191406
61.602787017822266
72.2583999633789
66.48883819580078
67.86404418945312
71.32048034667969
