62.874141693115234
68.57640838623047
68.394775390625
56.244476318359375
76.72325897216797
75.4854507446289
69.61426544189453
77.6157455444336
70.50537109375
74.15946197509766
76.68785858154297
54.88667297363281
77.30586242675781
74.23103332519531
71.26103210449219
79.76902770996094
68.58596801757812
78.13436889648438
80.51449584960938
51.75604248046875
80.50408935546875
78.75933074951172
71.53557586669922
82.49107360839844
73.73246765136719
78.4063491821289
82.18470001220703
50.835174560546875
83.29693603515625
80.85862731933594
76.58110046386719
84.76451873779297
76.22785186767578
82.28585052490234
84.88055419921875
54.922603607177734
85.78659057617188
84.51012420654297
79.87680053710938
88.23400115966797
80.42326354980469
86.61185455322266
89.70944213867188
48.83021926879883
91.57106018066406
90.23373413085938
86.21611785888672
95.91592407226562
88.72889709472656
94.82511138916016
97.19014739990234
30.94352149963379
94.14832305908203
89.79228973388672
82.53561401367188
89.10323333740234
77.80107879638672
82.79027557373047
82.85350036621094
56.661746978759766
79.91363525390625
76.87646484375
71.5964584350586
77.0523681640625
69.73406982421875
69.3104248046875
70.86247253417969
59.0832405090332
67.70613861083984
63.23628616333008
53.20244598388672
64.70172119140625
48.25162124633789
64.15125274658203
67.68209838867188
56.53215789794922
68.74819946289062
68.7828369140625
69.4043197631836
77.06005859375
69.51885223388672
77.84199523925781
81.98961639404297
55.36334228515625
85.01283264160156
84.81582641601562
81.46656036376953
91.87939453125
85.45709991455078
92.92780303955078
97.09599304199219
55.67691421508789
99.56942749023438
97.27338409423828
91.72083282470703
99.08731842041016
90.09709167480469
94.9113998413086
96.55313110351562
57.12248992919922
95.47067260742188
93.08179473876953
87.45074462890625
95.40953826904297
86.75494384765625
91.9649658203125
94.39153289794922
57.552284240722656
94.14229583740234
91.7514877319336
86.16331481933594
94.79918670654297
86.38494110107422
91.78395080566406
94.30229187011719
46.342811584472656
94.63953399658203
92.4430160522461
87.33029174804688
96.02083587646484
87.98453521728516
93.86723327636719
96.56371307373047
44.0765266418457
97.44005584716797
95.69208526611328
90.76587677001953
99.90005493164062
92.22207641601562
98.308837890625
101.3884506225586
51.21833801269531
103.11759185791016
101.56925201416016
97.03203582763672
105.67491149902344
97.4913101196289
102.5286865234375
104.45169830322266
51.16416931152344
103.14051818847656
100.02764892578125
94.0341567993164
101.82129669189453
92.91121673583984
97.67301940917969
99.57131958007812
47.217132568359375
98.86589050292969
96.16775512695312
90.48199462890625
98.66419982910156
89.98934936523438
95.19104766845703
97.36780548095703
49.53480911254883
97.08067321777344
94.69556427001953
88.89295959472656
97.42478942871094
88.882568359375
94.1103744506836
96.43462371826172
54.20052719116211
96.24736022949219
93.76719665527344
88.49332427978516
96.67171478271484
88.18403625488281
93.4211654663086
95.52484130859375
56.373538970947266
94.81816101074219
92.2713851928711
86.3008804321289
93.84146881103516
84.69660186767578
87.99028778076172
87.54013061523438
51.81449890136719
86.20599365234375
92.14269256591797
90.41476440429688
100.49978637695312
92.80525207519531
98.56356811523438
101.10362243652344
57.432132720947266
101.47575378417969
99.32411193847656
94.27552795410156
102.934814453125
94.97989654541016
100.57505798339844
103.35496520996094
57.68010711669922
104.40520477294922
102.63631439208984
97.98302459716797
106.88141632080078
99.01278686523438
104.62904357910156
106.78616333007812
54.942970275878906
105.30773162841797
101.704345703125
94.99329376220703
101.97320556640625
92.12832641601562
96.24346160888672
97.34965515136719
53.56721496582031
95.02362060546875
91.58440399169922
85.25077819824219
92.5511245727539
83.30718994140625
87.71339416503906
89.38776397705078
51.6588020324707
87.80382537841797
85.1939468383789
79.09626770019531
86.60460662841797
77.40402221679688
82.8465576171875
84.28777313232422
51.554988861083984
82.8603515625
79.93434143066406
74.95343780517578
82.2280502319336
73.70231628417969
78.01939392089844
80.1500473022461
53.863487243652344
78.65896606445312
76.42647552490234
69.85123443603516
78.93319702148438
69.25337982177734
74.80354309082031
76.97677612304688
41.24106979370117
76.65475463867188
73.63408660888672
66.5928955078125
76.77366638183594
66.32477569580078
72.66516876220703
75.06806182861328
56.324249267578125
77.17314147949219
77.634765625
70.69519805908203
80.82451629638672
72.5433120727539
77.58033752441406
80.2464599609375
59.19319152832031
80.92131042480469
78.62831115722656
73.811279296875
82.4437026977539
74.14972686767578
80.29496765136719
82.64998626708984
54.31328201293945
84.0626449584961
82.56224060058594
77.2275161743164
86.47222900390625
79.33848571777344
84.6549301147461
88.09184265136719
49.84322738647461
90.08369445800781
88.85960388183594
84.88005065917969
94.30950927734375
87.27903747558594
93.8414306640625
97.34264373779297
58.574039459228516
99.25593566894531
97.20201110839844
91.58689880371094
99.37968444824219
90.17845916748047
94.72368621826172
96.21334838867188
55.90278244018555
94.53793334960938
91.50218200683594
85.13127136230469
93.20867156982422
83.97784423828125
88.7893295288086
90.47677612304688
45.263736724853516
89.31983947753906
85.90951538085938
80.03097534179688
87.56510925292969
77.6959457397461
82.96867370605469
85.20951080322266
41.12495040893555
91.13298797607422
90.60847473144531
86.35150146484375
94.34359741210938
85.79780578613281
90.38670349121094
92.37735748291016
49.58584213256836
92.07877349853516
89.55167388916016
84.20618438720703
92.57685852050781
84.1385498046875
89.68896484375
92.22715759277344
51.46003341674805
92.58855438232422
90.461669921875
85.58322143554688
94.20681762695312
86.45677185058594
92.27667236328125
95.1367416381836
54.156707763671875
96.32212829589844
94.78838348388672
90.30126190185547
99.566650390625
92.31818389892578
98.66785430908203
102.16039276123047
24.842784881591797
103.94422149658203
101.75797271728516
95.915771484375
103.1363525390625
93.60606384277344
97.42394256591797
98.531494140625
56.517364501953125
96.18484497070312
92.64479064941406
86.26052856445312
93.83369445800781
84.68939971923828
89.21131896972656
90.4271469116211
54.29868698120117
88.49189758300781
85.89828491210938
79.06520080566406
86.66890716552734
77.5058364868164
82.08800506591797
83.45343017578125
57.426151275634766
80.56916809082031
77.42577362060547
71.55205535888672
79.6895751953125
72.60873413085938
81.46363067626953
86.81968688964844
51.506534576416016
92.55264282226562
92.03085327148438
88.04414367675781
96.79735565185547
88.71199798583984
94.08293914794922
96.70571899414062
43.258670806884766
96.15450286865234
92.5173110961914
84.97557830810547
90.8526611328125
79.62482452392578
81.75627899169922
81.67863464355469
55.90901184082031
75.22749328613281
69.34223937988281
64.15544128417969
68.39347839355469
59.057586669921875
66.56890106201172
64.04949188232422
58.07374954223633
66.96826934814453
64.99134063720703
65.63871002197266
68.97844696044922
58.20011901855469
67.17646789550781
67.47966003417969
41.803932189941406
70.65515899658203
65.29582977294922
64.06702423095703
70.40351104736328
58.895538330078125
63.958412170410156
67.95404052734375
53.825927734375
66.22752380371094
63.50954055786133
60.2986946105957
64.18955993652344
53.71030044555664
59.84449768066406
64.93485260009766
56.89164352416992
62.02648162841797
59.68035125732422
60.115177154541016
64.30033874511719
58.09885025024414
62.28120803833008
61.627227783203125
56.45579147338867
64.49671936035156
63.22019958496094
63.25080490112305
71.4577865600586
67.05015563964844
74.12423706054688
79.04588317871094
58.96369171142578
82.61029052734375
79.59905242919922
72.81301879882812
80.80811309814453
72.19578552246094
76.77037048339844
78.6019058227539
57.456687927246094
77.15709686279297
74.10005950927734
68.79080200195312
76.94725799560547
70.17505645751953
73.72534942626953
76.12833404541016
57.443809509277344
75.43637084960938
74.28399658203125
69.52887725830078
75.36300659179688
67.38726806640625
74.26741027832031
77.12626647949219
55.056522369384766
77.60350799560547
76.26251983642578
70.92621612548828
80.0969009399414
72.19218444824219
77.7116928100586
79.93218231201172
55.885276794433594
82.2547607421875
80.70551300048828
76.0566635131836
85.05992889404297
77.3245849609375
83.96015930175781
87.10078430175781
51.42535400390625
88.7220230102539
86.85655975341797
81.10960388183594
89.99385070800781
80.95441436767578
85.49205780029297
86.70997619628906
50.55867385864258
83.41497039794922
78.14805603027344
71.91081237792969
83.08712005615234
78.68157196044922
87.65705108642578
92.982177734375
45.539554595947266
96.62269592285156
95.19280242919922
90.36405181884766
98.97737884521484
90.94239807128906
96.44476318359375
99.09626007080078
53.51743698120117
99.707275390625
97.45475006103516
92.0628890991211
100.11337280273438
91.22787475585938
95.85254669189453
97.18827056884766
56.05681610107422
95.07854461669922
91.81907653808594
85.32597351074219
92.51680755615234
83.16998291015625
87.72069549560547
88.81013488769531
51.836456298828125
86.13348388671875
82.79566955566406
76.162353515625
83.20775604248047
73.15724182128906
77.692626953125
81.73120880126953
50.83638000488281
87.08734893798828
87.66213989257812
84.78665924072266
95.04927062988281
87.68132781982422
92.9950180053711
95.08920288085938
52.53728103637695
94.2787857055664
91.4606704711914
85.78702545166016
93.65479278564453
85.02369689941406
90.17375946044922
92.63512420654297
53.49024963378906
92.53592681884766
90.29407501220703
85.05369567871094
93.79161071777344
85.51056671142578
91.47752380371094
94.17890930175781
52.707847595214844
95.07891082763672
93.22763061523438
88.2413101196289
96.65967559814453
88.051025390625
92.6799545288086
93.83943176269531
51.77434539794922
90.7992935180664
86.60588836669922
79.47862243652344
86.32433319091797
76.59945678710938
81.06754302978516
81.46723937988281
53.732154846191406
78.94152069091797
74.94635009765625
67.01393127441406
73.5662841796875
63.93585968017578
61.01066207885742
62.33278274536133
43.629573822021484
57.17106628417969
64.04174041748047
63.075950622558594
70.98304748535156
