77.0352554321289
81.37012481689453
83.06290435791016
41.485225677490234
82.66766357421875
79.1002197265625
73.2129898071289
80.69681549072266
71.29853057861328
78.84437561035156
80.1417007446289
58.159454345703125
78.88617706298828
76.51802062988281
71.99530029296875
80.704345703125
72.64984130859375
77.43193817138672
80.37895202636719
60.311710357666016
81.5804672241211
79.61060333251953
74.6189956665039
83.90276336669922
76.55673217773438
81.56509399414062
84.29627990722656
49.31489181518555
85.52725219726562
83.81251525878906
79.34815979003906
88.56438446044922
80.46088409423828
87.62074279785156
90.94908905029297
54.05847930908203
92.5593490600586
90.78732299804688
85.12364959716797
93.78681182861328
84.5588607788086
88.78915405273438
89.13545989990234
43.381778717041016
84.96253204345703
80.71479034423828
75.17542266845703
80.74616241455078
70.5158462524414
71.4229965209961
71.8006591796875
56.53629684448242
69.75265502929688
67.40718078613281
30.49833869934082
70.12271118164062
64.2737045288086
70.98804473876953
74.2000503540039
58.936336517333984
75.45571899414062
73.98420715332031
70.03942108154297
78.31977844238281
70.21548461914062
74.88087463378906
78.64111328125
60.59626007080078
79.83507537841797
77.33060455322266
70.86341857910156
81.06706237792969
71.7803955078125
79.12602996826172
81.54393768310547
59.95547866821289
81.38184356689453
78.40886688232422
74.59272003173828
83.01560974121094
75.47064971923828
79.61238861083984
82.5423583984375
49.93547821044922
83.65010833740234
81.28075408935547
75.14268493652344
84.04821014404297
75.07334899902344
81.86573791503906
84.42815399169922
59.841915130615234
85.0071029663086
82.30475616455078
77.87157440185547
85.9871826171875
77.5213394165039
83.14883422851562
85.79447174072266
41.98163986206055
85.85780334472656
83.60643005371094
78.87859344482422
86.8707504272461
78.49092864990234
84.3712158203125
86.53363800048828
48.55567932128906
86.98683166503906
84.6908950805664
78.32923889160156
87.31331634521484
78.60133361816406
84.80438995361328
87.0616455078125
49.75017166137695
86.94694519042969
84.335205078125
80.40788269042969
88.11355590820312
79.60951232910156
85.05390167236328
87.30630493164062
60.86083221435547
87.98716735839844
85.5138168334961
80.52581024169922
88.82696533203125
80.38835906982422
86.79559326171875
88.832763671875
50.190162658691406
89.63368225097656
87.44947814941406
82.83824920654297
91.0885238647461
82.876953125
88.66764831542969
91.23563385009766
63.919734954833984
91.4423828125
88.92433166503906
84.41419982910156
92.64768981933594
84.71404266357422
90.9172592163086
93.98240661621094
56.994407653808594
95.75176239013672
94.21038055419922
89.506591796875
98.74751281738281
91.12029266357422
97.1766357421875
100.241455078125
56.79804992675781
101.38207244873047
99.55459594726562
94.70130920410156
103.11341857910156
94.89224243164062
100.20637512207031
102.53520965576172
49.425785064697266
102.46910858154297
100.11247253417969
94.32698822021484
102.4134750366211
93.23552703857422
97.37898254394531
98.15255737304688
60.112388610839844
96.48536682128906
94.0348129272461
88.94100952148438
97.28640747070312
89.13199615478516
94.01553344726562
96.42385864257812
54.833126068115234
96.41410064697266
94.1888198852539
88.47899627685547
96.82682800292969
88.61680603027344
93.83739471435547
96.12236022949219
61.57797622680664
95.82727813720703
93.40351104736328
87.89261627197266
96.23228454589844
87.92157745361328
93.03755950927734
95.33169555664062
50.07040023803711
95.17605590820312
92.86514282226562
87.64875793457031
96.15328979492188
87.82508850097656
93.384521484375
95.83475494384766
63.39576721191406
96.44390106201172
94.44081115722656
89.18280029296875
98.21100616455078
90.11156463623047
96.28165435791016
98.98983001708984
53.6715087890625
98.9127426147461
95.62916564941406
88.97801971435547
95.19857025146484
84.86271667480469
87.56478881835938
87.81196594238281
55.076717376708984
84.1088638305664
80.08318328857422
74.08696746826172
81.29077911376953
72.40168762207031
79.58583068847656
82.47630310058594
44.932647705078125
83.8656997680664
82.09236907958984
77.64238739013672
87.0093994140625
78.95266723632812
84.78107452392578
86.93208312988281
46.2154541015625
85.30269622802734
82.05230712890625
76.83660888671875
85.02241516113281
77.0267333984375
82.84101867675781
85.93544006347656
50.36552047729492
87.34519958496094
86.24030303955078
80.71349334716797
90.35983276367188
82.45738220214844
89.02117919921875
92.27885437011719
39.54000473022461
94.07791137695312
92.6551284790039
88.58770751953125
97.46577453613281
89.63020324707031
95.03589630126953
97.08915710449219
59.081703186035156
95.78839111328125
92.56138610839844
86.36518859863281
93.80989074707031
84.59698486328125
89.22502136230469
90.99514770507812
58.49434280395508
89.77598571777344
86.81564331054688
81.58861541748047
88.9090576171875
81.12767791748047
85.44772338867188
87.57337188720703
57.86608123779297
87.45440673828125
85.25169372558594
79.14037322998047
87.69546508789062
79.309326171875
85.19769287109375
87.55012512207031
52.25930404663086
87.84861755371094
85.99298858642578
81.42378997802734
90.21353149414062
82.22394561767578
88.05154418945312
91.23777770996094
49.44375228881836
92.80950927734375
91.33891296386719
86.4052963256836
94.93629455566406
85.74980163574219
90.2272720336914
90.87285614013672
59.451290130615234
87.19831085205078
83.9380111694336
80.12295532226562
89.30793762207031
81.81501770019531
88.01333618164062
90.59757995605469
42.51221466064453
90.66361999511719
87.88892364501953
81.80755615234375
89.8032455444336
80.22077178955078
85.74088287353516
87.51052856445312
52.76176452636719
86.614990234375
83.47171020507812
78.35871124267578
86.34954833984375
77.72264099121094
82.93258666992188
85.04507446289062
42.035247802734375
84.83540344238281
82.71797943115234
77.09869384765625
86.1903076171875
78.12474060058594
83.17958068847656
86.06474304199219
52.3660888671875
86.4394302368164
84.45121002197266
79.46794128417969
88.42350769042969
80.32787322998047
86.86974334716797
89.70793151855469
45.797706604003906
91.547119140625
89.948974609375
85.67919921875
94.7750015258789
85.93376922607422
90.7175064086914
91.29889678955078
56.27128219604492
89.11542510986328
86.17686462402344
80.96772766113281
87.7567367553711
77.25353240966797
81.82933807373047
82.39530181884766
54.56463623046875
79.4534683227539
75.09859466552734
67.58692932128906
73.70027160644531
61.53953170776367
66.24456787109375
60.68339538574219
57.18012619018555
67.90752410888672
70.33879089355469
68.62381744384766
80.59422302246094
75.23733520507812
81.93869018554688
86.19331359863281
52.58918762207031
88.43612670898438
86.49608612060547
81.53822326660156
90.58895111083984
82.83363342285156
88.92878723144531
92.22295379638672
43.24580383300781
93.68011474609375
92.25261688232422
87.73509979248047
96.9404296875
89.45767211914062
95.32827758789062
98.04991149902344
62.25386428833008
98.10380554199219
95.2453842163086
89.52787780761719
97.13799285888672
88.08528137207031
92.82968139648438
94.52931213378906
57.03862762451172
93.48223114013672
90.62431335449219
85.42644500732422
93.21831512451172
84.84101104736328
89.4989013671875
91.42798614501953
54.53944396972656
90.75965118408203
88.17675018310547
82.17644500732422
90.16033172607422
80.84230041503906
86.94547271728516
88.74545288085938
53.93379592895508
88.12821960449219
85.31182098388672
79.9120864868164
88.00749206542969
79.84144592285156
84.16966247558594
86.44743347167969
56.81291580200195
86.03692626953125
83.26339721679688
77.50605010986328
86.2625732421875
78.12565612792969
83.8098373413086
86.64328002929688
54.199642181396484
86.49561309814453
84.40734100341797
78.89458465576172
87.10139465332031
78.87411499023438
84.31351470947266
86.17166900634766
54.16331481933594
86.14371490478516
83.83690643310547
78.62931060791016
87.25474548339844
78.83771514892578
83.97415924072266
86.46234130859375
54.55984115600586
86.9752197265625
84.88323974609375
79.36463165283203
87.88433074951172
79.9411392211914
86.05250549316406
88.06084442138672
52.56120300292969
86.2984390258789
83.72522735595703
78.42852020263672
87.11316680908203
79.19230651855469
85.1029281616211
88.00397491455078
56.66707229614258
88.8470230102539
86.74010467529297
82.00665283203125
90.5286636352539
82.46159362792969
88.34800720214844
91.15978240966797
47.14442825317383
92.1870346069336
90.3943862915039
85.69380187988281
94.4973373413086
86.68266296386719
92.5552978515625
95.41582489013672
58.7661018371582
96.28382110595703
94.23749542236328
88.95252227783203
97.36731719970703
88.88481140136719
93.86062622070312
95.88970184326172
56.19765090942383
94.78620910644531
91.91991424560547
85.97958374023438
93.77359771728516
84.6421127319336
89.6604232788086
91.66728210449219
51.904911041259766
90.86563873291016
88.306884765625
83.38845825195312
91.71298217773438
83.28243255615234
88.94351196289062
91.12139892578125
57.216732025146484
90.69121551513672
88.12460327148438
82.96098327636719
91.13961029052734
82.7529296875
88.857421875
91.26264953613281
39.71723175048828
91.9039077758789
90.032958984375
85.4287338256836
94.13475036621094
86.583984375
92.5383529663086
95.14094543457031
61.23694610595703
95.21668243408203
92.23282623291016
86.2031478881836
93.29906463623047
83.72120666503906
88.26712799072266
89.56910705566406
51.671260833740234
88.0841064453125
84.8459701538086
79.38530731201172
87.0726318359375
78.05059814453125
82.83201599121094
85.52847290039062
47.508907318115234
85.45294952392578
83.10166931152344
77.26508331298828
86.25436401367188
77.86495208740234
84.07423400878906
86.70262908935547
51.01003646850586
87.43619537353516
85.88798522949219
81.02462768554688
90.11913299560547
82.22895812988281
88.32315063476562
91.55482482910156
55.814491271972656
92.94673919677734
91.1909408569336
86.16542053222656
94.94630432128906
87.0417251586914
92.60108947753906
94.8373794555664
46.72381591796875
93.93565368652344
91.1321792602539
85.30892181396484
93.09090423583984
84.35781860351562
89.01667022705078
91.0265121459961
51.98910903930664
90.29754638671875
87.48625946044922
81.93675231933594
90.09558868408203
81.2216567993164
87.0037841796875
89.07090759277344
55.144622802734375
88.89466857910156
86.62571716308594
81.72535705566406
89.88371276855469
