53.78145217895508
69.92351531982422
69.00907135009766
57.19684600830078
71.09757995605469
68.46729278564453
65.1090087890625
71.59125518798828
64.67505645751953
69.57080841064453
71.05992126464844
62.951942443847656
71.6507797241211
71.09822082519531
62.85595703125
73.7010726928711
68.64725494384766
69.09483337402344
73.81758880615234
61.80840301513672
72.40615844726562
73.15839385986328
59.07036590576172
73.91414642333984
70.41262817382812
68.99993133544922
75.4366455078125
65.53741455078125
73.54850006103516
74.9643325805664
64.10831451416016
76.27119445800781
72.84159851074219
73.27375793457031
77.85450744628906
72.78533935546875
78.71520233154297
77.61573791503906
76.56982421875
79.21180725097656
73.798828125
78.46221923828125
73.46371459960938
73.23639678955078
74.26184844970703
44.84245681762695
71.85679626464844
68.55435943603516
64.6478500366211
70.1783676147461
65.41351318359375
65.69458770751953
67.69277954101562
65.47444152832031
64.73731231689453
67.77643585205078
66.46697235107422
64.52298736572266
68.15847778320312
61.70090103149414
64.13862609863281
68.05264282226562
57.61603546142578
65.91027069091797
65.81723022460938
40.87873077392578
65.767822265625
62.28187942504883
58.06838607788086
65.94940948486328
58.34307098388672
62.58966064453125
63.8570556640625
63.07310104370117
61.13881301879883
63.54651641845703
64.84529113769531
59.83018493652344
66.29518127441406
66.33208465576172
53.62595748901367
69.6451416015625
65.74845886230469
63.69534683227539
71.34735107421875
63.701629638671875
69.44293975830078
71.09891510009766
62.945987701416016
72.35840606689453
71.40031433105469
64.33373260498047
73.31460571289062
70.18978118896484
69.55845642089844
74.41532897949219
67.21673583984375
72.49651336669922
74.31983947753906
65.64950561523438
74.04657745361328
73.32361602783203
67.80282592773438
75.16851043701172
71.37458801269531
70.33090209960938
75.07888793945312
67.80120086669922
72.29044342041016
74.39044952392578
63.51259231567383
72.89993286132812
72.7359848022461
59.72959518432617
73.22871398925781
69.8310775756836
64.16302490234375
72.52313232421875
67.6520767211914
64.89673614501953
71.68557739257812
68.20844268798828
64.33130645751953
72.52957153320312
67.52098083496094
69.2197036743164
73.93708801269531
68.103515625
73.97479248046875
74.98741912841797
71.28690338134766
76.76554870605469
74.14065551757812
77.76333618164062
76.94686889648438
77.44977569580078
82.04923248291016
68.13292694091797
84.67806243896484
80.25585174560547
82.674072265625
86.86964416503906
61.532257080078125
87.84602355957031
85.78274536132812
82.04830932617188
90.17826080322266
82.43982696533203
89.10751342773438
91.30155181884766
82.34232330322266
93.48612213134766
90.47779083251953
91.63642120361328
95.05757904052734
87.55664825439453
95.26481628417969
92.06752014160156
90.7036361694336
94.41785430908203
82.90302276611328
92.61754608154297
92.19187927246094
82.58287811279297
93.63175964355469
87.81363677978516
89.67288208007812
92.93299865722656
65.22248840332031
91.68281555175781
88.48566436767578
82.80314636230469
90.40800476074219
86.6855239868164
84.83960723876953
90.73614501953125
83.36468505859375
87.99700927734375
90.40239715576172
76.5804443359375
90.12089538574219
88.64842224121094
81.73674011230469
90.96957397460938
84.57482147216797
87.14007568359375
90.37130737304688
73.92098236083984
89.42039489746094
88.343017578125
79.1629638671875
90.02023315429688
84.72212982177734
85.15039825439453
89.99626159667969
76.6949234008789
88.46224212646484
88.81104278564453
75.44788360595703
90.08988952636719
85.80204772949219
85.23148345947266
90.5739974975586
80.23567962646484
89.68107604980469
89.80524444580078
84.18295288085938
92.02584838867188
87.06217956542969
90.6329345703125
91.056640625
85.35374450683594
90.681884765625
82.05245971679688
86.33415222167969
85.9580307006836
69.68534851074219
84.96194458007812
79.85142517089844
78.0275650024414
82.60835266113281
76.57656860351562
78.9968490600586
80.47779846191406
76.45520782470703
77.80414581298828
80.22528076171875
75.02825927734375
77.71871948242188
80.68157958984375
67.16083526611328
80.77850341796875
80.79271697998047
75.30471801757812
84.07350158691406
75.57378387451172
82.70658874511719
79.9073486328125
75.01091003417969
80.27152252197266
69.68679809570312
75.96885681152344
76.11515808105469
49.95209884643555
75.05712127685547
71.45919799804688
64.73965454101562
72.69631958007812
64.9583740234375
65.74392700195312
69.38581085205078
57.388092041015625
65.96198272705078
67.66556549072266
59.54740905761719
70.76998901367188
67.12472534179688
70.28425598144531
72.88896942138672
66.46037292480469
74.50165557861328
68.4207992553711
71.14464569091797
73.5904312133789
52.61612319946289
73.72383880615234
71.73506927490234
65.91899871826172
74.5386734008789
68.77400970458984
70.6177749633789
74.2758560180664
62.748104095458984
73.49605560302734
73.28733825683594
64.02674865722656
75.12703704833984
72.05260467529297
69.8923568725586
75.94744873046875
70.21359252929688
72.95008850097656
75.88629150390625
66.6533203125
75.0394058227539
75.11548614501953
66.1495590209961
76.57823181152344
72.89315032958984
71.75062561035156
77.66959381103516
67.84451293945312
75.67520141601562
77.71150970458984
53.24396896362305
78.71155548095703
76.3674545288086
72.48617553710938
80.22915649414062
72.67852020263672
78.7649154663086
81.23263549804688
73.8875732421875
83.20752716064453
79.52812957763672
81.65140533447266
82.95951843261719
74.81422424316406
82.344482421875
77.08551788330078
76.32886505126953
80.67926788330078
66.88701629638672
78.71682739257812
78.17202758789062
65.95112609863281
79.15367126464844
73.98503112792969
74.30076599121094
78.72282409667969
65.72068786621094
76.94417572021484
77.03329467773438
63.597686767578125
78.16455841064453
74.64515686035156
72.11043548583984
78.3837890625
68.52294921875
75.87877655029297
77.87639617919922
59.35781478881836
77.93897247314453
75.97956085205078
70.70857238769531
79.5230941772461
72.76213073730469
76.3027114868164
79.51482391357422
57.3109245300293
79.54511260986328
77.31809997558594
70.10523223876953
80.3333511352539
75.25244903564453
76.8203353881836
81.19829559326172
62.41020965576172
80.64280700683594
79.86672973632812
69.0123062133789
82.09326934814453
77.74256134033203
77.58845520019531
83.34757232666016
73.12864685058594
83.05169677734375
83.81096649169922
78.85868072509766
86.73371124267578
80.92149353027344
85.51046752929688
84.41764831542969
78.2884521484375
84.73654174804688
74.5477294921875
80.26896667480469
81.21379852294922
64.28596496582031
80.08751678466797
77.26192474365234
73.33946990966797
79.20745849609375
75.66136169433594
74.80489349365234
78.4031753540039
75.59677124023438
73.8147201538086
79.51419067382812
74.27823638916016
77.41749572753906
81.42276763916016
63.60825729370117
82.85572052001953
80.34282684326172
79.41748046875
83.93133544921875
73.22914123535156
82.9572525024414
80.35298919677734
75.74225616455078
82.5802001953125
73.41334533691406
79.31387329101562
81.29632568359375
65.18118286132812
81.7659683227539
78.6054916381836
75.80628967285156
81.6793441772461
69.28801727294922
79.52751159667969
79.5988540649414
64.34326934814453
80.41077423095703
76.23473358154297
74.79423522949219
80.6500015258789
68.5616226196289
78.57544708251953
79.27689361572266
63.10853576660156
79.96815490722656
76.53155517578125
74.09252166748047
80.36705780029297
71.23863220214844
78.0831527709961
79.52385711669922
66.30829620361328
79.68685150146484
78.27291107177734
71.68163299560547
80.77566528320312
76.8519287109375
75.8656997680664
82.36237335205078
69.71215057373047
81.49128723144531
81.56995391845703
69.70405578613281
83.51390075683594
78.78394317626953
78.77397155761719
84.19757080078125
73.07797241210938
83.6290054321289
83.9861831665039
76.92182159423828
86.56259155273438
82.26433563232422
85.33697509765625
86.9139175415039
80.44125366210938
86.6096420288086
79.40180206298828
81.9218521118164
82.80928802490234
62.97475814819336
81.56900787353516
77.99319458007812
72.99951934814453
80.01776123046875
72.93861389160156
75.33319091796875
77.70437622070312
68.21418762207031
75.76106262207031
75.1693115234375
67.94944763183594
74.99600982666016
72.20384216308594
69.09371185302734
73.22037506103516
68.29166412353516
68.77704620361328
70.74435424804688
64.90540313720703
67.64901733398438
68.12065887451172
62.77984619140625
66.88743591308594
64.03411865234375
62.1495361328125
61.85498809814453
62.708045959472656
62.87137985229492
63.76328659057617
63.999305725097656
67.05453491210938
65.83927917480469
64.83600616455078
72.48292541503906
60.78358840942383
74.44356536865234
72.78555297851562
70.2929458618164
76.34913635253906
62.08282470703125
74.86328887939453
74.16809844970703
65.34319305419922
75.19872283935547
69.26764678955078
70.56609344482422
74.49298858642578
67.71452331542969
71.30535888671875
75.53115844726562
59.15534973144531
76.03984832763672
74.46441650390625
70.499267578125
77.36434936523438
62.96892547607422
75.1913833618164
74.02849578857422
66.71878051757812
74.88516235351562
63.520877838134766
71.72294616699219
70.22173309326172
67.74435424804688
69.15707397460938
67.64322662353516
68.77193450927734
66.98657989501953
68.19483184814453
66.94657135009766
64.70425415039062
68.18553924560547
65.86347961425781
67.5297622680664
67.55805206298828
65.02798461914062
67.29540252685547
67.04489135742188
66.22602081298828
66.87798309326172
68.3939208984375
69.23697662353516
68.87932586669922
68.82878875732422
70.17741394042969
68.5437240600586
70.49334716796875
71.29877471923828
68.1337661743164
72.95259857177734
70.19140625
69.70352172851562
74.6090316772461
66.9896011352539
74.19133758544922
75.76390838623047
58.6489372253418
78.37012481689453
74.72955322265625
76.16852569580078
80.62397766113281
71.89114379882812
81.37222290039062
79.51348114013672
78.64599609375
82.67972564697266
75.2825698852539
81.7636489868164
80.27544403076172
76.30469512939453
81.34163665771484
72.33602142333984
77.26536560058594
78.22399139404297
63.539207458496094
78.42941284179688
77.7441635131836
72.74925994873047
80.72576141357422
76.7795181274414
79.97710418701172
81.74150085449219
77.38481140136719
82.4443588256836
78.2479019165039
79.9853286743164
79.52996063232422
