61.995025634765625
63.3144645690918
69.0129165649414
62.95638656616211
74.89435577392578
73.78050231933594
69.02356719970703
76.41111755371094
66.11607360839844
73.08613586425781
77.05464935302734
52.11371994018555
76.99308013916016
74.71444702148438
70.60700988769531
79.17495727539062
71.3581314086914
76.8081283569336
79.18022918701172
60.82321548461914
80.29610443115234
77.73350524902344
72.53260040283203
81.72592163085938
74.10974884033203
79.60335540771484
81.81089782714844
59.32971954345703
82.95359802246094
80.5594253540039
76.17799377441406
84.50105285644531
76.32714080810547
82.50313568115234
85.08261108398438
60.4942512512207
86.23210906982422
84.31385040283203
79.24939727783203
88.13159942626953
80.24223327636719
86.69364166259766
89.93506622314453
59.564205169677734
91.52446746826172
90.18683624267578
86.76067352294922
95.95647430419922
88.98007202148438
94.64407348632812
96.95429992675781
60.57756423950195
94.1761703491211
89.75288391113281
81.41329956054688
88.60221862792969
77.9048080444336
82.7535400390625
83.45594787597656
51.153564453125
79.64498138427734
75.43878173828125
72.4463119506836
76.93859100341797
68.89006805419922
69.54945373535156
71.22920989990234
39.58674621582031
71.39501190185547
65.40455627441406
54.06581497192383
66.54656219482422
48.908260345458984
64.33861541748047
67.62052154541016
57.51386260986328
70.72235107421875
71.51113891601562
68.6534423828125
78.31372833251953
71.09793853759766
78.1624984741211
81.99186706542969
51.29536437988281
85.69633483886719
85.1436538696289
81.36988067626953
91.85655975341797
85.34959411621094
92.81416320800781
96.90978240966797
60.99809265136719
98.98475646972656
96.87190246582031
91.26846313476562
99.07067108154297
90.2558364868164
94.54443359375
96.41333770751953
60.579490661621094
95.59193420410156
92.97595977783203
86.86355590820312
95.25634765625
86.7977523803711
91.90605163574219
94.15095520019531
51.516395568847656
93.82086944580078
91.3782958984375
86.20429992675781
94.78775787353516
86.61991882324219
91.78564453125
94.12462615966797
55.388519287109375
94.47701263427734
92.56153869628906
87.27586364746094
95.97683715820312
88.02485656738281
93.86408996582031
96.4829330444336
37.293025970458984
97.36798095703125
95.58377838134766
90.91336059570312
99.884765625
92.1991958618164
98.2456283569336
101.3588638305664
56.705753326416016
103.06660461425781
101.478515625
96.77999114990234
105.48509216308594
97.17807006835938
102.37090301513672
104.26898956298828
57.11042785644531
102.96281433105469
100.04846954345703
93.95735931396484
101.72373962402344
92.82952880859375
97.69216918945312
99.50858306884766
57.69044876098633
98.82653045654297
96.13013458251953
90.67208099365234
98.59546661376953
89.9175796508789
95.26219177246094
97.33661651611328
47.1995964050293
97.16290283203125
94.66182708740234
89.45885467529297
97.56278228759766
89.00867462158203
94.35796356201172
96.61629486083984
32.44926834106445
96.43033599853516
94.02274322509766
88.72744750976562
96.7822265625
88.45062255859375
93.32096862792969
95.54765319824219
54.79715347290039
94.95883178710938
92.25408172607422
85.9532241821289
93.8095932006836
84.20491790771484
87.9089584350586
87.05906677246094
65.74637603759766
87.46050262451172
92.53203582763672
90.4936294555664
100.46322631835938
92.82304382324219
98.6685562133789
101.1369857788086
57.879981994628906
101.48295593261719
99.3196792602539
94.40325927734375
102.95417022705078
94.86077880859375
100.65277099609375
103.44403076171875
55.601043701171875
104.48895263671875
102.78883361816406
98.07577514648438
107.03932189941406
99.20307922363281
104.8096923828125
106.97724151611328
61.64745330810547
105.40821075439453
101.79378509521484
95.06962585449219
101.96256256103516
92.19624328613281
96.29020690917969
97.34449005126953
59.40823745727539
94.94430541992188
91.64857482910156
85.21437072753906
92.44132232666016
83.05709075927734
87.90238189697266
89.26372528076172
55.28864669799805
87.69329833984375
84.60580444335938
79.0655746459961
86.30380249023438
77.0396957397461
81.91339111328125
83.87922668457031
56.164058685302734
82.9743881225586
80.38407897949219
73.22708892822266
81.78230285644531
72.75555419921875
78.29940795898438
79.53187561035156
59.91933822631836
79.16389465332031
75.89259338378906
70.75975036621094
78.6351547241211
72.10212707519531
73.81307220458984
77.26819610595703
51.154170989990234
76.19904327392578
74.30227661132812
69.43289184570312
75.56351470947266
65.55542755126953
73.3451919555664
75.25651550292969
52.09238815307617
77.92333221435547
77.90662384033203
73.6463851928711
81.88504028320312
73.49172973632812
77.60188293457031
80.33790588378906
47.74543762207031
81.1445083618164
78.9481201171875
72.68302154541016
82.8996810913086
74.82460021972656
80.34765625
83.6502914428711
49.63199234008789
84.17019653320312
82.13550567626953
77.9862289428711
86.65314483642578
79.20822143554688
85.08268737792969
88.29733276367188
55.204898834228516
90.54877471923828
89.13701629638672
84.85173034667969
94.36981964111328
87.0230941772461
93.93122100830078
97.4256362915039
59.54552459716797
99.1932601928711
97.03982543945312
91.85710144042969
99.43878173828125
90.33670043945312
94.6776351928711
96.16732025146484
58.227027893066406
94.64083862304688
91.52276611328125
85.3565444946289
93.02596282958984
84.00871276855469
89.03083038330078
90.62480926513672
58.46896743774414
88.99253845214844
85.91427612304688
80.66294860839844
87.54432678222656
78.24186706542969
82.21282196044922
85.46565246582031
50.76918029785156
91.21788024902344
90.62120056152344
86.2671127319336
94.3048324584961
85.67400360107422
90.53179931640625
92.39630889892578
55.9866828918457
92.03952026367188
89.73986053466797
84.1612548828125
92.54446411132812
84.4194107055664
89.73947143554688
91.97071075439453
49.70333480834961
92.52793884277344
90.64108276367188
85.22614288330078
94.19475555419922
86.37491607666016
91.99981689453125
95.07839965820312
55.99638366699219
96.38273620605469
94.73554229736328
90.40991973876953
99.56986236572266
92.15322875976562
98.80933380126953
102.16342163085938
53.57273483276367
103.85151672363281
101.64146423339844
96.11593627929688
103.1462173461914
93.64116668701172
97.44513702392578
98.46276092529297
59.094383239746094
96.2329330444336
92.8453140258789
86.03360748291016
93.66710662841797
84.18727111816406
89.24543762207031
90.69867706298828
58.01725769042969
88.83180236816406
85.54735565185547
80.12483215332031
87.00445556640625
77.7509994506836
82.32029724121094
83.37841796875
57.461185455322266
80.16860961914062
77.20500946044922
70.76192474365234
79.13591766357422
73.31721496582031
80.96904754638672
86.80990600585938
57.63077163696289
92.62211608886719
92.1424560546875
87.9150390625
96.70597839355469
88.50302124023438
94.11756134033203
96.7800064086914
59.724388122558594
96.0114974975586
92.3388900756836
85.2274169921875
90.8754653930664
80.22587585449219
81.98368072509766
81.26387023925781
55.314483642578125
76.43537902832031
70.35140991210938
64.68611907958984
64.65538787841797
59.19965744018555
67.15451049804688
65.1316909790039
54.11411666870117
68.65464782714844
64.32371520996094
54.10381317138672
68.70254516601562
60.543766021728516
66.30870056152344
67.43940734863281
56.208099365234375
70.44869995117188
67.78033447265625
59.089256286621094
67.59713745117188
59.70920181274414
68.0494384765625
66.38514709472656
39.470664978027344
66.79759979248047
67.48645782470703
61.06038284301758
69.36090087890625
61.54598617553711
62.91154098510742
63.90032958984375
53.92366027832031
66.00878143310547
57.79670333862305
53.127960205078125
66.49191284179688
55.83207321166992
61.172786712646484
57.537628173828125
56.843021392822266
59.72238540649414
65.34181213378906
56.71078109741211
69.15557098388672
65.05367279052734
73.8990707397461
78.56716918945312
59.24906539916992
81.98912811279297
79.467041015625
74.56727600097656
80.5776596069336
72.56967163085938
77.02335357666016
77.62141418457031
44.67244338989258
77.34752655029297
74.0501480102539
68.24657440185547
76.36007690429688
67.05982208251953
73.30011749267578
76.05935668945312
42.63669204711914
75.36827087402344
73.56210327148438
66.35507202148438
77.10562133789062
68.36943817138672
74.11759948730469
76.72334289550781
53.650421142578125
77.09355163574219
75.08174896240234
71.79691314697266
79.3684310913086
71.6905288696289
77.5102767944336
80.70793914794922
52.04025650024414
82.10833740234375
79.6275863647461
75.7266616821289
85.1737289428711
77.3204345703125
83.98397064208984
87.33360290527344
52.40617752075195
88.50216674804688
86.93958282470703
81.70294189453125
89.92070770263672
80.71481323242188
85.4157485961914
86.73710632324219
57.292728424072266
82.7197265625
78.7541732788086
73.16364288330078
83.50682067871094
78.55022430419922
87.98046112060547
93.06059265136719
56.3460578918457
96.49345397949219
94.9525375366211
90.3235092163086
98.90648651123047
90.70806884765625
96.44868469238281
98.97193145751953
52.99407958984375
99.60103607177734
97.38641357421875
91.81817626953125
100.02045440673828
90.92843627929688
95.80455017089844
97.24698638916016
35.427555084228516
95.18268585205078
91.63603210449219
85.24971008300781
92.56336975097656
83.04225158691406
87.356689453125
88.79618835449219
49.74796676635742
86.14793395996094
82.90583801269531
75.42748260498047
82.53327941894531
71.94151306152344
78.53175354003906
82.30271911621094
53.60787582397461
87.60137939453125
87.9406509399414
84.79443359375
94.95368957519531
87.4656753540039
93.16835021972656
95.06494140625
48.47692108154297
94.18328857421875
91.42427062988281
85.96073913574219
93.69611358642578
85.2610855102539
90.35472106933594
92.62274932861328
41.7486572265625
92.71407318115234
90.31053924560547
85.42850494384766
93.7527084350586
85.6624984741211
91.32144927978516
94.04521942138672
41.76143264770508
94.97029113769531
93.16419982910156
88.32270812988281
96.5278091430664
87.79074096679688
92.70637512207031
93.79113006591797
47.952579498291016
90.84095764160156
86.83290100097656
79.8016357421875
86.47128295898438
77.10804748535156
80.51512908935547
80.88560485839844
51.08913040161133
77.87842559814453
74.49568176269531
65.41620635986328
71.40938568115234
54.359764099121094
64.97759246826172
57.929500579833984
48.00477981567383
57.9607048034668
61.10321044921875
58.30733108520508
70.09680938720703
