70.2236099243164
76.16144561767578
77.82905578613281
54.879425048828125
75.76177978515625
73.71073913574219
70.35387420654297
78.02662658691406
70.39946746826172
73.6526107788086
76.41650390625
52.911651611328125
77.03302001953125
74.97235107421875
70.16510772705078
77.47711944580078
68.7496109008789
75.63844299316406
78.27147674560547
59.95346450805664
78.1954345703125
75.96784210205078
71.84756469726562
80.51943969726562
73.5294418334961
78.0081787109375
80.89138793945312
51.453033447265625
82.4122314453125
80.78816986083984
75.26647186279297
84.9824447631836
77.78568267822266
83.67879486083984
86.81980895996094
63.31034851074219
87.9934310913086
85.0136489868164
79.4954833984375
86.4513168334961
76.10838317871094
81.32767486572266
81.76237487792969
58.20671081542969
78.29806518554688
75.14006805419922
67.24886322021484
75.63045501708984
66.87313842773438
66.65550231933594
67.60013580322266
49.08820724487305
63.413291931152344
62.46773910522461
48.63118362426758
60.881160736083984
62.44529724121094
60.55276107788086
64.36845397949219
56.28003692626953
69.81136322021484
69.65790557861328
65.13148498535156
72.7052993774414
65.37264251708984
70.97714233398438
74.99320220947266
55.571815490722656
75.41375732421875
74.16449737548828
69.588134765625
77.09538269042969
69.46016693115234
75.46439361572266
77.98165893554688
52.95522689819336
78.38456726074219
76.20281219482422
71.84255981445312
80.11136627197266
72.51168823242188
77.27936553955078
79.92967987060547
55.6060905456543
80.46290588378906
78.33443450927734
72.5655746459961
81.41686248779297
72.99819946289062
79.25605773925781
81.4396743774414
40.64092254638672
81.83546447753906
79.24846649169922
74.75325775146484
83.11539459228516
75.04920959472656
79.92613220214844
82.21578216552734
60.06975555419922
83.11238098144531
80.78594207763672
75.29643249511719
83.66372680664062
74.83208465576172
81.14977264404297
83.42621612548828
54.95493698120117
83.35226440429688
81.32669067382812
76.60811614990234
84.81393432617188
76.81633758544922
81.8069839477539
84.20370483398438
58.11183547973633
84.70523071289062
82.72406005859375
76.65423583984375
85.63670349121094
77.48284912109375
82.94152069091797
85.56774139404297
57.160335540771484
85.47643280029297
83.40367126464844
78.52226257324219
87.15856170654297
79.64046478271484
84.28414916992188
86.8824691772461
56.916908264160156
87.63741302490234
85.5808334350586
80.1733627319336
89.13509368896484
81.14825439453125
87.30867767333984
90.02037048339844
62.54667663574219
90.84722137451172
89.0789566040039
84.3886489868164
93.03791046142578
85.44252014160156
90.07453918457031
92.64095306396484
59.53783416748047
92.35031127929688
89.38834381103516
84.15089416503906
91.7645492553711
81.93733215332031
91.78627014160156
95.63915252685547
75.39995574951172
98.93061065673828
97.25956726074219
92.38838195800781
100.327392578125
91.98580169677734
96.62396240234375
98.7794418334961
70.47440338134766
98.61674499511719
96.26879119873047
90.68191528320312
98.6397705078125
89.36238098144531
93.34793090820312
93.58070373535156
65.27891540527344
90.78984069824219
88.18790435791016
83.2896728515625
91.4261703491211
83.47100067138672
88.66659545898438
91.08854675292969
61.56620788574219
91.28404998779297
88.95890808105469
83.4700698852539
92.0644302368164
83.61505889892578
88.93824005126953
91.2783203125
64.28024291992188
91.18766784667969
88.93892669677734
83.57970428466797
91.89209747314453
83.4596176147461
88.8442153930664
91.21029663085938
60.76915740966797
91.1864013671875
88.78833770751953
83.55257415771484
91.9034194946289
83.70386505126953
88.81291961669922
91.36428833007812
64.7988052368164
91.62564849853516
89.44904327392578
83.98992919921875
92.80006408691406
84.76856994628906
90.33065032958984
93.00496673583984
65.53022766113281
93.39312744140625
91.63902282714844
86.42987823486328
95.33064270019531
87.85063934326172
91.88999938964844
94.22762298583984
65.587890625
91.32918548583984
87.53364562988281
79.29353332519531
85.45460510253906
74.66034698486328
77.8333740234375
77.21739959716797
54.49150848388672
75.18777465820312
72.29487609863281
71.12669372558594
79.38490295410156
71.4661865234375
77.70475006103516
80.87671661376953
58.61684799194336
82.6760025024414
80.72402954101562
76.17383575439453
84.68072509765625
76.50840759277344
83.08916473388672
85.85118865966797
57.70858383178711
86.75694274902344
84.91531372070312
80.58744049072266
89.3764419555664
81.82881164550781
87.39208221435547
90.50440979003906
66.87357330322266
91.86761474609375
90.38468170166016
85.37584686279297
94.5401611328125
87.0522689819336
92.44447326660156
95.25926208496094
70.19580841064453
94.89115142822266
92.421630859375
86.07115936279297
94.08868408203125
85.37777709960938
89.60399627685547
91.48201751708984
58.813114166259766
89.93507385253906
87.38629913330078
81.44313049316406
89.39799499511719
80.55322265625
85.24639892578125
87.41729736328125
56.686737060546875
86.91317749023438
84.57058715820312
78.92598724365234
87.03526306152344
78.91722106933594
84.13838958740234
86.59587097167969
51.898101806640625
86.69940948486328
84.5414810180664
79.734130859375
88.05424499511719
79.93156433105469
85.64977264404297
88.36703491210938
61.595909118652344
89.29381561279297
86.74323272705078
81.43630981445312
88.14189147949219
78.98848724365234
83.37591552734375
86.21297454833984
62.54773712158203
88.01229095458984
86.93547058105469
82.64502716064453
92.06694030761719
85.00798034667969
90.39505004882812
93.53998565673828
65.9485092163086
93.33514404296875
90.92892456054688
84.3639907836914
92.33328247070312
83.6040267944336
87.55509948730469
89.3995590209961
59.6151237487793
88.14549255371094
85.34368133544922
79.19178771972656
87.15779876708984
78.7915267944336
83.51775360107422
85.42789459228516
56.51882553100586
84.61575317382812
82.30635070800781
76.80857849121094
85.1669921875
76.68513488769531
81.60607147216797
84.1214828491211
51.430763244628906
84.14814758300781
82.47591400146484
77.16642761230469
85.37483215332031
77.33082580566406
82.85391235351562
85.65977478027344
59.89677810668945
86.27794647216797
84.47272491455078
79.77710723876953
88.68814849853516
81.16011810302734
86.98834228515625
90.33061218261719
66.1912612915039
90.91580200195312
88.69676208496094
81.67949676513672
89.37157440185547
79.67800903320312
82.58667755126953
83.47774505615234
55.68111038208008
79.68284606933594
75.6110610961914
67.62643432617188
73.94625091552734
61.733768463134766
68.69496154785156
67.58586883544922
52.55213928222656
69.59879302978516
68.2347412109375
64.68063354492188
74.46759796142578
67.63007354736328
73.44457244873047
75.77690887451172
48.7421989440918
76.93205261230469
74.05998229980469
71.35807800292969
78.89078521728516
69.59400939941406
81.24516296386719
85.8162841796875
72.15259552001953
89.1396713256836
88.2529525756836
82.44682312011719
92.2166519165039
85.54102325439453
90.34578704833984
93.88745880126953
73.84959411621094
94.490478515625
93.13675689697266
86.26051330566406
95.66686248779297
88.04739379882812
91.703857421875
94.0969009399414
68.17756652832031
92.77359771728516
90.1690902709961
83.37164306640625
91.7005615234375
83.28742218017578
87.08415985107422
89.11665344238281
50.987022399902344
88.18132781982422
85.5139389038086
79.05048370361328
87.40863037109375
78.96614074707031
83.62751770019531
85.759521484375
52.43342971801758
84.87206268310547
82.33026885986328
76.75580596923828
84.60315704345703
76.52828979492188
80.52130889892578
82.57456970214844
54.72623062133789
82.51364135742188
80.553955078125
74.60858154296875
84.50431060791016
76.2226791381836
81.9900894165039
84.41656494140625
55.575984954833984
83.66674041748047
81.1694107055664
76.77019500732422
84.24291229248047
76.08448028564453
80.57564544677734
83.00618743896484
58.21961975097656
83.21575927734375
80.5286865234375
74.85086059570312
83.11437225341797
75.34465026855469
80.3814926147461
83.0830078125
56.32033157348633
82.71467590332031
80.54158782958984
75.4319839477539
83.93942260742188
76.00055694580078
80.83772277832031
83.38611602783203
49.72385025024414
83.62564849853516
81.78215026855469
75.95329284667969
84.66554260253906
76.67396545410156
82.33401489257812
84.6546401977539
58.131568908691406
84.96772003173828
82.97711181640625
77.72440338134766
86.68315124511719
78.83399963378906
83.93424224853516
86.7427749633789
60.69688415527344
87.51415252685547
85.90628051757812
80.91516876220703
89.80732727050781
82.06499481201172
87.95368957519531
90.83599853515625
67.49922943115234
91.806396484375
90.18844604492188
85.19954681396484
94.23491668701172
86.83079528808594
91.6988296508789
94.46611785888672
65.55339813232422
94.03569030761719
91.61565399169922
85.19986724853516
93.41595458984375
84.84684753417969
88.93529510498047
90.83997344970703
62.25148010253906
89.6565170288086
86.92247009277344
80.8120346069336
89.00684356689453
80.642822265625
86.19851684570312
88.89722442626953
62.951576232910156
89.13030242919922
86.888427734375
81.11162567138672
89.49139404296875
81.29508209228516
86.03748321533203
88.26602172851562
63.87275314331055
88.27215576171875
86.01207733154297
80.19464874267578
89.21471405029297
81.7344741821289
86.3563232421875
89.48250579833984
67.98418426513672
89.90208435058594
88.53477478027344
82.40003967285156
92.2422103881836
85.85380554199219
89.2315902709961
92.92481994628906
73.4491958618164
92.1330795288086
90.55844116210938
82.3154525756836
91.88323974609375
84.23178100585938
87.10995483398438
89.5159683227539
56.513526916503906
88.42822265625
86.2464370727539
79.6158447265625
88.3369369506836
80.29682159423828
84.99073791503906
87.73393249511719
57.514488220214844
87.74054718017578
85.74208068847656
80.67133331298828
89.3584976196289
81.84210968017578
87.05274200439453
89.99817657470703
59.85526657104492
91.10517120361328
89.4842529296875
84.27522277832031
93.39202117919922
85.79312896728516
90.97381591796875
93.61233520507812
66.2601547241211
93.19780731201172
90.62996673583984
84.07240295410156
92.38826751708984
83.84013366699219
88.1610107421875
89.97968292236328
62.79726791381836
88.76298522949219
86.02862548828125
80.3973617553711
88.25720977783203
79.91683197021484
84.51529693603516
86.39482879638672
62.57148361206055
85.9570541381836
83.5744400024414
77.76404571533203
85.93806457519531
