72.9044418334961
78.85244750976562
72.42150115966797
76.31201171875
73.87064361572266
74.20475769042969
73.90045928955078
73.11335754394531
74.82813262939453
70.21051025390625
76.57095336914062
71.82450103759766
75.11609649658203
72.47877502441406
74.41624450683594
74.28165435791016
73.8530502319336
76.17689514160156
73.05941009521484
78.12224578857422
74.7080078125
77.88461303710938
75.01742553710938
78.25838470458984
76.81917572021484
77.93423461914062
79.14598846435547
78.48224639892578
81.22875213623047
77.98422241210938
82.64356994628906
79.98287200927734
83.72394561767578
82.41212463378906
84.9678955078125
85.65340423583984
86.26810455322266
88.52397918701172
86.29732513427734
89.32894897460938
84.52877807617188
86.65399169921875
81.5414810180664
82.2267837524414
79.35507202148438
77.87794494628906
77.32954406738281
72.21480560302734
75.7398452758789
63.445220947265625
72.39765167236328
63.83347702026367
67.04349517822266
62.53645706176758
56.19099426269531
61.85061264038086
63.985774993896484
64.18220520019531
65.17872619628906
61.299739837646484
68.17901611328125
65.91716766357422
69.15889739990234
66.72391510009766
70.45051574707031
69.3887939453125
70.37767791748047
71.08251190185547
71.5262680053711
72.36871337890625
72.45452880859375
74.21885681152344
72.28804016113281
74.58356475830078
74.170166015625
75.56439208984375
74.28352355957031
75.08595275878906
74.7033920288086
75.12523651123047
76.537109375
75.78915405273438
77.20710754394531
76.31776428222656
76.85552978515625
77.2912368774414
77.64921569824219
77.62974548339844
77.11536407470703
78.1264419555664
78.11245727539062
78.96844482421875
77.48699951171875
79.0336685180664
78.19928741455078
79.27515411376953
78.66978454589844
79.09363555908203
79.5816421508789
78.91104125976562
79.6996841430664
79.04527282714844
79.97492980957031
78.80099487304688
79.87732696533203
79.24845123291016
79.73326110839844
79.67595672607422
79.78202056884766
80.35387420654297
79.21064758300781
80.32816314697266
80.04132843017578
81.10372924804688
79.97865295410156
80.97482299804688
80.34154510498047
81.09752655029297
80.81970977783203
80.5311279296875
81.9969711303711
81.23865509033203
82.26102447509766
80.63800048828125
82.8765640258789
81.72127532958984
82.91090393066406
82.4258041381836
82.7122573852539
83.28456115722656
82.32418823242188
84.94441223144531
81.84857177734375
85.45745849609375
82.67082977294922
85.56861114501953
85.20600128173828
84.06646728515625
87.98490142822266
82.08605194091797
88.32860565185547
86.28984832763672
87.2169418334961
88.98057556152344
87.14801788330078
90.41647338867188
88.95812225341797
91.50491333007812
91.2785415649414
92.64762115478516
93.25218963623047
93.74346923828125
94.94844055175781
94.91109466552734
96.15655517578125
95.65499114990234
96.2915267944336
96.03671264648438
96.49268341064453
96.31584930419922
96.48050689697266
96.32186889648438
96.19573974609375
96.14915466308594
95.86215209960938
95.89153289794922
95.03759765625
94.84978485107422
92.42101287841797
91.93643188476562
89.6808853149414
90.23540496826172
89.22145080566406
90.40602111816406
89.24669647216797
90.81327056884766
89.50287628173828
90.98229217529297
89.7904281616211
90.92793273925781
89.99498748779297
90.66297912597656
90.2635726928711
90.15953826904297
90.57286071777344
89.50595092773438
90.72331237792969
89.15118408203125
90.2093734741211
88.45630645751953
89.31621551513672
88.2889404296875
88.55702209472656
88.3709716796875
87.89404296875
88.74732971191406
87.55882263183594
88.9555435180664
87.40702056884766
89.34026336669922
88.06670379638672
89.46981048583984
88.91372680664062
89.42508697509766
89.69569396972656
89.6426773071289
90.97261047363281
89.95795440673828
92.24986267089844
90.61074829101562
93.43546295166016
91.65177154541016
93.2221450805664
91.13287353515625
90.52716064453125
88.20573425292969
85.39808654785156
84.04246520996094
79.62957763671875
79.73524475097656
75.77970886230469
77.62291717529297
74.23959350585938
76.68535614013672
75.4201431274414
77.94012451171875
76.84786224365234
79.86997985839844
78.58577728271484
80.05931854248047
79.86946105957031
80.86253356933594
81.57853698730469
81.97958374023438
82.76180267333984
82.21908569335938
82.94120788574219
81.20458984375
82.39403533935547
80.3646240234375
82.1602783203125
81.36865234375
83.62321472167969
82.75956726074219
84.92657470703125
84.2511978149414
86.97736358642578
86.68059539794922
88.57101440429688
88.58014678955078
90.17485046386719
90.95642852783203
91.34681701660156
92.42443084716797
91.49388885498047
92.65982818603516
90.70089721679688
91.416748046875
89.02288818359375
89.53799438476562
87.48255157470703
87.42559814453125
86.36624908447266
85.55644989013672
85.33724212646484
83.97513580322266
84.9004135131836
82.7816390991211
83.7480239868164
82.10191345214844
83.0007553100586
81.51905059814453
81.7356185913086
81.7684555053711
80.94436645507812
81.86985778808594
80.33708953857422
82.0487060546875
80.79351806640625
82.08724975585938
81.22228240966797
81.63683319091797
81.84435272216797
81.66140747070312
83.27734375
81.84144592285156
84.09593963623047
82.65860748291016
85.14900970458984
83.91264343261719
85.7555160522461
85.76895141601562
86.53409576416016
88.2439193725586
86.84308624267578
89.49107360839844
85.52386474609375
88.0279541015625
81.47929382324219
85.47539520263672
80.94698333740234
86.27962493896484
84.22493743896484
87.25530242919922
86.33221435546875
86.96218872070312
87.04118347167969
85.52734375
86.472412109375
83.81170654296875
85.2342758178711
83.07514190673828
83.87767791748047
82.35182189941406
82.74837493896484
81.99280548095703
80.92972564697266
81.27849578857422
79.64354705810547
81.39704132080078
79.1291275024414
81.01172637939453
79.0714340209961
80.8062744140625
79.62811279296875
80.40064239501953
80.11540985107422
80.14019775390625
80.95006561279297
79.9430160522461
81.745361328125
80.15264129638672
82.37142944335938
80.75440216064453
83.57953643798828
82.21817016601562
84.6077651977539
84.08834838867188
85.71917724609375
86.79105377197266
87.33394622802734
89.8581771850586
87.531005859375
89.79215240478516
83.4483642578125
86.06526947021484
77.04348754882812
82.1192626953125
74.9292221069336
79.90516662597656
73.3427963256836
75.96188354492188
71.5509262084961
71.02397918701172
67.33441925048828
62.79386901855469
62.827945709228516
64.79117584228516
51.4991569519043
71.1845932006836
64.38760375976562
72.94678497314453
70.89634704589844
75.9936752319336
75.33488464355469
78.83704376220703
79.6567611694336
80.29174041748047
81.60738372802734
81.43255615234375
82.9107437133789
82.8526840209961
83.94766998291016
84.4201889038086
85.02297973632812
85.73603820800781
86.20526123046875
87.93292999267578
87.50749206542969
89.6930923461914
89.20421600341797
91.28411102294922
91.10808563232422
92.49029541015625
92.53605651855469
92.64527130126953
92.75167083740234
91.93597412109375
92.01652526855469
90.62118530273438
90.87471771240234
89.31043243408203
89.4710693359375
88.3233413696289
88.05926513671875
87.51341247558594
86.89764404296875
86.45315551757812
85.7090072631836
86.13479614257812
84.63239288330078
85.23017120361328
84.02092742919922
84.32215118408203
83.4150619506836
83.38865661621094
82.73342895507812
82.22897338867188
82.36819458007812
81.60283660888672
81.88978576660156
81.12290954589844
81.55681610107422
80.43499755859375
80.59232330322266
79.56206512451172
79.93583679199219
79.80458068847656
79.08684539794922
78.86195373535156
78.36148071289062
78.57357025146484
78.2791519165039
79.36056518554688
79.724365234375
80.49211120605469
80.96832275390625
80.23792266845703
80.84133911132812
80.19215393066406
80.95923614501953
80.1584701538086
80.73475646972656
79.9177474975586
80.53903198242188
80.1563949584961
80.3271713256836
80.08415222167969
80.32402038574219
80.26043701171875
80.72877502441406
80.79594421386719
80.523193359375
81.4637451171875
80.61895751953125
81.89734649658203
81.33790588378906
82.86768341064453
79.73217010498047
80.67701721191406
77.91463470458984
80.01087951660156
79.38090515136719
80.25116729736328
80.29447174072266
81.33448791503906
80.84083557128906
81.84227752685547
81.78899383544922
82.69209289550781
82.64083099365234
83.31708526611328
83.52521514892578
83.74442291259766
84.36072540283203
84.74256896972656
85.51991271972656
85.82454681396484
86.5941162109375
86.67117309570312
87.65669250488281
88.0285415649414
88.61949920654297
89.10079193115234
89.68934631347656
90.26504516601562
90.32355499267578
91.0195541381836
90.74837493896484
91.00314331054688
90.60566711425781
90.55782318115234
89.85126495361328
89.48075103759766
88.84961700439453
88.37007904052734
87.80087280273438
87.48367309570312
86.95030212402344
86.60267639160156
85.66874694824219
85.98603057861328
85.55485534667969
85.8871841430664
85.59770965576172
86.46820068359375
86.37186431884766
86.43144226074219
86.42747497558594
86.1561050415039
86.53662109375
85.72930908203125
86.36508178710938
86.05940246582031
86.54460906982422
86.96953582763672
86.89266967773438
88.00288391113281
87.54853820800781
89.42007446289062
88.4647445678711
90.247802734375
89.056884765625
89.68329620361328
88.59300231933594
87.44461822509766
87.30496215820312
84.59248352050781
85.4937744140625
81.58423614501953
83.79740142822266
79.8361587524414
82.17928314208984
79.60809326171875
80.30449676513672
79.588623046875
78.57264709472656
79.5928955078125
76.93586730957031
79.66333770751953
76.96577453613281
79.6926498413086
77.14144134521484
79.3755874633789
78.86555480957031
79.51057434082031
80.14057922363281
79.58148956298828
81.48404693603516
80.36618041992188
82.97149658203125
81.21072387695312
84.09757232666016
83.2139663696289
85.2350845336914
85.57292938232422
86.27603149414062
87.12353515625
87.18292999267578
88.70344543457031
88.06363677978516
89.13800811767578
88.28715515136719
88.68383026123047
87.83256530761719
87.29449462890625
87.01316833496094
85.79792022705078
86.16374969482422
84.60289001464844
84.94685363769531
83.69410705566406
83.83551788330078
83.4444808959961
82.8990707397461
82.6096420288086
82.256103515625
82.53133392333984
81.57942962646484
81.84380340576172
81.46372985839844
81.6776123046875
81.62639617919922
81.15299224853516
81.88196563720703
81.09591674804688
