61.882911682128906
69.41928100585938
68.23395538330078
62.43980026245117
75.40695190429688
75.36910247802734
67.29049682617188
76.88069915771484
68.36597442626953
73.19721221923828
75.7042236328125
56.437931060791016
77.11634063720703
71.87258911132812
70.29612731933594
79.3404769897461
68.0530776977539
77.8222427368164
79.75399017333984
53.51921081542969
80.93154907226562
78.49042510986328
72.73028564453125
81.61018371582031
74.42889404296875
78.84210205078125
81.6340103149414
64.55909729003906
82.48217010498047
80.34870910644531
75.25898742675781
84.17945861816406
75.98404693603516
83.19788360595703
85.2438735961914
50.19206237792969
86.06877899169922
84.36091613769531
79.08139038085938
88.4615478515625
80.03877258300781
86.36748504638672
89.56592559814453
59.93882751464844
91.37385559082031
90.358154296875
85.98546600341797
95.8799057006836
88.82942962646484
94.92957305908203
97.13009643554688
50.54587173461914
93.85613250732422
89.40001678466797
82.35697937011719
88.76801300048828
77.5155029296875
82.70022583007812
83.33927154541016
55.48421096801758
80.77007293701172
76.94217681884766
70.57754516601562
77.2137222290039
66.72844696044922
67.94635009765625
70.52214050292969
57.7241325378418
67.83692932128906
57.95817947387695
64.43524169921875
66.53388977050781
46.093292236328125
61.22380828857422
63.12173080444336
59.95538330078125
71.9100570678711
70.67193603515625
68.15164184570312
78.27410888671875
71.14923095703125
78.39275360107422
82.11161804199219
43.2596321105957
86.06488800048828
85.17724609375
81.83731842041016
91.87483215332031
85.36261749267578
92.79499816894531
97.04214477539062
60.82773208618164
99.25874328613281
97.01585388183594
91.2918472290039
98.96969604492188
90.07809448242188
94.6505126953125
96.50948333740234
50.155982971191406
95.5169677734375
92.72355651855469
87.46389770507812
95.31413269042969
86.60958862304688
91.99308013916016
94.15907287597656
58.355899810791016
94.00648498535156
91.6472396850586
86.24707794189453
94.66830444335938
86.51787567138672
91.7425537109375
94.26641082763672
57.13785934448242
94.65318298339844
92.5119857788086
87.51039123535156
96.12818145751953
87.73992156982422
93.73008728027344
96.52175903320312
56.192413330078125
97.4803466796875
95.69264221191406
90.89715576171875
99.80665588378906
92.2110366821289
98.29232788085938
101.37383270263672
60.35525131225586
103.0246810913086
101.50535583496094
96.81199645996094
105.51229858398438
97.269775390625
102.33065032958984
104.25357055664062
50.192344665527344
102.95978546142578
99.99938201904297
93.83654022216797
101.732421875
92.69145202636719
97.52114868164062
99.4691162109375
50.597442626953125
98.78926086425781
96.09635925292969
90.3924560546875
98.59870147705078
90.0756607055664
95.24120330810547
97.43260955810547
60.29619216918945
97.07640075683594
94.6622314453125
89.2476577758789
97.40989685058594
88.84844207763672
94.25898742675781
96.45719146728516
55.02610397338867
96.38128662109375
93.93869018554688
88.47901153564453
96.70611572265625
88.1308822631836
93.4919204711914
95.67279052734375
50.9927978515625
94.9256820678711
92.169677734375
86.07554626464844
93.80274200439453
84.08580780029297
87.79209899902344
87.09574890136719
55.38770294189453
86.52731323242188
92.2854995727539
90.66529846191406
100.47997283935547
92.95623016357422
98.52982330322266
101.15750122070312
57.819175720214844
101.58679962158203
99.45696258544922
94.28834533691406
102.97393798828125
95.03489685058594
100.66558837890625
103.44379425048828
54.646541595458984
104.49838256835938
102.76969909667969
98.07691192626953
107.0619125366211
99.25029754638672
104.77571868896484
106.9871826171875
56.986053466796875
105.3207778930664
101.69160461425781
94.97041320800781
101.9549789428711
92.29417419433594
96.2405014038086
97.36437225341797
57.948158264160156
95.06425476074219
91.69623565673828
84.89523315429688
92.5770263671875
83.78105163574219
87.80029296875
89.07171630859375
52.949310302734375
87.59127044677734
84.69961547851562
77.77764129638672
86.48917388916016
76.66964721679688
82.54039001464844
84.23139953613281
42.23601150512695
83.1875
80.11055755615234
74.56211853027344
82.46603393554688
73.69409942626953
77.93596649169922
80.1520004272461
48.166988372802734
78.34992980957031
76.2617416381836
70.4463119506836
78.66260528564453
66.89328002929688
76.0680923461914
77.17202758789062
59.33482360839844
77.2891616821289
74.46983337402344
70.3571548461914
77.3731460571289
70.53138732910156
72.99443817138672
76.15379333496094
59.238399505615234
77.92791748046875
78.3792953491211
72.40206146240234
80.9155502319336
72.9398422241211
78.36136627197266
80.05860900878906
56.27741622924805
80.66861724853516
78.88131713867188
75.31647491455078
82.82538604736328
74.6993637084961
80.62469482421875
83.44921875
59.41462326049805
84.02379608154297
82.74427795410156
77.41182708740234
86.74437713623047
79.29853057861328
85.2177505493164
88.18644714355469
52.730648040771484
90.27225494384766
88.83953094482422
84.81613159179688
94.3936996459961
87.28839874267578
93.92095184326172
97.3750228881836
60.42232131958008
99.16679382324219
97.1513900756836
91.5409927368164
99.38455963134766
90.16815948486328
94.71829986572266
96.2509765625
55.197471618652344
94.70718383789062
91.59039306640625
85.40104675292969
93.1716537475586
84.32965087890625
88.62269592285156
90.32373809814453
50.32324981689453
89.04867553710938
85.62635040283203
80.57377624511719
87.0271987915039
77.78912353515625
83.09063720703125
85.51502990722656
53.89764404296875
91.05926513671875
90.58872985839844
86.3003158569336
94.26012420654297
85.82855224609375
90.50361633300781
92.44343566894531
58.803199768066406
92.06015014648438
89.53997039794922
83.73416137695312
92.44880676269531
84.0654296875
89.56432342529297
92.18609619140625
56.6873893737793
92.62763214111328
90.46832275390625
85.533203125
94.37133026123047
86.6032485961914
92.0677490234375
95.13823699951172
47.01141357421875
96.39723205566406
94.7928466796875
90.20506286621094
99.56918334960938
92.3119888305664
98.69683837890625
102.18224334716797
56.832523345947266
103.94082641601562
101.77815246582031
95.8072280883789
103.11663055419922
93.44709777832031
97.46077728271484
98.39929962158203
54.43439483642578
96.07200622558594
92.60910034179688
86.60896301269531
93.75697326660156
84.22006225585938
89.0632095336914
90.58104705810547
60.603004455566406
88.89310455322266
85.88676452636719
79.71617126464844
87.06257629394531
78.14836883544922
81.70059204101562
83.017822265625
48.90203094482422
80.36207580566406
76.24469757080078
71.74854278564453
77.9468765258789
72.54190063476562
80.743408203125
86.7192153930664
46.1572265625
92.59890747070312
92.40110778808594
87.88327026367188
96.83460998535156
88.74993896484375
94.05158996582031
96.65788269042969
54.49973678588867
95.98019409179688
92.39183044433594
85.37789916992188
90.8409423828125
79.5018081665039
81.9407958984375
81.63381958007812
56.0252799987793
74.20954132080078
70.1498794555664
61.04336166381836
68.4100341796875
58.176631927490234
67.23394775390625
66.36449432373047
52.53424835205078
66.29804992675781
66.42687225341797
38.428504943847656
68.63240051269531
63.542423248291016
65.14154815673828
68.01818084716797
53.09741973876953
68.98267364501953
65.99215698242188
61.77348327636719
67.36935424804688
56.050010681152344
67.65780639648438
68.6903305053711
58.49168014526367
65.82852172851562
66.07942962646484
50.305423736572266
63.85414505004883
57.32795333862305
56.68199920654297
62.79187774658203
53.88243103027344
62.47991180419922
49.18046951293945
56.103111267089844
62.30582046508789
46.11576843261719
62.02752685546875
57.946624755859375
59.013492584228516
64.79698944091797
62.69587707519531
60.61463165283203
71.52787780761719
66.77155303955078
73.61408996582031
78.88938903808594
57.61318588256836
82.30592346191406
79.6063232421875
73.80077362060547
81.11414337158203
72.11572265625
76.84821319580078
78.26075744628906
54.92829513549805
76.35491180419922
74.89070129394531
69.30435180664062
76.7968978881836
69.04483032226562
72.71244812011719
75.59627532958984
49.43917465209961
75.31263732910156
73.07542419433594
68.4948959350586
77.11080932617188
67.18739318847656
75.01774597167969
77.30735778808594
62.73260498046875
77.464599609375
76.64573669433594
71.1044921875
79.91199493408203
72.39816284179688
78.01658630371094
80.15164184570312
46.5262451171875
81.7137680053711
79.89885711669922
75.41741943359375
85.2964859008789
77.4749755859375
84.28888702392578
87.23097229003906
55.29238510131836
88.96084594726562
86.83642578125
81.24311828613281
90.02354431152344
80.75841522216797
85.32564544677734
86.61922454833984
41.33256149291992
83.10865020751953
78.75906372070312
71.56122589111328
83.3275146484375
78.3101577758789
87.91714477539062
92.9845199584961
56.65916442871094
96.45184326171875
95.06915283203125
90.29273986816406
98.87593078613281
90.78367614746094
96.3792495727539
99.03269958496094
58.18362808227539
99.60620880126953
97.37860107421875
92.06169891357422
100.06562042236328
91.40414428710938
95.65013885498047
97.19132995605469
53.66139221191406
95.04373931884766
91.71085357666016
85.3336181640625
92.649658203125
83.13754272460938
87.41307067871094
88.78592681884766
52.220924377441406
86.53654479980469
82.69218444824219
75.89501190185547
82.83821868896484
71.94002532958984
77.71739196777344
82.12557983398438
58.142608642578125
87.39282989501953
87.81925201416016
84.6091079711914
94.91173553466797
87.48067474365234
92.91337585449219
95.03782653808594
59.23413848876953
94.16179656982422
91.56465148925781
85.52497100830078
93.83918762207031
85.3666763305664
90.39422607421875
92.719482421875
60.41145706176758
92.55651092529297
90.46800994873047
85.22075653076172
93.6622543334961
85.87425994873047
91.44884490966797
94.12054443359375
56.18673324584961
95.07341003417969
93.2133560180664
88.09749603271484
96.5655288696289
88.01951599121094
92.4556655883789
93.73180389404297
43.02017593383789
90.7929916381836
86.51956939697266
80.16751861572266
86.5074462890625
76.91117095947266
80.30626678466797
81.66339111328125
54.30005645751953
78.4606704711914
73.81029510498047
67.20256805419922
73.20236206054688
57.76240921020508
63.689552307128906
59.91303634643555
61.07151794433594
62.238826751708984
63.064857482910156
56.71133041381836
69.89471435546875
