64.76565551757812
63.97099304199219
69.04466247558594
53.450897216796875
75.14458465576172
72.77294921875
69.35931396484375
77.11935424804688
69.82984924316406
73.26216888427734
76.72119903564453
63.53288269042969
77.39385986328125
76.4107894897461
70.68673706054688
79.08647155761719
71.53199768066406
76.18775939941406
80.09015655517578
45.50737762451172
79.72216033935547
78.48267364501953
72.86920166015625
81.6480712890625
74.61043548583984
79.51624298095703
82.5129165649414
54.72224044799805
82.1358413696289
80.77059936523438
76.05181884765625
84.5491714477539
76.6442642211914
82.54981994628906
85.22952270507812
55.4725341796875
85.90924835205078
84.2440414428711
78.31805419921875
88.25570678710938
80.88123321533203
86.28563690185547
89.86614990234375
61.43548583984375
91.63201904296875
90.26671600341797
86.19140625
95.8465805053711
88.73221588134766
95.0002670288086
97.2883071899414
56.094696044921875
94.21061706542969
89.79854583740234
82.65978240966797
89.11036682128906
78.88491821289062
82.69207000732422
83.34471893310547
60.101139068603516
80.32644653320312
77.78923034667969
69.65399932861328
77.05897521972656
66.76626586914062
71.51382446289062
73.65081787109375
49.88173294067383
70.30374145507812
67.73587036132812
57.146053314208984
67.79483795166016
58.603050231933594
65.79829406738281
69.22200775146484
48.811527252197266
71.48779296875
70.35900115966797
68.56747436523438
77.78631591796875
71.0644302368164
78.13617706298828
82.09339141845703
57.78870391845703
85.5643310546875
85.41638946533203
81.56782531738281
91.8807601928711
85.9302978515625
92.81497192382812
96.91219329833984
58.98311233520508
99.20433807373047
96.99949645996094
91.2173080444336
98.88574981689453
89.88565063476562
94.67660522460938
96.39321899414062
38.196712493896484
95.56716918945312
92.86677551269531
87.14402770996094
95.37467956542969
86.9593734741211
91.99024200439453
94.2173080444336
59.28477096557617
94.05311584472656
91.75494384765625
86.24794006347656
94.74317932128906
86.55657196044922
91.9765396118164
94.40986633300781
46.10476303100586
94.56739044189453
92.62666320800781
87.07622528076172
96.15821838378906
88.26741790771484
93.65869140625
96.59090423583984
58.90229415893555
97.52569580078125
95.73973083496094
90.81389617919922
99.90775299072266
92.4187240600586
98.30709075927734
101.4986801147461
62.60205841064453
103.06336212158203
101.62667846679688
96.82524871826172
105.62721252441406
97.27201843261719
102.40000915527344
104.30110931396484
57.4736328125
103.06633758544922
99.92752838134766
94.06820678710938
101.74862670898438
92.73084259033203
97.689697265625
99.51806640625
54.0085334777832
98.78363800048828
96.14673614501953
90.55349731445312
98.59484100341797
89.84746551513672
95.19928741455078
97.36382293701172
58.57065963745117
97.05611419677734
94.68359375
89.12142944335938
97.45259094238281
89.21345520019531
94.20841979980469
96.58668518066406
48.28911209106445
96.2579345703125
93.98853302001953
88.30561065673828
96.68257904052734
88.12577056884766
93.39679718017578
95.58152770996094
54.61239242553711
94.87535858154297
92.38928985595703
85.89276123046875
93.83079528808594
85.04674530029297
87.86851501464844
87.42430114746094
62.663394927978516
86.45439147949219
91.96331787109375
90.77825164794922
100.53968048095703
92.85762786865234
98.631103515625
101.12315368652344
62.15312576293945
101.5230941772461
99.39781188964844
94.37751007080078
102.9670639038086
94.77461242675781
100.6444320678711
103.40233612060547
57.33134460449219
104.47370147705078
102.66390228271484
98.0252685546875
106.91136932373047
98.98196411132812
104.57855987548828
106.75341033935547
63.29856491088867
105.30130767822266
101.67216491699219
95.02163696289062
101.93296813964844
92.36309814453125
96.35667419433594
97.3127670288086
46.685604095458984
94.8965835571289
91.78462982177734
85.09521484375
92.56864166259766
83.46501922607422
87.9154052734375
89.39578247070312
44.4802360534668
87.90153503417969
84.8139419555664
79.53642272949219
86.69676208496094
76.96739196777344
82.40103149414062
83.94004821777344
55.186885833740234
83.2315444946289
80.21115112304688
74.61516571044922
82.0230484008789
73.02277374267578
78.57661437988281
80.08528137207031
42.27458190917969
79.30182647705078
76.216796875
71.80032348632812
78.36471557617188
68.8994369506836
75.50995635986328
77.05177307128906
56.82687759399414
76.73992156982422
74.4474105834961
69.54155731201172
76.31158447265625
69.97428131103516
72.75555419921875
75.27828979492188
52.19841766357422
79.26234436035156
77.2955093383789
70.96571350097656
81.5246353149414
72.89813232421875
78.36869812011719
80.8932876586914
43.889827728271484
80.82550811767578
79.01134490966797
74.125732421875
82.35650634765625
73.5093765258789
80.30611419677734
82.4444808959961
48.4936408996582
83.90214538574219
82.10427856445312
76.87079620361328
86.39732360839844
78.70559692382812
84.98174285888672
88.04153442382812
49.44775390625
90.1342544555664
88.91114807128906
84.58209228515625
94.21212005615234
87.22918701171875
93.72024536132812
97.41163635253906
60.494693756103516
99.26774597167969
97.24762725830078
91.6632308959961
99.3965072631836
90.2018814086914
94.81616973876953
96.22096252441406
50.24563980102539
94.52764892578125
91.69721221923828
85.36064910888672
93.2173843383789
84.47614288330078
88.8812026977539
90.70938873291016
54.176761627197266
89.2887191772461
86.41757202148438
80.03042602539062
87.35476684570312
78.98443603515625
82.73568725585938
85.82560729980469
58.368865966796875
91.27103424072266
90.81896209716797
86.32846069335938
94.36444854736328
85.58086395263672
90.75154113769531
92.65304565429688
58.685787200927734
92.26264190673828
89.51121520996094
84.60926055908203
92.5661392211914
84.44482421875
89.90752410888672
92.25666046142578
54.89209747314453
92.8108901977539
90.52203369140625
85.772705078125
94.40132141113281
86.32748413085938
92.32221221923828
95.08924102783203
57.812278747558594
96.4045181274414
94.78813171386719
90.40440368652344
99.64204406738281
92.03299713134766
98.80218505859375
102.16767883300781
60.356529235839844
103.98030090332031
101.7099838256836
96.15274810791016
103.1693115234375
93.36054229736328
97.6694564819336
98.54315948486328
51.26368713378906
96.16686248779297
92.78142547607422
86.49112701416016
93.91771697998047
84.58208465576172
88.91544342041016
90.48204040527344
52.823760986328125
88.86336517333984
85.70940399169922
79.96292114257812
87.05352783203125
76.92372131347656
82.20248413085938
83.2302474975586
50.591064453125
80.86898803710938
76.65079498291016
72.09591674804688
79.79016876220703
72.63211059570312
81.50167846679688
87.05228424072266
58.43339538574219
92.42793273925781
92.17232513427734
88.08343505859375
96.82183074951172
88.6344985961914
94.19019317626953
96.82957458496094
55.899410247802734
96.22452545166016
92.52137756347656
84.87001037597656
90.9656982421875
79.59571075439453
81.97004699707031
81.68001556396484
47.00560760498047
76.30955505371094
71.21414947509766
61.701438903808594
69.59175109863281
62.29448699951172
63.41371536254883
67.88992309570312
51.600284576416016
67.02497863769531
66.2149429321289
60.2767333984375
67.8321304321289
61.442100524902344
66.70266723632812
68.79244232177734
55.759742736816406
66.92562103271484
66.68632507324219
49.60649871826172
66.73321533203125
56.68472671508789
61.634700775146484
68.93331909179688
48.38139724731445
65.04769134521484
61.355003356933594
60.0500602722168
66.05396270751953
59.522159576416016
63.3001708984375
63.863704681396484
49.18612289428711
65.03772735595703
56.43714904785156
60.73609924316406
56.704219818115234
54.87736892700195
60.75046920776367
63.19346237182617
54.647193908691406
61.8685417175293
64.35737609863281
63.652774810791016
72.76072692871094
65.63832092285156
73.23651123046875
78.28085327148438
44.19493103027344
82.479248046875
80.07450866699219
74.5564956665039
81.025634765625
70.7209243774414
76.78710174560547
78.06517791748047
49.321834564208984
77.64863586425781
73.96800231933594
69.76728820800781
77.021728515625
67.08271789550781
73.60945129394531
76.8682632446289
41.34208297729492
76.23204040527344
73.9116439819336
69.41893768310547
77.12800598144531
69.07364654541016
74.58831024169922
77.28933715820312
47.37364196777344
77.5389633178711
75.65213775634766
71.83245849609375
79.32366943359375
72.296875
78.0476303100586
80.97055053710938
54.360023498535156
82.34980010986328
80.49787902832031
75.2708969116211
85.68338012695312
77.28885650634766
84.3241958618164
87.24354553222656
54.436553955078125
88.77425384521484
86.62110137939453
81.89390563964844
89.8346939086914
81.1383285522461
85.6937255859375
86.884521484375
52.806358337402344
83.24768829345703
78.49127960205078
70.6238021850586
83.64380645751953
78.93912506103516
87.74678039550781
93.07743072509766
56.78996658325195
96.74187469482422
95.193603515625
90.51811218261719
99.04967498779297
90.86966705322266
96.59855651855469
99.151611328125
51.18422317504883
99.722412109375
97.42324829101562
92.0835189819336
100.11517333984375
91.09589385986328
95.78984069824219
97.25336456298828
48.325645446777344
95.1544189453125
91.83391571044922
85.5053939819336
92.75627136230469
83.020263671875
87.49768829345703
88.73633575439453
43.76227569580078
86.21159362792969
82.9664535522461
75.1128921508789
82.77255249023438
71.1563720703125
77.9162826538086
81.38253784179688
54.67711639404297
87.09112548828125
87.81002044677734
84.46578216552734
95.16323852539062
87.73853302001953
93.12081146240234
95.07514953613281
54.107810974121094
94.2087173461914
91.45990753173828
85.96354675292969
93.86433410644531
85.33897399902344
90.26866912841797
92.56005096435547
55.286293029785156
92.56532287597656
90.32514953613281
85.32703399658203
93.96449279785156
85.8371810913086
91.41692352294922
94.20297241210938
51.41788864135742
94.99069213867188
93.27427673339844
88.24393463134766
96.70409393310547
88.12298583984375
92.70441436767578
93.91132354736328
35.9930419921875
90.88025665283203
86.88575744628906
80.1396713256836
86.27774047851562
76.4852066040039
80.40299987792969
81.2653579711914
51.39680099487305
78.17736053466797
74.08650207519531
67.19733428955078
73.60136413574219
63.21018981933594
58.42946243286133
61.714637756347656
58.44807052612305
52.73626708984375
59.45689010620117
54.94453430175781
71.44912719726562
