69.70508575439453
73.1634521484375
68.07479858398438
71.1260757446289
66.48851776123047
71.18838500976562
69.11124420166016
69.36592102050781
67.59957885742188
65.51807403564453
70.49913024902344
68.76358795166016
70.64442443847656
69.01453399658203
70.87843322753906
70.15172576904297
70.51778411865234
70.4597396850586
71.58551025390625
71.58444213867188
70.56719207763672
73.2635726928711
71.07902526855469
73.71137237548828
72.3209228515625
74.18164825439453
74.33108520507812
74.7853775024414
75.67437744140625
74.63140869140625
77.98011016845703
76.13671875
79.70173645019531
78.33696746826172
81.28829193115234
81.32733154296875
82.44782257080078
85.31057739257812
82.61549377441406
86.3139419555664
81.24093627929688
84.16629028320312
80.0111312866211
80.07469940185547
79.1372299194336
72.68572235107422
77.79642486572266
67.23703002929688
74.76921844482422
65.29653930664062
70.72647094726562
69.155517578125
59.778053283691406
68.33135986328125
61.79655075073242
65.81739044189453
67.03852844238281
51.9186897277832
68.0463638305664
59.29189682006836
65.97809600830078
67.75442504882812
61.2254638671875
70.56732940673828
60.140865325927734
71.40972900390625
64.67288970947266
69.23387908935547
69.96622467041016
66.30545043945312
72.17753601074219
66.73265838623047
72.69376373291016
69.86797332763672
72.2731704711914
72.46798706054688
70.71868896484375
73.91055297851562
69.6974105834961
74.39002990722656
71.11824035644531
73.9898681640625
73.70074462890625
73.287353515625
74.37930297851562
72.04823303222656
75.72936248779297
71.53413391113281
75.03887939453125
74.32689666748047
74.09395599365234
75.37078094482422
72.4317626953125
76.40030670166016
72.41545104980469
76.0909423828125
74.06211853027344
75.06719970703125
76.1358871459961
74.32925415039062
76.92659759521484
73.76781463623047
77.14553833007812
74.36475372314453
76.19153594970703
76.04017639160156
75.26386260986328
76.95854949951172
73.57176971435547
77.35575866699219
73.52275848388672
76.95703887939453
75.956787109375
74.96141052246094
76.93250274658203
73.77348327636719
77.26353454589844
73.5473861694336
77.26007843017578
74.95738220214844
75.77774810791016
76.37278747558594
73.24813842773438
77.6768798828125
71.94683074951172
77.56488800048828
73.80472564697266
76.4113998413086
76.09677124023438
74.4897689819336
77.45052337646484
71.5497055053711
77.76566314697266
71.10916137695312
76.72833251953125
72.22928619384766
74.1591567993164
74.54850006103516
72.10581970214844
75.90216064453125
70.21975708007812
78.5856704711914
70.62128448486328
81.33744812011719
74.7394027709961
82.9208755493164
80.95549011230469
83.88695526123047
85.47380828857422
84.66118621826172
88.84449768066406
86.41118621826172
91.78964233398438
89.94820404052734
94.06684875488281
93.9439697265625
95.44477844238281
96.7396240234375
95.78301239013672
97.46735382080078
95.33197784423828
96.80003356933594
94.82942962646484
95.59046936035156
94.4601821899414
94.6828842163086
94.15359497070312
94.09226989746094
93.59674072265625
93.48821258544922
91.5810775756836
90.31130981445312
86.90242004394531
86.5794906616211
84.77906036376953
85.74273681640625
85.45516204833984
85.06124114990234
86.40921783447266
84.28496551513672
86.90106964111328
84.43685913085938
86.72218322753906
84.88558959960938
86.23394775390625
85.64299011230469
85.44832611083984
86.31071472167969
84.7751693725586
86.47673034667969
84.87718200683594
86.18195343017578
85.31151580810547
85.48188781738281
85.74627685546875
84.94011688232422
86.27567291259766
84.62381744384766
86.5094985961914
85.38018798828125
86.27428436279297
86.26126861572266
86.14493560791016
87.28038024902344
85.89521789550781
88.05236053466797
86.18856811523438
88.55970001220703
86.81776428222656
87.74153137207031
86.64810943603516
83.90992736816406
83.99188232421875
77.02398681640625
79.91674041748047
71.52680969238281
77.3091049194336
70.19332122802734
78.29718017578125
72.8955307006836
78.95829772949219
76.64849090576172
79.59947204589844
78.69532775878906
79.3592529296875
81.26126861572266
78.97916412353516
82.80168151855469
80.06938171386719
83.8039321899414
82.07621765136719
84.1342544555664
84.46176147460938
83.62728881835938
85.37004852294922
81.50480651855469
83.3584213256836
77.34437561035156
79.43717193603516
76.74754333496094
78.58740997314453
79.23851776123047
79.96060943603516
82.19241333007812
81.94635772705078
84.32698059082031
84.62771606445312
85.85057067871094
87.57862854003906
86.96013641357422
90.0910873413086
87.75810241699219
90.61754608154297
88.31734466552734
88.94548034667969
88.17376708984375
86.04505157470703
86.89240264892578
83.15296936035156
85.53556823730469
81.61111450195312
83.50638580322266
81.52922821044922
80.83948516845703
81.59913635253906
78.53313446044922
81.13298034667969
76.9094009399414
79.96702575683594
77.2273941040039
78.79768371582031
77.92051696777344
77.15567779541016
78.49811553955078
75.52023315429688
78.89366912841797
75.26422882080078
77.83229064941406
77.11531829833984
77.1240234375
78.46792602539062
76.3232421875
78.87178039550781
76.40448760986328
79.21635437011719
78.3295669555664
78.72610473632812
79.69293975830078
79.098876953125
81.06169891357422
79.52745056152344
81.96288299560547
81.505859375
82.86876678466797
83.39995574951172
83.78337097167969
84.83404541015625
84.9469223022461
84.04182434082031
85.406494140625
82.98231506347656
86.64529418945312
84.84138488769531
88.02799224853516
86.58063507080078
87.41766357421875
87.03985595703125
85.3946304321289
86.41565704345703
83.32077026367188
85.12511444091797
82.5391616821289
83.06388854980469
82.52729034423828
81.11908721923828
82.00860595703125
79.84272003173828
81.36161041259766
79.39505004882812
80.24248504638672
79.97191619873047
79.25296020507812
80.31189727783203
78.4648666381836
80.33374786376953
78.60833740234375
80.12195587158203
79.67066192626953
79.65174102783203
81.13899993896484
79.53196716308594
82.01502990722656
80.10075378417969
82.57954406738281
82.38197326660156
82.96699523925781
84.78912353515625
83.33698272705078
87.3551025390625
84.55753326416016
88.98023223876953
84.9729232788086
86.36973571777344
81.62797546386719
82.53154754638672
81.025146484375
81.53902435302734
82.4081039428711
80.86370086669922
80.61788940429688
79.1684341430664
77.04322052001953
76.75320434570312
72.71585845947266
74.79308319091797
68.36241149902344
71.1159439086914
67.89864349365234
62.510066986083984
62.27755355834961
68.1581039428711
58.286155700683594
71.2410888671875
68.82949829101562
71.40816497802734
74.24693298339844
72.15301513671875
76.2025146484375
72.64762878417969
78.24400329589844
75.98021697998047
79.1197738647461
79.35281372070312
80.00607299804688
82.66668701171875
81.06340026855469
85.15194702148438
83.1417007446289
87.15127563476562
86.46994018554688
88.37821197509766
88.92821502685547
87.72212219238281
89.44889831542969
86.04399108886719
88.11019134521484
84.4798355102539
85.86483001708984
84.20263671875
83.24649810791016
83.64104461669922
81.08123016357422
83.15361022949219
80.03347778320312
82.54755401611328
80.73619079589844
81.89134979248047
81.52144622802734
81.00308990478516
81.8851089477539
79.5875244140625
81.63961029052734
79.04631042480469
80.54674530029297
79.14131927490234
79.11534118652344
79.35270690917969
78.21792602539062
79.56957244873047
76.79115295410156
78.74163818359375
77.11149597167969
77.5340347290039
77.19622039794922
76.56114196777344
77.85729217529297
75.60133361816406
77.37181091308594
75.35075378417969
76.34905242919922
75.69860076904297
74.76206970214844
75.78477478027344
73.45294189453125
76.96305084228516
73.79332733154297
78.52297973632812
75.72698211669922
78.99627685546875
77.7847900390625
77.9473648071289
78.24181365966797
76.39591979980469
78.35502624511719
76.24073791503906
78.44963836669922
76.8801498413086
77.93771362304688
78.36480712890625
77.07894134521484
79.03488159179688
76.59512329101562
79.7193374633789
77.65196228027344
79.67108154296875
78.74356842041016
78.5330581665039
77.68270874023438
75.41979217529297
76.56539916992188
75.7131118774414
77.95614624023438
76.87633514404297
78.77169036865234
78.06509399414062
79.14525604248047
79.54212951660156
79.61609649658203
80.90933990478516
79.99207305908203
81.64173126220703
81.25162506103516
82.4039535522461
82.56886291503906
82.96121978759766
84.1376724243164
83.7241439819336
85.60231018066406
84.95055389404297
86.73112487792969
86.80098724365234
87.81570434570312
88.36210632324219
88.19083404541016
89.64503479003906
88.4706802368164
89.89221954345703
88.58507537841797
88.83919525146484
88.225830078125
87.26203918457031
87.40090942382812
85.39759826660156
86.22613525390625
83.94415283203125
84.19602966308594
82.68497467041016
82.42124938964844
82.30773162841797
80.4529800415039
81.57508087158203
78.6182632446289
81.35801696777344
78.51712036132812
80.42350769042969
79.45520782470703
79.36228942871094
80.63420104980469
78.09877014160156
82.0889663696289
78.57867431640625
83.39779663085938
80.80471801757812
83.84957885742188
83.2638931274414
83.3404769897461
84.61463928222656
80.68638610839844
83.29470825195312
76.68354034423828
79.87935638427734
75.22059631347656
74.7645034790039
74.0333480834961
69.778564453125
71.50273132324219
65.82772064208984
69.2938003540039
63.48369216918945
68.18482971191406
65.44734191894531
64.302734375
65.81782531738281
64.04653930664062
66.30570983886719
61.389461517333984
67.28194427490234
62.06854248046875
66.87702178955078
63.119300842285156
66.89369201660156
66.3414535522461
68.83807373046875
69.54602813720703
67.70439910888672
71.96044921875
69.59700775146484
74.22948455810547
73.26664733886719
75.16761779785156
75.36338806152344
76.55187225341797
78.68472290039062
78.2217788696289
81.26439666748047
80.19173431396484
83.62899780273438
82.77352905273438
84.52224731445312
84.96086120605469
84.62866973876953
85.26075744628906
84.0335693359375
84.98760223388672
84.22526550292969
84.30513763427734
84.20306396484375
83.14244079589844
83.89421844482422
82.33849334716797
83.37019348144531
82.58526611328125
82.6055908203125
82.89315032958984
82.32853698730469
83.32188415527344
82.30040740966797
83.0931396484375
83.07230377197266
82.56086730957031
83.70391082763672
81.42555236816406
83.51436614990234
80.47479248046875
81.19464111328125
78.34478759765625
