67.42681121826172
76.93826293945312
69.22325897216797
75.35359191894531
71.26237487792969
73.5592041015625
69.31475830078125
73.11811828613281
67.8314208984375
70.07901763916016
68.28337860107422
71.88719940185547
68.54749298095703
71.0149154663086
71.4448471069336
73.36962890625
71.23738861083984
73.53704071044922
73.17060089111328
74.51233673095703
74.33781433105469
75.34455871582031
75.19453430175781
76.53141784667969
76.36244201660156
77.31440734863281
77.29006958007812
78.14598083496094
79.48622131347656
79.81470489501953
81.37191772460938
81.62731170654297
83.62030029296875
83.68792724609375
85.36686706542969
83.07776641845703
83.43099212646484
79.43024444580078
80.30348205566406
74.62548065185547
76.71702575683594
69.22112274169922
73.60771942138672
66.1941146850586
68.1335220336914
61.09913635253906
64.68156433105469
59.887725830078125
64.36688232421875
61.505714416503906
56.54586410522461
64.58641052246094
54.60440444946289
65.63128662109375
61.4749641418457
67.8278579711914
59.158573150634766
68.35711669921875
65.78136444091797
69.70478820800781
67.234130859375
68.22065734863281
68.4778060913086
70.72750854492188
68.65406036376953
72.1921615600586
70.09100341796875
72.85847473144531
70.15291595458984
72.19670867919922
72.03717803955078
74.10826110839844
72.21985626220703
74.29069519042969
72.01490020751953
74.1832504272461
72.84201049804688
74.20073699951172
73.68148803710938
74.4759521484375
73.7357406616211
75.7437515258789
73.993896484375
75.4320068359375
73.99919891357422
74.93172454833984
75.11359405517578
74.74890899658203
74.69044494628906
75.32877349853516
75.71942138671875
75.57894134521484
75.28704071044922
76.25727844238281
75.99341583251953
76.12727355957031
76.16842651367188
75.92108917236328
76.24635314941406
76.3388442993164
76.49127197265625
76.77386474609375
76.509765625
76.51068115234375
76.91119384765625
76.30792236328125
76.750732421875
76.37073516845703
77.02861022949219
77.17922973632812
77.34637451171875
77.48424530029297
77.2225570678711
77.75444030761719
77.57220458984375
77.61564636230469
77.45783233642578
77.83560180664062
77.5487289428711
77.6281509399414
78.33256530761719
78.92332458496094
79.11528778076172
78.42597198486328
79.0125961303711
79.63424682617188
79.6952896118164
79.8794174194336
80.22161102294922
80.05225372314453
80.87067413330078
81.13199615478516
81.08564758300781
81.60221099853516
81.930908203125
82.30558013916016
82.65272521972656
82.96430206298828
83.46378326416016
84.06391143798828
84.71289825439453
84.9703369140625
85.58649444580078
86.07899475097656
86.88925170898438
87.22535705566406
87.67660522460938
88.82465362548828
89.50872039794922
92.4847412109375
93.59089660644531
95.82103729248047
96.16824340820312
97.1545181274414
97.04859161376953
97.59541320800781
97.19922637939453
97.41339874267578
96.6683120727539
96.45403289794922
95.04728698730469
94.53861999511719
93.72920989990234
93.86832427978516
93.66919708251953
93.74779510498047
93.10313415527344
91.90752410888672
89.9815673828125
87.56797790527344
87.3608627319336
85.6415786743164
87.25946044921875
86.07298278808594
87.56859588623047
86.68675231933594
88.20965576171875
87.20674133300781
88.18977355957031
87.30171203613281
88.44123840332031
87.54044342041016
88.32363891601562
87.45326232910156
88.46927642822266
87.66954040527344
88.63954162597656
87.79388427734375
88.47869110107422
88.10617065429688
88.844970703125
88.31968688964844
89.07969665527344
88.40001678466797
89.08223724365234
88.61103820800781
89.32294464111328
88.89813995361328
89.47364044189453
89.22687530517578
89.82089233398438
89.45706176757812
89.96735382080078
89.8357925415039
90.37065124511719
90.21332550048828
90.95401000976562
90.82762908935547
91.63459777832031
91.6405029296875
92.66314697265625
92.93740844726562
93.80467224121094
94.29833221435547
95.2052993774414
95.60566711425781
96.15342712402344
96.220458984375
95.76156616210938
94.97949981689453
93.74571228027344
92.74748229980469
91.04680633544922
90.18330383300781
88.3497085571289
87.72184753417969
86.21407318115234
85.7199935913086
83.76445007324219
83.97496795654297
82.13533782958984
82.19654083251953
80.0648193359375
80.75418853759766
78.4843978881836
79.52730560302734
76.73045349121094
77.39154052734375
73.5821533203125
72.36426544189453
68.13529968261719
68.82838439941406
57.253753662109375
68.59980773925781
50.766868591308594
67.36864471435547
60.331539154052734
65.31330871582031
65.04110717773438
66.3127670288086
68.04088592529297
69.60386657714844
72.40753936767578
72.53775024414062
75.24825286865234
76.59465789794922
78.54624938964844
79.14361572265625
80.6946029663086
81.34862518310547
81.21699523925781
81.12618255615234
80.30644226074219
80.58419036865234
79.30418395996094
79.52672576904297
77.65657806396484
78.39580535888672
77.03245544433594
77.5945816040039
75.7437515258789
77.23745727539062
75.18118286132812
76.68650817871094
75.2201156616211
76.8985595703125
74.8246841430664
76.39542388916016
74.6835708618164
76.92655181884766
74.4426040649414
77.0822525024414
75.75570678710938
76.86009979248047
75.66290283203125
77.83073425292969
76.3791275024414
78.5595474243164
77.45603942871094
79.49737548828125
78.42507934570312
80.683837890625
79.49629211425781
80.90426635742188
79.91715240478516
81.26812744140625
80.9820556640625
82.4288101196289
82.82262420654297
84.45362854003906
84.84970092773438
86.4232406616211
86.85523986816406
87.80585479736328
88.08948516845703
88.19843292236328
87.94709014892578
87.13397216796875
86.47320556640625
84.74524688720703
84.57008361816406
82.92294311523438
82.92183685302734
81.61590576171875
81.64212036132812
79.83098602294922
80.45877075195312
79.50381469726562
79.68252563476562
78.35721588134766
79.28043365478516
77.52388000488281
78.8563232421875
76.54837036132812
78.60526275634766
76.72874450683594
78.35710144042969
76.9061279296875
78.44812774658203
76.6396713256836
77.72371673583984
76.55813598632812
78.57637786865234
76.31564331054688
78.93183898925781
77.48090362548828
79.71630859375
78.11382293701172
80.17578125
79.56151580810547
81.32560729980469
80.62000274658203
83.0436019897461
82.2894287109375
84.81722259521484
84.27538299560547
87.20919036865234
86.52001953125
88.3995361328125
86.5968246459961
86.2402572631836
82.46168518066406
81.44541931152344
77.27244567871094
76.83245086669922
70.95342254638672
72.99834442138672
65.6595687866211
67.64637756347656
55.34498596191406
66.8838119506836
54.71149444580078
67.60031127929688
60.352821350097656
69.69539642333984
65.47586822509766
68.59172821044922
67.50919342041016
71.54097747802734
69.8949203491211
73.29637145996094
71.54976654052734
73.28494262695312
72.01753997802734
74.99549865722656
74.31573486328125
75.90679168701172
75.24556732177734
76.50308227539062
76.18058776855469
78.24337005615234
78.26243591308594
79.23131561279297
79.60436248779297
80.94287109375
81.04610443115234
82.42224884033203
82.36784362792969
83.7646713256836
83.87914276123047
85.17571258544922
85.18762969970703
86.16741943359375
85.88409423828125
86.480712890625
85.9158706665039
86.19802856445312
84.98371887207031
85.14030456542969
83.87347412109375
84.10911560058594
82.64839172363281
82.97418975830078
82.27056121826172
83.20511627197266
83.43624877929688
84.80567932128906
85.33995056152344
85.87403869628906
85.5713119506836
85.74781799316406
84.66503143310547
84.33666229248047
83.4760971069336
83.1324691772461
82.07470703125
81.84854888916016
80.9352798461914
80.70599365234375
80.00846099853516
79.63395690917969
79.09202575683594
79.35197448730469
79.03985595703125
80.44620513916016
80.4677505493164
81.4637222290039
80.33091735839844
80.39923858642578
80.11945343017578
80.3437271118164
79.63682556152344
79.94892883300781
79.30001831054688
79.80099487304688
79.55340576171875
79.47879791259766
79.2080307006836
79.65573120117188
79.26066589355469
79.47269439697266
79.124267578125
80.10478210449219
79.46810913085938
79.86437225341797
79.54669952392578
80.4357681274414
79.79630279541016
80.51854705810547
79.9925537109375
81.15546417236328
80.73493194580078
82.00534057617188
81.4087905883789
82.53009033203125
82.1513442993164
83.54557037353516
83.21173858642578
84.66754913330078
84.54656982421875
85.88993835449219
86.01653289794922
87.69023895263672
87.81637573242188
89.47720336914062
89.44483947753906
90.09906768798828
88.96846008300781
88.28312683105469
86.05818939208984
84.8041000366211
82.06211853027344
80.8867416381836
78.12212371826172
76.97709655761719
73.3027114868164
70.88863372802734
69.4643783569336
63.48456954956055
67.01217651367188
65.28307342529297
71.71134948730469
71.4169692993164
75.00373077392578
76.4139175415039
79.14176177978516
79.47383117675781
82.13880920410156
82.78230285644531
84.59095001220703
84.67682647705078
86.07804107666016
85.82185363769531
86.83502197265625
86.3843994140625
87.14111328125
86.45117950439453
86.90177917480469
86.20255279541016
86.48690795898438
85.6529769897461
86.12165069580078
85.5627212524414
85.68949890136719
85.0274658203125
85.34037017822266
84.77754974365234
85.14875030517578
84.68140411376953
85.12715911865234
84.90337371826172
85.41154479980469
85.10922241210938
85.47697448730469
85.72696685791016
86.21166229248047
86.38436126708984
86.73294067382812
87.11339569091797
87.6976089477539
87.99728393554688
88.50546264648438
89.03646850585938
89.47048950195312
89.70703887939453
89.8682632446289
89.92375946044922
89.46926879882812
89.50314331054688
88.71391296386719
88.73019409179688
87.70706939697266
87.53423309326172
86.61593627929688
86.50167083740234
85.75578308105469
85.79715728759766
85.42565155029297
85.60334014892578
84.95891571044922
85.46329498291016
84.650146484375
85.3725814819336
84.75059509277344
85.48802947998047
85.27600860595703
85.49911499023438
84.931884765625
84.69560241699219
83.53141021728516
83.62886810302734
83.44161987304688
83.4966812133789
83.55498504638672
82.59246826171875
82.58451080322266
80.80744934082031
80.86902618408203
79.6429214477539
78.92577362060547
78.54679870605469
78.31758880615234
78.95330810546875
77.85936737060547
79.23283386230469
77.13288879394531
79.10198974609375
77.24091339111328
78.60641479492188
77.33824920654297
79.21549224853516
77.56729888916016
79.75163269042969
79.18356323242188
80.67523956298828
79.97433471679688
