61.714420318603516
64.59520721435547
70.52515411376953
42.076080322265625
74.23688507080078
74.9087142944336
68.19026184082031
77.14100646972656
70.42224884033203
74.67385864257812
77.60203552246094
59.52533721923828
77.46951293945312
76.1615219116211
72.4522933959961
79.85206604003906
71.59861755371094
77.12931060791016
80.12413787841797
56.74755096435547
80.28366088867188
78.85342407226562
72.77515411376953
81.9574966430664
73.41710662841797
80.03350830078125
82.21731567382812
39.98289489746094
82.39745330810547
80.81063079833984
76.0441665649414
84.16327667236328
75.53621673583984
82.05818939208984
84.92506408691406
55.39659118652344
86.212890625
84.42945861816406
78.61222839355469
88.05511474609375
79.40946197509766
86.53749084472656
90.10009002685547
48.29939651489258
91.64442443847656
90.6413345336914
86.27684020996094
96.06999206542969
89.10820770263672
94.77021789550781
97.12242889404297
63.959228515625
94.44278717041016
89.83988952636719
82.36927795410156
88.83959197998047
78.97013854980469
83.1574935913086
83.19393920898438
57.1655387878418
80.34395599365234
75.65646362304688
69.93941497802734
76.1305923461914
70.33552551269531
69.9465103149414
70.45868682861328
44.56084060668945
70.7308578491211
65.64069366455078
60.037681579589844
69.08490753173828
63.040077209472656
66.79252624511719
68.1390609741211
55.77709197998047
70.60749816894531
71.29534149169922
67.95755767822266
76.9295425415039
71.44821166992188
78.5943374633789
82.26432037353516
59.04518508911133
85.69927215576172
85.16805267333984
81.43994140625
91.74927520751953
85.42180633544922
92.78672790527344
96.99022674560547
63.981040954589844
99.05103302001953
96.96361541748047
91.29806518554688
99.14027404785156
89.98281860351562
94.66358184814453
96.38681030273438
51.25867462158203
95.6850814819336
92.90959930419922
87.18932342529297
95.32059478759766
86.52677154541016
92.14797973632812
94.29354858398438
56.334312438964844
94.06675720214844
91.67176055908203
86.41301727294922
94.78541564941406
86.87106323242188
91.87308502197266
94.42655181884766
57.78400802612305
94.83386993408203
92.69436645507812
87.4622802734375
96.07695007324219
88.16246795654297
93.8545150756836
96.5943603515625
52.66234588623047
97.44327545166016
95.53209686279297
90.99117279052734
99.84919738769531
92.35099029541016
98.15203094482422
101.41297149658203
43.09821319580078
103.02762603759766
101.503662109375
96.71038055419922
105.5163803100586
97.18733215332031
102.4253158569336
104.27740478515625
59.669090270996094
102.97057342529297
99.98675537109375
93.91007232666016
101.70539093017578
92.90315246582031
97.59873962402344
99.50296020507812
45.60569763183594
98.8370590209961
96.11813354492188
90.4577865600586
98.58562469482422
89.97029876708984
95.29914855957031
97.49382019042969
58.14311599731445
97.1477279663086
94.57086944580078
89.19686889648438
97.49564361572266
89.05204010009766
94.44627380371094
96.54077911376953
57.814369201660156
96.4537124633789
93.8957290649414
88.4619369506836
96.64817810058594
88.17546081542969
93.48515319824219
95.58964538574219
57.62742614746094
95.01241302490234
92.18479919433594
86.13142395019531
93.7834701538086
84.3252944946289
88.26362609863281
87.14130401611328
68.3697509765625
86.49066925048828
92.39911651611328
90.45968627929688
100.47738647460938
92.91068267822266
98.47521209716797
101.12605285644531
57.06354904174805
101.47116088867188
99.33740997314453
94.38440704345703
102.95228576660156
95.05396270751953
100.65034484863281
103.4183120727539
53.19157028198242
104.4832763671875
102.73600006103516
97.94010162353516
106.93490600585938
99.00941467285156
104.6689682006836
106.7962646484375
66.0955810546875
105.28653717041016
101.6775131225586
95.14521026611328
101.98502349853516
92.04056549072266
96.19266510009766
97.33079528808594
50.03665542602539
94.97799682617188
91.56391906738281
85.16143798828125
92.5482177734375
83.42803955078125
88.02388000488281
89.55142211914062
53.7972412109375
87.832275390625
84.90200805664062
79.34497833251953
86.64230346679688
77.83744812011719
81.7671890258789
83.82597351074219
50.58118438720703
83.12434387207031
80.86392974853516
73.63166809082031
81.56394958496094
71.8412094116211
78.70120239257812
80.42389678955078
53.64847183227539
79.22370147705078
74.8537826538086
72.19242858886719
79.44950103759766
71.75724792480469
74.00450897216797
76.46395111083984
49.52226638793945
77.12065887451172
74.80436706542969
67.33233642578125
75.94178771972656
65.92704010009766
73.52168273925781
74.93988037109375
54.190608978271484
76.93633270263672
77.38041687011719
73.84439086914062
81.1653060913086
72.34949493408203
78.12879943847656
80.58578491210938
53.740230560302734
81.93675994873047
79.79401397705078
72.65826416015625
82.05321502685547
74.6095199584961
80.2487564086914
82.96501922607422
53.67403793334961
84.00199890136719
81.64662170410156
78.08406829833984
86.4979476928711
79.22905731201172
84.83245849609375
88.0589370727539
50.823787689208984
90.228759765625
89.02900695800781
84.59274291992188
94.23424530029297
87.08245849609375
93.83536529541016
97.47177124023438
61.69418716430664
99.1282730102539
97.12511444091797
91.86434936523438
99.439453125
90.43696594238281
94.6171646118164
96.08326721191406
61.87491989135742
94.7154541015625
91.64334106445312
85.20307159423828
92.90194702148438
83.87593841552734
89.23683166503906
90.4784927368164
57.52544021606445
89.14571380615234
85.90632629394531
80.2614517211914
87.8056869506836
79.0445785522461
82.20731353759766
85.32649993896484
64.92784118652344
90.93802642822266
90.6249771118164
86.33683013916016
94.29004669189453
85.74946594238281
90.53690338134766
92.5853271484375
45.842254638671875
91.99906921386719
89.69339752197266
84.49327087402344
92.58916473388672
84.81510162353516
89.7225112915039
92.20183563232422
43.095306396484375
92.5414810180664
90.4412612915039
85.55436706542969
94.3526611328125
86.42879486083984
92.26280975341797
95.18449401855469
57.763126373291016
96.36992645263672
94.88668060302734
90.38092803955078
99.61203002929688
92.26323699951172
98.82130432128906
102.3230209350586
60.20863342285156
103.92007446289062
101.70438385009766
95.9690933227539
103.18452453613281
93.56831359863281
97.54191589355469
98.45008087158203
51.715084075927734
96.26161193847656
92.85912322998047
86.56441497802734
93.66312408447266
84.37060546875
89.04546356201172
90.5087661743164
60.0616569519043
88.59578704833984
85.2112045288086
79.25747680664062
86.8543701171875
77.57609558105469
81.88423919677734
83.435791015625
57.9597053527832
80.68573760986328
76.5767822265625
72.6151123046875
80.04005432128906
74.39276885986328
81.76905059814453
87.09342193603516
52.92835998535156
92.74258422851562
92.33280181884766
87.68405151367188
96.78539276123047
88.64908599853516
94.34766387939453
96.91791534423828
63.01534652709961
96.05490112304688
92.1390380859375
85.7259750366211
90.88639831542969
79.29524230957031
81.7240219116211
81.17543029785156
48.881404876708984
76.01498413085938
70.85211181640625
52.163963317871094
68.92337036132812
57.198936462402344
60.05160140991211
65.64256286621094
56.525047302246094
66.95076751708984
63.863197326660156
60.85923767089844
67.94544219970703
64.09095001220703
67.2863998413086
66.22966766357422
50.04991149902344
68.53338623046875
67.97151184082031
51.63290023803711
67.95689392089844
53.984249114990234
67.68607330322266
65.3525161743164
48.21658706665039
62.75143814086914
60.723506927490234
59.30513381958008
66.28229522705078
59.243221282958984
58.13788604736328
61.46691131591797
57.164215087890625
64.07242584228516
60.9315185546875
51.24848556518555
52.65250015258789
58.27327346801758
62.97993087768555
63.146942138671875
52.95099639892578
64.98097229003906
61.654415130615234
61.62834167480469
69.839111328125
62.82872772216797
74.38082885742188
78.98555755615234
55.94858932495117
81.60088348388672
80.02522277832031
74.9917221069336
81.09659576416016
73.11235046386719
76.08976745605469
77.29993438720703
52.29059982299805
77.17591094970703
73.96005249023438
69.5061264038086
77.06617736816406
69.66204071044922
74.04232025146484
75.83061981201172
54.03261947631836
75.08515930175781
72.67941284179688
69.5567398071289
77.32184600830078
70.01173400878906
74.6556167602539
77.95649719238281
45.15228271484375
77.84016418457031
75.87932586669922
71.88912963867188
79.6865234375
69.93981170654297
78.30623626708984
81.15274047851562
42.921897888183594
82.06919860839844
80.3902816772461
76.20426940917969
85.2904052734375
78.01058959960938
83.99462127685547
87.22051239013672
57.26851272583008
88.72891235351562
86.7708511352539
81.90936279296875
90.06024169921875
81.20174407958984
85.4593505859375
86.85576629638672
52.572479248046875
83.08548736572266
78.96733093261719
71.34856414794922
82.7068099975586
78.30085754394531
87.9619369506836
93.20216369628906
63.62971496582031
96.63141632080078
94.99496459960938
90.51081085205078
99.0425796508789
90.8886489868164
96.60601806640625
99.21620178222656
56.293556213378906
99.73155212402344
97.43450164794922
92.07438659667969
100.00023651123047
90.86222839355469
95.90674591064453
97.14543914794922
56.28593826293945
95.13289642333984
91.41997528076172
85.57402801513672
92.52074432373047
83.19984436035156
87.39983367919922
88.55797576904297
48.185951232910156
86.3877944946289
82.59815979003906
75.50853729248047
82.81280517578125
72.79229736328125
78.18172454833984
81.52737426757812
44.177913665771484
87.13312530517578
87.8623275756836
85.08419799804688
94.96524810791016
87.57041931152344
93.03828430175781
95.09307861328125
49.62380599975586
94.19226837158203
91.50906372070312
86.00513458251953
93.80745697021484
85.16178894042969
90.51747131347656
92.6871566772461
52.86699676513672
92.67386627197266
90.2779312133789
85.22095489501953
93.82159423828125
85.52764892578125
91.30699920654297
94.13219451904297
52.97719192504883
95.00831604003906
93.19084167480469
88.18384552001953
96.66260528564453
87.99681854248047
92.80477905273438
93.89130401611328
53.46784591674805
90.8406753540039
86.85487365722656
79.79713439941406
86.2643814086914
75.55618286132812
80.54522705078125
82.12834930419922
54.402183532714844
78.77017974853516
73.75253295898438
68.53237915039062
74.11566162109375
60.05766677856445
60.52595520019531
64.05125427246094
63.943843841552734
59.990169525146484
61.16564178466797
61.48245620727539
70.31184387207031
