59.453643798828125
64.01012420654297
68.03168487548828
55.872650146484375
64.25465393066406
63.548439025878906
56.046016693115234
65.50666046142578
58.33644485473633
62.80474090576172
67.02983093261719
58.10609436035156
69.3369140625
64.71259307861328
65.35871124267578
72.9673843383789
61.83905029296875
73.08455657958984
74.20514678955078
59.2083625793457
76.00190734863281
74.65348052978516
70.2077407836914
80.02365112304688
73.3795166015625
79.49824523925781
83.70744323730469
64.73636627197266
85.74339294433594
84.11902618408203
79.90715026855469
88.92657470703125
80.94393920898438
87.36505126953125
90.01935577392578
68.35569763183594
88.69408416748047
82.72638702392578
73.68673706054688
76.2422103881836
64.71272277832031
61.70680236816406
67.53057098388672
57.37396240234375
73.25322723388672
73.7591323852539
68.50407409667969
77.90846252441406
68.79007720947266
74.94221496582031
78.37246704101562
61.03472900390625
79.31937408447266
77.40524291992188
73.40071868896484
81.26606750488281
72.22921752929688
78.52516174316406
81.0458984375
56.3681526184082
81.96256256103516
79.62615203857422
74.46800994873047
82.54957580566406
74.84911346435547
80.02310180664062
82.12019348144531
58.86498260498047
82.33485412597656
79.41797637939453
74.97036743164062
83.72866821289062
75.03316497802734
80.7398910522461
82.7107162475586
58.21300506591797
83.15476989746094
81.15131378173828
75.93476104736328
84.2158432006836
75.62334442138672
81.80182647705078
83.92916107177734
59.889434814453125
84.5290298461914
81.872802734375
77.89366912841797
85.54195404052734
77.9267807006836
82.52496337890625
85.11016082763672
59.89087677001953
85.41542053222656
83.41514587402344
78.14201354980469
86.30549621582031
78.13246154785156
83.70673370361328
86.150634765625
57.87079620361328
86.33863067626953
84.28947448730469
78.61790466308594
87.28736114501953
79.23033142089844
84.07395935058594
86.56863403320312
61.341285705566406
86.70844268798828
84.34176635742188
79.19037628173828
87.67693328857422
79.06456756591797
84.9449691772461
86.99283599853516
60.260101318359375
87.46727752685547
85.10123443603516
79.70018768310547
88.41238403320312
80.67874908447266
85.44647216796875
88.1436767578125
62.38230514526367
88.46361541748047
86.4576644897461
81.43914794921875
89.97860717773438
82.08785247802734
87.35893249511719
90.08019256591797
60.61591339111328
90.60558319091797
88.69629669189453
83.36931610107422
92.19126892089844
84.41045379638672
89.86974334716797
92.77474975585938
66.21085357666016
93.91265869140625
92.28744506835938
87.78585815429688
96.94690704345703
89.56561279296875
95.75605010986328
98.89004516601562
73.22453308105469
100.7306137084961
99.41918182373047
95.20875549316406
104.35579681396484
96.78338623046875
102.6937026977539
105.24610137939453
77.85356140136719
105.29515075683594
102.76598358154297
97.20437622070312
105.23670196533203
96.65312194824219
101.70589447021484
103.80152130126953
77.11839294433594
103.5376205444336
100.99805450439453
95.59733581542969
103.16226959228516
93.6801528930664
97.7513427734375
99.03126525878906
74.15235137939453
98.89628601074219
96.8460922241211
91.66134643554688
100.2920150756836
92.21885681152344
97.6013412475586
100.1757583618164
74.20084381103516
100.18074035644531
97.95156860351562
91.71920013427734
99.72919464111328
90.4056167602539
93.2397232055664
93.1817398071289
58.23497009277344
87.66874694824219
82.36275482177734
78.49026489257812
86.43067169189453
78.34644317626953
85.94587707519531
88.72158813476562
64.7279052734375
89.69609069824219
88.07791900634766
83.51036834716797
91.6228256225586
83.7318115234375
89.11791229248047
91.58663940429688
68.17678833007812
91.95248413085938
89.89533996582031
84.9038314819336
93.2679443359375
84.94252014160156
90.7142562866211
93.10920715332031
63.33810043334961
93.55814361572266
91.51253509521484
86.34259796142578
94.93212127685547
86.95352935791016
92.50506591796875
95.17088317871094
70.08494567871094
96.08428955078125
94.22988891601562
89.31487274169922
98.2099838256836
90.53382110595703
96.23907470703125
99.2747573852539
74.0442123413086
100.39993286132812
98.6892318725586
93.47740936279297
101.93555450439453
93.29911804199219
97.87474822998047
99.34791564941406
69.03038787841797
97.10188293457031
93.89005279541016
87.56996154785156
95.19357299804688
85.97212219238281
90.19204711914062
91.3078384399414
60.85856246948242
89.98242950439453
87.54489135742188
83.04695892333984
91.72959899902344
83.37809753417969
88.0235366821289
89.77154541015625
62.525596618652344
88.16099548339844
85.50650787353516
79.83824157714844
87.28581237792969
79.0051498413086
83.53204345703125
85.4621810913086
51.620750427246094
84.9691162109375
82.03555297851562
76.25861358642578
84.63533020019531
76.07978057861328
81.13034057617188
83.49838256835938
58.049652099609375
82.93360137939453
80.48674011230469
75.43856048583984
83.39110565185547
75.65257263183594
80.67469024658203
83.03370666503906
55.3448371887207
83.07682037353516
81.63322448730469
76.38982391357422
84.20089721679688
76.36865997314453
81.83709716796875
84.28955078125
62.0861701965332
84.93659973144531
82.79338836669922
78.36455535888672
86.84465026855469
79.29364013671875
85.1360092163086
87.75728607177734
62.94797897338867
88.9524154663086
87.25730895996094
82.41140747070312
91.32792663574219
83.34429168701172
88.12998962402344
89.37700653076172
68.1915054321289
89.29512786865234
88.02151489257812
83.86197662353516
93.4387435913086
86.63611602783203
92.75963592529297
96.18836212158203
71.78003692626953
97.51274871826172
95.42935943603516
89.81596374511719
97.951171875
89.09703826904297
93.63426208496094
95.24763488769531
67.30438232421875
94.0298843383789
91.08892059326172
85.18571472167969
93.0860595703125
84.29255676269531
89.3673324584961
91.38165283203125
68.15443420410156
91.03406524658203
88.61640930175781
83.6028823852539
91.7433853149414
83.26984405517578
88.92100524902344
91.42137145996094
66.40728759765625
91.89495086669922
90.00680541992188
84.90815734863281
93.67506408691406
85.8570556640625
91.80314636230469
94.7922134399414
70.53292846679688
96.27055358886719
94.70751953125
90.50851440429688
99.07398223876953
91.00350189208984
96.49446868896484
98.33496856689453
73.03741455078125
96.76874542236328
93.1863021850586
87.13472747802734
94.08004760742188
84.66204071044922
88.96495056152344
90.17950439453125
62.841552734375
88.2077407836914
85.02397918701172
78.84782409667969
86.46855163574219
77.47835540771484
82.14080047607422
83.32701873779297
61.26078796386719
81.69709014892578
78.75187683105469
72.88460540771484
80.43849182128906
72.0398941040039
76.03655242919922
77.664306640625
38.25408935546875
76.66082763671875
74.06905364990234
67.01412963867188
75.57771301269531
66.93790435791016
72.78653717041016
75.1573486328125
55.42955017089844
75.16594696044922
74.26904296875
69.64562225341797
78.64456176757812
71.13660430908203
77.4771957397461
81.1590805053711
58.58583450317383
83.00772094726562
82.11029815673828
77.81527709960938
87.0975112915039
79.6709213256836
85.48021697998047
88.17523956298828
61.11287307739258
88.10490417480469
85.40943908691406
79.39058685302734
87.2225570678711
79.19874572753906
83.46204376220703
85.18682861328125
59.35297775268555
84.05867004394531
81.36600494384766
75.94963836669922
84.01458740234375
74.84910583496094
80.30895233154297
82.4401626586914
55.795555114746094
81.78319549560547
78.83348083496094
73.20103454589844
80.96405792236328
71.63774871826172
77.55977630615234
79.4625473022461
53.5142936706543
78.81070709228516
74.92994689941406
72.216552734375
78.82096862792969
71.9929428100586
79.7198486328125
83.2945785522461
54.70028305053711
83.87430572509766
81.4954605102539
74.7903060913086
83.80628967285156
75.20597839355469
80.33932495117188
82.40147399902344
58.24056625366211
82.54813385009766
79.83277130126953
74.52047729492188
83.2474136352539
75.14668273925781
79.4932861328125
82.18974304199219
60.08710479736328
82.34113311767578
80.12531280517578
74.90657043457031
83.62333679199219
75.5550308227539
81.11647033691406
83.38726043701172
60.96317672729492
83.60597229003906
81.83418273925781
76.52759552001953
85.31758117675781
77.9109878540039
82.62796783447266
85.15679931640625
62.712318420410156
85.77371215820312
83.76001739501953
79.26737213134766
87.72140502929688
79.7787094116211
85.53323364257812
88.29778289794922
56.95445251464844
89.00177764892578
87.51744079589844
82.26456451416016
91.42206573486328
83.82014465332031
89.39631652832031
92.36941528320312
67.70719146728516
93.49115753173828
91.88407135009766
86.95987701416016
95.96665954589844
88.04561614990234
93.6426773071289
96.17732238769531
69.94251251220703
96.06808471679688
93.4421157836914
87.48226165771484
94.75941467285156
85.32756805419922
89.78111267089844
90.84794616699219
58.18865966796875
89.0804214477539
85.41123962402344
79.00096130371094
85.61699676513672
76.37726593017578
81.80953979492188
83.07949829101562
63.16472625732422
84.69110107421875
82.9885025024414
78.10784912109375
86.90824890136719
78.37760925292969
84.36824798583984
86.97185516357422
61.67863464355469
87.11509704589844
85.14985656738281
79.70713806152344
88.29436492919922
80.31970977783203
85.36862182617188
87.98432159423828
60.62324142456055
88.35730743408203
86.19731140136719
80.95735168457031
89.64653015136719
82.11024475097656
87.06388092041016
89.77962493896484
63.8077392578125
89.70796966552734
87.84175109863281
82.62027740478516
90.98228454589844
83.05327606201172
87.85338592529297
90.18357849121094
63.14387512207031
89.2794418334961
86.76179504394531
80.17049407958984
88.61859130859375
80.02371215820312
84.2291030883789
86.22234344482422
56.72016906738281
84.80117797851562
82.34857177734375
76.244873046875
84.15998077392578
75.30499267578125
79.61036682128906
81.74776458740234
50.60578155517578
79.9735336303711
78.20803833007812
72.09871673583984
79.5267562866211
71.33478546142578
75.68628692626953
77.02811431884766
38.719058990478516
75.8747787475586
73.13101196289062
67.67493438720703
76.43306732177734
66.7874984741211
71.82227325439453
74.5267333984375
56.08012771606445
72.6778335571289
71.03031921386719
64.82400512695312
73.08572387695312
62.125423431396484
70.15415954589844
70.97306823730469
54.4815559387207
70.00946044921875
65.96398162841797
61.43196105957031
69.54169464111328
