62.696800231933594
63.18705749511719
58.571041107177734
61.22364807128906
72.14794158935547
67.43175506591797
65.71823120117188
73.51570129394531
69.58934020996094
69.43914794921875
73.19491577148438
62.148353576660156
70.7560806274414
73.76084899902344
64.42525482177734
72.73120880126953
69.07554626464844
73.80997467041016
73.82947540283203
67.2818374633789
79.83961486816406
75.85735321044922
76.53125762939453
83.33058166503906
76.10405731201172
82.52574920654297
86.28234100341797
72.72083282470703
87.12413024902344
87.33965301513672
77.177978515625
90.35084533691406
85.47818756103516
86.82810974121094
91.75739288330078
80.16520690917969
92.0553970336914
88.4858169555664
87.41608428955078
88.24809265136719
63.93887710571289
84.01583099365234
79.24642944335938
74.52177429199219
74.9715347290039
74.6447982788086
62.83378219604492
65.8490982055664
67.54039764404297
74.54911041259766
75.27179718017578
67.29283905029297
80.0150375366211
77.78435516357422
76.14252471923828
82.3744888305664
74.64301300048828
79.49647521972656
81.81069946289062
67.50310516357422
81.80503845214844
80.53483581542969
72.09669494628906
82.40363311767578
74.1479263305664
78.60493469238281
81.62429809570312
54.89490509033203
82.38751983642578
80.08531188964844
76.06487274169922
83.98580932617188
75.28535461425781
81.64056396484375
83.6545181274414
60.31442642211914
83.98892974853516
82.07657623291016
76.16255950927734
84.78868865966797
76.8207015991211
82.12725830078125
84.33686828613281
50.033992767333984
84.74933624267578
82.29423522949219
77.99012756347656
85.8821029663086
78.00157165527344
83.35335540771484
85.56803131103516
58.64029312133789
85.94357299804688
83.90558624267578
78.10517883300781
86.98030090332031
78.78136444091797
83.9531478881836
86.37920379638672
55.407413482666016
86.71687316894531
83.95008850097656
80.09870910644531
88.01925659179688
79.23320770263672
84.81201171875
87.46490478515625
59.48366165161133
87.43351745605469
85.4759750366211
79.39505767822266
88.12055206298828
79.95597076416016
85.11720275878906
87.33663940429688
40.385581970214844
87.95166778564453
85.29856872558594
81.57533264160156
89.36966705322266
81.20459747314453
87.24173736572266
89.6274185180664
67.13522338867188
89.93045806884766
88.31427764892578
81.94635772705078
91.28797912597656
84.0970458984375
88.5789794921875
91.4512939453125
63.730987548828125
92.28697967529297
90.10803985595703
86.86026763916016
94.83547973632812
86.05463409423828
93.82882690429688
96.40767669677734
75.66976928710938
98.03363800048828
96.80887603759766
91.13561248779297
100.96157836914062
94.0643081665039
98.86383819580078
101.93634033203125
54.511558532714844
102.27131652832031
100.363525390625
95.04684448242188
103.70196533203125
95.00273895263672
101.04643249511719
102.98826599121094
76.7095947265625
103.1668930053711
100.54625701904297
95.74356079101562
103.74236297607422
95.5707015991211
100.73330688476562
103.2635498046875
78.55074310302734
103.142822265625
101.43661499023438
94.79779052734375
104.10057830810547
96.00245666503906
100.88126373291016
102.40861511230469
73.41352844238281
101.74356842041016
98.110107421875
94.83255767822266
99.30021667480469
86.29663848876953
93.91075897216797
93.48912048339844
81.47076416015625
89.1004638671875
88.27852630615234
70.95742797851562
87.57189178466797
81.40440368652344
87.10435485839844
89.05935668945312
74.91817474365234
91.66410827636719
88.73303985595703
86.04600524902344
93.32093811035156
85.1871337890625
90.4828872680664
93.08186340332031
72.46625518798828
92.59327697753906
91.0859603881836
83.42231750488281
93.34613800048828
85.67013549804688
90.42679595947266
92.89550018310547
68.43876647949219
93.55997467041016
91.0365982055664
87.60035705566406
95.15419006347656
86.58467864990234
92.91193389892578
95.30736541748047
69.4216079711914
95.82170867919922
93.7138442993164
88.53239440917969
96.9684066772461
88.91921997070312
94.04945373535156
97.04025268554688
71.50267791748047
97.55099487304688
96.26333618164062
90.93255615234375
99.61863708496094
89.71379089355469
97.2627182006836
98.28294372558594
78.96893310546875
98.45549011230469
96.97698211669922
89.89606475830078
100.01322937011719
91.50931549072266
96.90510559082031
98.00648498535156
76.87699127197266
96.88777923583984
93.54875183105469
87.30026245117188
95.40975189208984
88.51598358154297
90.69281768798828
93.517822265625
69.41382598876953
91.86216735839844
88.46023559570312
83.81461334228516
90.32295989990234
80.24468994140625
87.3731460571289
88.44859313964844
70.01387786865234
88.18183898925781
85.25296020507812
79.53557586669922
87.56031036376953
80.26435852050781
82.62444305419922
85.65843963623047
65.71548461914062
83.39958953857422
81.26876831054688
73.89405059814453
83.3476791381836
73.85053253173828
81.45809936523438
82.44055938720703
67.72051239013672
84.2303237915039
81.06582641601562
78.27425384521484
85.02350616455078
77.36730194091797
81.81268310546875
84.5867919921875
68.34394836425781
83.87760925292969
82.71670532226562
74.10761260986328
84.35472869873047
76.55908203125
82.15775299072266
84.28456115722656
60.57094192504883
86.14429473876953
83.04874420166016
81.5350112915039
88.41560363769531
80.00041198730469
87.27852630615234
89.7376480102539
70.44845581054688
90.89216613769531
89.51433563232422
83.77373504638672
93.42222595214844
86.24830627441406
91.18253326416016
93.95304107666016
64.22000122070312
94.14370727539062
92.64945220947266
86.12565612792969
96.51725006103516
88.79988861083984
94.3961410522461
96.28546905517578
76.42594909667969
96.49375915527344
92.46887969970703
89.63306427001953
95.80131530761719
85.97742462158203
92.3235855102539
93.91949462890625
76.80409240722656
92.63683319091797
90.69548034667969
81.26019287109375
91.68934631347656
85.08489227294922
86.39822387695312
89.5262222290039
73.27409362792969
89.55618286132812
86.4145736694336
85.32372283935547
91.54188537597656
80.73149108886719
91.08062744140625
92.78504943847656
77.8138656616211
94.30052947998047
92.9420166015625
86.63327026367188
96.55953979492188
91.16492462158203
93.46719360351562
97.87779998779297
80.85942077636719
97.93340301513672
95.48371124267578
91.56600952148438
97.26692199707031
84.53562927246094
93.41162872314453
93.2186279296875
77.10342407226562
92.03662872314453
88.35781860351562
82.1819839477539
89.28784942626953
81.56640625
82.97080993652344
85.29695892333984
64.23524475097656
81.86980438232422
79.36834716796875
71.0259017944336
79.90989685058594
68.93238830566406
76.6048812866211
77.3313980102539
60.506412506103516
77.43480682373047
73.50041198730469
67.60681915283203
76.91216278076172
71.04451751708984
74.49003601074219
76.72169494628906
40.69152069091797
75.68635559082031
72.69696807861328
66.07829284667969
74.77515411376953
66.40058898925781
72.91021728515625
74.93463134765625
55.77922439575195
77.78221130371094
75.99956512451172
73.69882202148438
82.5133285522461
75.91898345947266
80.92847442626953
85.0055923461914
63.1632080078125
86.18619537353516
84.71954345703125
79.42830657958984
88.49832153320312
79.41288757324219
86.15300750732422
87.35965728759766
63.06198501586914
87.19658660888672
83.81086730957031
78.83931732177734
86.40351104736328
78.0294189453125
81.94086456298828
83.9808578491211
61.779109954833984
82.45589447021484
80.03996276855469
72.65017700195312
81.72731018066406
72.72286224365234
78.66854095458984
79.98074340820312
55.47987365722656
80.495361328125
78.16809844970703
73.33309173583984
80.28606414794922
71.12177276611328
76.41404724121094
78.27362823486328
54.72489547729492
76.37439727783203
74.07046508789062
69.10830688476562
76.14425659179688
68.88922882080078
75.38115692138672
79.70276641845703
59.64766311645508
82.32368469238281
79.1939926147461
76.70492553710938
83.51919555664062
73.98387908935547
80.76220703125
82.5550308227539
62.071754455566406
81.74949645996094
80.12307739257812
72.37886810302734
82.13309478759766
75.05130004882812
77.41757202148438
80.3365707397461
55.74116516113281
80.25643920898438
77.75502014160156
75.15548706054688
82.15568542480469
72.6685791015625
80.61459350585938
82.7112808227539
63.23704147338867
83.0910873413086
81.19623565673828
75.0416259765625
84.09394836425781
77.6093978881836
80.49671936035156
83.8134536743164
61.35820007324219
83.30308532714844
81.36882019042969
77.99525451660156
85.72010040283203
75.28365325927734
85.20722198486328
86.99651336669922
69.87213897705078
89.07931518554688
86.92784118652344
83.17155456542969
91.26560974121094
84.53426361083984
88.73516845703125
92.60179901123047
73.47431945800781
92.80789184570312
91.77349090576172
85.70735168457031
94.32508850097656
84.03521728515625
91.14067077636719
91.38836669921875
73.22212982177734
90.8149642944336
86.8055191040039
82.7536392211914
89.13958740234375
83.56953430175781
84.83152770996094
89.92595672607422
72.17243957519531
89.95355224609375
87.92770385742188
83.3364486694336
91.04205322265625
81.261474609375
88.60894012451172
90.09244537353516
66.92315673828125
90.25536346435547
87.57636260986328
82.58048248291016
90.47694396972656
82.54061126708984
86.88589477539062
89.57443237304688
56.21390914916992
89.409912109375
87.0234146118164
82.37333679199219
90.7009048461914
81.33296966552734
88.69288635253906
90.90855407714844
68.43751525878906
92.12811279296875
90.25045776367188
85.43760681152344
94.1755142211914
86.45538330078125
91.76607513427734
94.43873596191406
69.8377914428711
94.81526947021484
91.23435974121094
88.36138916015625
93.94681549072266
81.53546142578125
90.49085235595703
90.78628540039062
75.4542236328125
89.71318817138672
86.44525146484375
80.1595687866211
87.27250671386719
79.90046691894531
80.96097564697266
83.95081329345703
65.05824279785156
81.01068878173828
78.57344055175781
72.34418487548828
80.53412628173828
69.12332916259766
78.37977600097656
79.19963836669922
63.256675720214844
79.49700927734375
75.9063720703125
72.22349548339844
78.94090270996094
69.14143371582031
73.8247299194336
73.26464080810547
63.411346435546875
67.50619506835938
63.98258972167969
60.611915588378906
59.417335510253906
53.416812896728516
65.91413116455078
67.70213317871094
60.9747314453125
67.69247436523438
69.79226684570312
57.37516784667969
71.02900695800781
66.17483520507812
66.44302368164062
71.84869384765625
63.04729080200195
75.0921630859375
73.0848617553711
73.06143951416016
80.88362884521484
