52.54175567626953
65.80374145507812
67.39940643310547
42.94610595703125
74.79169464111328
71.80621337890625
66.19341278076172
76.53160858154297
67.5248031616211
72.63796997070312
75.58826446533203
49.34067153930664
76.00775909423828
74.77141571044922
69.05511474609375
78.31105041503906
69.89535522460938
75.45773315429688
77.53572082519531
58.00115203857422
78.90646362304688
77.18289184570312
73.00625610351562
80.25511932373047
71.95769500732422
79.33873748779297
81.43441772460938
49.198204040527344
81.91920471191406
80.3557357788086
75.69715881347656
83.84053039550781
75.97228240966797
81.3377685546875
84.31848907470703
55.273521423339844
85.1084976196289
83.53079986572266
78.98429107666016
87.56653594970703
79.84253692626953
86.2960205078125
89.16954803466797
52.956722259521484
91.0950698852539
89.72626495361328
85.30355072021484
95.10079193115234
87.87153625488281
94.03524780273438
96.2333984375
58.196372985839844
93.43711853027344
89.05328369140625
81.18104553222656
88.21919250488281
78.96524810791016
81.0691146850586
81.83519744873047
53.37449645996094
78.97025299072266
75.23054504394531
70.11461639404297
75.04307556152344
64.62393951416016
69.22864532470703
70.9850082397461
53.32783889770508
68.53691864013672
65.05028533935547
61.10525131225586
62.81545639038086
62.759098052978516
63.603580474853516
65.01844024658203
60.15035629272461
70.61849975585938
69.12784576416016
66.34769439697266
76.57255554199219
68.85029602050781
76.75564575195312
80.77855682373047
50.18260955810547
84.55587005615234
84.33183288574219
80.86730194091797
91.24825286865234
84.60372924804688
91.8594741821289
96.16302490234375
59.161434173583984
98.34709930419922
96.25355529785156
90.584716796875
98.37235260009766
89.22623443603516
94.11925506591797
95.8071060180664
51.690608978271484
94.75652313232422
92.27267456054688
86.38973999023438
94.58010864257812
86.0732421875
91.02174377441406
93.34895324707031
54.50164794921875
93.30548095703125
90.87810516357422
85.71234893798828
93.9874496459961
85.48020935058594
91.12702941894531
93.50418853759766
34.269222259521484
93.83992767333984
91.75496673583984
86.75861358642578
95.2629623413086
87.30445861816406
92.9527587890625
95.61392211914062
47.854000091552734
96.72695922851562
94.8883056640625
90.20025634765625
99.11280059814453
91.4088363647461
97.58168029785156
100.67778015136719
51.558021545410156
102.30567932128906
100.72091674804688
95.92623901367188
104.73806762695312
96.50918579101562
101.53630828857422
103.42686462402344
54.87714385986328
102.1953125
99.24586486816406
93.31340789794922
100.9578857421875
92.16765594482422
96.88375854492188
98.78160095214844
51.07891082763672
98.03849029541016
95.52959442138672
89.75557708740234
97.93418884277344
89.50357818603516
94.5971908569336
96.62200927734375
53.30626678466797
96.47869110107422
93.95952606201172
88.73574829101562
96.84403228759766
88.46376037597656
93.62068176269531
95.89427947998047
54.586395263671875
95.58142852783203
93.35521697998047
87.78949737548828
95.98436737060547
87.3852767944336
92.70769500732422
94.76785278320312
58.062721252441406
94.23121643066406
91.49874114990234
85.5321044921875
93.29315185546875
83.88680267333984
86.97881317138672
86.1751708984375
55.23197555541992
85.93060302734375
91.62220001220703
90.0071029663086
99.77713012695312
92.14395141601562
97.81411743164062
100.32007598876953
55.909881591796875
100.7472915649414
98.57457733154297
93.60753631591797
102.21281433105469
94.15996551513672
99.91089630126953
102.6341781616211
44.85283279418945
103.72061157226562
101.98530578613281
97.23858642578125
106.23635864257812
98.42459869384766
104.04888153076172
106.25677490234375
53.619022369384766
104.7454833984375
101.14717102050781
94.47771453857422
101.33145141601562
91.61537170410156
95.51760864257812
96.70367431640625
51.49266815185547
94.212890625
90.91989135742188
84.0034408569336
91.99248504638672
82.61048889160156
86.87254333496094
88.66138458251953
57.195838928222656
87.17793273925781
84.32432556152344
77.9062271118164
85.83123016357422
76.65068817138672
81.31368255615234
83.38567352294922
53.223052978515625
82.17596435546875
79.37635040283203
73.03982543945312
81.1873550415039
70.06407928466797
77.7850570678711
79.3494873046875
57.86302947998047
77.79112243652344
74.71285247802734
70.71973419189453
77.79193878173828
69.37650299072266
74.61138153076172
76.1131362915039
49.751182556152344
75.39556884765625
73.16609191894531
67.56917572021484
75.7581787109375
67.67552947998047
73.3194580078125
74.98377227783203
57.82342529296875
77.79039764404297
76.92449188232422
72.36959838867188
80.85413360595703
72.17669677734375
77.88815307617188
80.5654296875
55.46535873413086
81.18901062011719
79.35101318359375
74.19247436523438
82.25336456298828
73.57128143310547
79.54645538330078
82.40957641601562
48.94187545776367
83.20767211914062
81.36087799072266
76.8083724975586
86.00592041015625
78.6086196899414
84.34223937988281
87.9170913696289
55.808475494384766
89.74893951416016
88.5096435546875
84.15287780761719
93.76593780517578
86.19881439208984
93.11421966552734
96.64212799072266
38.74360656738281
98.49465942382812
96.48817443847656
90.94880676269531
98.76130676269531
89.63985443115234
94.20062255859375
95.54833221435547
49.20185089111328
93.89408874511719
90.7732162475586
84.91679382324219
92.37179565429688
83.50529479980469
88.23757934570312
89.84994506835938
35.32912063598633
88.59024047851562
85.79517364501953
79.13623809814453
86.78765106201172
76.35820007324219
81.99481964111328
85.05464172363281
50.85990905761719
90.2904052734375
89.91319274902344
85.52140808105469
93.61153411865234
84.93319702148438
89.76985931396484
91.75605773925781
52.12833023071289
91.45244598388672
88.96012878417969
84.01341247558594
91.8288345336914
83.82486724853516
89.00920104980469
91.4144287109375
47.96495819091797
91.83831787109375
89.62444305419922
84.7962875366211
93.39998626708984
85.42745208740234
91.3831787109375
94.28778076171875
57.623497009277344
95.61139678955078
93.99446105957031
89.7342300415039
98.91153717041016
91.57425689697266
98.03563690185547
101.4393081665039
39.78729248046875
103.20536041259766
101.03470611572266
95.25016784667969
102.43490600585938
92.74323272705078
96.84009552001953
97.8044662475586
52.6113395690918
95.39152526855469
92.06424713134766
85.435302734375
92.95104217529297
83.954345703125
88.30368041992188
89.82247161865234
42.40452194213867
88.08361053466797
84.4850845336914
79.4632339477539
86.12347412109375
76.01242065429688
81.42337036132812
82.4998550415039
39.34904861450195
80.1649169921875
75.91813659667969
69.72402954101562
78.25199127197266
71.90509796142578
80.25968933105469
85.97017669677734
51.85991668701172
91.53348541259766
91.42864227294922
87.32755279541016
96.08787536621094
87.77659606933594
93.42975616455078
96.0401382446289
49.764320373535156
95.46794891357422
91.77091217041016
84.58860778808594
90.09180450439453
78.68199157714844
81.56339263916016
81.04302215576172
41.0035400390625
75.9441146850586
70.65897369384766
61.56021499633789
68.8606948852539
59.235626220703125
63.604759216308594
65.90052795410156
52.419185638427734
69.01953887939453
64.32965087890625
54.84946823120117
68.09353637695312
59.786598205566406
65.02088165283203
65.6086654663086
56.64508819580078
65.46402740478516
63.99374771118164
59.75483322143555
66.26361083984375
63.3642578125
63.086280822753906
66.75104522705078
54.57997512817383
62.296287536621094
64.37590789794922
61.41551971435547
66.16777801513672
56.034671783447266
65.18667602539062
58.824058532714844
48.125553131103516
64.5097885131836
50.15596008300781
57.34923553466797
63.77716064453125
62.34394073486328
55.69887924194336
61.04693603515625
46.55536651611328
59.11058044433594
62.29022216796875
56.395263671875
69.82614135742188
64.58866119384766
72.3957290649414
77.28137969970703
45.47652816772461
81.65967559814453
79.85751342773438
72.9809341430664
80.79696655273438
72.06440734863281
75.61949920654297
77.5143051147461
59.76729202270508
76.43244934082031
73.34369659423828
67.46000671386719
76.00936889648438
68.67537689208984
72.68423461914062
74.54134368896484
44.484859466552734
75.64383697509766
72.17277526855469
67.0365982055664
76.6533432006836
67.35546875
74.57472229003906
76.61383819580078
50.05198287963867
76.84420013427734
74.21378326416016
71.29316711425781
78.56083679199219
71.35038757324219
77.27234649658203
80.0159912109375
43.85337829589844
81.1865463256836
79.29158020019531
75.17293548583984
84.28288269042969
76.74311828613281
83.19879913330078
86.39957427978516
44.09805679321289
87.65264892578125
85.97854614257812
80.99929809570312
89.05071258544922
79.82050323486328
84.72422790527344
85.99250793457031
41.72652816772461
82.50865173339844
77.59004974365234
70.29680633544922
82.75584411621094
78.5837631225586
87.0948486328125
92.48169708251953
54.7570686340332
95.94081115722656
94.37275695800781
89.61351013183594
98.20527648925781
90.01959228515625
95.68455505371094
98.32437133789062
49.3847541809082
98.8462905883789
96.60336303710938
91.26579284667969
99.23896789550781
90.39496612548828
95.06551361083984
96.46983337402344
55.7167854309082
94.53881072998047
91.0927505493164
84.35930633544922
91.94206237792969
82.16886138916016
86.49565124511719
87.7577133178711
52.2597770690918
85.55110931396484
81.94752502441406
75.46781158447266
81.67811584472656
72.3509521484375
77.04808807373047
80.58804321289062
54.11458206176758
86.90541076660156
87.2939224243164
84.52835845947266
94.33808898925781
86.56681823730469
92.3235092163086
94.36731719970703
49.35439682006836
93.46944427490234
90.66937255859375
84.68273162841797
92.989013671875
84.59475708007812
89.630126953125
91.80439758300781
55.669673919677734
91.85619354248047
89.56959533691406
84.48926544189453
93.08487701416016
85.18708801269531
90.766357421875
93.33133697509766
54.55315399169922
94.23834228515625
92.38548278808594
87.25431060791016
95.84891510009766
87.24897766113281
91.97923278808594
93.12039184570312
48.10214614868164
90.06228637695312
86.11715698242188
78.909912109375
85.72277069091797
76.51045989990234
79.37944030761719
80.25565338134766
53.506107330322266
77.873291015625
74.0247573852539
66.79678344726562
72.03884887695312
57.89147186279297
60.70795440673828
61.178001403808594
49.08562088012695
59.7991943359375
61.275978088378906
60.38616943359375
70.84364318847656
