70.63980865478516
75.92174530029297
80.96388244628906
52.82282257080078
83.8453369140625
82.12662506103516
77.5057373046875
85.97932434082031
76.99608612060547
81.6599349975586
82.80181121826172
56.58831787109375
80.06673431396484
77.17630004882812
71.6913833618164
76.86042785644531
66.74569702148438
69.97024536132812
72.75667572021484
28.44483184814453
69.2089614868164
65.51777648925781
62.3477897644043
71.03738403320312
62.24593734741211
71.43998718261719
75.11858367919922
54.22304916381836
78.23563385009766
75.79512786865234
72.48033905029297
78.32669067382812
68.33858489990234
73.66910552978516
72.96994018554688
55.37808609008789
66.32271575927734
63.59489822387695
61.08768081665039
66.05455780029297
62.10416030883789
63.00261306762695
67.85398864746094
55.8497314453125
62.344932556152344
63.67390060424805
59.22257614135742
70.24484252929688
63.07511901855469
66.3387451171875
70.54456329345703
51.539955139160156
70.93927764892578
67.01985931396484
67.3570556640625
74.94792938232422
65.35337829589844
71.66352081298828
73.98001098632812
55.35545349121094
74.41617584228516
73.8901596069336
69.8145523071289
78.35030364990234
70.88408660888672
75.58319854736328
78.24590301513672
41.91642379760742
78.89039611816406
77.6121597290039
73.3624038696289
81.87005615234375
74.42755889892578
79.96707153320312
83.23104858398438
54.81728744506836
85.97112274169922
84.67772674560547
80.0911636352539
89.234619140625
79.9227066040039
86.1801528930664
87.31363677978516
61.99588394165039
85.3335189819336
81.96929168701172
74.952880859375
82.92024993896484
73.5569839477539
79.50841522216797
81.52996063232422
52.5637092590332
80.26831817626953
77.39006805419922
72.63490295410156
80.17973327636719
71.94524383544922
75.78118133544922
78.3204345703125
39.74483108520508
76.302734375
73.9494857788086
70.62539672851562
78.06428527832031
71.14375305175781
77.2667236328125
82.60572052001953
43.829933166503906
84.77613830566406
82.702880859375
77.17354583740234
85.45321655273438
77.02409362792969
82.232177734375
84.85968780517578
47.666046142578125
85.49869537353516
83.88340759277344
78.53648376464844
88.0278549194336
80.93855285644531
86.80119323730469
90.07412719726562
65.11402130126953
90.07750701904297
87.0074234008789
78.90601348876953
85.7767105102539
76.01275634765625
75.21517181396484
74.6980209350586
60.67423629760742
63.00330352783203
50.22932434082031
63.38472366333008
74.33654022216797
68.54246520996094
76.41874694824219
80.68563842773438
52.10012435913086
83.412353515625
82.0558090209961
79.25347137451172
87.19781494140625
78.1357421875
84.31143951416016
87.16053009033203
61.01545715332031
86.62299346923828
82.75067138671875
78.19778442382812
84.19332885742188
74.39606475830078
78.44991302490234
79.56565856933594
58.36289978027344
77.62259674072266
73.22943115234375
71.27433776855469
78.15107727050781
69.94829559326172
73.60810089111328
76.76309967041016
57.84195327758789
78.30094146728516
75.98821258544922
73.45817565917969
81.82249450683594
75.99342346191406
81.01361083984375
84.66715240478516
62.75982666015625
89.01842498779297
88.67837524414062
84.03658294677734
94.28772735595703
86.91862487792969
91.8919906616211
93.44075775146484
62.23464584350586
91.57750701904297
88.67829132080078
82.33089447021484
90.37635803222656
81.53203582763672
86.75082397460938
88.54000854492188
53.33256912231445
88.0097427368164
85.41474914550781
79.77491760253906
87.94197082519531
79.35090637207031
84.98394012451172
87.07351684570312
48.72427749633789
87.0293960571289
84.79509735107422
80.12022399902344
87.9751205444336
79.57569885253906
85.4056625366211
88.03729248046875
56.61943435668945
88.7264175415039
86.68840789794922
81.71021270751953
90.37971496582031
82.8348388671875
87.89353942871094
90.46363067626953
54.427032470703125
89.75006103515625
86.60655212402344
81.07196807861328
88.63138580322266
80.40316009521484
86.2010498046875
89.40203857421875
65.20899200439453
91.22318267822266
90.35762023925781
83.84835052490234
94.12210845947266
87.4415054321289
90.34384155273438
92.97882843017578
68.7675552368164
90.73695373535156
87.95992279052734
80.24524688720703
88.39498138427734
79.64929962158203
83.3600845336914
84.92889404296875
53.55250930786133
82.95372009277344
80.13390350341797
73.4690170288086
81.3868179321289
72.48757934570312
77.27911376953125
79.21491241455078
51.54054641723633
79.346435546875
76.97667694091797
70.74478149414062
79.24517059326172
69.71539306640625
75.44392395019531
77.25501251220703
49.34862518310547
76.0389633178711
72.845947265625
68.72306823730469
75.1665267944336
67.30782318115234
71.40448760986328
73.60136413574219
51.29444122314453
72.62615203857422
69.67847442626953
61.63181686401367
71.30379486083984
63.467613220214844
68.75077056884766
71.86377716064453
51.4096565246582
76.83442687988281
77.2195053100586
72.23529815673828
81.70367431640625
72.42628479003906
79.22738647460938
80.83228302001953
55.36767578125
81.4658203125
79.46401977539062
74.22156524658203
82.5556640625
74.90787506103516
79.1431884765625
81.7999496459961
56.983036041259766
82.65049743652344
81.184326171875
77.00222778320312
86.38761901855469
78.85467529296875
84.94380950927734
87.84941101074219
53.03038787841797
89.09266662597656
87.08333587646484
82.84522247314453
91.2201919555664
83.18653106689453
88.65834045410156
90.92330169677734
51.15453338623047
90.12699127197266
87.30486297607422
80.97488403320312
88.7931900024414
79.54143524169922
83.94921875
85.6745376586914
54.425228118896484
84.10311889648438
81.50376892089844
75.81035614013672
83.57249450683594
75.17649841308594
79.81800842285156
82.12278747558594
50.97093200683594
81.47161102294922
79.34778594970703
74.17145538330078
82.3253402709961
74.44528198242188
79.28076934814453
81.93632507324219
47.777671813964844
82.6522216796875
80.93303680419922
76.1214370727539
84.88056182861328
77.2411117553711
82.823486328125
85.87737274169922
56.28861618041992
88.14679718017578
86.94776153564453
82.07048797607422
91.71195220947266
83.3908462524414
88.52751922607422
89.71907043457031
60.22160339355469
86.21672821044922
82.11181640625
74.38235473632812
82.09977722167969
71.61646270751953
77.33296203613281
77.96636199951172
50.73032760620117
74.97000122070312
71.87335968017578
66.41828155517578
73.64002990722656
63.47419357299805
68.04303741455078
69.88789367675781
56.34526443481445
68.50215148925781
62.8193359375
60.062808990478516
65.57366943359375
61.85041046142578
62.41120910644531
62.48045349121094
48.74661636352539
67.70796966552734
66.84770965576172
59.111454010009766
71.39637756347656
64.12649536132812
71.44973754882812
75.16972351074219
46.41702651977539
75.0860595703125
72.2872314453125
66.96221160888672
76.69192504882812
65.59904479980469
71.37567138671875
74.60713195800781
49.617279052734375
76.4614028930664
74.0541000366211
70.87428283691406
79.78002166748047
72.97628021240234
79.33394622802734
83.5157699584961
53.05225372314453
86.55213928222656
85.60372924804688
80.18279266357422
89.0721435546875
80.79572296142578
85.42203521728516
87.19232177734375
50.37841796875
86.02237701416016
83.15139770507812
77.19905090332031
85.24801635742188
77.1294937133789
81.09846496582031
82.9538345336914
56.49737548828125
81.8912582397461
79.65069580078125
73.26983642578125
82.2240982055664
74.0804672241211
79.18810272216797
81.57295989990234
43.886985778808594
81.30301666259766
78.25299835205078
72.83133697509766
81.76289367675781
73.53140258789062
78.41287994384766
80.76838684082031
54.547882080078125
81.94756317138672
80.0733413696289
74.9734115600586
83.68199920654297
75.26377868652344
80.28544616699219
83.15937042236328
50.27079772949219
83.48632049560547
81.31652069091797
76.11095428466797
84.35134887695312
76.25741577148438
81.02161407470703
83.66107177734375
46.08357238769531
83.35885620117188
80.5531234741211
75.29656219482422
83.23233032226562
74.59109497070312
81.72795104980469
85.64026641845703
56.83658981323242
86.5610122680664
84.97509002685547
79.43496704101562
88.63831329345703
80.83036041259766
86.47321319580078
89.62163543701172
56.02565002441406
90.62372589111328
88.94116973876953
83.09947967529297
91.86299133300781
83.58236694335938
87.79804229736328
88.9478530883789
59.469635009765625
85.33047485351562
80.87588500976562
74.63523864746094
80.88711547851562
71.4044418334961
78.07902526855469
81.54378509521484
54.53300857543945
83.17088317871094
80.48892211914062
75.4215316772461
83.89949035644531
75.29354858398438
81.46472930908203
84.50711059570312
59.9010009765625
87.51139831542969
86.06584930419922
80.64089965820312
89.75225830078125
81.53841400146484
86.30747985839844
88.15570068359375
52.585872650146484
86.62042999267578
83.50106811523438
77.04788970947266
85.2074966430664
76.5808334350586
82.11017608642578
84.78523254394531
56.95393371582031
87.40760040283203
86.2236099243164
81.20161437988281
90.37750244140625
82.18608093261719
86.69556427001953
88.93728637695312
50.711822509765625
87.81006622314453
85.4153823852539
79.92395782470703
87.9369125366211
79.23733520507812
84.12483978271484
86.44982147216797
46.13749313354492
86.5525131225586
83.84636688232422
78.30902099609375
87.13695526123047
79.06159210205078
84.21477508544922
87.0145492553711
56.63455581665039
87.18147277832031
84.67739868164062
78.31965637207031
85.23417663574219
74.72320556640625
78.09369659423828
79.79737854003906
47.835777282714844
80.76669311523438
78.88829803466797
73.4479751586914
82.62813568115234
74.155517578125
80.49932861328125
83.3122329711914
53.993770599365234
82.95146942138672
80.69738006591797
74.189208984375
82.32845306396484
72.34220123291016
77.53487396240234
77.44745635986328
28.172260284423828
73.87503051757812
69.80940246582031
62.1014289855957
67.46715545654297
61.57056427001953
64.97602844238281
71.72825622558594
45.959800720214844
76.78591918945312
76.1021728515625
71.15609741210938
79.79742431640625
72.00553131103516
76.83436584472656
79.66214752197266
45.11107635498047
78.22044372558594
74.8486328125
68.16841125488281
76.06780242919922
68.11149597167969
74.43887329101562
76.79012298583984
50.73731231689453
77.45782470703125
75.60564422607422
69.30015563964844
78.42330932617188
70.4905014038086
73.9835205078125
76.00536346435547
49.60447692871094
72.9717788696289
70.43533325195312
67.42054748535156
74.7100830078125
