77.58927154541016
75.271728515625
80.1895980834961
79.02848815917969
81.7768325805664
79.89218139648438
80.15033721923828
79.86215209960938
74.56217956542969
77.72151947021484
70.34154510498047
75.15065002441406
68.61363220214844
72.01934051513672
69.42266082763672
66.16717529296875
70.48470306396484
52.882598876953125
71.0101318359375
63.92141342163086
65.42510223388672
70.95696258544922
58.19064712524414
75.25816345214844
73.5531234741211
74.90570068359375
78.02533721923828
61.194847106933594
75.25885772705078
69.17965698242188
72.49523162841797
69.74559020996094
62.61671829223633
68.83386993408203
52.038719177246094
67.30815887451172
60.645511627197266
64.34307098388672
64.28258514404297
52.18971252441406
66.17674255371094
58.1525993347168
64.73910522460938
64.65959167480469
60.499290466308594
68.03691101074219
61.5440673828125
69.57936096191406
60.109859466552734
66.91124725341797
67.7292251586914
67.09265899658203
69.02706909179688
66.11119079589844
70.20890045166016
68.58380126953125
71.87686920166016
70.6578140258789
70.19773864746094
71.37101745605469
70.66946411132812
72.31977844238281
69.96501922607422
73.56813049316406
71.9030532836914
73.3600082397461
72.90631866455078
74.55546569824219
75.2970962524414
73.82770538330078
76.68331909179688
75.91500854492188
77.25299835205078
77.0283203125
77.71000671386719
79.78392028808594
78.866455078125
81.78562927246094
80.6968765258789
83.6687240600586
83.0402603149414
84.040283203125
83.82501220703125
81.51109313964844
83.08068084716797
77.94347381591797
81.32599639892578
76.03730773925781
79.41747283935547
75.2547607421875
78.53939056396484
76.41787719726562
75.7426986694336
77.5575180053711
72.34107971191406
77.25092315673828
71.25569152832031
76.83821105957031
71.59676361083984
75.8447494506836
74.00019073486328
74.86582946777344
75.59620666503906
72.03768157958984
77.3362045288086
71.06515502929688
77.41262817382812
73.36521911621094
77.67732238769531
77.55220794677734
74.20404052734375
79.08293151855469
63.72227096557617
74.91272735595703
71.37387084960938
60.401023864746094
72.06876373291016
67.22444152832031
71.41940307617188
72.5557632446289
67.57229614257812
74.43650817871094
69.20549011230469
74.72396087646484
71.37657165527344
74.27809143066406
74.57025909423828
73.01505279541016
75.45098114013672
71.3529281616211
76.99154663085938
73.18727111816406
76.52378845214844
74.90033721923828
77.38226318359375
76.4902572631836
78.3484878540039
79.25084686279297
80.76533508300781
81.83872985839844
81.91902923583984
82.38101959228516
82.2882308959961
82.96751403808594
83.20909881591797
82.81595611572266
84.19451904296875
80.11168670654297
82.73881530761719
74.01677703857422
79.42761993408203
76.20553588867188
75.41233825683594
78.95277404785156
73.2419204711914
81.41699981689453
75.319580078125
83.60869598388672
80.19464874267578
84.81898498535156
84.84973907470703
85.32735443115234
87.27184295654297
82.5466079711914
84.9592056274414
75.45683288574219
81.25691986083984
74.84164428710938
83.78050231933594
82.14014434814453
87.3759765625
87.32691192626953
88.6534194946289
89.60608673095703
89.10193634033203
90.58089447021484
89.66779327392578
90.54358673095703
90.34795379638672
88.9329833984375
89.41362762451172
84.07132720947266
85.81511688232422
77.45215606689453
82.80020904541016
76.12808227539062
82.54095458984375
78.52461242675781
83.56739807128906
80.53805541992188
84.41667938232422
82.84658813476562
84.76363372802734
84.3611068725586
84.89945983886719
85.68836975097656
85.30435943603516
86.89556121826172
86.1209945678711
87.81758880615234
87.00188446044922
88.84376525878906
88.51189422607422
89.77164459228516
89.80914306640625
90.62785339355469
91.25743865966797
91.69391632080078
92.63492584228516
92.54578399658203
93.63533782958984
92.49261474609375
93.33281707763672
91.3791732788086
91.68160247802734
89.58515930175781
89.22305297851562
87.56649017333984
85.96863555908203
85.28044128417969
82.51272583007812
83.6949462890625
80.06731414794922
82.49432373046875
78.44646453857422
81.05206298828125
76.77955627441406
79.39579010009766
77.33694458007812
77.59634399414062
76.9318618774414
74.85830688476562
77.2304916381836
73.02088165283203
76.96467590332031
71.4006576538086
76.06495666503906
71.11638641357422
74.06251525878906
72.45560455322266
72.70952606201172
72.98371124267578
70.13597869873047
73.64244079589844
67.5880126953125
73.18108367919922
64.65616607666016
72.57232666015625
67.673828125
71.55541229248047
69.2625961303711
69.8227767944336
72.0524673461914
66.80047607421875
71.35653686523438
65.16899871826172
71.3346176147461
63.92784881591797
70.30834197998047
65.11686706542969
69.48622131347656
67.73238372802734
66.59331512451172
69.31793212890625
60.22855758666992
70.37400817871094
53.65293884277344
68.63391876220703
50.97752380371094
70.16676330566406
63.433921813964844
71.7433853149414
68.96086883544922
71.70663452148438
71.6611099243164
71.81375122070312
73.52637481689453
73.23397827148438
76.96788024902344
74.54519653320312
78.64506530761719
77.7889404296875
80.5089111328125
79.76346588134766
81.23518371582031
81.3730239868164
82.13851928710938
82.92683410644531
83.17991638183594
84.62883758544922
84.87281036376953
86.45966339111328
86.0680160522461
88.0391845703125
87.9423828125
89.90876770019531
89.5498275756836
90.46788787841797
90.46553802490234
89.51545715332031
90.18318176269531
87.57917022705078
89.05355072021484
85.63434600830078
87.79342651367188
84.80073547363281
86.03323364257812
84.47212982177734
84.37702941894531
84.90067291259766
82.07577514648438
84.10348510742188
79.2828140258789
82.92423248291016
78.07710266113281
81.64810943603516
79.03951263427734
80.98980712890625
80.57217407226562
79.99784851074219
82.0208969116211
78.87809753417969
82.91220092773438
79.01738739013672
83.31681060791016
80.1180648803711
83.13288879394531
82.65878295898438
82.90617370605469
84.8385009765625
82.41241455078125
86.5863037109375
82.79300689697266
88.23147583007812
85.53585815429688
89.48814392089844
88.99842071533203
89.28536987304688
90.13538360595703
85.61192321777344
87.4795913696289
80.52342224121094
83.73541259765625
76.59747314453125
80.13151550292969
76.32884216308594
79.02279663085938
78.5281982421875
78.75853729248047
82.01277923583984
80.01608276367188
84.09275817871094
79.94295501708984
82.93231201171875
79.52165222167969
79.92569732666016
77.45020294189453
76.88250732421875
76.69062042236328
72.29458618164062
74.44374084472656
70.15867614746094
72.48174285888672
67.0237808227539
71.11555480957031
70.4554443359375
69.31576538085938
68.98738098144531
66.11456298828125
70.99659729003906
63.51116180419922
69.63670349121094
59.52088928222656
70.60441589355469
66.10308837890625
69.4779281616211
68.59138488769531
72.11264038085938
73.38512420654297
72.6275863647461
76.08256530761719
74.22370147705078
78.72343444824219
76.38841247558594
81.19831848144531
79.63282775878906
83.35113525390625
84.0562744140625
85.00614929199219
87.1825180053711
86.27642822265625
88.42704772949219
85.76409912109375
87.55998992919922
85.06272888183594
85.91422271728516
84.8771743774414
84.35193634033203
84.77056121826172
82.57231903076172
84.05001068115234
81.63583374023438
82.9614486694336
81.38463592529297
82.05445861816406
81.4058609008789
80.55040740966797
81.30712890625
79.59194946289062
81.29840087890625
78.572021484375
80.80123901367188
79.2078628540039
80.19721984863281
79.36608123779297
79.98583984375
80.18289947509766
78.67291259765625
80.70149230957031
77.95945739746094
80.28822326660156
78.19960021972656
79.03792572021484
77.90032196044922
78.150390625
78.85816192626953
77.88191223144531
78.59542083740234
76.47420501708984
79.10829162597656
75.74574279785156
78.56768798828125
76.3345947265625
77.3017349243164
76.99205780029297
76.73432922363281
77.97379302978516
76.63542175292969
79.71188354492188
78.9521255493164
81.92616271972656
81.91645812988281
84.3284683227539
83.49130249023438
84.6035385131836
83.96089935302734
84.18085479736328
84.32109832763672
83.96096801757812
84.53719329833984
84.48613739013672
85.19937896728516
85.31523132324219
85.09770965576172
85.96561431884766
85.38113403320312
86.5389404296875
85.84324645996094
87.2117691040039
86.44349670410156
87.40350341796875
87.22245025634766
87.23210906982422
87.98477935791016
86.92742919921875
88.4107437133789
87.30363464355469
89.49565887451172
88.60347747802734
90.75172424316406
90.58375549316406
92.14971160888672
92.2916030883789
92.71382141113281
93.39415740966797
92.49378967285156
93.39813995361328
91.8890151977539
92.66608428955078
91.06172943115234
91.3212890625
90.41156005859375
89.69380187988281
89.75541687011719
88.2169418334961
89.19623565673828
86.55948638916016
88.03181457519531
85.16185760498047
85.57034301757812
82.1977767944336
80.11880493164062
75.57852935791016
75.7290267944336
76.74762725830078
78.42227172851562
80.00231170654297
80.27071380615234
81.88806915283203
80.95189666748047
82.4586410522461
81.41548156738281
82.09151458740234
81.3702621459961
81.64713287353516
81.72306060791016
81.26882934570312
81.29493713378906
81.22602844238281
81.91935729980469
80.11585235595703
81.25149536132812
78.592529296875
78.81041717529297
72.24769592285156
73.26078033447266
56.775230407714844
65.3704605102539
67.55001831054688
56.678165435791016
73.13048553466797
72.16830444335938
77.68819427490234
78.2140884399414
80.68096160888672
81.5445785522461
80.85693359375
81.08662414550781
80.29335021972656
80.25369262695312
79.2474136352539
78.779296875
78.8261489868164
77.22501373291016
79.22794342041016
77.52899932861328
80.34233093261719
80.04743957519531
82.4554672241211
82.50991821289062
83.79277038574219
84.44587707519531
83.11702728271484
84.79773712158203
81.4361343383789
82.8313217163086
80.10308074951172
80.25009155273438
78.21382141113281
75.44477081298828
75.66357421875
71.43562316894531
69.27403259277344
72.5065689086914
59.33944320678711
70.92442321777344
65.7387924194336
69.02169799804688
68.75186920166016
66.35668182373047
70.91106414794922
64.18622589111328
71.08546447753906
63.0787467956543
71.2976303100586
66.8245620727539
70.07598114013672
68.0830078125
71.39180755615234
71.36163330078125
70.09124755859375
73.28765869140625
71.41157531738281
73.57644653320312
72.21053314208984
74.49205780029297
