72.01582336425781
73.53791046142578
68.58163452148438
70.14027404785156
66.91221618652344
66.45003509521484
62.213836669921875
64.912109375
57.2802848815918
61.056095123291016
59.22482681274414
58.454402923583984
57.99323272705078
54.25115203857422
60.52280807495117
52.12018966674805
59.88359451293945
60.731536865234375
56.77371597290039
64.25296020507812
62.51873016357422
63.57720184326172
63.920616149902344
64.12577056884766
60.56434631347656
56.03300476074219
56.73299789428711
51.535335540771484
46.655330657958984
59.387847900390625
55.86098861694336
59.764617919921875
56.050052642822266
56.879295349121094
55.191219329833984
54.43352127075195
61.38827896118164
48.91352081298828
59.803375244140625
49.294437408447266
62.38267135620117
56.258026123046875
61.09281921386719
58.16606903076172
62.376251220703125
59.90653991699219
63.143104553222656
64.4244384765625
60.695281982421875
65.50009155273438
61.600982666015625
66.86447143554688
62.596927642822266
64.06827545166016
62.81000900268555
65.2498550415039
63.21516418457031
65.32706451416016
66.32523345947266
64.93760681152344
67.88204956054688
63.61585235595703
68.0591812133789
63.988834381103516
69.19816589355469
65.65381622314453
70.95631408691406
65.98882293701172
70.78269958496094
67.71046447753906
71.81317901611328
71.6881332397461
72.81256866455078
73.62554931640625
74.85106658935547
76.81974792480469
76.72147369384766
79.24069213867188
77.64684295654297
79.07151794433594
75.27045440673828
76.33987426757812
72.96540832519531
74.13265991210938
72.31937408447266
71.59417724609375
70.98507690429688
70.12835693359375
70.67813873291016
70.2541732788086
71.11396789550781
69.34888458251953
70.33329772949219
69.5744857788086
69.70671844482422
70.10298919677734
70.03589630126953
71.57168579101562
69.80486297607422
71.059814453125
68.60275268554688
72.20541381835938
71.26478576660156
71.78832244873047
70.80841827392578
73.00048065185547
72.02212524414062
72.44651794433594
73.45515441894531
73.29976654052734
74.58760070800781
72.96163177490234
75.35628509521484
73.64679718017578
75.0306625366211
72.80521392822266
72.9761734008789
69.83659362792969
67.1379623413086
66.53565216064453
60.92053985595703
56.72579574584961
61.904598236083984
61.27034378051758
62.909942626953125
65.19059753417969
65.77490997314453
69.3739242553711
67.23148345947266
72.07682037353516
68.55030822753906
73.6473388671875
72.51937103271484
75.32571411132812
75.35651397705078
76.60782623291016
79.02864837646484
77.46755981445312
81.0667724609375
77.37728118896484
79.80097961425781
75.8250961303711
76.67839050292969
74.85780334472656
74.09441375732422
73.91034698486328
72.01106262207031
73.33831787109375
71.71593475341797
72.63006591796875
72.17797088623047
72.3431625366211
74.32098388671875
71.84998321533203
75.01805114746094
72.27377319335938
76.13157653808594
73.58677673339844
75.89649963378906
74.52593994140625
74.90360260009766
76.67414855957031
78.68695831298828
81.8244857788086
82.88660430908203
86.50957489013672
85.02210998535156
88.15260314941406
85.17475128173828
87.37117004394531
85.1065902709961
86.58824920654297
85.34358978271484
85.74508666992188
86.03881072998047
85.20494079589844
86.83984375
85.20689392089844
87.6243896484375
85.47237396240234
87.29058837890625
84.5564193725586
84.6529769897461
81.96971893310547
80.39618682861328
78.53368377685547
75.0495376586914
75.48545837402344
70.39659881591797
71.8050537109375
68.37979888916016
70.49935150146484
65.67255401611328
70.63905334472656
66.21854400634766
71.52734375
68.25704193115234
72.97097778320312
70.68448638916016
72.77223205566406
71.46227264404297
73.59590148925781
73.4510498046875
74.33653259277344
74.65145874023438
74.77271270751953
76.34342956542969
76.01372528076172
77.27326202392578
77.40357208251953
77.98634338378906
78.80902862548828
79.3147964477539
80.31929016113281
80.11054992675781
81.24242401123047
80.3158187866211
81.04347229003906
79.06201171875
79.1939697265625
77.03131103515625
76.50835418701172
75.01359558105469
73.06171417236328
72.9134521484375
69.83566284179688
72.17990112304688
68.42632293701172
68.56187438964844
64.93431091308594
67.14230346679688
63.801048278808594
65.84497833251953
59.76607131958008
64.9297866821289
61.953575134277344
62.35631561279297
59.836036682128906
62.275062561035156
61.37483215332031
61.812076568603516
64.46920776367188
64.26244354248047
65.87554168701172
67.3245620727539
70.07194519042969
71.09203338623047
72.91791534423828
73.27942657470703
74.61819458007812
74.37349700927734
73.65721130371094
73.33979797363281
71.93033599853516
71.64682006835938
70.55304718017578
71.70199584960938
69.5794677734375
70.76941680908203
68.9165267944336
69.20808410644531
69.25778198242188
67.81538391113281
67.70638275146484
64.56975555419922
64.03948211669922
54.888423919677734
59.52304458618164
63.029266357421875
62.69826889038086
66.45806884765625
67.21049499511719
70.66941833496094
71.92325592041016
70.43196868896484
71.73041534423828
71.32435607910156
72.37728881835938
71.79631042480469
71.83798217773438
72.23863220214844
73.3369140625
73.46728515625
73.82382202148438
74.74152374267578
74.77508544921875
75.2740249633789
76.30654907226562
76.52545166015625
76.99915313720703
77.42925262451172
77.89759063720703
77.99181365966797
78.1890640258789
78.98526763916016
79.30042266845703
80.88140869140625
80.780517578125
82.21366882324219
80.67610168457031
81.7237319946289
79.53421020507812
80.21534729003906
77.5947036743164
78.44762420654297
76.6875991821289
76.86444854736328
75.53330993652344
74.76983642578125
73.82472229003906
73.2334976196289
72.32290649414062
71.8257827758789
72.52591705322266
69.63762664794922
71.38798522949219
69.53716278076172
70.71308135986328
69.61248779296875
70.40280151367188
69.72708129882812
70.09422302246094
69.67786407470703
69.76923370361328
69.62625885009766
70.58338165283203
70.04150390625
69.79639434814453
71.18862915039062
71.85919189453125
71.73191833496094
71.69320678710938
72.37425231933594
72.31690979003906
72.56227111816406
72.82752227783203
73.03511810302734
73.46722412109375
73.65387725830078
74.48055267333984
75.22411346435547
75.18312072753906
77.36546325683594
76.57749938964844
79.47908020019531
78.45195770263672
82.08472442626953
80.8759536743164
83.48346710205078
80.86459350585938
81.3006591796875
78.02018737792969
77.2982177734375
75.30806732177734
74.0511245727539
72.24740600585938
71.12020874023438
71.18690490722656
69.98351287841797
70.74775695800781
70.80680084228516
72.65118408203125
72.04438018798828
73.79238891601562
73.24695587158203
74.61785888671875
72.84223175048828
73.62841033935547
72.06735229492188
71.28588104248047
70.29906463623047
69.34242248535156
69.80533599853516
67.25173950195312
67.63520812988281
63.412353515625
67.26591491699219
63.243499755859375
66.8315658569336
64.75801849365234
66.9197006225586
65.91893768310547
69.22677612304688
68.05254364013672
70.59636688232422
70.10423278808594
70.4407958984375
70.89649200439453
70.51959228515625
70.82450103759766
69.86123657226562
70.08336639404297
68.61738586425781
68.77413940429688
67.00029754638672
67.48821258544922
65.83999633789062
65.76615142822266
64.89208221435547
65.19705200195312
66.38019561767578
67.21733856201172
70.04766845703125
71.937255859375
74.2447509765625
74.16258239746094
74.97291564941406
73.9447250366211
73.2919921875
72.5383529663086
71.98477935791016
72.14702606201172
70.55309295654297
70.2154541015625
69.18070983886719
70.19618225097656
68.8992919921875
70.14180755615234
68.3346176147461
70.6979751586914
70.67552185058594
72.33634185791016
72.58363342285156
73.6153564453125
74.92363739013672
75.80863189697266
77.07445526123047
76.6883316040039
77.81950378417969
76.44485473632812
77.92180633544922
76.30838012695312
77.65155029296875
76.45592498779297
77.64559173583984
76.76261138916016
77.46723175048828
77.09066009521484
77.49923706054688
77.70417022705078
77.75849914550781
78.62310791015625
78.1529312133789
79.3736343383789
78.86502075195312
80.40194702148438
79.98712921142578
81.05506896972656
81.03217315673828
81.18939208984375
81.04826354980469
79.6866226196289
80.28067016601562
77.12757110595703
77.98523712158203
73.99601745605469
75.18576049804688
71.15534973144531
72.2525634765625
68.21448516845703
68.82001495361328
66.20488739013672
61.24931716918945
62.84992599487305
53.774635314941406
56.622291564941406
68.3321533203125
67.03487396240234
73.52143096923828
72.22327423095703
75.08992767333984
75.3382797241211
76.15503692626953
77.38059997558594
76.82532501220703
78.97623443603516
77.99068450927734
80.30264282226562
78.86054992675781
80.57174682617188
79.584228515625
79.64884185791016
78.87018585205078
77.72482299804688
77.12635040283203
75.31767272949219
75.42456817626953
72.48847961425781
73.83032989501953
70.35399627685547
72.42464447021484
68.17236328125
69.711181640625
66.29814147949219
67.20935821533203
65.04376983642578
64.88744354248047
64.05218505859375
64.44169616699219
63.9259033203125
68.08313751220703
67.22102355957031
69.41641998291016
70.71858215332031
72.59235382080078
74.34253692626953
74.36509704589844
78.238037109375
77.57059478759766
81.11917114257812
79.9309310913086
83.002685546875
80.23799133300781
81.794189453125
78.51760864257812
79.87786865234375
76.82222747802734
80.409423828125
79.25919342041016
81.52337646484375
80.32215881347656
80.99595642089844
80.1728286743164
79.95376586914062
79.64900970458984
78.99421691894531
78.39398956298828
77.15872955322266
75.14209747314453
73.16272735595703
69.21863555908203
66.22647094726562
55.975826263427734
55.049659729003906
63.3015022277832
62.69197082519531
70.87724304199219
70.8035888671875
74.7836685180664
74.6969223022461
76.33230590820312
76.44165802001953
76.79226684570312
76.7677230834961
75.7343521118164
76.39754486083984
74.3531494140625
75.35778045654297
73.4108657836914
74.91706848144531
72.7058334350586
74.23125457763672
72.21472930908203
72.87357330322266
71.7317886352539
72.85943603515625
72.58683013916016
72.56134796142578
72.7459716796875
74.086181640625
74.19585418701172
74.30354309082031
75.20368957519531
75.26437377929688
76.076171875
75.3958740234375
76.62803649902344
76.82379913330078
77.33666229248047
77.0
77.57999420166016
77.25648498535156
76.92024230957031
75.71792602539062
75.17401885986328
73.9554214477539
