72.78036499023438
72.96592712402344
74.2273178100586
71.839599609375
69.97225189208984
69.15228271484375
67.90703582763672
65.18214416503906
65.45541381835938
64.21202087402344
59.71209716796875
59.46869659423828
56.76152420043945
60.10635757446289
53.430335998535156
56.33604431152344
52.974212646484375
58.92776870727539
61.57383728027344
62.25778579711914
64.52428436279297
65.35153198242188
65.96692657470703
62.715511322021484
65.08332824707031
60.60708999633789
60.27928924560547
55.405303955078125
56.93578338623047
53.43791198730469
58.25741195678711
53.524383544921875
45.107601165771484
53.71076965332031
51.321712493896484
56.05712890625
45.126060485839844
57.88178253173828
52.42696762084961
57.043365478515625
58.651771545410156
56.4556884765625
61.74619674682617
56.96638870239258
60.13865661621094
59.62059783935547
60.20652389526367
62.092811584472656
58.60896682739258
62.817501068115234
60.71759033203125
62.65125274658203
62.80725860595703
62.30143356323242
64.24011993408203
63.96970748901367
63.430267333984375
63.703041076660156
64.09549713134766
64.39485931396484
64.63384246826172
66.4148941040039
65.05863952636719
66.53031158447266
67.79547119140625
67.84667205810547
70.11746978759766
69.7894058227539
70.86186981201172
71.99894714355469
73.57585144042969
74.74552917480469
74.76988220214844
75.27800750732422
72.92352294921875
72.39713287353516
70.81161499023438
68.84194946289062
68.95771026611328
67.04661560058594
66.97442626953125
67.07801818847656
66.8028564453125
67.03751373291016
65.163818359375
66.50399017333984
64.93231964111328
64.83322143554688
66.01563262939453
65.37136840820312
67.05899047851562
65.74334716796875
66.05064392089844
66.21614074707031
65.1118392944336
66.75942993164062
65.94068145751953
66.02362823486328
67.30778503417969
66.99739074707031
66.4655990600586
67.392333984375
66.7021255493164
68.10208129882812
68.68208312988281
68.5872802734375
68.97551727294922
70.49646759033203
69.60953521728516
70.487548828125
70.34912872314453
71.03482055664062
71.84968566894531
72.07772064208984
72.32652282714844
72.2945785522461
72.3694839477539
71.64116668701172
69.95182800292969
68.37255859375
65.65156555175781
63.50238037109375
57.790748596191406
57.768585205078125
57.50751876831055
60.4566535949707
62.531681060791016
64.45922088623047
65.26644897460938
67.24954223632812
66.87779998779297
70.37509155273438
69.46883392333984
71.24273681640625
72.16614532470703
73.5569076538086
75.19458770751953
75.98409271240234
77.42631530761719
77.49576568603516
77.61151885986328
76.43987274169922
75.53878784179688
75.19111633300781
73.84374237060547
73.78406524658203
72.48484802246094
72.52764129638672
72.1139907836914
71.22493743896484
71.69815063476562
71.36474609375
72.1822738647461
71.73804473876953
72.49225616455078
72.39458465576172
73.1344985961914
73.24998474121094
73.50736236572266
74.364501953125
75.02152252197266
77.16755676269531
79.06903076171875
81.77133178710938
83.67324829101562
84.9409408569336
85.51422119140625
85.19413757324219
85.05743408203125
84.2643051147461
84.17616271972656
83.72804260253906
83.4066162109375
83.2625503540039
82.7511215209961
82.75430297851562
81.72969055175781
80.73436737060547
78.71930694580078
77.18673706054688
76.17021179199219
75.13765716552734
75.04497528076172
75.16636657714844
74.88689422607422
75.82996368408203
75.71475219726562
75.93992614746094
76.03986358642578
75.95259857177734
76.91885375976562
76.71730041503906
77.2557373046875
76.93196868896484
77.38971710205078
77.77117156982422
77.92816925048828
78.3849868774414
78.46747589111328
79.00894927978516
79.53817749023438
79.62016296386719
80.56281280517578
80.66216278076172
81.41148376464844
81.80455017089844
82.18794250488281
82.8231201171875
82.6108169555664
82.7567367553711
82.11396026611328
82.15719604492188
82.00770568847656
81.9509048461914
82.49111938476562
82.55475616455078
82.8216552734375
82.2362289428711
81.6678695678711
80.6680908203125
79.81314086914062
79.14676666259766
77.5855712890625
77.04118347167969
75.88031768798828
75.197998046875
74.66838073730469
73.3416976928711
72.66131591796875
71.68692016601562
71.61654663085938
69.56829833984375
69.67903137207031
69.50765991210938
68.5327377319336
68.5993881225586
68.2405014038086
66.41332244873047
66.7453384399414
65.36065673828125
66.75716400146484
65.18016052246094
63.989200592041016
65.44317626953125
64.33324432373047
65.44744110107422
65.61680603027344
67.45852661132812
67.3949966430664
66.09910583496094
67.18167114257812
66.16699981689453
67.53550720214844
66.14297485351562
66.78540802001953
66.27108001708984
65.71898651123047
66.14289855957031
65.42364501953125
66.43653106689453
66.7093505859375
65.3399429321289
66.9451675415039
63.21202087402344
61.749088287353516
58.130096435546875
55.60340881347656
59.27448272705078
61.95735549926758
63.056053161621094
65.10594177246094
65.00090789794922
66.6463623046875
65.45569610595703
65.51138305664062
67.4618148803711
66.6732177734375
67.26567077636719
66.46546936035156
67.90664672851562
69.0674819946289
69.21983337402344
70.77691650390625
69.95500946044922
71.86896514892578
71.91966247558594
72.8223876953125
74.31201934814453
74.38226318359375
75.1523208618164
75.54329681396484
76.69818878173828
77.10302734375
78.1832504272461
79.24016571044922
80.05760192871094
80.88216400146484
81.25955200195312
81.2867431640625
80.61952209472656
80.11958312988281
79.07868194580078
77.9880142211914
77.11876678466797
76.28629302978516
75.9645767211914
74.67826080322266
73.97227478027344
72.98682403564453
72.99609375
72.61418151855469
71.67794799804688
72.87982177734375
72.17727661132812
71.8847427368164
71.48323059082031
70.57783508300781
70.24929809570312
68.91228485107422
69.06511688232422
68.32273864746094
67.5276107788086
68.38655853271484
66.68660736083984
66.97486114501953
67.99100494384766
68.3567886352539
69.49307250976562
69.88702392578125
72.20390319824219
71.53873443603516
72.38045501708984
72.98127746582031
72.44920349121094
73.867431640625
73.33082580566406
74.01485443115234
74.73936462402344
74.9929428100586
75.9395980834961
76.25569152832031
77.26268005371094
77.86917114257812
79.02571105957031
80.22423553466797
80.89933013916016
81.79490661621094
81.07028198242188
80.04143524169922
78.38543701171875
76.39517974853516
75.11737823486328
72.61671447753906
71.9295425415039
70.20840454101562
68.04811096191406
68.03841400146484
66.08565521240234
67.3503646850586
66.12997436523438
68.01419067382812
69.29415893554688
68.60240173339844
71.09565734863281
70.92584228515625
72.08328247070312
71.88275909423828
70.51437377929688
70.9610366821289
69.59254455566406
69.35981750488281
67.83072662353516
67.74524688720703
66.6382064819336
65.730712890625
65.86988067626953
63.928279876708984
62.85781478881836
63.319271087646484
60.835689544677734
63.317325592041016
61.77883529663086
63.66224670410156
65.21586608886719
65.17726135253906
67.85730743408203
69.27000427246094
70.22835540771484
70.5658950805664
69.72097778320312
69.69429016113281
67.8647689819336
68.01731872558594
66.32469940185547
66.3030014038086
66.6471939086914
64.66053771972656
65.00288391113281
63.929168701171875
62.919429779052734
63.32576370239258
59.683204650878906
62.750999450683594
59.47022247314453
64.28724670410156
64.53811645507812
67.8440933227539
69.64058685302734
71.74524688720703
72.8938217163086
73.0281982421875
72.78126525878906
71.83329010009766
71.30925750732422
70.32588958740234
70.0302505493164
69.85368347167969
71.03533935546875
71.18585205078125
71.8652572631836
71.9197006225586
71.59628295898438
71.42484283447266
71.04861450195312
69.95655059814453
70.0811538696289
69.87334442138672
70.90391540527344
72.38045501708984
74.04876708984375
74.98185729980469
76.04234313964844
76.35578155517578
76.75708770751953
76.38775634765625
76.36592864990234
76.6357421875
76.60485076904297
76.7671890258789
76.9975814819336
77.09662628173828
77.53311157226562
77.71782684326172
78.36793518066406
78.232666015625
78.6935043334961
78.43791961669922
77.92871856689453
76.75415802001953
75.07527923583984
73.36502075195312
71.59569549560547
69.74695587158203
67.38108825683594
65.25916290283203
63.669315338134766
61.71455001831055
62.7866325378418
61.677974700927734
60.947265625
62.10954284667969
61.64078140258789
63.0205078125
62.46525192260742
63.284976959228516
63.359718322753906
65.45545959472656
68.37252044677734
71.3263931274414
73.4654541015625
75.5442123413086
76.37443542480469
77.45361328125
78.25611114501953
78.53776550292969
79.43108367919922
79.52554321289062
79.84435272216797
79.4018325805664
79.57685852050781
78.32669067382812
77.73249053955078
76.52667999267578
75.41326141357422
74.69535827636719
72.59833526611328
72.45716857910156
70.82190704345703
69.1858901977539
67.86043548583984
67.18370819091797
66.82677459716797
64.63201141357422
64.60725402832031
63.81321716308594
61.1702880859375
63.24567413330078
64.1521987915039
64.16299438476562
66.25852966308594
66.89204406738281
68.11488342285156
69.34562683105469
70.89366912841797
72.63528442382812
74.09283447265625
75.68436431884766
76.94821166992188
78.07154083251953
79.6866226196289
80.48387145996094
81.46320343017578
81.613037109375
81.52023315429688
81.19916534423828
80.47695922851562
80.21575164794922
79.62903594970703
79.23106384277344
78.7945785522461
78.49923706054688
78.1811752319336
77.97432708740234
77.69196319580078
77.09825897216797
77.12995910644531
76.5946044921875
76.1032485961914
74.93216705322266
73.95677947998047
72.0306167602539
68.58856964111328
65.1484146118164
59.813133239746094
50.802825927734375
59.48649215698242
63.62324523925781
67.42891693115234
69.8985366821289
72.05877685546875
74.36041259765625
75.02149200439453
75.88326263427734
76.16334533691406
75.87015533447266
75.38240051269531
74.83935546875
74.46746063232422
74.41389465332031
74.84600067138672
75.31005096435547
75.1604995727539
75.55833435058594
75.08814239501953
75.21115112304688
73.67308044433594
72.2690200805664
71.02522277832031
68.54032897949219
67.38847351074219
67.12882995605469
66.81024169921875
67.84257507324219
66.78160095214844
68.63578796386719
68.46329498291016
69.0657730102539
69.35298156738281
69.61732482910156
69.80648803710938
69.86317443847656
69.74812316894531
70.44351959228516
71.179443359375
71.37543487548828
70.8561782836914
