75.66011810302734
76.36566162109375
75.96733856201172
72.09733581542969
74.97599029541016
68.61123657226562
70.8148193359375
67.92662048339844
68.28182220458984
65.61543273925781
65.5385513305664
62.23515319824219
63.18235397338867
60.210662841796875
54.35894012451172
62.920570373535156
66.31576538085938
57.88803482055664
70.2853012084961
63.35553741455078
71.51651000976562
73.59898376464844
68.44523620605469
75.67710876464844
66.52837371826172
71.91009521484375
69.15760040283203
64.6616439819336
68.86872100830078
54.68436813354492
64.50531005859375
63.33332061767578
60.94929122924805
65.46290588378906
54.187522888183594
63.108882904052734
57.23557662963867
55.37385177612305
57.50868606567383
47.28416442871094
61.40027618408203
60.00443649291992
54.41829299926758
63.000972747802734
56.54711151123047
62.2114143371582
63.03815460205078
57.87252426147461
64.18301391601562
58.46635437011719
65.00221252441406
64.11573791503906
63.867820739746094
68.71208190917969
63.608909606933594
67.92098999023438
67.1841812133789
66.40963745117188
69.41514587402344
66.62370300292969
70.38243865966797
66.91840362548828
70.59541320800781
70.80606079101562
69.84722900390625
73.27487182617188
69.54523468017578
74.39112091064453
71.4769287109375
74.14666748046875
75.02944946289062
73.55040740966797
77.81604766845703
74.1924057006836
79.76202392578125
77.82135009765625
79.88494110107422
81.67390441894531
79.1830062866211
83.02525329589844
77.53191375732422
81.27630615234375
77.57494354248047
77.97158813476562
77.32644653320312
72.36751556396484
76.57801818847656
70.19174194335938
74.33444213867188
71.45537567138672
72.6314926147461
71.55169677734375
68.50057220458984
72.25883483886719
68.54782104492188
70.96123504638672
69.16585540771484
71.38123321533203
69.86700439453125
69.67816162109375
70.57086181640625
69.90055847167969
71.03439331054688
69.45268249511719
70.9009017944336
70.39225769042969
70.89913940429688
69.9437255859375
71.37728881835938
71.65628814697266
71.13107299804688
73.04714965820312
62.98274612426758
71.36051177978516
62.41991424560547
61.22740936279297
64.72749328613281
67.8966293334961
61.11383056640625
70.06350708007812
63.7918701171875
69.62627410888672
69.31378936767578
68.2493667602539
72.30363464355469
66.41780853271484
73.7347183227539
69.122802734375
72.6465072631836
74.06919860839844
70.53639221191406
75.13335418701172
69.74351501464844
76.19022369384766
73.61631774902344
74.57817077636719
77.47769165039062
72.62090301513672
79.02245330810547
74.66182708740234
78.94037628173828
79.66739654541016
74.76524353027344
81.99591827392578
73.15601348876953
78.4931640625
77.14948272705078
65.05824279785156
76.43917083740234
70.91618347167969
72.00897979736328
73.74481964111328
69.38316345214844
75.25730895996094
73.5931396484375
73.35853576660156
76.0335922241211
73.51821899414062
77.23330688476562
77.11589813232422
76.13296508789062
79.31348419189453
75.05891418457031
80.3194580078125
77.64395141601562
80.35317993164062
80.22679138183594
84.69792175292969
87.36762237548828
86.1412582397461
90.8630599975586
86.80787658691406
91.25425720214844
88.73824310302734
89.88236999511719
89.9409408569336
88.26132202148438
90.42176818847656
87.7607421875
90.352294921875
88.73872375488281
89.73321533203125
90.10830688476562
89.15111541748047
91.13409423828125
89.18661499023438
91.74742126464844
90.12142181396484
91.33680725097656
90.82972717285156
89.70697021484375
90.46636199951172
86.68993377685547
88.40215301513672
83.56578063964844
85.27436828613281
81.47221374511719
81.17268371582031
79.95899963378906
75.77490997314453
78.7652359008789
70.28003692626953
78.05825805664062
67.24324035644531
77.17744445800781
70.69244384765625
77.44374084472656
75.6392822265625
76.18849182128906
78.73502349853516
74.57827758789062
81.20549774169922
76.22614288330078
82.36724090576172
80.58229064941406
82.43333435058594
84.07134246826172
81.86691284179688
86.0630874633789
82.22809600830078
85.63752746582031
84.10467529296875
82.99247741699219
84.06786346435547
78.93936157226562
82.36907958984375
76.76790618896484
78.95105743408203
77.5217514038086
74.69014739990234
76.641845703125
71.05516815185547
75.73265838623047
70.82080078125
73.27401733398438
72.22502136230469
71.06971740722656
72.73175048828125
67.85928344726562
71.33971405029297
68.60671997070312
70.30713653564453
70.06011962890625
67.19184875488281
69.49425506591797
64.9327392578125
69.72350311279297
66.20899963378906
67.79006958007812
66.86357879638672
63.032569885253906
68.62321472167969
63.032798767089844
68.47122955322266
64.90140533447266
65.09124755859375
67.14104461669922
62.473060607910156
67.41604614257812
57.60823440551758
65.19049835205078
63.45230484008789
63.575172424316406
65.8732681274414
59.16615676879883
66.14256286621094
59.05221939086914
68.38043212890625
65.18563842773438
67.0660629272461
68.36524200439453
66.82593536376953
70.692138671875
69.24309539794922
70.32946014404297
69.97897338867188
69.28178405761719
72.46092224121094
70.88241577148438
72.8042984008789
73.67289733886719
74.21200561523438
76.40192413330078
75.22769165039062
78.6438217163086
77.11238861083984
78.85897827148438
79.42286682128906
78.56861114501953
80.74510955810547
78.949951171875
81.45357513427734
80.7593765258789
81.28365325927734
82.50070190429688
80.69792175292969
83.76551055908203
81.7761001586914
84.46501922607422
84.09483337402344
84.51658630371094
85.87512969970703
84.44374084472656
86.31888580322266
84.0544662475586
85.30606842041016
83.94110107421875
83.41463470458984
83.07501220703125
81.74517822265625
82.2527847290039
80.19842529296875
80.52969360351562
78.48269653320312
79.15502166748047
78.62823486328125
77.93650817871094
79.3985595703125
76.96021270751953
79.87403869628906
77.29144287109375
79.98982238769531
78.03630828857422
78.97869110107422
79.81806945800781
78.0318832397461
81.4267349243164
77.97970581054688
81.8818130493164
80.49034881591797
81.70884704589844
83.47312927246094
80.41201782226562
85.82109832763672
81.79362487792969
87.12503814697266
85.95175170898438
86.72332000732422
89.1755599975586
83.07496643066406
88.22441864013672
79.57540130615234
84.23843383789062
80.36123657226562
78.13407135009766
79.81092834472656
68.2485580444336
78.60983276367188
64.25669860839844
77.82283782958984
70.81314849853516
77.11797332763672
76.6914291381836
75.65568542480469
79.73197174072266
71.62899780273438
78.6908950805664
73.06392669677734
74.60665893554688
75.10839080810547
67.74320983886719
74.27162170410156
65.62339782714844
71.22660827636719
69.13151550292969
65.82601165771484
69.07447052001953
56.5301513671875
68.59436798095703
50.921142578125
68.64713287353516
63.00107192993164
66.38240051269531
66.04473876953125
62.08190155029297
67.74109649658203
53.94013595581055
71.0663070678711
63.47617721557617
71.3613052368164
70.57086944580078
69.38985443115234
74.40054321289062
69.48078918457031
76.78092193603516
73.57832336425781
77.9584732055664
78.89017486572266
77.52793884277344
82.39225769042969
79.02473449707031
84.41031646728516
82.35869598388672
83.82786560058594
84.75006866455078
81.67750549316406
84.82207489013672
80.35396575927734
83.05573272705078
81.17022705078125
80.27289581298828
81.50586700439453
77.92859649658203
80.93387603759766
77.31072235107422
78.92278289794922
78.7284927368164
76.88445281982422
79.0711898803711
75.4454574584961
78.30982208251953
76.37464904785156
76.92781066894531
77.77906036376953
75.44671630859375
78.18606567382812
74.5269775390625
77.35417938232422
76.17906188964844
75.78426361083984
76.89967346191406
74.00513458251953
77.42508697509766
74.01115417480469
76.41902923583984
75.10298919677734
74.70498657226562
76.13912963867188
73.04114532470703
76.47798919677734
72.96123504638672
75.73381042480469
73.54210662841797
74.1517562866211
74.85223388671875
72.65723419189453
75.47250366210938
71.93965911865234
75.87061309814453
73.5184326171875
78.3330307006836
77.77859497070312
81.38569641113281
80.4285888671875
82.19223022460938
80.74171447753906
82.21480560302734
80.6610107421875
81.67808532714844
81.28103637695312
81.50790405273438
82.21035766601562
80.8614730834961
82.68502807617188
81.10240173339844
83.03469848632812
82.01282501220703
82.67251586914062
83.69318389892578
82.13098907470703
84.52375793457031
83.00668334960938
85.00267791748047
84.73084259033203
84.96823120117188
86.374267578125
84.7531967163086
87.67383575439453
85.82962036132812
88.54005432128906
88.26358795166016
89.0439224243164
90.37295532226562
89.42572021484375
91.62248992919922
89.99506378173828
91.49711608886719
90.525390625
90.38604736328125
90.51220703125
88.9554214477539
89.84599304199219
87.73529815673828
88.52864074707031
87.17554473876953
86.81805419921875
86.50874328613281
85.44123077392578
85.69661712646484
84.43144989013672
84.52392578125
83.49015808105469
83.74535369873047
83.0711669921875
83.18736267089844
82.57865905761719
83.25611114501953
83.42407989501953
84.47940826416016
84.3494873046875
85.07376861572266
84.48190307617188
85.33636474609375
84.16241455078125
85.5528564453125
84.41542053222656
85.73475646972656
85.51959991455078
85.26502990722656
86.9042739868164
84.44233703613281
87.4185562133789
83.81857299804688
85.77544403076172
83.39286041259766
81.6903076171875
82.5291976928711
76.04727935791016
80.19678497314453
75.84304809570312
75.27310943603516
77.56244659423828
71.4104995727539
74.38472747802734
74.92696380615234
59.81248092651367
74.36262512207031
68.20967864990234
71.3011245727539
71.50413513183594
66.72252655029297
72.45035552978516
64.02848052978516
74.68722534179688
65.5157470703125
76.17565155029297
76.16990661621094
72.61763000488281
79.97795104980469
72.49640655517578
78.87877655029297
78.12167358398438
73.60780334472656
80.3797607421875
73.62616729736328
79.14173889160156
79.1234130859375
70.19625854492188
79.63146209716797
71.00284576416016
73.70286560058594
75.30496215820312
61.486454010009766
72.741455078125
69.95072937011719
63.50929641723633
70.48544311523438
62.74031066894531
67.45257568359375
68.82096099853516
60.346961975097656
69.08879089355469
56.84591293334961
67.86128234863281
60.212249755859375
66.30459594726562
66.5114974975586
61.07134246826172
69.83722686767578
56.35097122192383
71.41067504882812
68.81531524658203
71.09248352050781
72.53663635253906
67.6248779296875
72.93730163574219
