79.70756530761719
82.98246002197266
86.03926849365234
76.52632141113281
87.54765319824219
86.54014587402344
83.15850067138672
91.57917022705078
84.62347412109375
91.68013000488281
95.06556701660156
78.5986557006836
97.22758483886719
93.20042419433594
89.48135375976562
93.9197769165039
80.2694320678711
89.10220336914062
87.73998260498047
75.43770599365234
86.43737030029297
79.39566040039062
80.30545043945312
81.21854400634766
72.84811401367188
77.92855834960938
65.28163146972656
76.98878479003906
76.00103759765625
78.8033447265625
81.02570343017578
88.34837341308594
75.91060638427734
88.28892517089844
86.74179077148438
76.72015380859375
86.7639389038086
79.35580444335938
81.8437271118164
84.03417205810547
70.83831787109375
82.77913665771484
79.32198333740234
76.45475006103516
81.63805389404297
74.11289978027344
79.17066955566406
79.3049087524414
73.12589263916016
79.5508804321289
75.6678466796875
76.81108093261719
78.49283599853516
73.1729736328125
78.07245635986328
76.0510482788086
74.43816375732422
77.7347412109375
73.82166290283203
76.04183197021484
75.02812957763672
73.76488494873047
76.85081481933594
73.98302459716797
75.97863006591797
75.64778137207031
74.62820434570312
76.7089614868164
73.08367919921875
75.91034698486328
75.469970703125
74.1705093383789
77.048095703125
72.27572631835938
76.840087890625
76.61438751220703
72.7002182006836
78.8914794921875
72.8077392578125
78.23208618164062
79.3352279663086
71.06522369384766
82.35028839111328
76.38302612304688
81.72161865234375
85.22879028320312
67.99845886230469
89.04862213134766
85.24288940429688
87.13416290283203
90.55362701416016
78.00875091552734
88.24851989746094
85.2650146484375
81.53697967529297
86.48628234863281
79.0833511352539
83.92634582519531
84.57942962646484
77.64744567871094
85.53330993652344
82.21315002441406
82.02128601074219
86.86207580566406
77.79203033447266
86.74971008300781
87.39308166503906
76.37490844726562
88.54475402832031
82.06964874267578
82.26126098632812
84.02580261230469
71.63935852050781
80.80146789550781
75.62771606445312
76.41504669189453
76.07732391357422
68.3154067993164
77.01646423339844
72.7328109741211
71.71141052246094
79.75831604003906
75.3397216796875
75.56349182128906
79.38094329833984
70.83452606201172
77.3298568725586
75.27234649658203
74.49842071533203
75.72248077392578
71.48777770996094
75.7950439453125
70.50685119628906
74.53499603271484
73.90345764160156
66.67255401611328
75.79023742675781
66.00699615478516
74.67381286621094
75.77903747558594
71.44482421875
78.60990142822266
74.00789642333984
82.16949462890625
78.48822021484375
84.26030731201172
86.34967803955078
75.71732330322266
87.21041870117188
80.61293029785156
82.0534439086914
85.49794006347656
62.84103012084961
83.99374389648438
82.56069946289062
74.19892883300781
84.50787353515625
78.39944458007812
80.64195251464844
84.5540771484375
70.47337341308594
84.17574310302734
84.52583312988281
72.94457244873047
87.30265808105469
84.44866943359375
82.78123474121094
90.10791778564453
82.1794204711914
87.77045440673828
89.89659881591797
72.98239135742188
88.11085510253906
85.92975616455078
78.16114807128906
86.80172729492188
80.33323669433594
82.18618774414062
85.35726928710938
72.21272277832031
84.99009704589844
83.87664031982422
76.0538101196289
85.93534088134766
80.04047393798828
81.6827392578125
85.18685150146484
71.29983520507812
83.8494644165039
83.17443084716797
75.59929656982422
85.31190490722656
79.4093017578125
81.62313079833984
85.378662109375
71.1189193725586
84.90736389160156
84.22710418701172
76.30970764160156
86.85150146484375
80.61287689208984
83.92383575439453
87.54615020751953
69.24766540527344
88.06171417236328
87.08597564697266
80.08261108398438
90.66568756103516
84.38140106201172
88.1001205444336
92.19923400878906
71.2879409790039
92.78209686279297
91.89685821533203
84.00450897216797
94.17855834960938
87.08940887451172
89.19330596923828
91.89786529541016
70.85005187988281
89.46760559082031
87.61840057373047
78.25059509277344
88.12073516845703
81.11336517333984
82.783203125
85.970703125
69.76990509033203
83.81454467773438
82.75286865234375
71.76326751708984
83.57965087890625
77.93171691894531
78.00778198242188
82.4677505493164
68.08539581298828
80.69844055175781
80.32205200195312
67.73703002929688
81.31861114501953
76.31878662109375
75.98274230957031
81.0222396850586
67.41034698486328
79.26744842529297
79.00648498535156
66.89177703857422
80.48860168457031
75.04304504394531
75.62051391601562
80.3646011352539
65.89494323730469
79.31262969970703
78.47376251220703
68.87030792236328
80.70536804199219
75.25054168701172
76.02941131591797
80.4814453125
65.90115356445312
79.85299682617188
79.13449096679688
69.47003173828125
80.9299545288086
75.47622680664062
76.64781188964844
80.53125762939453
66.35812377929688
77.97992706298828
77.35315704345703
67.4581298828125
77.76058959960938
72.89921569824219
75.13557434082031
79.0085678100586
67.54816436767578
78.36967468261719
77.38184356689453
72.64301300048828
80.35299682617188
73.82972717285156
78.19572448730469
80.84062957763672
67.85162353515625
81.93109893798828
79.93511962890625
76.1421890258789
84.52229309082031
76.81014251708984
83.29134368896484
85.96477508544922
67.25096130371094
87.69654083251953
86.30924224853516
81.90400695800781
91.00492858886719
83.8810043334961
88.57044982910156
91.46887969970703
68.91185760498047
90.20405578613281
88.01463317871094
78.75383758544922
88.72718811035156
82.11660766601562
82.73625183105469
86.56829833984375
71.4063491821289
84.07073974609375
83.74301147460938
68.63514709472656
84.07654571533203
79.55013275146484
77.94790649414062
83.53408813476562
71.86348724365234
81.20245361328125
81.96273803710938
66.31166076660156
82.72640228271484
78.77998352050781
76.40127563476562
83.23330688476562
73.3268814086914
80.6986083984375
81.92222595214844
61.1016731262207
81.56966400146484
78.65898895263672
72.57561492919922
80.76111602783203
73.14239501953125
78.18717193603516
80.50161743164062
68.75892639160156
81.80096435546875
78.85515594482422
76.87593078613281
83.13533020019531
73.19462585449219
82.22904968261719
82.91617584228516
72.12310791015625
84.83574676513672
80.79029846191406
80.8818359375
86.47067260742188
74.07466125488281
86.031005859375
86.4380111694336
76.22683715820312
89.17504119873047
84.80792999267578
85.97575378417969
91.0469970703125
76.01116943359375
90.3211669921875
89.5984878540039
77.23859405517578
89.3849105834961
83.9209976196289
83.60069274902344
88.98231506347656
75.91419982910156
89.04405212402344
89.6772689819336
79.50640106201172
92.14681243896484
86.4344253540039
87.1952896118164
90.5225830078125
76.64706420898438
88.1786117553711
87.25957489013672
78.26264953613281
87.83309936523438
82.61431884765625
82.7351303100586
86.42623901367188
76.47994232177734
84.27070617675781
84.20484161376953
76.08274841308594
84.08316802978516
80.30235290527344
77.72074127197266
82.70142364501953
76.65313720703125
78.59529876708984
81.93289947509766
68.48162078857422
82.84861755371094
81.9493179321289
78.80615234375
86.78219604492188
77.12604522705078
85.65599060058594
86.59600067138672
74.6670150756836
87.43404388427734
83.66461944580078
82.04352569580078
87.30841064453125
78.0062026977539
84.89325714111328
85.00788116455078
74.53211975097656
85.59610748291016
82.5372543334961
80.55511474609375
86.5011215209961
77.624755859375
84.87051391601562
85.85777282714844
74.80370330810547
86.79122161865234
83.2596664428711
81.6618881225586
87.084228515625
77.608154296875
84.97685241699219
85.7608642578125
73.67366790771484
86.7887191772461
83.93770599365234
83.10430908203125
89.14997100830078
78.29461669921875
88.41808319091797
88.79376220703125
78.8164291381836
90.43164825439453
85.60933685302734
86.39746856689453
90.4941635131836
78.30321502685547
89.44568634033203
88.98689270019531
80.553466796875
91.24784088134766
86.17561340332031
88.09394836425781
91.99922180175781
78.9483871459961
91.45580291748047
90.2070541381836
83.54265594482422
92.21221160888672
85.81816101074219
88.62483215332031
91.39944458007812
78.73828125
90.71969604492188
89.03648376464844
83.43668365478516
91.24626922607422
84.69981384277344
87.90828704833984
90.31698608398438
78.8085708618164
89.8461685180664
88.08795928955078
83.01551818847656
90.05052947998047
83.63117980957031
86.57421112060547
88.94584655761719
78.37915802001953
88.86431121826172
88.32611846923828
82.73597717285156
91.31576538085938
85.35923767089844
88.51428985595703
91.72044372558594
79.42828369140625
92.13037109375
90.96814727783203
85.82384490966797
94.22509002685547
87.42333221435547
91.96729278564453
94.68868255615234
79.73439025878906
95.38902282714844
93.26806640625
88.95642852783203
96.6113052368164
87.89732360839844
94.0196304321289
95.28370666503906
78.55117797851562
94.75221252441406
90.44639587402344
88.133056640625
93.64575958251953
82.32272338867188
91.42280578613281
91.39983367919922
78.2139892578125
90.93934631347656
84.67833709716797
84.63956451416016
87.36933135986328
64.8475570678711
84.28813934326172
78.77630615234375
77.82858276367188
81.90066528320312
80.68707275390625
81.85794830322266
88.61602020263672
80.72838592529297
88.2715072631836
88.21253204345703
77.64934539794922
88.03170013427734
80.59062194824219
82.62218475341797
83.311767578125
71.4466781616211
81.21815490722656
78.94126892089844
77.41447448730469
84.4051742553711
83.62049865722656
82.84139251708984
88.81582641601562
79.6547622680664
87.48302459716797
87.48743438720703
77.5785903930664
88.0672607421875
82.24413299560547
83.35794830322266
86.36389923095703
72.96585083007812
84.70024871826172
82.8286361694336
77.26184844970703
85.57350158691406
80.8228530883789
82.34949493408203
86.09207153320312
72.64962005615234
84.660400390625
82.65788269042969
76.62981414794922
83.73145294189453
75.79130554199219
80.66266632080078
82.42440795898438
73.07447814941406
82.83305358886719
81.4134521484375
76.63709259033203
84.57090759277344
79.04461669921875
81.66049194335938
84.3043441772461
73.92293548583984
84.16716003417969
83.01969146728516
76.56269836425781
85.53226470947266
80.25322723388672
82.17295837402344
85.94886779785156
72.7293701171875
85.56716918945312
84.62174987792969
75.42654418945312
85.34821319580078
76.45797729492188
80.75115203857422
80.78782653808594
