83.74433898925781
83.83072662353516
84.76789093017578
84.99178314208984
85.6439208984375
86.74822998046875
87.37886810302734
88.52301788330078
89.16814422607422
90.59427642822266
91.64070892333984
92.506103515625
92.81742095947266
91.9367904663086
90.89088439941406
88.60162353515625
87.20857238769531
85.16967010498047
83.51396942138672
81.4813232421875
79.10781860351562
78.04554748535156
75.55697631835938
73.64973449707031
72.06749725341797
72.02996826171875
74.88439178466797
77.08431243896484
80.3053970336914
82.7113265991211
85.08565521240234
87.15789031982422
87.35157775878906
87.42359161376953
85.40813446044922
84.54212188720703
83.21488952636719
81.5389404296875
81.06106567382812
79.09414672851562
78.87604522705078
77.34932708740234
76.90909576416016
75.8923568725586
74.37554931640625
75.03047180175781
72.3993911743164
72.83726501464844
71.10694122314453
71.09981536865234
70.7942123413086
68.93701171875
69.69657897949219
66.96112060546875
69.2032470703125
65.36213684082031
66.94248962402344
66.60615539550781
63.146095275878906
65.92146301269531
62.31103515625
64.71086120605469
63.833438873291016
59.1295280456543
64.21690368652344
60.902286529541016
60.52769470214844
64.06842041015625
61.37529754638672
65.91959381103516
65.71222686767578
68.48321533203125
69.67948150634766
69.5363998413086
72.4354248046875
72.74555206298828
75.07144927978516
76.299560546875
77.83465576171875
80.10780334472656
81.09658813476562
83.7166748046875
85.48358917236328
87.38865661621094
88.3871841430664
88.0433349609375
87.57902526855469
85.92778015136719
85.35176849365234
84.4149169921875
83.4059829711914
83.00482177734375
82.06623840332031
81.85465240478516
81.28816986083984
81.44053649902344
81.09062194824219
80.69109344482422
80.8079605102539
80.67501831054688
81.11084747314453
80.66092681884766
80.72378540039062
80.5794677734375
81.17032623291016
81.04899597167969
81.22691345214844
81.37671661376953
81.63471984863281
82.10321807861328
82.47325134277344
83.20439910888672
83.67579650878906
84.28705596923828
84.62646484375
84.94501495361328
85.05110168457031
84.83131408691406
84.42273712158203
83.1429672241211
82.47624969482422
81.27621459960938
80.00160217285156
79.0664291381836
77.10633087158203
76.14346313476562
74.04295349121094
73.79622650146484
72.0130615234375
71.69271087646484
70.23392486572266
69.34928131103516
68.49110412597656
66.4127426147461
64.64253234863281
62.479095458984375
63.446372985839844
62.146297454833984
58.33450698852539
58.86143112182617
51.105003356933594
44.10466766357422
55.22257614135742
61.64565658569336
69.28981018066406
72.36473846435547
74.26520538330078
77.40557098388672
77.85745239257812
79.34202575683594
79.62522888183594
79.02880859375
77.93636322021484
76.90918731689453
75.90394592285156
75.33612060546875
74.42393493652344
74.22589111328125
73.22901916503906
73.16934204101562
73.37303161621094
73.32782745361328
74.18284606933594
74.89314270019531
75.46697998046875
76.37003326416016
76.84304809570312
78.07918548583984
79.2071533203125
80.89435577392578
81.90408325195312
83.3357925415039
84.27960205078125
84.3515625
84.32279205322266
83.61885070800781
82.98484802246094
82.14779663085938
81.50065612792969
80.5231704711914
79.83320617675781
78.43456268310547
77.39751434326172
77.14391326904297
76.64186096191406
76.74101257324219
76.61609649658203
76.67300415039062
76.60140228271484
76.87812042236328
77.63822937011719
77.11548614501953
77.54190063476562
78.08258819580078
78.74500274658203
78.60511779785156
78.9684829711914
79.04358673095703
79.26244354248047
79.98017120361328
80.5289077758789
81.20501708984375
81.6582260131836
81.81443786621094
82.74921417236328
83.27056884765625
84.17350006103516
84.74951934814453
85.63850402832031
86.35047912597656
86.98698425292969
87.6218032836914
87.85392761230469
88.08187103271484
87.79167175292969
87.5744400024414
86.93083190917969
86.49445343017578
85.69020080566406
84.8635025024414
84.03038024902344
83.18347930908203
82.38613891601562
81.67974090576172
81.03763580322266
80.1669921875
79.8576889038086
79.25798034667969
78.70853424072266
78.0539779663086
77.39060974121094
76.92291259765625
77.0382080078125
76.28472900390625
76.3350830078125
75.7831039428711
74.9473648071289
74.60079193115234
73.62360382080078
74.03047943115234
73.81148529052734
73.39472961425781
72.7339859008789
73.37806701660156
73.18099975585938
72.95132446289062
73.76721954345703
73.60940551757812
73.77053833007812
72.99015808105469
73.52123260498047
72.59818267822266
72.39893341064453
71.77641296386719
71.33071899414062
72.73373413085938
71.123779296875
71.35794067382812
70.6116714477539
70.67015075683594
69.96823120117188
69.06495666503906
68.17295837402344
68.03373718261719
66.06825256347656
65.34015655517578
64.0245361328125
66.40746307373047
66.6913070678711
70.9555435180664
75.5914306640625
77.96062469482422
80.41767883300781
81.55941009521484
81.93370056152344
82.27250671386719
81.4631576538086
81.34046936035156
81.03297424316406
80.16722869873047
79.22408294677734
78.65689086914062
77.56265258789062
76.76615142822266
75.61792755126953
75.17068481445312
76.03353881835938
76.24751281738281
77.00283813476562
78.01699829101562
78.65801239013672
79.599365234375
80.30072021484375
80.9295883178711
82.05476379394531
83.00914001464844
83.71778869628906
84.7357406616211
85.38087463378906
85.57542419433594
85.68975830078125
85.29058837890625
85.06289672851562
84.19779968261719
83.72553253173828
82.95736694335938
82.43254852294922
81.79029083251953
81.46630096435547
80.74996185302734
80.0034408569336
79.33973693847656
79.03072357177734
78.59160614013672
78.6875991821289
78.56231689453125
78.20587921142578
77.73416900634766
77.99205780029297
77.71648406982422
77.6358642578125
77.4439468383789
77.47437286376953
77.77922821044922
77.77875518798828
77.990234375
78.22386169433594
78.47998809814453
78.90213012695312
79.56578826904297
80.27958679199219
80.90028381347656
81.5157699584961
82.5613021850586
83.15640258789062
84.52970123291016
85.4765853881836
86.35653686523438
87.26898956298828
87.80927276611328
87.80115509033203
86.66188049316406
85.33909606933594
83.84580993652344
82.2960205078125
80.87562561035156
79.38427734375
78.49562072753906
76.84906005859375
76.1440200805664
75.10519409179688
73.255615234375
72.60772705078125
70.98391723632812
69.50479888916016
68.30278778076172
67.4968032836914
65.6004867553711
63.43941116333008
65.98468780517578
64.2306900024414
65.43606567382812
66.0181655883789
66.5951919555664
68.2067642211914
69.71338653564453
70.1592025756836
72.83653259277344
73.02635955810547
74.22193908691406
74.9842529296875
75.8134536743164
76.19163513183594
76.09918212890625
76.6064224243164
77.3309555053711
77.33203887939453
77.48882293701172
77.75628662109375
77.8329086303711
77.57707977294922
78.4725341796875
79.02802276611328
80.27117919921875
81.30989837646484
82.68278503417969
84.11737823486328
85.3870849609375
86.63164520263672
87.40457153320312
88.22644805908203
88.42162322998047
88.59664154052734
88.44808959960938
88.39506530761719
88.39920043945312
88.07865905761719
87.94110107421875
87.68692779541016
87.76776123046875
87.4578628540039
87.25629425048828
87.10966491699219
86.20026397705078
85.38243103027344
83.98756408691406
83.40174102783203
83.24691009521484
83.486083984375
83.99919128417969
84.23255157470703
84.60762786865234
84.74234008789062
85.19078826904297
85.35174560546875
85.49555969238281
85.59461212158203
85.73836517333984
86.12544250488281
85.95440673828125
86.58519744873047
87.8753662109375
89.06158447265625
90.0475845336914
90.31487274169922
89.94342041015625
88.8129653930664
87.05689239501953
84.94139862060547
82.65898132324219
81.51762390136719
80.87435913085938
81.65841674804688
82.32750701904297
82.9000015258789
83.68732452392578
84.30858612060547
85.06938171386719
85.48432922363281
85.98551177978516
86.14218139648438
86.57025146484375
87.04071044921875
87.26516723632812
87.52223205566406
87.7631607055664
87.965087890625
87.99208068847656
88.11302947998047
88.2450942993164
88.3061294555664
88.23274230957031
88.14967346191406
87.90501403808594
87.48489379882812
86.99504852294922
86.01708221435547
84.83834838867188
83.95664978027344
83.79547119140625
84.01901245117188
84.3609619140625
84.78369903564453
85.10355377197266
85.31334686279297
85.86502075195312
86.0880126953125
86.40895080566406
86.55217742919922
86.6001205444336
86.80271911621094
86.75540924072266
86.5561294555664
86.61221313476562
86.62694549560547
86.77108764648438
87.07232666015625
87.39898681640625
87.60084533691406
88.06562042236328
88.45008850097656
88.63027954101562
88.84354400634766
88.88285827636719
88.80916595458984
88.48088836669922
87.9261474609375
87.26468658447266
86.4881362915039
85.92044067382812
85.37322235107422
85.25650024414062
85.66690063476562
86.22637176513672
87.2264404296875
88.18931579589844
89.27862548828125
90.18353271484375
91.16151428222656
91.83209991455078
92.42879486083984
92.70384979248047
92.85675811767578
92.689208984375
92.5463638305664
92.09606170654297
91.55011749267578
91.01903533935547
90.4349594116211
89.98670196533203
89.25762176513672
88.74311065673828
88.2654800415039
87.61547088623047
87.22113800048828
86.86426544189453
86.35511016845703
85.93297576904297
85.23296356201172
84.03421020507812
82.57179260253906
81.47547912597656
80.32504272460938
79.80005645751953
79.65998077392578
79.40019989013672
79.3055648803711
78.92681121826172
78.47877502441406
77.77611541748047
77.37191009521484
77.07483673095703
76.37521362304688
75.12882995605469
74.5826416015625
73.78772735595703
74.16141510009766
74.89845275878906
75.63142395019531
76.15257263183594
74.94204711914062
74.12855529785156
72.60700988769531
72.30863189697266
71.48186492919922
71.2684326171875
71.74136352539062
72.03961181640625
73.93961334228516
76.0522232055664
78.10671997070312
80.13748931884766
80.90082550048828
80.88717651367188
80.06513214111328
79.30492401123047
78.40087127685547
76.2603530883789
75.0247802734375
74.08631134033203
73.0869140625
73.27584838867188
73.31101989746094
74.23019409179688
75.45665740966797
75.9991683959961
75.72273254394531
76.34444427490234
76.3103256225586
76.26246643066406
75.79096984863281
75.5909194946289
74.5525131225586
73.24596405029297
72.74020385742188
71.42103576660156
