80.40269470214844
86.42374420166016
89.27142333984375
60.13642501831055
90.44277954101562
89.11885833740234
84.51630401611328
93.85469818115234
86.57937622070312
93.33415985107422
96.78279113769531
67.0638198852539
98.56169891357422
95.69303894042969
88.99908447265625
95.6085433959961
85.39336395263672
88.898681640625
89.1628189086914
59.334716796875
85.6679916381836
81.3595962524414
73.4996109008789
80.27346801757812
69.55960083007812
73.08257293701172
75.00404357910156
46.30098342895508
79.95610809326172
80.91002655029297
78.58985900878906
89.86626434326172
83.80284118652344
89.8155746459961
91.21568298339844
59.49916458129883
88.37911224365234
84.47832489013672
78.05083465576172
85.17906188964844
75.56451416015625
80.1562271118164
81.07582092285156
51.031394958496094
79.3156509399414
76.3031234741211
70.84060668945312
77.54805755615234
68.00830841064453
74.07953643798828
75.12902069091797
49.74446105957031
72.75711059570312
70.11848449707031
63.59870529174805
72.36490631103516
64.8254165649414
69.65249633789062
69.66132354736328
43.08955383300781
69.70597076416016
64.79066467285156
60.519187927246094
66.66999053955078
59.625797271728516
65.07756042480469
67.69910430908203
45.480472564697266
68.48584747314453
65.78532409667969
62.767608642578125
70.36872863769531
63.679481506347656
69.61946105957031
73.43338775634766
49.573184967041016
75.79107666015625
74.68436431884766
70.02385711669922
79.96369934082031
72.78490447998047
79.94308471679688
83.93364715576172
54.943092346191406
87.65750122070312
87.35576629638672
84.22982788085938
93.89866638183594
85.8197250366211
91.06808471679688
92.37091827392578
63.17974853515625
90.37824249267578
87.15495300292969
81.43359375
89.00421142578125
80.47501373291016
85.26734924316406
87.13609313964844
58.20814895629883
86.73538208007812
84.47750091552734
78.6379623413086
87.26216125488281
79.10214233398438
84.32279205322266
86.84088897705078
63.33257293701172
87.1808853149414
85.21549224853516
79.7634048461914
88.8346939086914
81.11170959472656
86.65250396728516
90.13646697998047
64.8918685913086
92.19990539550781
90.68634033203125
84.455810546875
92.57356262207031
83.6335678100586
87.1417236328125
88.36956787109375
48.01740264892578
85.65499877929688
82.31509399414062
75.92819213867188
83.3260269165039
73.73577117919922
78.54002380371094
80.60208129882812
46.956783294677734
79.0606460571289
76.73483276367188
70.78821563720703
79.34636688232422
71.48591613769531
76.03143310546875
79.14450073242188
55.92436218261719
80.11964416503906
78.886962890625
74.5441665649414
83.48652648925781
75.34098815917969
80.73273468017578
81.95220184326172
55.69923782348633
81.22701263427734
78.94271850585938
73.99422454833984
82.18933868408203
74.07819366455078
78.6998519897461
80.25012969970703
58.86376190185547
80.96382904052734
79.15280151367188
74.73680114746094
83.97449493408203
77.7480239868164
83.98967742919922
87.94719696044922
63.91606140136719
90.75557708740234
89.70384979248047
84.01980590820312
92.60250091552734
84.16967010498047
88.00143432617188
90.06303405761719
53.67107391357422
88.64484405517578
86.1540298461914
79.9349594116211
88.45475769042969
79.78041076660156
85.10467529296875
87.42853546142578
54.993492126464844
86.92413330078125
84.20731353759766
77.90978240966797
85.66165924072266
77.20277404785156
82.4107894897461
84.93189239501953
51.80479049682617
85.65374755859375
83.61404418945312
78.70526123046875
87.58740234375
79.87676239013672
85.70269775390625
88.54352569580078
62.180843353271484
89.86206817626953
88.53617095947266
83.4710464477539
92.73699951171875
85.39630889892578
90.86468505859375
93.766845703125
64.79907989501953
94.0679702758789
91.67017364501953
85.32518005371094
93.49553680419922
84.68741607666016
88.84288787841797
90.5227279663086
59.85539627075195
88.87567901611328
85.80538177490234
79.80712890625
87.35067749023438
78.59208679199219
83.11809539794922
84.8699722290039
53.05903244018555
83.88081359863281
80.87418365478516
74.92092895507812
82.98139953613281
74.37235260009766
79.45887756347656
81.09819030761719
47.328453063964844
80.58585357666016
77.83843994140625
72.5368881225586
80.5220947265625
71.98573303222656
76.7613754272461
78.98623657226562
38.76277160644531
78.44148254394531
75.84400939941406
69.98186492919922
78.69878387451172
69.71202087402344
74.53251647949219
77.71053314208984
52.026527404785156
77.19031524658203
75.01426696777344
69.22853088378906
77.49246978759766
67.88265991210938
74.64398193359375
76.47859954833984
53.14798355102539
77.16438293457031
74.29601287841797
68.68533325195312
77.04185485839844
68.25247192382812
74.79693603515625
76.9792709350586
51.3394889831543
76.94111633300781
74.09136199951172
70.16215515136719
77.25178527832031
69.17491912841797
73.73701477050781
75.5650634765625
44.49254608154297
73.36119842529297
68.5322494506836
58.29768753051758
62.21696472167969
58.28505325317383
68.12567901611328
74.26863098144531
54.25339889526367
78.81280517578125
76.4995346069336
71.3255386352539
79.487060546875
71.07196807861328
75.48881530761719
77.318115234375
51.05926513671875
76.43463897705078
73.51409149169922
70.69001007080078
79.38052368164062
72.3454360961914
79.50206756591797
83.5879898071289
57.96230697631836
85.72683715820312
84.37218475341797
79.63992309570312
89.31510162353516
81.95773315429688
88.23640441894531
91.28556823730469
61.96738052368164
91.88114166259766
89.20751953125
83.2403335571289
90.7532730102539
81.74987030029297
86.27274322509766
87.71391296386719
56.408226013183594
86.52143859863281
83.49555206298828
77.54906463623047
85.67073822021484
77.08283233642578
81.94901275634766
84.13330078125
53.942893981933594
83.42811584472656
81.2551040649414
75.96714782714844
84.03032684326172
75.43080139160156
81.1448974609375
83.4301986694336
50.87802505493164
83.77442932128906
81.74007415771484
76.41804504394531
85.1611557006836
77.26251220703125
83.14019012451172
86.076416015625
53.03800964355469
87.52017211914062
86.13866424560547
81.31798553466797
90.80297088623047
83.62234497070312
89.75761413574219
93.02862548828125
65.31995391845703
93.83360290527344
91.18081665039062
84.67506408691406
91.80938720703125
82.20469665527344
85.91119384765625
87.08629608154297
58.96823501586914
84.64363098144531
81.26178741455078
74.6136474609375
82.0264892578125
72.57730102539062
76.7504653930664
78.337158203125
48.34665298461914
76.17973327636719
73.09052276611328
66.61892700195312
74.44306182861328
66.22442626953125
69.05059051513672
71.20401763916016
26.055025100708008
72.0323257446289
70.53856658935547
65.55943298339844
73.96581268310547
66.19048309326172
72.01914978027344
75.2973403930664
53.1361083984375
78.37655639648438
77.08306884765625
72.8880386352539
82.57952117919922
75.30770874023438
82.17103576660156
85.6644287109375
58.92235565185547
88.26969909667969
87.38848114013672
83.35962677001953
92.90974426269531
85.7137680053711
91.99887084960938
95.10343170166016
66.45597076416016
95.93291473388672
93.69794464111328
88.21752166748047
96.46292114257812
87.95935821533203
92.99208068847656
95.11124420166016
66.11304473876953
94.75415802001953
92.30521392822266
86.86795806884766
95.21862030029297
86.92174530029297
91.86276245117188
93.8240966796875
61.026302337646484
91.12393951416016
86.97303009033203
80.2151107788086
87.94548797607422
79.46284484863281
85.32937622070312
87.9005355834961
58.30006790161133
88.37548065185547
86.43058013916016
81.21955108642578
89.42261505126953
80.9381332397461
86.54412078857422
88.54109191894531
60.034324645996094
88.97187042236328
87.71672821044922
83.9653091430664
93.80135345458984
86.17945861816406
91.29293823242188
93.37298583984375
63.87699890136719
92.35530853271484
90.12812042236328
85.12806701660156
93.73556518554688
85.69621276855469
91.34974670410156
93.94969940185547
63.50007247924805
94.41259765625
92.30667114257812
87.2244873046875
95.65509033203125
87.39652252197266
92.77311706542969
95.0217514038086
64.01296997070312
94.50994873046875
91.95897674560547
86.69569396972656
94.97169494628906
86.6314468383789
92.12480163574219
94.58460998535156
65.99256134033203
94.79240417480469
92.72942352294922
87.37614440917969
95.90428924560547
87.80265808105469
92.70558166503906
94.64282989501953
61.79876708984375
92.52963256835938
89.12407684326172
83.04850006103516
91.33189392089844
82.92951202392578
88.84404754638672
91.35438537597656
63.58267593383789
92.08032989501953
90.10688018798828
85.08012390136719
93.80542755126953
85.86548614501953
91.61775970458984
94.31403350830078
65.36627960205078
95.09163665771484
93.10836791992188
88.06402587890625
96.6443862915039
88.42750549316406
93.74308776855469
95.93280792236328
65.23654174804688
94.75860595703125
91.45321655273438
85.15204620361328
92.29407501220703
83.04740905761719
88.07455444335938
90.32209014892578
63.66498947143555
91.79280853271484
90.42137145996094
86.28791809082031
95.54371643066406
88.28406524658203
94.290283203125
97.3830337524414
69.92215728759766
98.17572021484375
96.0736312866211
90.41008758544922
98.7243881225586
90.1229476928711
94.74421691894531
96.67872619628906
66.3146743774414
95.51275634765625
92.72663116455078
86.32166290283203
93.87105560302734
84.24365997314453
87.71601104736328
88.6820068359375
50.869544982910156
87.5496597290039
85.13346862792969
79.7866439819336
88.1412353515625
79.62422943115234
84.8076171875
87.02033233642578
56.71516418457031
86.73634338378906
84.22479248046875
78.96990966796875
87.06388092041016
78.87421417236328
83.89958953857422
85.90327453613281
49.91868591308594
84.4859619140625
80.02391815185547
70.24237060546875
73.58028411865234
59.10236358642578
69.80274200439453
76.68269348144531
50.92897033691406
82.689697265625
81.97246551513672
77.26419067382812
86.0466079711914
77.70804595947266
82.09716796875
83.1593017578125
56.69247817993164
77.8208999633789
72.10460662841797
59.40333938598633
63.57181930541992
58.392276763916016
70.75924682617188
74.76837158203125
53.8836669921875
78.6278305053711
76.97805786132812
72.0279769897461
81.54662322998047
73.77287292480469
79.59791564941406
81.6703109741211
47.636165618896484
81.97956848144531
79.59786987304688
74.60076904296875
82.42662811279297
74.37806701660156
78.9406509399414
80.42639923095703
53.29288101196289
78.26873779296875
74.13056945800781
69.51324462890625
76.5414047241211
