83.73839569091797
89.13101196289062
91.77617645263672
64.50614929199219
93.14337921142578
91.09988403320312
86.7508316040039
95.6362075805664
87.9044418334961
94.11412811279297
97.52891540527344
63.82917785644531
99.93605041503906
98.96710205078125
94.80730438232422
104.12000274658203
95.66378784179688
100.44620513916016
100.90562438964844
65.1610107421875
96.9154052734375
92.82395935058594
85.69171142578125
92.03988647460938
81.98715209960938
86.07952880859375
85.58831024169922
51.8548583984375
78.66612243652344
72.0234146118164
70.52283477783203
83.06023406982422
78.0970458984375
87.5686264038086
93.08454132080078
58.66407012939453
96.0976333618164
93.38838195800781
87.4178466796875
94.24748229980469
84.91805267333984
88.60204315185547
89.9446792602539
61.50281524658203
87.77397155761719
84.41901397705078
79.88501739501953
86.58526611328125
78.57852935791016
81.47405242919922
83.53040313720703
49.80936050415039
83.75305938720703
80.52385711669922
74.59013366699219
82.72156524658203
74.89410400390625
78.10856628417969
80.72030639648438
47.62470245361328
81.22555541992188
79.35721588134766
72.92273712158203
81.59484100341797
75.5543441772461
77.76057434082031
80.89868927001953
53.99699401855469
81.35079193115234
79.64293670654297
75.04402923583984
82.69609069824219
74.71818542480469
79.7145004272461
83.4000015258789
66.30931854248047
84.48719024658203
82.59369659423828
74.75997161865234
85.83080291748047
77.82866668701172
84.55535125732422
87.1689682006836
65.50080108642578
88.71285247802734
86.5809326171875
81.72864532470703
89.63246154785156
80.33777618408203
82.49372863769531
77.59892272949219
58.29654312133789
89.93399047851562
88.20010375976562
85.30274963378906
92.39570617675781
83.79222869873047
88.32991790771484
90.5552978515625
65.73369598388672
89.9649658203125
87.1095962524414
80.55670928955078
88.7587661743164
80.16284942626953
85.43280029296875
86.23490142822266
60.2872314453125
80.93891143798828
77.72163391113281
68.82331085205078
80.41463470458984
70.24684143066406
81.02586364746094
83.15198516845703
63.68149185180664
85.1292495727539
83.56195068359375
76.48245239257812
86.74493408203125
78.68272399902344
86.33548736572266
89.37025451660156
47.06261444091797
91.10289764404297
89.77479553222656
85.7472915649414
95.20610046386719
87.53602600097656
95.15284729003906
98.62834167480469
62.44579315185547
99.93602752685547
97.51054382324219
91.11943817138672
99.09480285644531
89.64936065673828
94.96041870117188
96.36175537109375
65.47453308105469
95.5698013305664
92.96465301513672
86.44879150390625
94.93270111083984
86.46992492675781
91.69905853271484
93.98845672607422
53.24384689331055
94.18675994873047
91.59318542480469
85.9030990600586
94.71073913574219
86.25544738769531
91.65290832519531
91.99453735351562
62.36037826538086
85.14059448242188
79.6216049194336
73.28880310058594
81.23114013671875
69.60543060302734
79.77283477783203
82.84420013427734
61.65489959716797
83.02679443359375
81.54059600830078
76.8831787109375
85.63192749023438
77.42117309570312
84.07449340820312
87.08307647705078
60.65571212768555
87.64237213134766
85.51323699951172
81.43610382080078
90.23448181152344
82.68748474121094
88.83122253417969
91.87217712402344
62.3546028137207
93.0321273803711
91.6214370727539
86.7098617553711
95.66392517089844
88.71847534179688
94.0359115600586
96.80113220214844
66.60350036621094
96.5714111328125
93.4623031616211
86.86258697509766
94.09715270996094
84.40037536621094
89.0030288696289
90.53628540039062
57.24544143676758
89.02594757080078
86.00680541992188
80.57261657714844
87.29962921142578
78.31231689453125
83.05310821533203
85.46463775634766
64.51748657226562
84.00138854980469
81.45801544189453
76.7989730834961
83.56396484375
75.05528259277344
79.9438247680664
82.52190399169922
59.53024673461914
80.51194763183594
77.46452331542969
73.04817962646484
80.716552734375
71.19478607177734
77.02760314941406
78.95306396484375
47.57394790649414
77.64371490478516
73.94300842285156
70.67255401611328
78.06631469726562
71.50007629394531
73.87886810302734
75.50685119628906
60.75251770019531
74.16345977783203
70.83895111083984
71.52070617675781
80.44258117675781
73.26144409179688
80.63138580322266
82.48255920410156
64.94376373291016
82.94635772705078
79.36043548583984
76.97503662109375
82.93350982666016
75.46685028076172
78.14710998535156
81.13178253173828
59.155094146728516
82.06796264648438
79.6888656616211
74.82916259765625
82.7971420288086
75.48326110839844
80.12273406982422
82.47827911376953
53.200225830078125
82.06578826904297
79.37252807617188
72.5974349975586
82.25363159179688
73.59674835205078
81.449462890625
83.98674011230469
64.42115020751953
85.17444610595703
83.29004669189453
77.12458038330078
85.5252914428711
76.30239868164062
80.60506439208984
82.65790557861328
51.338260650634766
81.11168670654297
76.93444061279297
73.51219177246094
80.81732177734375
74.05467987060547
78.29434967041016
82.06295013427734
61.24325180053711
84.59130859375
83.22050476074219
77.46516418457031
86.00809478759766
77.2611083984375
83.91938018798828
86.3814926147461
51.799373626708984
85.90792846679688
83.53988647460938
78.82347869873047
87.73750305175781
78.97709655761719
85.63187408447266
88.41567993164062
60.90608596801758
89.79476165771484
88.42991638183594
84.48409271240234
93.87205505371094
86.98928833007812
93.20973205566406
96.37705993652344
60.05032730102539
97.43563842773438
94.86078643798828
88.67040252685547
96.2042465209961
87.17457580566406
91.5440902709961
93.03263854980469
51.77214813232422
92.05741119384766
89.05644226074219
82.9531478881836
90.89896392822266
81.74908447265625
87.66138458251953
89.76612854003906
54.18012619018555
89.07161712646484
86.81128692626953
81.51901245117188
89.51618957519531
81.35237884521484
86.56610870361328
89.45281982421875
62.282413482666016
89.86363983154297
87.73455047607422
83.37775421142578
91.98692321777344
84.4036636352539
90.17237854003906
92.70040893554688
54.294219970703125
92.70619201660156
89.45718383789062
83.61788940429688
89.40638732910156
79.52535247802734
81.23013305664062
82.36808776855469
50.36323547363281
80.77947235107422
79.18525695800781
75.18391418457031
82.92372131347656
76.6111831665039
81.53197479248047
85.1370849609375
55.923160552978516
86.87274932861328
84.83787536621094
80.25992584228516
89.56197357177734
81.58417510986328
88.02643585205078
90.85868835449219
55.696922302246094
92.67254638671875
91.4401626586914
86.46881103515625
96.43136596679688
89.20584869384766
95.77305603027344
99.0525894165039
55.71785354614258
100.55751037597656
98.73373413085938
93.62802124023438
101.62202453613281
92.74922943115234
97.11860656738281
98.3122329711914
58.39152145385742
96.02430725097656
92.5030288696289
86.67552947998047
93.55137634277344
84.34272003173828
88.63875579833984
90.34654235839844
63.365604400634766
90.10678100585938
89.2520523071289
85.34535217285156
95.25723266601562
88.39486694335938
94.56302642822266
97.42650604248047
60.64814758300781
97.7124252319336
95.16459655761719
89.80968475341797
97.80362701416016
89.23979949951172
94.35245513916016
96.33014678955078
48.53620147705078
96.10757446289062
93.72783660888672
87.9652099609375
96.28966522216797
87.50012969970703
93.07090759277344
95.01464080810547
54.5886116027832
93.87073516845703
91.27776336669922
85.50678253173828
94.25004577636719
86.19596862792969
91.98653411865234
94.6484375
61.21156692504883
95.23455047607422
92.80028533935547
87.62892150878906
96.11515045166016
87.74441528320312
93.55010986328125
95.88168334960938
61.21100997924805
95.81377410888672
93.37036895751953
88.19683837890625
95.99193572998047
86.79037475585938
92.33551788330078
94.36280822753906
60.59297180175781
95.01879119873047
93.65609741210938
88.86872100830078
97.76660919189453
89.84515380859375
95.4105224609375
97.85702514648438
48.83299255371094
98.28295135498047
96.40462493896484
91.9735336303711
100.63758850097656
92.80354309082031
98.4042739868164
101.02074432373047
59.6301383972168
101.29192352294922
99.08578491210938
93.6131362915039
101.58170318603516
92.33224487304688
96.56340789794922
97.32623291015625
60.83745574951172
95.13707733154297
92.58492279052734
86.5287094116211
95.65177154541016
87.61610412597656
93.29875946044922
95.8868408203125
60.379188537597656
96.40548706054688
94.1482162475586
88.94546508789062
97.57413482666016
89.42400360107422
95.11678314208984
97.89228057861328
61.36363983154297
98.8356704711914
97.0064926147461
92.30260467529297
100.95054626464844
92.9737319946289
98.85526275634766
101.43150329589844
55.155941009521484
101.8176040649414
99.41873931884766
93.93994903564453
102.03295135498047
93.81263732910156
99.60027313232422
102.6240234375
58.36616897583008
104.19823455810547
102.34420776367188
97.44982147216797
105.88539123535156
97.37770080566406
102.50727081298828
104.42391967773438
53.757293701171875
103.53547668457031
100.68868255615234
94.79655456542969
102.8423080444336
94.0017318725586
99.18031311035156
101.18946838378906
50.546226501464844
100.42997741699219
97.50379180908203
91.12679290771484
97.57658386230469
86.17273712158203
89.08969116210938
87.76261138916016
55.56573486328125
79.2213134765625
73.32151794433594
66.99553680419922
73.50265502929688
66.38406372070312
72.9704360961914
75.54939270019531
50.73161697387695
74.90984344482422
71.3913803100586
66.37713623046875
74.31722259521484
66.85797882080078
73.99037170410156
77.00833129882812
56.47369384765625
81.01480102539062
80.1202392578125
76.7972412109375
85.79216003417969
78.3689956665039
84.26567077636719
87.48562622070312
56.413612365722656
87.59884643554688
85.36387634277344
80.2037124633789
88.45484924316406
80.40862274169922
84.79292297363281
86.74703216552734
53.97829055786133
84.6032943725586
80.01071166992188
69.30009460449219
75.56810760498047
65.61371612548828
75.7438735961914
79.99267578125
49.48680114746094
85.54110717773438
85.5970230102539
82.2554931640625
91.46996307373047
83.36246490478516
88.66014099121094
90.3230209350586
58.596290588378906
88.86734771728516
85.61346435546875
79.2020034790039
87.59437561035156
79.00187683105469
84.45034790039062
87.10000610351562
57.76980209350586
87.25324249267578
85.2877426147461
78.79410552978516
87.579833984375
78.34884643554688
84.6800765991211
86.39332580566406
57.114356994628906
85.82270050048828
83.3807601928711
77.86739349365234
85.57573699951172
