79.49551391601562
84.53621673583984
87.44525146484375
65.8311767578125
88.63496398925781
87.13127136230469
84.04940032958984
92.79470825195312
85.99987030029297
91.69894409179688
95.37689971923828
77.50594329833984
95.96917724609375
92.23514556884766
87.90862274169922
93.19577026367188
82.87510681152344
86.22193908691406
86.9059066772461
66.71357727050781
81.8601303100586
76.85765075683594
73.87754821777344
78.6709213256836
70.34246063232422
68.21298217773438
71.85904693603516
63.04035186767578
80.50137329101562
80.98155212402344
77.43541717529297
88.49584197998047
82.50642395019531
87.60511016845703
88.80268096923828
65.98204040527344
86.73786163330078
83.1994400024414
74.56959533691406
82.7898941040039
73.61420440673828
77.71051788330078
79.34381103515625
55.2182502746582
78.01448059082031
75.22860717773438
66.3794937133789
75.02740478515625
67.12315368652344
70.65068817138672
72.0673599243164
52.865779876708984
72.74315643310547
70.66447448730469
55.954681396484375
70.61104583740234
62.72382354736328
62.5947380065918
66.36993408203125
56.25724411010742
68.51554870605469
67.83805084228516
52.69498825073242
64.093994140625
53.278804779052734
63.83274841308594
66.57136535644531
49.30459976196289
68.64395904541016
68.65689086914062
54.228294372558594
68.05558013916016
62.248600006103516
70.8408432006836
73.49016571044922
52.584129333496094
75.05766296386719
74.63919067382812
67.08218383789062
78.26641845703125
71.4209213256836
79.8328628540039
83.14381408691406
57.580265045166016
87.2496566772461
87.04531860351562
81.99677276611328
91.82276153564453
83.17646026611328
88.87625122070312
89.86530303955078
60.56488037109375
88.25431823730469
85.10298919677734
78.60543060302734
86.48657989501953
77.78361511230469
82.77902221679688
85.05961608886719
57.67835235595703
84.66246032714844
82.32884979248047
77.0440673828125
85.13897705078125
77.00566101074219
82.32086944580078
84.83204650878906
56.265682220458984
84.89920043945312
82.86719512939453
78.23258972167969
86.44552612304688
78.3550796508789
84.61235809326172
88.21273040771484
66.6834716796875
89.58099365234375
88.5886001586914
82.40428161621094
90.8072280883789
81.3707504272461
85.8600845336914
87.09942626953125
61.73995590209961
83.70280456542969
80.67184448242188
73.62616729736328
81.20342254638672
71.43199157714844
76.88326263427734
78.09691619873047
49.858497619628906
76.7770004272461
74.72100830078125
66.3414077758789
75.81167602539062
67.16236877441406
73.81635284423828
76.29553985595703
56.98632049560547
77.36705017089844
76.64154052734375
69.91162109375
80.00497436523438
72.42539978027344
77.52983856201172
79.55455017089844
41.19559860229492
79.54436492919922
77.71766662597656
73.34358978271484
80.6279296875
69.31619262695312
77.40007019042969
78.64594268798828
54.40789031982422
77.82112884521484
76.22953796386719
68.9140853881836
79.02665710449219
71.26556396484375
79.34867095947266
82.67366790771484
59.074554443359375
85.66974639892578
85.44499969482422
78.80169677734375
89.91880798339844
82.99571990966797
87.39817810058594
89.46875762939453
62.740482330322266
88.34834289550781
85.57735443115234
79.00131225585938
87.40347290039062
79.01063537597656
83.6018295288086
85.89913940429688
62.196956634521484
85.30109405517578
82.45330047607422
76.71588897705078
83.95342254638672
75.3209228515625
79.44180297851562
82.05593872070312
54.56786346435547
82.98591613769531
80.93034362792969
76.43363952636719
84.98941040039062
77.18286895751953
82.56048583984375
85.47203063964844
60.38857650756836
86.6550521850586
84.98949432373047
80.10195922851562
89.49130249023438
82.12052154541016
87.45463562011719
90.8222427368164
64.0259017944336
91.27252197265625
89.59963989257812
83.54285430908203
92.13035583496094
84.15408325195312
88.146240234375
90.12273406982422
66.58646392822266
88.50326538085938
85.50808715820312
79.20234680175781
86.7368392944336
77.91983032226562
82.4372329711914
84.2278060913086
58.58483123779297
83.07096099853516
80.0376205444336
73.70464324951172
81.94754028320312
73.22792053222656
78.50273132324219
80.2305679321289
54.023529052734375
79.53446197509766
76.69853210449219
70.72264099121094
79.3387680053711
70.77886962890625
75.58177947998047
77.5569839477539
52.038394927978516
77.14490509033203
74.724853515625
69.33932495117188
77.16453552246094
68.65579223632812
73.86023712158203
76.01397705078125
47.808319091796875
75.76225280761719
73.58668518066406
68.15280151367188
75.89258575439453
67.92393493652344
72.90602111816406
74.98218536376953
50.079261779785156
74.90389251708984
72.63667297363281
67.5234375
75.77186584472656
67.03715515136719
72.17606353759766
74.20794677734375
50.505767822265625
74.53688049316406
71.78795623779297
67.67086791992188
74.98380279541016
66.26498413085938
71.23893737792969
73.269775390625
50.850372314453125
69.89802551269531
65.27430725097656
56.78560256958008
63.16448974609375
58.624385833740234
67.4136734008789
72.83158874511719
54.38187789916992
75.50532531738281
73.12277221679688
67.54183959960938
76.35420989990234
67.16895294189453
71.98108673095703
74.01815032958984
50.40052795410156
74.92333221435547
72.97652435302734
69.25599670410156
78.98502349853516
72.23098754882812
77.86788177490234
81.98238372802734
60.1860237121582
84.0584945678711
82.68568420410156
78.86865997314453
87.80211639404297
80.85700225830078
86.178955078125
89.62085723876953
66.23461151123047
89.81060028076172
87.03068542480469
81.80419158935547
89.02788543701172
79.77849578857422
84.43370819091797
85.9307861328125
58.8242073059082
84.33685302734375
81.57075500488281
75.67378997802734
83.71864318847656
74.27993774414062
80.18507385253906
82.14103698730469
55.82451629638672
81.73753356933594
79.16512298583984
72.57450866699219
82.12230682373047
73.5253677368164
78.86478424072266
81.48997497558594
57.64848709106445
81.92530822753906
79.6370849609375
74.67692565917969
83.54356384277344
75.74197387695312
81.30427551269531
84.05353546142578
62.34905242919922
85.86798858642578
84.37309265136719
80.32019805908203
89.48936462402344
82.5188217163086
87.77410125732422
91.3342514038086
71.41667938232422
91.56745147705078
88.28266143798828
83.05850219726562
89.6158676147461
79.97745513916016
83.50731658935547
84.64360809326172
61.125022888183594
81.76825714111328
77.8248519897461
73.64971160888672
80.03600311279297
70.34757232666016
75.07238006591797
76.76892852783203
58.341007232666016
73.54719543457031
70.2698745727539
66.70745086669922
72.31062316894531
62.951045989990234
67.61946105957031
70.1368637084961
53.916934967041016
68.06828308105469
66.04903411865234
62.65495681762695
71.25391387939453
64.15740203857422
69.40003204345703
72.61302185058594
53.373268127441406
74.80947875976562
73.37325286865234
70.36297607421875
80.08175659179688
72.62337493896484
79.42919158935547
83.31840515136719
57.550655364990234
85.6441650390625
84.52787780761719
80.95280456542969
90.24099731445312
83.44203186035156
89.37135314941406
92.59858703613281
66.85514068603516
93.41910552978516
91.33123016357422
85.74053955078125
94.00871276855469
85.83413696289062
90.47239685058594
92.68815612792969
66.29976654052734
92.40811157226562
89.88536834716797
84.62586212158203
92.8348159790039
85.07808685302734
89.19618225097656
91.60924530029297
70.42064666748047
90.07108306884766
85.85435485839844
79.52947998046875
86.75677490234375
78.61058044433594
82.4856185913086
85.48043060302734
64.55255126953125
86.5427474975586
84.22138977050781
79.47726440429688
87.66885375976562
80.04340362548828
84.27708435058594
86.45701599121094
67.9960708618164
86.16072082519531
82.97359466552734
80.46285247802734
88.29865264892578
82.05976104736328
87.38581848144531
91.12763977050781
63.23040008544922
91.51179504394531
89.38153076171875
83.51033782958984
92.39088439941406
84.83326721191406
89.65164184570312
92.4345703125
67.47775268554688
92.90165710449219
90.78095245361328
85.59980773925781
94.11241912841797
86.04983520507812
91.1971206665039
93.57243347167969
68.47566223144531
93.28944396972656
90.80209350585938
85.29596710205078
93.66596984863281
85.46965789794922
90.79296875
93.29542541503906
64.05026245117188
93.66254425048828
91.57278442382812
85.81852722167969
94.67276000976562
87.01097869873047
91.1420669555664
93.20278930664062
70.21060943603516
91.10677337646484
87.31082916259766
81.01710510253906
89.14850616455078
81.2608871459961
86.80020141601562
89.47637176513672
63.69120407104492
90.3933334350586
88.19505310058594
82.9540023803711
91.59529876708984
83.81365203857422
89.23558807373047
91.93896484375
66.46194458007812
92.79036712646484
90.87425231933594
85.82862854003906
94.48853302001953
86.70330810546875
91.51496887207031
93.81150817871094
69.2265853881836
93.01587677001953
89.83926391601562
84.02066040039062
91.09281921386719
81.8606948852539
86.6841049194336
89.028564453125
63.37227249145508
90.5620346069336
89.10836791992188
85.09808349609375
94.36292266845703
87.26094818115234
92.78661346435547
95.98839569091797
70.22160339355469
96.42891693115234
94.3313980102539
88.65682220458984
96.8079605102539
88.30410766601562
92.94215393066406
94.8875732421875
68.33879852294922
93.72769927978516
91.14204406738281
84.7085189819336
92.51969146728516
83.30574035644531
87.58123779296875
88.16178131103516
53.67641067504883
85.68724060058594
83.0611343383789
77.79078674316406
85.86945343017578
77.14727783203125
82.93116760253906
85.16547393798828
57.89551544189453
84.77054595947266
82.39612579345703
76.38002014160156
84.9846420288086
76.50867462158203
82.00959777832031
83.94351196289062
55.400909423828125
83.02066040039062
79.47478485107422
73.04867553710938
77.26823425292969
64.56636810302734
68.23573303222656
72.8971176147461
44.8350944519043
79.75873565673828
79.62039947509766
74.04624938964844
83.60722351074219
76.55079650878906
79.74051666259766
81.81027221679688
56.6724739074707
77.91339874267578
72.52904510498047
59.906002044677734
63.39998245239258
49.82903289794922
64.66303253173828
67.20186614990234
49.96501541137695
72.99202728271484
70.43663787841797
66.7122573852539
75.73536682128906
69.41240692138672
74.86673736572266
78.63924407958984
52.330963134765625
79.44670104980469
77.83795928955078
72.21927642822266
80.44622802734375
72.46749877929688
76.71442413330078
78.18844604492188
55.12651824951172
75.85009765625
72.55709075927734
66.7646255493164
73.7485122680664
