80.51118469238281
85.85503387451172
88.9255599975586
47.83144760131836
89.93091583251953
88.43183898925781
84.24272918701172
93.37971496582031
85.8560562133789
92.63570404052734
96.09361267089844
53.95896911621094
97.14849853515625
94.27529907226562
87.29301452636719
93.82156372070312
83.51620483398438
87.18690490722656
87.64866638183594
42.968143463134766
83.97926330566406
79.26254272460938
73.3636703491211
78.40428161621094
67.17430877685547
73.59291076660156
76.67926025390625
46.3944091796875
82.12782287597656
82.35335540771484
79.70677947998047
90.57304382324219
84.18160247802734
89.91600036621094
91.55988311767578
47.28541946411133
88.61378479003906
84.94782257080078
78.09457397460938
85.33515167236328
75.93214416503906
80.49320220947266
81.37081146240234
53.139102935791016
80.1590347290039
77.00172424316406
71.00407409667969
78.76993560791016
70.34811401367188
74.026123046875
75.91300964355469
57.52348709106445
73.55333709716797
72.33592987060547
62.46403121948242
72.81859588623047
66.32678985595703
67.98681640625
70.68868255615234
57.3726921081543
69.03849029541016
64.93333435058594
57.93413162231445
68.10639953613281
55.70329284667969
64.70618438720703
65.711181640625
48.40057373046875
68.70447540283203
65.27433013916016
65.02447509765625
70.749755859375
63.027408599853516
70.2901382446289
73.95648193359375
53.00571823120117
77.40386962890625
76.16346740722656
72.30664825439453
82.36609649658203
75.87459564208984
83.01718139648438
87.73535919189453
55.14645004272461
91.63636016845703
90.54060363769531
85.32613372802734
92.84361267089844
83.30970764160156
87.84455108642578
89.19993591308594
55.07462692260742
87.78485870361328
85.03782653808594
78.95686340332031
87.15410614013672
79.08329772949219
83.45046997070312
85.99678802490234
54.294647216796875
85.83975219726562
83.67822265625
78.76905059814453
86.8473129272461
78.28562927246094
84.51182556152344
86.87757110595703
55.74299621582031
87.72476196289062
85.71208953857422
81.00231170654297
89.65007019042969
82.00399017333984
87.82233428955078
91.04228973388672
47.32844161987305
90.91736602783203
87.59180450439453
81.15584564208984
87.91533660888672
78.06451416015625
82.69630432128906
83.50370025634766
53.09781265258789
81.18834686279297
77.76824188232422
72.14385986328125
78.84619903564453
69.67554473876953
73.74520874023438
75.5294418334961
55.908302307128906
73.35128784179688
70.88957214355469
64.97100830078125
72.44816589355469
63.4496955871582
69.549560546875
71.39352416992188
53.63679885864258
74.19458770751953
72.86307525634766
69.46070861816406
80.0060806274414
72.82640838623047
78.43405151367188
81.14717102050781
45.9827880859375
82.93933868408203
81.42813110351562
77.0589599609375
84.50743865966797
75.42971801757812
78.75183868408203
80.14051055908203
50.254539489746094
78.02762603759766
75.52515411376953
70.65581512451172
78.22050476074219
69.6270523071289
76.98672485351562
78.99495697021484
54.04618453979492
80.60517883300781
79.60000610351562
75.04557037353516
85.07958984375
78.50982666015625
84.6262435913086
88.57514953613281
52.30244064331055
89.42964935302734
86.65557861328125
81.1159439086914
88.42466735839844
79.29761505126953
84.27020263671875
86.03170013427734
51.75578689575195
84.63341522216797
81.95068359375
74.67384338378906
82.81693267822266
74.43535614013672
79.42915344238281
81.77014923095703
51.913692474365234
82.08265686035156
80.17406463623047
75.22822570800781
83.62452697753906
75.5918197631836
81.3998794555664
84.11361694335938
52.42271423339844
84.97103881835938
83.17118835449219
78.35826873779297
87.07437133789062
79.29191589355469
84.9447021484375
87.97454833984375
49.448238372802734
89.33834838867188
87.59998321533203
82.79399871826172
91.91442108154297
84.00484466552734
90.08013153076172
92.65787506103516
57.01039123535156
92.46569061279297
89.58724212646484
83.47450256347656
90.95408630371094
82.02218627929688
86.1793212890625
87.73759460449219
47.32789993286133
86.11248779296875
83.2195816040039
77.33399963378906
84.99998474121094
75.63712310791016
80.74498748779297
82.6295394897461
55.4252815246582
82.10840606689453
79.02313232421875
73.93724822998047
81.43852233886719
72.15177154541016
77.69145202636719
79.52619171142578
55.0302734375
78.64569854736328
76.06587219238281
70.11784362792969
78.24958038330078
70.19786834716797
74.13671112060547
76.74433898925781
49.73677444458008
77.08741760253906
75.02783966064453
70.4515609741211
78.37142181396484
69.69005584716797
75.29564666748047
77.12692260742188
54.79707717895508
76.5469741821289
74.55736541748047
68.01837921142578
76.9479751586914
68.57357788085938
72.66236877441406
75.3216781616211
47.83546447753906
74.2835464477539
72.13814544677734
64.40139770507812
73.4532699584961
64.79075622558594
68.03209686279297
68.50518035888672
48.85597610473633
67.28499603271484
67.39923095703125
67.44462585449219
79.59806823730469
74.70439147949219
82.39643096923828
85.87992095947266
54.7821044921875
86.0544204711914
83.1504135131836
76.4384765625
83.93385314941406
73.9319839477539
78.03045654296875
79.05306243896484
48.5692138671875
77.86471557617188
76.0520248413086
72.02054595947266
80.61710357666016
72.35542297363281
80.02458190917969
82.81788635253906
49.454246520996094
84.88197326660156
83.37969207763672
78.7896499633789
88.36019134521484
80.9195785522461
86.80864715576172
89.85774993896484
46.23408508300781
90.41378784179688
87.98368072509766
82.08251953125
89.8128890991211
80.75086975097656
85.6633529663086
87.17577362060547
52.23226547241211
85.89557647705078
83.12469482421875
76.9035415649414
84.97224426269531
76.669677734375
81.1945571899414
83.04572296142578
54.73114013671875
82.74417114257812
80.27593231201172
74.58914184570312
82.80364227294922
74.37464141845703
80.25130462646484
82.29915618896484
50.68247985839844
82.6150131225586
80.51811981201172
75.66798400878906
84.19110107421875
76.01945495605469
82.18195343017578
85.18611145019531
51.53056716918945
86.53645324707031
85.11296081542969
80.66806030273438
90.14319610595703
82.88050842285156
89.18804931640625
92.01002502441406
53.65079879760742
91.31341552734375
87.71422576904297
81.16840362548828
87.91419982910156
77.64611053466797
81.83404541015625
82.9791259765625
49.91688537597656
80.28890228271484
76.9429931640625
70.50346374511719
77.62783813476562
67.2720718383789
72.20813751220703
73.46758270263672
53.05272674560547
71.7439956665039
67.46375274658203
61.862422943115234
69.3660888671875
59.45486831665039
67.8736572265625
70.16592407226562
49.365203857421875
72.7406234741211
70.43324279785156
67.65196990966797
76.22689819335938
69.72498321533203
74.59454345703125
77.79021453857422
53.009796142578125
78.95214080810547
77.51838684082031
71.56217193603516
81.06808471679688
72.84284973144531
78.98136138916016
82.01957702636719
54.14558410644531
83.97016143798828
82.98646545410156
79.31494903564453
88.82112121582031
81.85517120361328
88.51226806640625
91.84870910644531
54.29768753051758
93.30734252929688
91.21279907226562
85.92919921875
94.18431854248047
85.7082748413086
90.7581558227539
92.78680419921875
49.55305862426758
92.32926177978516
89.8966293334961
84.45073699951172
92.70222473144531
84.18714141845703
89.2923355102539
91.33692169189453
53.1333122253418
89.70417022705078
86.48616027832031
79.9454345703125
88.78294372558594
80.94387817382812
86.58038330078125
89.3875732421875
43.79869079589844
90.00018310546875
87.91429138183594
82.94993591308594
91.3193588256836
82.8701171875
88.29933166503906
90.78883361816406
57.78736114501953
91.80998229980469
89.9477767944336
84.86383819580078
93.34140014648438
84.84392547607422
89.27226257324219
90.18551635742188
50.656734466552734
86.66500854492188
83.06796264648438
77.42325592041016
86.16261291503906
78.32984924316406
84.72306823730469
87.72481536865234
45.32025909423828
88.91600036621094
87.1011962890625
82.35179901123047
90.96663665771484
82.92974090576172
88.60550689697266
91.13796997070312
51.234153747558594
91.73326110839844
89.78881072998047
84.42118835449219
92.9980239868164
84.8499526977539
90.2912826538086
92.65826416015625
51.93206787109375
92.5163345336914
89.97115325927734
84.32686614990234
91.67485046386719
82.26539611816406
86.45547485351562
88.18575286865234
48.77559280395508
88.27750396728516
86.27759552001953
81.1968994140625
90.02201080322266
82.14561462402344
87.66294860839844
90.38727569580078
51.9129524230957
90.7957992553711
88.5472640991211
83.28952026367188
91.32951354980469
82.86399841308594
88.14838409423828
90.39071655273438
53.552669525146484
91.02340698242188
88.99443817138672
84.26123809814453
92.7723159790039
84.68570709228516
90.34146881103516
92.83915710449219
55.65973663330078
92.4109878540039
89.59730529785156
83.59901428222656
91.32490539550781
82.5655288696289
87.80189514160156
90.60425567626953
46.049217224121094
92.23981475830078
90.88495635986328
86.62549591064453
95.72998046875
88.10884857177734
94.13884735107422
96.97110748291016
55.13441848754883
97.32066345214844
94.9218521118164
89.20755004882812
97.16547393798828
88.27210235595703
93.14115905761719
94.88961029052734
54.15689468383789
93.8139877319336
90.83214569091797
85.13349914550781
92.90426635742188
84.07978057861328
88.8964614868164
90.59024810791016
52.50291061401367
88.99497985839844
85.37834167480469
78.47213745117188
86.06758880615234
77.25393676757812
82.52557373046875
84.58715057373047
46.96057891845703
83.8223648071289
81.28662872314453
76.01834869384766
83.50398254394531
74.14556121826172
79.09334564208984
80.6327896118164
48.78774642944336
79.22069549560547
76.10413360595703
70.29557800292969
80.8465805053711
73.92169189453125
80.25350189208984
83.49921417236328
48.44845199584961
83.62016296386719
81.6053695678711
76.83433532714844
84.86954498291016
76.74703216552734
82.28462982177734
83.84002685546875
52.096683502197266
80.20303344726562
73.26322174072266
62.88669967651367
71.129150390625
67.55844116210938
73.90428161621094
77.68965911865234
51.98759841918945
78.29952239990234
76.43819427490234
70.37364196777344
79.01554107666016
71.82401275634766
76.21880340576172
79.75711822509766
42.67936706542969
79.84357452392578
77.69035339355469
73.58173370361328
81.50603485107422
73.1111068725586
78.61239624023438
79.76870727539062
55.45723342895508
78.07947540283203
74.00432586669922
67.42137145996094
76.10926818847656
