82.25786590576172
87.92607879638672
90.7856216430664
63.306339263916016
91.7892074584961
90.03182983398438
85.34354400634766
94.40306091308594
86.99433898925781
93.3663330078125
96.44400024414062
66.4875717163086
98.36176300048828
95.93873596191406
90.78166198730469
97.51529693603516
87.27099609375
90.99581909179688
91.3276138305664
46.542972564697266
87.33240509033203
83.45967864990234
75.08782958984375
83.4006118774414
75.53772735595703
80.10409545898438
84.80464172363281
61.171504974365234
89.30816650390625
89.23680877685547
86.73800659179688
96.4481201171875
88.42375183105469
94.54454803466797
95.6766357421875
58.72357177734375
93.05899047851562
89.51580047607422
82.7635726928711
90.19071960449219
80.95036315917969
85.7261734008789
87.04277038574219
60.166786193847656
85.57491302490234
82.93072509765625
76.65279388427734
84.66878509521484
75.89949035644531
80.50376892089844
82.3716049194336
57.804168701171875
82.1819839477539
78.49930572509766
73.3266372680664
81.24089050292969
72.58580780029297
77.64006042480469
79.58123779296875
53.37039566040039
78.6910400390625
76.58747100830078
70.09951782226562
78.36277770996094
68.50323486328125
75.19168853759766
76.43234252929688
43.656150817871094
76.0162124633789
73.58378601074219
68.12821960449219
76.12688446044922
67.81200408935547
71.72958374023438
73.63899230957031
51.65468978881836
72.6475830078125
68.06134033203125
65.8435287475586
73.03782653808594
64.03739166259766
70.47232055664062
72.7569351196289
55.30575180053711
77.22494506835938
77.28073120117188
74.95994567871094
86.09490203857422
80.45985412597656
87.73308563232422
90.11305236816406
57.539424896240234
88.90521240234375
85.82017517089844
79.57239532470703
88.00263214111328
79.57464599609375
84.53939056396484
86.60394287109375
45.29582214355469
86.53154754638672
84.17892456054688
78.8796157836914
87.87592315673828
79.4897689819336
84.99710845947266
87.85669708251953
52.94931411743164
88.3456039428711
86.4217300415039
80.69429016113281
89.89196014404297
82.63922119140625
88.28633880615234
91.92930603027344
62.01254653930664
92.43920135498047
89.76716613769531
82.22091674804688
89.810791015625
80.530029296875
83.95849609375
84.90984344482422
55.00510787963867
82.12737274169922
79.26710510253906
72.18600463867188
80.10520935058594
72.42610931396484
74.62091064453125
76.98097229003906
49.122825622558594
74.69871520996094
72.17769622802734
66.19464874267578
75.05577850341797
67.56534576416016
72.03231811523438
74.83158111572266
41.22821044921875
77.44879913330078
76.8402328491211
73.5263900756836
82.4722900390625
73.2716293334961
80.90973663330078
83.26698303222656
54.60940170288086
84.51058959960938
82.97652435302734
78.63079833984375
86.79164123535156
77.71363830566406
82.04621887207031
82.5683822631836
50.23897171020508
79.82010650634766
75.72025299072266
69.39649200439453
76.6464614868164
67.58589935302734
71.3932113647461
73.44920349121094
49.014495849609375
73.24349975585938
70.50276184082031
64.15845489501953
73.33380126953125
68.58206176757812
69.64158630371094
73.37505340576172
62.84798049926758
72.50825500488281
73.072021484375
55.89840316772461
75.56442260742188
70.4684066772461
72.47199249267578
78.13215637207031
59.861812591552734
80.80907440185547
79.9258041381836
74.8752670288086
84.36309051513672
76.94609832763672
81.0987548828125
83.07144927978516
56.11249923706055
81.75885772705078
79.5927734375
73.73548889160156
82.09341430664062
73.7406997680664
78.91015625
81.44635772705078
53.07117462158203
81.50200653076172
79.98116302490234
74.33685302734375
83.35165405273438
75.80106353759766
80.65382385253906
83.97998046875
61.20855712890625
85.32177734375
84.08686065673828
77.18963623046875
87.55400848388672
81.06217193603516
84.56156921386719
88.29707336425781
66.80469512939453
88.80789184570312
88.04122161865234
80.04686737060547
90.66841125488281
84.00790405273438
86.36736297607422
88.88948059082031
67.76283264160156
86.71574401855469
84.02371978759766
77.20944213867188
85.21116638183594
76.41565704345703
80.4620590209961
82.77194213867188
57.678871154785156
81.38179779052734
77.95391082763672
71.7808837890625
80.49495697021484
72.34796905517578
76.29019165039062
77.921142578125
48.756690979003906
76.99891662597656
74.48159790039062
70.47603607177734
76.93189239501953
68.73272705078125
74.48186492919922
77.67108154296875
42.70710754394531
79.38833618164062
77.36618041992188
71.50183868408203
80.08102416992188
70.84539794921875
76.41718292236328
78.53443145751953
42.19631576538086
78.36933898925781
75.84475708007812
70.2448501586914
77.87945556640625
71.11763763427734
75.67037200927734
77.39509582519531
52.038394927978516
76.81554412841797
73.9061279296875
65.79248809814453
71.2813949584961
59.25945281982422
64.97822570800781
67.77072143554688
55.795772552490234
65.83425903320312
65.66094207763672
64.61964416503906
73.51486206054688
69.30767822265625
77.14851379394531
81.822021484375
51.92233657836914
84.40255737304688
81.66773223876953
76.87078857421875
84.78750610351562
76.31758880615234
81.69462585449219
84.25719451904297
48.752105712890625
84.2969970703125
82.12049865722656
76.71771240234375
85.33895874023438
77.36658477783203
83.09228515625
85.76716613769531
56.40793228149414
87.04267883300781
85.29066467285156
81.35172271728516
89.90571594238281
81.70006561279297
88.26953125
90.66692352294922
57.586544036865234
90.5981674194336
87.82008361816406
82.18852233886719
89.74395751953125
80.90283966064453
85.85122680664062
87.76126861572266
47.60274124145508
86.7625961303711
83.96734619140625
78.15476989746094
86.28604888916016
77.38951873779297
82.70362854003906
84.7780532836914
44.40959167480469
84.35327911376953
81.94204711914062
76.92230987548828
84.88581848144531
76.4787368774414
82.29876708984375
84.6275405883789
30.82833480834961
84.91468048095703
83.04862213134766
78.01358032226562
86.92303466796875
79.18866729736328
85.06852722167969
88.0015869140625
61.24192810058594
89.68627166748047
88.3053970336914
83.4891586303711
92.88829803466797
85.14244842529297
90.0836410522461
91.52693176269531
66.87812042236328
88.66015625
84.21866607666016
78.2527084350586
84.01609802246094
74.24441528320312
78.65906524658203
78.84819030761719
56.430885314941406
76.48560333251953
71.92450714111328
66.34701538085938
72.71975708007812
62.324161529541016
68.04930114746094
66.82695770263672
50.70363998413086
67.37498474121094
67.1649398803711
64.18059539794922
73.41570281982422
65.06216430664062
72.76580047607422
77.26656341552734
53.072265625
80.595947265625
79.83576965332031
75.30978393554688
84.85464477539062
77.21295928955078
84.2126693725586
87.67057037353516
58.230281829833984
88.62379455566406
86.78430938720703
81.2799301147461
90.06361389160156
82.20796966552734
87.23591613769531
90.37943267822266
64.37210845947266
91.16880798339844
90.33167266845703
82.15397644042969
92.10879516601562
84.04177856445312
87.79488372802734
88.34355163574219
74.34201049804688
87.48516082763672
82.468505859375
81.78913116455078
87.32855987548828
77.75967407226562
85.59312438964844
87.89221954345703
61.084320068359375
88.68736267089844
86.49262237548828
81.59355163574219
89.83707427978516
81.33088684082031
86.65423583984375
88.66178131103516
53.21141052246094
87.57612609863281
85.02174377441406
80.43769073486328
88.76219177246094
80.65496826171875
86.72128295898438
89.39539337158203
53.85244369506836
90.21873474121094
88.24819946289062
83.37079620361328
91.84719848632812
83.58609008789062
89.45513916015625
91.6041488647461
58.84547424316406
91.4051284790039
88.42310333251953
82.74375915527344
90.46823120117188
81.97006225585938
87.82858276367188
90.66293334960938
58.1814079284668
91.9129638671875
90.03218841552734
85.17296600341797
93.92597198486328
85.93473815917969
91.74910736083984
94.40184783935547
64.03598022460938
94.86862182617188
92.617919921875
87.67547607421875
95.9552993774414
87.29557037353516
92.96585845947266
95.15453338623047
64.0392074584961
95.43702697753906
93.30068969726562
88.38026428222656
96.73296356201172
88.67938995361328
93.92967987060547
96.10958862304688
62.050071716308594
94.8348617553711
91.18206787109375
84.44207763671875
91.1766357421875
81.49684143066406
86.66387176513672
89.05729675292969
57.687461853027344
90.28971862792969
88.51900482177734
83.33168029785156
92.32643127441406
84.56448364257812
90.03687286376953
92.721435546875
56.47145462036133
93.24443054199219
91.32424926757812
86.22869110107422
94.83018493652344
86.85964965820312
92.48355865478516
95.15431213378906
59.34425354003906
95.96541595458984
94.16226959228516
89.07674407958984
97.8139877319336
89.90222930908203
95.49806213378906
98.22533416748047
64.90245056152344
98.80844116210938
96.97916412353516
91.67340087890625
100.46450805664062
92.66429138183594
97.70489501953125
100.33505249023438
68.78801727294922
100.21312713623047
98.04730987548828
92.02823638916016
100.49534606933594
92.2484130859375
96.75439453125
98.88565826416016
68.32653045654297
97.89568328857422
95.15984344482422
89.11843872070312
97.25067138671875
88.88530731201172
93.47408294677734
95.69799041748047
65.5744857788086
95.02275848388672
92.80772399902344
86.51803588867188
95.14837646484375
87.27567291259766
91.26087188720703
93.46356201171875
69.31060791015625
90.36109161376953
86.68399047851562
79.70718383789062
87.84227752685547
80.16529083251953
84.9769515991211
87.55335998535156
63.36125564575195
87.7428970336914
85.62722778320312
80.04048156738281
88.59860229492188
80.45938873291016
85.51699829101562
88.24781799316406
60.01634216308594
87.65840148925781
85.3427963256836
79.09698486328125
87.37644958496094
78.7975082397461
84.38822937011719
86.5155258178711
61.18771743774414
86.10558319091797
82.81478881835938
76.09741973876953
82.7639389038086
72.47379302978516
75.4367904663086
75.79832458496094
45.943092346191406
75.22797393798828
74.51895141601562
70.11370086669922
78.9657974243164
71.07127380371094
76.87687683105469
79.60913848876953
46.83546829223633
79.70716094970703
77.21794128417969
72.35809326171875
80.4644775390625
71.58845520019531
77.66480255126953
80.19026947021484
46.223350524902344
80.19023895263672
78.06840515136719
72.36622619628906
81.48289489746094
73.476318359375
78.3025131225586
81.38563537597656
49.50828170776367
81.93881225585938
79.82698822021484
74.29638671875
83.38058471679688
