80.21310424804688
81.6385269165039
80.85836791992188
82.3622055053711
81.8921890258789
83.64207458496094
83.21976470947266
85.16098022460938
85.00740814208984
87.25042724609375
86.86356353759766
89.46913146972656
89.27565002441406
91.86532592773438
91.28462219238281
92.94873809814453
90.25872802734375
90.29553985595703
86.73103332519531
86.45310974121094
82.50936889648438
82.885009765625
78.06160736083984
78.52151489257812
73.68309783935547
73.44393157958984
69.48786926269531
61.93754577636719
71.60186767578125
69.44722747802734
79.03132629394531
78.89116668701172
84.1173324584961
84.39836883544922
86.16460418701172
84.10718536376953
84.07804870605469
82.0101089477539
81.10345458984375
79.60140228271484
78.87033081054688
77.77935028076172
76.96160125732422
75.70516967773438
75.15718841552734
74.24658203125
73.77056121826172
73.10787200927734
72.17285919189453
71.6744155883789
71.37265014648438
70.28884887695312
70.4604721069336
69.8288345336914
69.24578857421875
69.16484832763672
68.81407928466797
68.48030090332031
67.5603256225586
66.8542251586914
66.55096435546875
65.52394104003906
65.9990005493164
64.71029663085938
67.20935821533203
64.84809875488281
63.47453308105469
65.639404296875
65.58403778076172
66.25801849365234
63.78682327270508
63.74302673339844
66.38992309570312
66.06180572509766
65.2848129272461
67.15725708007812
67.29624938964844
67.08154296875
66.01734924316406
67.30559539794922
66.81689453125
67.4345474243164
68.1126480102539
69.02042388916016
68.67695617675781
69.57886505126953
70.85987854003906
73.04022216796875
73.87210845947266
76.04753112792969
78.77107238769531
80.32817840576172
81.47604370117188
81.46926879882812
82.01234436035156
81.63593292236328
81.95281982421875
81.64967346191406
82.34867095947266
82.48733520507812
82.95366668701172
83.434326171875
83.92284393310547
84.4234848022461
84.24998474121094
83.9669189453125
82.83079528808594
81.48677062988281
79.49017333984375
77.92623138427734
75.8430404663086
75.40544891357422
73.76026916503906
74.24266052246094
72.53302001953125
72.6880874633789
70.19624328613281
70.4565200805664
67.72769165039062
68.33702087402344
65.99323272705078
68.44923400878906
65.5165023803711
66.0971450805664
66.08372497558594
65.5512924194336
63.02169418334961
64.26750946044922
61.77439880371094
62.625091552734375
58.884254455566406
63.345458984375
58.36534881591797
61.96904754638672
59.59461975097656
62.492828369140625
61.874755859375
61.644439697265625
61.471923828125
58.75984191894531
61.80957794189453
63.85347366333008
63.083038330078125
61.41045379638672
54.430633544921875
61.373050689697266
64.68296813964844
67.7898941040039
69.44697570800781
70.05789184570312
69.94124603271484
68.86834716796875
65.33119201660156
64.69432067871094
60.32448196411133
61.459434509277344
57.331478118896484
51.661556243896484
48.458194732666016
52.503238677978516
60.47469711303711
60.09318923950195
64.36447143554688
64.89035034179688
66.19263458251953
66.27597045898438
67.73262786865234
66.33015441894531
67.57268524169922
66.56340026855469
67.85095977783203
66.18165588378906
67.06590270996094
66.84877014160156
66.56236267089844
66.11466217041016
65.77638244628906
65.50938415527344
67.31379699707031
65.85265350341797
68.2359390258789
69.76814270019531
69.77989196777344
71.23841094970703
71.68480682373047
72.45917510986328
72.11528015136719
72.66555786132812
72.86894989013672
72.65925598144531
72.95298767089844
73.6684341430664
73.82490539550781
74.224365234375
74.61830139160156
75.00946807861328
75.77265930175781
75.85340881347656
76.30014038085938
76.04859161376953
75.95877075195312
75.65079498291016
75.41631317138672
75.23348236083984
76.02526092529297
76.49071502685547
77.73445892333984
78.24384307861328
79.32179260253906
80.2576675415039
81.14652252197266
81.46880340576172
81.9451904296875
81.44636535644531
81.08285522460938
80.35476684570312
79.76294708251953
79.00348663330078
78.3104248046875
77.38613891601562
76.79415130615234
75.87968444824219
75.93575286865234
74.89344787597656
73.94788360595703
72.99323272705078
73.77882385253906
72.84599304199219
72.33722686767578
71.41915130615234
71.35107421875
70.73514556884766
70.16211700439453
69.34009552001953
69.91730499267578
68.7886962890625
68.44965362548828
68.02363586425781
68.33781433105469
69.16352081298828
70.76612854003906
70.8827896118164
71.55367279052734
70.62769317626953
70.97323608398438
70.36184692382812
70.82931518554688
70.64138793945312
70.14302062988281
70.12156677246094
69.98442840576172
70.18296813964844
70.02864837646484
68.91262817382812
69.14309692382812
69.39592742919922
69.6823501586914
69.76776123046875
69.35196685791016
70.32276153564453
70.34075164794922
69.41173553466797
68.83041381835938
69.67095184326172
68.92460632324219
68.79744720458984
67.95384979248047
68.48098754882812
67.1341552734375
66.1897964477539
65.4027099609375
64.591796875
66.59611511230469
68.17855072021484
71.59317016601562
73.36295318603516
75.28753662109375
76.09754180908203
76.96994018554688
77.44267272949219
77.94051361083984
78.08334350585938
78.66549682617188
78.66592407226562
78.79630279541016
78.65375518798828
78.98446655273438
79.0409927368164
79.639404296875
79.6872787475586
80.74575805664062
81.18622589111328
81.86166381835938
81.59908294677734
82.06041717529297
81.6864013671875
82.44310760498047
82.21766662597656
83.84076690673828
83.51034545898438
84.30723571777344
83.33808135986328
83.52018737792969
81.92780303955078
81.92715454101562
80.90089416503906
81.03947448730469
79.94771575927734
80.42527770996094
78.5940170288086
79.08216857910156
78.12066650390625
78.72443389892578
77.68550109863281
78.17501831054688
77.41752624511719
78.00173950195312
77.23556518554688
77.7467041015625
77.46617889404297
78.20808410644531
77.66178894042969
78.16350555419922
77.65821075439453
78.81104278564453
78.22633361816406
78.77230834960938
78.5995101928711
79.81488800048828
79.58692932128906
80.8589859008789
80.63771057128906
81.98328399658203
81.77510070800781
83.25357055664062
83.12319946289062
84.42024993896484
84.07042694091797
84.79580688476562
83.37356567382812
83.06050872802734
81.08837127685547
80.31234741210938
77.47350311279297
77.0911636352539
73.83541870117188
73.28669738769531
70.54267883300781
70.73480224609375
67.08221435546875
67.88579559326172
67.9983901977539
67.65626525878906
68.9817123413086
69.89176177978516
71.77499389648438
72.45806884765625
74.53314208984375
74.61515045166016
76.88528442382812
76.43485260009766
79.41284942626953
79.8475112915039
82.5505142211914
83.19165802001953
86.0830078125
86.53483581542969
88.89595794677734
87.95484161376953
88.588134765625
85.95989990234375
85.88874053955078
83.10972595214844
83.18896484375
80.37173461914062
80.78229522705078
78.21688079833984
78.71837615966797
75.80606079101562
76.57928466796875
74.00767517089844
74.65023040771484
73.89286804199219
74.58214569091797
75.75753784179688
77.25216674804688
78.27241516113281
80.24178314208984
81.55838012695312
83.3187026977539
84.11946105957031
85.28241729736328
85.4828109741211
86.10621643066406
85.85530090332031
85.92500305175781
85.43287658691406
85.26283264160156
84.67096710205078
84.310302734375
83.58242797851562
83.26717376708984
82.14893341064453
81.73796081542969
81.31610107421875
82.33969116210938
82.46162414550781
83.41924285888672
83.46456909179688
83.86770629882812
83.84105682373047
84.13521575927734
84.09123992919922
84.58837127685547
84.42393493652344
84.62641143798828
84.58883666992188
84.83438110351562
84.6771240234375
85.00080871582031
84.73724365234375
84.79753112792969
84.4443130493164
84.30126190185547
83.68639373779297
83.67731475830078
83.7816162109375
84.10449981689453
84.55779266357422
85.0624008178711
85.29136657714844
85.72599792480469
85.74817657470703
85.95917510986328
86.30619049072266
86.44815063476562
86.5622329711914
86.7104263305664
87.0207748413086
87.19151306152344
87.7113037109375
87.89745330810547
88.2247085571289
88.39231872558594
88.47299194335938
88.54082489013672
88.60697937011719
88.6719970703125
88.63106536865234
88.59973907470703
88.52559661865234
88.29747772216797
87.94686889648438
87.28141021728516
86.37149810791016
85.05120086669922
84.1597900390625
83.18983459472656
83.20771789550781
83.17378234863281
83.7354736328125
83.89491271972656
84.61087036132812
84.91570281982422
85.3775634765625
85.59021759033203
85.99176025390625
86.27799224853516
86.68343353271484
86.94816589355469
87.21697998046875
87.46647644042969
88.06436157226562
88.2353286743164
88.52241516113281
88.86055755615234
89.24890899658203
89.46205139160156
89.79988861083984
89.9914779663086
90.15597534179688
89.98046112060547
89.84970092773438
89.6637191772461
89.42994689941406
89.88664245605469
90.19158935546875
90.97026824951172
91.35623168945312
91.85559844970703
91.86099243164062
91.9634017944336
91.61344909667969
91.3502197265625
90.8210678100586
90.37793731689453
89.76995086669922
89.25591278076172
88.57222747802734
88.01912689208984
87.3532943725586
86.73968505859375
85.83960723876953
85.16155242919922
84.00399017333984
83.02320098876953
80.95194244384766
80.63829040527344
80.10282897949219
80.3985595703125
80.3814468383789
80.63970947265625
80.33968353271484
80.33709716796875
79.80236053466797
79.64420318603516
79.30059051513672
78.72126770019531
78.43862915039062
77.85731506347656
77.16014862060547
77.26212310791016
76.32096099853516
77.29336547851562
77.22820281982422
79.50923156738281
79.73210144042969
81.16129302978516
79.950439453125
80.01212310791016
78.33161163330078
77.97752380371094
76.8681411743164
76.63691711425781
76.15154266357422
76.89791107177734
77.23363494873047
78.00927734375
78.00481414794922
78.85304260253906
78.97279357910156
79.53107452392578
78.3740463256836
77.96334075927734
75.87977600097656
74.5577163696289
70.5228500366211
68.24290466308594
60.19610595703125
62.70661163330078
67.08309173583984
72.15923309326172
73.87382507324219
75.71113586425781
75.79080963134766
76.38516998291016
76.20112609863281
75.57291412353516
75.29666900634766
74.3478012084961
73.16361236572266
71.82054138183594
71.38792419433594
69.86480712890625
70.93083190917969
71.11966705322266
71.17041778564453
71.55828857421875
72.07241821289062
72.25592803955078
72.48242950439453
73.16254425048828
73.14257049560547
74.05660247802734
74.17831420898438
73.91498565673828
