83.19690704345703
89.1991195678711
91.83141326904297
47.54104232788086
92.76780700683594
91.1169662475586
86.38506317138672
95.54120635986328
87.7557144165039
94.36551666259766
97.63819122314453
60.70961380004883
99.83683013916016
98.91704559326172
94.8228759765625
104.1432113647461
95.59697723388672
100.3231430053711
101.00897979736328
59.59100341796875
96.96637725830078
92.79920959472656
85.95873260498047
92.27619171142578
82.458251953125
85.23385620117188
85.38250732421875
56.70934295654297
78.70954895019531
71.9305191040039
72.74105834960938
82.92842864990234
78.42630004882812
87.57867431640625
92.91259002685547
58.38833236694336
96.13631439208984
93.3797607421875
87.3785171508789
94.14794921875
84.41919708251953
88.43134307861328
89.76856231689453
62.13848114013672
87.78887176513672
84.48290252685547
78.1941146850586
86.30318450927734
78.36974334716797
82.13402557373047
84.1067886352539
56.36000442504883
83.2494888305664
79.92378997802734
75.15351867675781
82.69020080566406
74.88031005859375
78.61681365966797
81.50918579101562
53.98428726196289
80.73108673095703
78.46212768554688
73.68800354003906
81.42201232910156
73.56986236572266
78.30379486083984
81.340087890625
54.797298431396484
80.85897064208984
79.993408203125
73.54531860351562
82.64789581298828
74.5142822265625
80.48596954345703
82.84990692138672
51.10665512084961
84.33416748046875
82.04087829589844
77.57266235351562
86.08734130859375
77.80020904541016
84.61908721923828
87.43997192382812
56.91877365112305
88.22534942626953
86.39213562011719
81.65789794921875
89.82484436035156
80.60783386230469
82.03640747070312
78.43449401855469
63.81301498413086
89.78018188476562
89.06744384765625
84.14734649658203
92.3834457397461
83.86492919921875
88.54252624511719
90.49151611328125
57.890995025634766
89.59977722167969
86.83927917480469
81.66902160644531
89.4129638671875
80.64833068847656
85.19320678710938
86.12298583984375
46.03870391845703
81.3910903930664
76.89935302734375
71.25056457519531
81.0115737915039
74.2774658203125
80.24085235595703
83.28093719482422
55.66273880004883
84.8635025024414
83.21684265136719
78.22040557861328
87.10762023925781
79.38631439208984
85.60281372070312
89.26715850830078
49.0375862121582
90.99008178710938
89.93968200683594
85.5749740600586
95.31574249267578
88.55599975585938
94.94292449951172
98.47981262207031
58.12815856933594
99.80078125
97.36104583740234
91.59718322753906
99.16795349121094
90.04824829101562
94.65702819824219
96.34483337402344
55.993011474609375
95.2556381225586
92.53052520751953
86.87029266357422
95.07667541503906
86.42120361328125
91.8531265258789
94.15387725830078
52.666290283203125
93.93860626220703
91.62989044189453
86.21961212158203
94.87598419189453
86.65522003173828
91.302490234375
91.77755737304688
56.12273025512695
85.66353607177734
79.84632873535156
71.50144958496094
80.51362609863281
75.10262298583984
78.96407318115234
81.73081970214844
44.64976119995117
83.46470642089844
81.32076263427734
77.07283020019531
85.78947448730469
78.13273620605469
83.79771423339844
86.83075714111328
50.50160598754883
87.56986236572266
85.94683074951172
80.90906524658203
90.26997375488281
82.51100158691406
88.4158935546875
91.49695587158203
59.387664794921875
92.9730453491211
91.26936340332031
86.78083801269531
96.0430679321289
88.49414825439453
94.22177124023438
96.78136444091797
55.71553039550781
96.23377227783203
93.12979125976562
86.84532928466797
94.19781494140625
84.8690185546875
89.126708984375
90.5888671875
49.834285736083984
88.9440689086914
85.65929412841797
80.02091217041016
87.4408187866211
78.29679107666016
83.07349395751953
85.0619888305664
49.96147918701172
84.08973693847656
81.1449203491211
75.60201263427734
83.6529769897461
75.17504119873047
79.7254638671875
81.67891693115234
52.95643615722656
81.41282653808594
78.36341094970703
73.5133056640625
81.03309631347656
71.10388946533203
77.15034484863281
79.19189453125
52.462310791015625
78.72267150878906
75.04320526123047
69.84049987792969
77.89021301269531
69.88755798339844
74.49036407470703
75.40303802490234
51.197750091552734
75.2593002319336
74.3096694946289
68.5667953491211
80.18144989013672
74.56352996826172
80.46202087402344
83.6142578125
58.42041015625
83.08949279785156
80.70344543457031
75.00687408447266
82.55198669433594
74.54662322998047
79.52764129638672
81.84063720703125
56.92647933959961
81.67668914794922
79.52218627929688
75.36366271972656
83.2541732788086
75.2286376953125
80.62097930908203
82.51415252685547
52.03410720825195
82.31050872802734
78.7777099609375
73.52699279785156
81.88904571533203
75.20612335205078
80.95814514160156
83.55455780029297
52.79522705078125
84.95441436767578
82.79415130615234
77.52628326416016
85.33617401123047
76.66219329833984
81.47783660888672
82.82421875
44.049476623535156
81.19586181640625
77.28266143798828
72.03325653076172
80.8243179321289
73.39427185058594
78.3894271850586
82.0378646850586
56.372737884521484
84.67605590820312
83.28694915771484
77.63562774658203
86.071044921875
78.10844421386719
83.42699432373047
86.0193099975586
43.92216491699219
86.1423110961914
84.05162811279297
78.84164428710938
87.42406463623047
79.31291961669922
85.64054870605469
88.30117797851562
51.337310791015625
90.0062484741211
88.70618438720703
84.48883819580078
93.90958404541016
86.74581146240234
93.13026428222656
96.56987762451172
48.623287200927734
97.29708862304688
94.73033142089844
88.70171356201172
96.1888198852539
86.88136291503906
91.59361267089844
93.0609130859375
54.9599723815918
91.92068481445312
88.92379760742188
82.95623779296875
91.05864715576172
82.47164154052734
87.53462982177734
89.47960662841797
49.7520637512207
89.18495178222656
86.674072265625
81.1806869506836
89.57958984375
80.99706268310547
86.5470199584961
89.20088958740234
45.928619384765625
89.91355895996094
88.1395492553711
83.45682525634766
91.91275787353516
83.98106384277344
89.93986511230469
92.67803192138672
47.765655517578125
92.62674713134766
89.41797637939453
82.69979095458984
89.16741943359375
79.11200714111328
82.38119506835938
82.1263198852539
54.6410026550293
80.99531555175781
78.72268676757812
73.61622619628906
83.07721710205078
75.31077575683594
81.92776489257812
85.17027282714844
48.61213302612305
86.82300567626953
85.13088989257812
80.82636260986328
89.7646713256836
81.6231918334961
87.69340515136719
90.62641143798828
46.30671691894531
92.37332916259766
91.22086334228516
86.75755310058594
96.47650909423828
89.29015350341797
95.63121032714844
99.08026123046875
52.38035202026367
100.64570617675781
98.85099029541016
93.62666320800781
101.66268157958984
92.5845718383789
97.09264373779297
98.3305892944336
52.90445327758789
96.1161117553711
92.5659408569336
85.94397735595703
93.38182830810547
84.11630249023438
88.65498352050781
90.15679931640625
59.426116943359375
90.47270965576172
89.34268951416016
85.30064392089844
95.19166564941406
88.26586151123047
94.51734161376953
97.43448638916016
53.189422607421875
97.70359802246094
95.17744445800781
89.7016372680664
97.72714233398438
89.17595672607422
94.178955078125
96.36721801757812
49.762298583984375
96.0462875366211
93.67247009277344
88.25556945800781
96.35698699951172
87.67985534667969
92.99210357666016
95.08100891113281
57.20076370239258
93.7460708618164
90.96387481689453
85.40132141113281
94.41204071044922
86.4742431640625
91.9192123413086
94.56556701660156
50.4755744934082
95.02412414550781
92.77360534667969
87.65298461914062
96.18376922607422
87.83431243896484
93.40162658691406
95.79977416992188
48.47038269042969
95.81880950927734
93.345458984375
87.98799133300781
96.0831298828125
86.93624114990234
92.27363586425781
94.22017669677734
55.78610610961914
95.28043365478516
93.5242919921875
88.90755462646484
97.71416473388672
89.67840576171875
95.26750946044922
97.74649047851562
58.813961029052734
98.33582305908203
96.41810607910156
91.66107177734375
100.49471282958984
92.803955078125
98.39398956298828
101.00387573242188
49.60670852661133
101.3620376586914
99.0208511352539
93.60868835449219
101.58826446533203
92.37065887451172
96.53377532958984
97.42486572265625
52.08610916137695
95.1306381225586
92.37709045410156
87.08040618896484
95.67613983154297
87.48424530029297
93.2835922241211
95.92667388916016
48.19380187988281
96.39649200439453
94.30371856689453
89.26197052001953
97.65026092529297
89.39884185791016
95.20389556884766
97.86109924316406
53.47617721557617
98.84666442871094
97.01715850830078
92.3121337890625
101.03192138671875
93.01374053955078
98.88340759277344
101.45599365234375
52.45676803588867
101.86514282226562
99.37113952636719
93.90937805175781
102.04607391357422
93.77096557617188
99.59886932373047
102.62471008300781
56.02754211425781
104.12278747558594
102.36954498291016
97.31153869628906
105.8804931640625
97.39329528808594
102.4931411743164
104.4489974975586
56.91861343383789
103.53199005126953
100.6864242553711
94.85236358642578
102.83939361572266
94.0186538696289
99.04678344726562
101.1246566772461
46.14739227294922
100.50096130371094
97.56725311279297
91.1692886352539
97.62831115722656
86.49008178710938
88.906494140625
87.59371185302734
52.06827163696289
79.42652130126953
74.49279022216797
61.59724044799805
73.66526794433594
68.23790740966797
71.74348449707031
74.8265380859375
48.33530044555664
75.94416046142578
72.48120880126953
68.04533386230469
74.68167114257812
67.90718841552734
74.26945495605469
77.43209075927734
32.767539978027344
81.25585174560547
80.4722900390625
76.5340347290039
85.96461486816406
78.47408294677734
84.31499481201172
87.14651489257812
54.15052795410156
87.76801300048828
85.30834197998047
79.95823669433594
88.26563262939453
80.528564453125
85.02009582519531
87.04418182373047
54.232940673828125
84.42933654785156
80.0146484375
70.96223449707031
76.73241424560547
67.35186767578125
74.2234878540039
79.29712677001953
47.98398971557617
85.66863250732422
85.78459167480469
82.14903259277344
91.43548583984375
83.51260375976562
88.49767303466797
90.4730453491211
55.86460876464844
88.95873260498047
85.45144653320312
79.46976470947266
87.5631332397461
79.1360092163086
84.6583023071289
87.23958587646484
51.26924133300781
87.2886962890625
85.0635757446289
79.97825622558594
88.02726745605469
79.50558471679688
84.2608642578125
86.22430419921875
59.08566665649414
85.50886535644531
83.49681091308594
78.0225830078125
85.62362670898438
