83.56254577636719
84.43500518798828
86.15451049804688
86.3156509399414
88.21781921386719
88.69916534423828
89.86904907226562
90.18848419189453
89.52577209472656
88.73658752441406
86.46856689453125
85.6005859375
82.86985778808594
81.49410247802734
80.18887329101562
77.05856323242188
76.93849182128906
72.74778747558594
72.47820281982422
71.4974136352539
66.05001068115234
71.93919372558594
73.75132751464844
75.23936462402344
80.12218475341797
81.22085571289062
84.42540740966797
84.57449340820312
84.47631072998047
83.5475082397461
80.95144653320312
81.57622528076172
78.07029724121094
78.73194122314453
77.34271240234375
74.24749755859375
76.3174057006836
71.60702514648438
74.4231948852539
72.31427001953125
70.110107421875
71.97967529296875
65.48451232910156
70.3027114868164
68.60845184326172
64.16027069091797
67.52822875976562
58.1406364440918
64.73798370361328
64.07180786132812
52.64202880859375
64.987060546875
61.79924011230469
59.6942024230957
64.83473205566406
60.47935104370117
62.13315963745117
67.07422637939453
50.454105377197266
67.40587615966797
66.89381408691406
64.23187255859375
70.86368560791016
67.34173583984375
73.19438171386719
73.60486602783203
73.1393814086914
77.55799102783203
76.88511657714844
80.27350616455078
81.0899429321289
82.63324737548828
82.50582885742188
81.44013977050781
81.35897064208984
78.71963500976562
79.22027587890625
76.84844970703125
76.59039306640625
76.94200897216797
73.08419036865234
76.11965942382812
73.11712646484375
73.95037841796875
74.35262298583984
70.83177947998047
74.12153625488281
70.7170181274414
71.24853515625
72.811767578125
67.75796508789062
73.07411193847656
70.53504180908203
70.3924331665039
72.30484771728516
67.7645492553711
72.48865509033203
70.79723358154297
70.84932708740234
72.88602447509766
67.46379852294922
72.73277282714844
70.79094696044922
70.80085754394531
73.20398712158203
68.94408416748047
73.26676940917969
71.05047607421875
71.73509979248047
73.79696655273438
69.78511047363281
73.29627990722656
71.37158203125
71.97528076171875
74.43333435058594
70.67981719970703
74.59193420410156
72.57865142822266
73.90444946289062
75.08162689208984
70.99121856689453
74.3639907836914
68.90499877929688
70.25506591796875
69.88089752197266
64.19706726074219
71.13984680175781
68.39775848388672
69.59715270996094
72.86318969726562
67.97087860107422
73.70101928710938
71.82423400878906
72.91383361816406
75.87892150878906
73.42044067382812
77.33063507080078
75.9891586303711
76.98274230957031
78.99039459228516
78.07382202148438
80.85460662841797
81.0161361694336
82.65677642822266
84.24279022216797
84.33061981201172
85.29280090332031
83.69606018066406
83.04241943359375
80.78691101074219
79.74794006347656
79.63981628417969
79.30529022216797
82.02034759521484
82.83785247802734
84.13616943359375
84.17880249023438
83.56391906738281
84.05014038085938
83.10992431640625
83.82539367675781
83.3328628540039
83.89588928222656
84.50851440429688
84.27482604980469
85.81340789794922
85.9113540649414
87.1544418334961
87.50419616699219
87.98114776611328
88.00419616699219
87.06459045410156
86.75508880615234
85.0946273803711
84.67402648925781
83.1676254272461
82.16177368164062
81.84844970703125
79.90010833740234
80.7402114868164
79.44941711425781
79.68154907226562
80.7855453491211
80.3443832397461
81.40186309814453
80.39176177978516
80.59884643554688
80.75440216064453
79.85314178466797
80.94086456298828
79.99757385253906
80.53627014160156
80.86384582519531
79.78572082519531
81.28723907470703
80.38938903808594
81.19832611083984
81.58292388916016
81.34195709228516
82.99417114257812
82.45806121826172
83.3449478149414
84.09458923339844
84.29842376708984
85.68656158447266
85.67433166503906
86.98686218261719
87.69335174560547
88.35496520996094
89.33331298828125
89.25231170654297
89.8792495727539
89.15481567382812
88.82103729248047
87.87242889404297
86.72932434082031
86.11634063720703
84.43617248535156
84.46231079101562
82.85469818115234
82.3689193725586
82.10765075683594
80.28856658935547
80.9128189086914
79.3281478881836
79.0030517578125
79.01978302001953
77.11061096191406
78.51298522949219
76.59072875976562
76.58882904052734
77.12077331542969
74.75079345703125
76.35469818115234
74.84519958496094
75.26834869384766
75.68450927734375
72.58445739746094
74.95185852050781
72.72398376464844
73.44720458984375
74.3291244506836
70.5655517578125
74.0047378540039
71.21521759033203
72.44316101074219
73.14350128173828
69.6637954711914
73.05262756347656
69.6789321899414
71.21025848388672
71.88835906982422
67.9334945678711
72.84806060791016
68.98145294189453
70.40912628173828
72.03854370117188
67.89408111572266
71.6711196899414
69.36861419677734
69.51593017578125
70.36831665039062
65.37450408935547
70.82289123535156
67.25604248046875
67.99211883544922
69.15538024902344
65.4941635131836
71.70482635498047
73.16666412353516
73.59837341308594
76.76600646972656
75.1517333984375
76.47486114501953
74.99443817138672
74.30758666992188
74.7711181640625
71.76436614990234
74.80303192138672
73.01146697998047
73.88371276855469
75.0542984008789
73.84770965576172
76.283203125
75.99455261230469
76.9007568359375
77.99591064453125
77.41822052001953
79.69590759277344
79.27197265625
80.5276107788086
81.48628997802734
81.64315032958984
83.19721984863281
83.2454605102539
84.554443359375
84.96129608154297
85.10601043701172
85.6622314453125
84.88648223876953
85.29483032226562
83.82530212402344
83.8289566040039
83.06466674804688
82.12992095947266
82.3595962524414
80.97647857666016
80.91288757324219
79.8284683227539
79.5792465209961
80.28903198242188
78.63887786865234
79.40185546875
78.58793640136719
78.29347229003906
78.80229187011719
77.06336212158203
78.47188568115234
77.42794799804688
78.05744934082031
78.34165954589844
77.02848052978516
78.66815948486328
76.75630187988281
77.08096313476562
76.27653503417969
74.4316635131836
76.75772094726562
75.64244842529297
76.45114135742188
77.73905944824219
77.0503158569336
78.73103332519531
78.83361053466797
79.89315795898438
80.84644317626953
81.20352935791016
82.98540496826172
83.3615951538086
84.69873809814453
85.91156005859375
86.54841613769531
87.62017059326172
87.51368713378906
87.37788391113281
85.99371337890625
85.2488021850586
83.4635238647461
82.17688751220703
81.31368255615234
79.05306243896484
79.30905151367188
77.02637481689453
76.58253479003906
76.16932678222656
73.51663970947266
74.64935302734375
71.83704376220703
71.71234893798828
72.2536849975586
68.35420989990234
70.91730499267578
67.58636474609375
66.68749237060547
69.2997055053711
63.95071029663086
68.81732940673828
68.53678131103516
67.10710144042969
72.21759796142578
69.64207458496094
70.6032943725586
72.8565902709961
70.6905288696289
72.43367004394531
69.60504150390625
71.0338363647461
69.31092071533203
64.97811126708984
69.4986801147461
64.96228790283203
67.38754272460938
71.38619995117188
68.9869155883789
72.226318359375
74.32557678222656
74.62200927734375
77.84820556640625
77.74440002441406
80.01687622070312
80.53010559082031
81.3739013671875
82.59192657470703
82.44509887695312
83.85293579101562
84.00919342041016
84.76933288574219
85.46089935302734
85.18583679199219
85.70329284667969
85.11479949951172
85.38056182861328
85.32768249511719
84.96363067626953
85.1436767578125
84.55818939208984
85.02288818359375
84.71052551269531
84.55974578857422
84.93999481201172
84.14595794677734
84.94268035888672
84.4332504272461
84.33964538574219
84.6432876586914
83.93778991699219
84.18199920654297
82.93295288085938
82.49018096923828
82.12242126464844
81.59033203125
82.47099304199219
82.46461486816406
83.22147369384766
83.82161712646484
83.6143569946289
84.69575500488281
84.19027709960938
84.73136138916016
84.83143615722656
84.4631118774414
85.01295471191406
84.58667755126953
84.78536224365234
84.7728042602539
84.55995178222656
85.18260192871094
84.85269165039062
85.32276916503906
85.33236694335938
85.17724609375
85.6883544921875
85.23673248291016
85.62295532226562
85.4817123413086
85.54865264892578
85.88934326171875
85.24666595458984
85.84613037109375
85.46076202392578
85.54119873046875
85.86518859863281
85.35791015625
86.08860778808594
85.6476821899414
85.77239227294922
86.04615783691406
85.63479614257812
86.21009063720703
85.88884735107422
85.97333526611328
85.9743423461914
85.56967163085938
85.84989166259766
85.03950500488281
85.34959411621094
85.34710693359375
85.06748962402344
85.69307708740234
85.33856964111328
85.75109100341797
85.90398406982422
85.90928649902344
86.71604919433594
86.51995849609375
87.25215911865234
87.60738372802734
87.82340240478516
88.74229431152344
88.79652404785156
89.62179565429688
89.84612274169922
90.29594421386719
90.6827392578125
90.59130859375
90.84642028808594
90.21318054199219
89.82051086425781
88.99542236328125
88.02092742919922
87.3729019165039
86.04743194580078
85.80897521972656
84.5136489868164
84.26475524902344
83.48731994628906
82.84172058105469
82.88233184814453
81.85262298583984
82.7289810180664
82.51644897460938
83.0971908569336
83.62156677246094
84.02936553955078
84.94509887695312
85.353759765625
86.4207992553711
86.30924224853516
86.99278259277344
86.77123260498047
86.82958221435547
86.31101989746094
85.5536117553711
85.0815658569336
83.39444732666016
82.95066833496094
80.85860443115234
80.01529693603516
78.53729248046875
76.52195739746094
76.31446075439453
73.24998474121094
73.228271484375
71.67436981201172
68.71805572509766
69.95315551757812
65.95392608642578
66.54269409179688
69.99671173095703
70.05271911621094
73.63888549804688
74.87384033203125
75.54842376708984
78.1234130859375
78.48674774169922
80.45764923095703
81.45818328857422
82.19210815429688
83.17478942871094
82.86022186279297
83.57111358642578
82.50281524658203
81.94393920898438
81.10213470458984
80.08744812011719
80.56207275390625
79.78192901611328
80.54019165039062
79.95161437988281
79.01085662841797
78.34676361083984
75.56446075439453
76.58191680908203
76.24577331542969
76.35791778564453
78.55210876464844
78.88062286376953
80.69129943847656
81.5584487915039
81.7105484008789
82.3097152709961
81.83891296386719
82.73545837402344
82.09182739257812
82.23600006103516
82.35420989990234
81.57548522949219
81.97184753417969
80.52222442626953
80.69754791259766
79.41494750976562
77.85702514648438
77.21636199951172
74.27754211425781
73.9234390258789
70.90475463867188
