85.7840347290039
86.02165222167969
84.4697265625
88.64640045166016
84.1449966430664
89.64945983886719
87.5782699584961
89.59049987792969
91.92049407958984
88.37147521972656
95.09461975097656
90.3269271850586
96.26337432861328
94.85523223876953
93.0731201171875
95.07664489746094
85.48763275146484
91.8125228881836
85.01604461669922
86.4810791015625
85.42976379394531
77.09797668457031
83.56851959228516
61.899234771728516
80.39067840576172
69.52522277832031
78.89015197753906
78.63746643066406
79.70964813232422
85.92706298828125
79.11347198486328
90.99392700195312
87.80668640136719
92.08769226074219
92.70665740966797
85.5217514038086
91.68880462646484
81.2135009765625
88.1302719116211
84.96129608154297
82.90189361572266
85.79854583740234
72.84661102294922
84.83291625976562
76.8533935546875
81.63954162597656
81.3309097290039
75.4101791381836
82.21467590332031
63.55036544799805
80.77949523925781
75.69517517089844
77.28825378417969
78.60993194580078
67.51580810546875
79.07792663574219
66.8221664428711
78.22674560546875
74.33807373046875
73.69636535644531
76.91943359375
60.117305755615234
78.05882263183594
66.36373138427734
76.21576690673828
73.96507263183594
71.42170715332031
76.34666442871094
66.5197525024414
76.27393341064453
66.47061920166016
74.6742172241211
72.88451385498047
72.43618774414062
74.87622833251953
69.2552719116211
76.45053100585938
68.0213394165039
77.14994049072266
67.74519348144531
76.60868835449219
76.495849609375
76.01791381835938
81.14647674560547
71.70999145507812
84.80265045166016
75.8956527709961
88.41448211669922
87.33877563476562
88.23102569580078
89.73927307128906
83.92133331298828
88.14494323730469
83.75373077392578
85.36095428466797
84.72476959228516
83.21231842041016
85.47769165039062
82.86286163330078
85.1384506225586
83.986083984375
84.36705017089844
85.3953857421875
84.2410888671875
85.75279235839844
85.36962127685547
85.67112731933594
86.05612182617188
84.71294403076172
84.77214050292969
84.98999786376953
85.42244720458984
87.45784759521484
86.41555786132812
88.93170166015625
84.77642822265625
88.25382232666016
83.43718719482422
84.5007553100586
82.57588195800781
80.79779815673828
81.560546875
77.55113983154297
79.32953643798828
75.33167266845703
77.29299926757812
76.06558990478516
74.4197006225586
75.91104125976562
72.37287139892578
74.70703887939453
73.62462615966797
72.28829956054688
74.03245544433594
70.22283172607422
73.65742492675781
73.852294921875
68.47837829589844
77.13648223876953
72.8642807006836
78.79377746582031
80.66942596435547
75.80852508544922
84.50164031982422
78.1135025024414
81.91133880615234
83.11386108398438
75.556640625
84.73779296875
81.62952423095703
81.73234558105469
85.44343566894531
70.4970703125
83.52074432373047
78.15809631347656
78.30257415771484
80.384521484375
64.10240173339844
79.78884887695312
71.7772216796875
77.84968566894531
76.86922454833984
70.9057388305664
79.43515014648438
68.6606674194336
79.92137145996094
77.98075103759766
78.73905944824219
81.61778259277344
78.7624282836914
81.81847381591797
79.31890869140625
80.5110855102539
76.09300231933594
79.7920150756836
72.00702667236328
77.85295867919922
73.04360961914062
75.5119400024414
76.18637084960938
75.37239837646484
80.81012725830078
74.92241668701172
83.50015258789062
78.24459838867188
82.10209655761719
81.63265228271484
78.1485595703125
83.39695739746094
76.65921020507812
82.67545318603516
80.23590087890625
80.5159912109375
83.06609344482422
77.95622253417969
83.84893035888672
79.99212646484375
83.49549865722656
84.05333709716797
81.87686920166016
86.34393310546875
82.17169952392578
87.13761138916016
86.18954467773438
86.4889144897461
88.77911376953125
85.46703338623047
89.29342651367188
86.68740844726562
87.58831787109375
88.10022735595703
84.55714416503906
87.56787872314453
83.35974884033203
85.20332336425781
83.99822235107422
81.46453857421875
83.54609680175781
78.6548843383789
81.55850982666016
79.61419677734375
78.92642974853516
80.07582092285156
75.02062225341797
79.19090270996094
75.60198974609375
76.90240478515625
76.50154876708984
73.20038604736328
77.35028839111328
70.06649017333984
75.99263000488281
73.90154266357422
73.5449447631836
75.09662628173828
68.88662719726562
75.1549072265625
68.63646697998047
73.80548858642578
70.15131378173828
73.09265899658203
74.3188705444336
73.72996520996094
75.86791229248047
75.60697937011719
75.00142669677734
76.94725799560547
73.180419921875
76.9891128540039
74.02146911621094
74.34834289550781
76.49520874023438
70.37255859375
76.81842803955078
70.00892639160156
75.86963653564453
75.38795471191406
71.62117767333984
77.1041488647461
66.3000717163086
74.57638549804688
69.9477767944336
65.60629272460938
70.50321197509766
60.85061264038086
69.48341369628906
62.99516296386719
69.98902893066406
62.184783935546875
74.03762817382812
66.74906158447266
76.66588592529297
79.38458251953125
76.34254455566406
85.15387725830078
77.38291931152344
85.53483581542969
83.33341217041016
81.63011169433594
84.70863342285156
77.56293487548828
83.96500396728516
81.1044921875
80.84587097167969
82.84437561035156
75.42412567138672
83.25581359863281
76.07144927978516
81.96283721923828
80.42129516601562
80.65589141845703
84.2492904663086
78.66310119628906
86.36343383789062
83.15184020996094
86.77300262451172
87.57081604003906
85.73408508300781
89.80321502685547
85.79595184326172
89.12528228759766
87.28577423095703
86.93444061279297
87.54349517822266
84.2089614868164
86.23568725585938
83.69681549072266
84.007568359375
83.84964752197266
82.32306671142578
83.18135070800781
81.5555191040039
81.91213989257812
80.8687744140625
80.8821792602539
80.53569030761719
80.46623992919922
80.34033203125
80.46652221679688
80.27070617675781
79.87188720703125
80.74950408935547
79.26317596435547
81.4803466796875
79.75062561035156
80.82976531982422
81.80170440673828
79.86959075927734
83.26838684082031
80.17390441894531
83.87487030029297
83.27672576904297
83.61731719970703
86.8950424194336
83.04253387451172
89.43768310546875
85.04289245605469
87.93218994140625
86.95376586914062
81.89740753173828
85.48992156982422
76.23172760009766
82.24630737304688
76.9844970703125
77.47085571289062
77.76549530029297
66.17501831054688
75.59516906738281
62.69081115722656
72.77300262451172
67.54420471191406
68.13428497314453
69.42938995361328
64.86244201660156
68.65286254882812
59.02993392944336
72.05574035644531
63.44092559814453
72.91714477539062
71.50715637207031
72.77262115478516
74.7218017578125
72.76904296875
77.57731628417969
76.49789428710938
77.88017272949219
80.0726318359375
78.95996856689453
81.90056610107422
81.14952087402344
81.78632354736328
83.98821258544922
81.22064971923828
85.56127166748047
83.83211517333984
86.09088134765625
88.6065902709961
86.58868408203125
92.86495208740234
88.04606628417969
93.87191772460938
90.73865509033203
90.45954132080078
91.3537826538086
84.7491455078125
90.10725402832031
82.4476318359375
87.45591735839844
84.32030487060547
83.93467712402344
85.72415924072266
80.97013092041016
86.9959945678711
81.40441131591797
86.89204406738281
84.61569213867188
85.13543701171875
86.77872467041016
83.16606140136719
87.37870025634766
83.5072021484375
86.1148452758789
85.01966857910156
83.36297607421875
84.86368560791016
81.12700653076172
84.97036743164062
82.60291290283203
85.02989196777344
84.97128295898438
84.55988311767578
86.3727035522461
84.98876190185547
86.91877746582031
86.185546875
86.50800323486328
87.39876556396484
86.09286499023438
87.99132537841797
86.40908813476562
87.88219451904297
86.38677215576172
86.58384704589844
85.55947875976562
85.33894348144531
85.28787994384766
85.44449615478516
86.4820327758789
86.81327819824219
87.70121765136719
87.83861541748047
88.82230377197266
88.64472961425781
89.6410903930664
89.61678314208984
90.04732513427734
90.4820556640625
90.11685943603516
91.02424621582031
90.14464569091797
90.7560043334961
90.28559875488281
90.04754638671875
91.13490295410156
89.68281555175781
91.87116241455078
89.9957275390625
92.0699462890625
91.14503479003906
91.2034683227539
91.71051788330078
88.8874282836914
90.56737518310547
85.53387451171875
87.88690948486328
83.05352020263672
86.3587646484375
83.76338958740234
85.82221984863281
85.79731750488281
85.99236297607422
87.08677673339844
86.44026184082031
88.01506805419922
87.0314712524414
88.27832794189453
87.82115936279297
88.51962280273438
88.89556884765625
88.46419525146484
89.71989440917969
88.79837036132812
90.43037414550781
89.84194946289062
91.04389190673828
91.44351959228516
91.46373748779297
92.74958801269531
91.98828125
93.4549789428711
93.05241394042969
93.59612274169922
94.06571960449219
93.16482543945312
94.57192993164062
92.91273498535156
94.17696380615234
92.78346252441406
93.04338073730469
92.99232482910156
92.06712341308594
93.87105560302734
92.51325225830078
94.98921966552734
93.48944091796875
95.09219360351562
93.7050552368164
94.07267761230469
93.24881744384766
92.77591705322266
92.63314056396484
91.6182861328125
91.95744323730469
90.70075988769531
91.40907287597656
89.92501831054688
90.62236022949219
89.782958984375
89.545654296875
89.91844177246094
88.19598388671875
89.97481536865234
85.92561340332031
88.05438995361328
81.8982162475586
83.13451385498047
77.79705810546875
80.87650299072266
78.6806411743164
80.31414031982422
80.81314849853516
79.70226287841797
81.6578140258789
79.33454132080078
81.02330780029297
79.93305206298828
80.5302505493164
80.71955108642578
80.78846740722656
81.56597137451172
80.63168334960938
80.95085144042969
80.10906982421875
79.2498779296875
79.60350036621094
78.3231201171875
80.7806167602539
77.95157623291016
81.99838256835938
77.38217163085938
81.03264617919922
77.00552368164062
75.90974426269531
77.05939483642578
68.07062530517578
74.21333312988281
74.03227996826172
62.7884635925293
77.70051574707031
77.03275299072266
75.47795104980469
80.83960723876953
71.57951354980469
80.05501556396484
76.09941101074219
76.38580322265625
78.10667419433594
72.05068969726562
78.50721740722656
73.49586486816406
77.34003448486328
77.0582504272461
75.02098083496094
78.5688705444336
73.60570526123047
78.70909881591797
76.88827514648438
77.57221984863281
79.53915405273438
75.37826538085938
80.8108139038086
77.29778289794922
80.22528839111328
80.42876434326172
77.92875671386719
81.22161865234375
