83.23392486572266
80.06025695800781
87.17900848388672
78.7007064819336
87.20784759521484
88.4715805053711
80.23656463623047
92.43766784667969
87.26455688476562
92.02861022949219
95.87918853759766
78.72584533691406
96.22404479980469
91.183837890625
88.15553283691406
91.9510498046875
73.95127868652344
87.87057495117188
85.08980560302734
78.1246337890625
84.5106430053711
73.73274230957031
79.97769165039062
76.84188842773438
76.94606018066406
74.41178131103516
77.03478240966797
77.73143005371094
79.18917846679688
84.1211929321289
81.12223815917969
88.67557525634766
76.9286880493164
85.95850372314453
83.26296997070312
77.16668701171875
83.98255157470703
71.22772979736328
80.75420379638672
79.81782531738281
69.5782470703125
80.32655334472656
72.81936645507812
76.92605590820312
78.13658142089844
69.0822525024414
77.89862823486328
73.2855224609375
74.30026245117188
76.58578491210938
70.64356994628906
76.20870208740234
73.8682632446289
72.89202117919922
75.98482513427734
71.05768585205078
75.15404510498047
73.34378814697266
73.49361419677734
75.58916473388672
71.67904663085938
74.88142395019531
73.38729858398438
72.93962860107422
76.47333526611328
71.49406433105469
75.4688949584961
74.63027954101562
73.13291931152344
77.11360931396484
70.53765869140625
76.95036315917969
77.28614044189453
72.30934143066406
79.166259765625
73.61273956298828
78.15695190429688
80.38908386230469
71.6415023803711
82.78527069091797
79.232666015625
79.83313751220703
86.03143310546875
72.60768127441406
88.31830596923828
88.8685073852539
82.22542572021484
93.28673553466797
86.14825439453125
88.23068237304688
90.1729736328125
72.21519470214844
87.37165069580078
85.20780181884766
77.91725158691406
86.46028137207031
79.3102798461914
82.3385238647461
85.00846099853516
70.01531982421875
84.48877716064453
83.052734375
77.11212921142578
85.74736785888672
78.94697570800781
83.21450805664062
86.3323745727539
68.92117309570312
87.12590789794922
85.34191131591797
81.38129425048828
88.94998168945312
78.93721771240234
85.19181060791016
84.51483154296875
66.38667297363281
80.74853515625
73.02239227294922
73.08938598632812
76.48991394042969
68.50090789794922
77.86125946044922
80.6338882446289
66.8559341430664
84.73187255859375
81.90353393554688
78.63300323486328
84.2486343383789
70.60517883300781
79.04582977294922
77.72286224365234
63.973323822021484
75.91706848144531
68.2187271118164
69.86774444580078
71.00559997558594
54.40367126464844
69.72309875488281
67.40628814697266
62.51605987548828
75.46442413330078
73.28905487060547
74.4842758178711
82.77061462402344
75.90656280517578
85.66043090820312
88.71797180175781
64.59234619140625
90.1476821899414
87.01545715332031
82.02098083496094
89.17601776123047
80.47168731689453
86.10334014892578
88.38157653808594
67.22635650634766
89.13352966308594
87.31356048583984
82.32632446289062
91.60302734375
84.49960327148438
89.94407653808594
93.11458587646484
65.75787353515625
92.5737075805664
90.28923034667969
82.11239624023438
91.0041275024414
82.94650268554688
85.395751953125
87.67652893066406
69.33502197265625
85.65845489501953
83.88724517822266
75.29547882080078
85.24732208251953
78.7794189453125
81.04328918457031
84.55644226074219
70.17088317871094
84.03912353515625
83.21981048583984
75.07009887695312
85.40093231201172
79.55435943603516
81.47306060791016
85.11544799804688
71.51343536376953
84.81531524658203
83.93721771240234
76.71491241455078
86.8448486328125
81.35063171386719
84.37113189697266
88.08597564697266
73.17505645751953
89.01129913330078
88.2422103881836
82.90752410888672
92.20182800292969
85.38534545898438
90.85797882080078
93.7745361328125
74.07403564453125
94.36895751953125
91.14618682861328
87.25353240966797
93.32120513916016
81.47222137451172
89.705322265625
89.3808822631836
74.44583892822266
89.01343536376953
83.07597351074219
82.8631362915039
86.68529510498047
68.91571807861328
84.78105926513672
82.96529388427734
75.5089111328125
84.39913177490234
75.81414794921875
80.54459381103516
82.11363220214844
58.1221809387207
81.6656723022461
78.24837493896484
76.29103088378906
81.19567108154297
67.5191879272461
79.52291107177734
78.62168884277344
68.6361083984375
79.86939239501953
73.21599578857422
76.11270141601562
78.92485046386719
47.4992790222168
78.34590911865234
75.4200439453125
71.93569946289062
78.71957397460938
68.41932678222656
76.10181427001953
77.5460433959961
59.83680725097656
77.80315399169922
72.37570190429688
73.11547088623047
77.4260482788086
56.84588623046875
76.76050567626953
74.79045104980469
68.83924102783203
77.25019836425781
69.36605072021484
74.06422424316406
76.63907623291016
56.94493103027344
76.55900573730469
75.12093353271484
68.57649230957031
77.56980895996094
72.31118774414062
72.78190612792969
78.5041275024414
69.20877075195312
76.95527648925781
79.47868347167969
72.03351593017578
78.45347595214844
80.11972045898438
76.52195739746094
79.482421875
82.48007202148438
76.26234436035156
81.893798828125
83.44975280761719
62.98599624633789
82.01556396484375
80.58439636230469
70.92578887939453
82.53087615966797
76.78397369384766
78.8444595336914
82.8290023803711
64.74070739746094
83.13520050048828
81.8017578125
77.76908111572266
85.89662170410156
76.44562530517578
85.69466400146484
86.57102966308594
79.3522720336914
89.47683715820312
83.16609954833984
86.88998413085938
88.45345306396484
76.35773468017578
87.52012634277344
81.90422058105469
81.83700561523438
84.11161041259766
70.30573272705078
82.17347717285156
77.60627746582031
76.70014190673828
80.5205307006836
70.47440338134766
78.98107147216797
76.9936752319336
72.98397827148438
79.11688995361328
71.39224243164062
77.24945068359375
77.28446960449219
71.0586929321289
78.37833404541016
71.81825256347656
75.50537109375
77.3337631225586
69.58940124511719
77.4139175415039
74.3764877319336
74.78531646728516
77.57972717285156
70.51087188720703
77.28054809570312
75.2225570678711
72.98546600341797
78.144287109375
69.84402465820312
78.38179779052734
76.75245666503906
74.97872161865234
79.59760284423828
72.57246398925781
80.41697692871094
78.7507095336914
77.33504486083984
82.52320861816406
75.7081069946289
83.03601837158203
82.5803451538086
79.8309097290039
86.614990234375
79.7342300415039
87.5765380859375
88.36631774902344
83.468505859375
92.50146484375
85.58898162841797
91.51148223876953
92.20286560058594
80.84503936767578
91.62032318115234
84.04631805419922
86.2127914428711
87.63589477539062
69.51915740966797
86.4342041015625
80.27442932128906
81.17892456054688
84.01606750488281
62.88737487792969
83.25128173828125
79.2745132446289
78.14012145996094
83.6068115234375
76.00379180908203
82.049560546875
83.59427642822266
70.03573608398438
84.21588134765625
81.22693634033203
77.71746063232422
84.28694152832031
71.64576721191406
82.56583404541016
81.72596740722656
75.11821746826172
83.6344985961914
77.28668975830078
81.72600555419922
80.8822021484375
80.11341857910156
83.21138763427734
72.03581237792969
83.7180404663086
80.07947540283203
79.1325912475586
84.91445922851562
66.35693359375
85.08644104003906
83.36483001708984
79.47300720214844
86.30480194091797
80.78482818603516
83.4852294921875
85.27964782714844
79.6020736694336
84.5422592163086
84.00444030761719
80.58557891845703
84.81322479248047
82.52606201171875
82.13945007324219
84.96353912353516
80.46707916259766
83.47041320800781
84.28218841552734
78.89930725097656
84.93183898925781
82.21183013916016
81.73041534423828
85.86544036865234
78.10608673095703
85.77520751953125
84.6295394897461
81.55551147460938
86.81946563720703
81.82896423339844
84.7734146118164
86.61857604980469
79.52718353271484
87.65060424804688
84.67003631591797
84.64350128173828
88.2086410522461
82.46647644042969
87.22396087646484
86.82588195800781
83.14458465576172
87.69108581542969
84.85556030273438
84.32048797607422
87.41508483886719
82.23165893554688
86.27149200439453
87.52980041503906
81.40187072753906
90.99720764160156
85.1219253540039
90.25719451904297
91.42668151855469
84.36663818359375
92.12086486816406
88.30587005615234
88.64143371582031
91.48289489746094
84.96129608154297
90.47926330566406
89.31409454345703
86.18862915039062
90.67052459716797
86.62194061279297
88.3950424194336
89.83766174316406
85.11076354980469
89.3423843383789
87.7037124633789
86.16747283935547
88.59355163574219
85.67501831054688
86.69819641113281
88.11260986328125
84.77018737792969
87.83964538574219
88.16755676269531
84.99836730957031
89.82953643798828
87.05552673339844
87.95075988769531
91.3204345703125
84.72675323486328
91.79483795166016
90.90447235107422
87.46168518066406
93.934814453125
87.54627227783203
92.61414337158203
94.1312255859375
84.6656723022461
95.25202178955078
90.85719299316406
90.88917541503906
94.53732299804688
78.3345947265625
92.49844360351562
89.25737762451172
84.40267944335938
90.158447265625
73.34520721435547
87.10565185546875
83.54537963867188
80.75052642822266
85.37825775146484
75.87113189697266
84.37459564208984
85.52691650390625
72.69842529296875
86.05833435058594
81.89910888671875
80.97062683105469
83.95110321044922
75.09943389892578
83.73257446289062
66.35543823242188
85.1070327758789
79.12028503417969
85.3048095703125
86.08710479736328
84.89864349365234
87.6659164428711
83.52593231201172
87.33485412597656
80.50719451904297
85.32740783691406
82.0771255493164
79.81780242919922
83.37278747558594
65.35997009277344
83.00687408447266
70.43328857421875
83.02104187011719
78.96319580078125
82.93543243408203
85.83782196044922
79.3038101196289
89.29155731201172
82.47431945800781
89.04412078857422
88.34170532226562
84.67862701416016
88.64973449707031
82.03046417236328
85.76225280761719
84.40911865234375
81.91548919677734
85.7815933227539
81.51536560058594
84.03858184814453
84.22239685058594
78.39662170410156
84.04661560058594
74.48924255371094
81.19338989257812
78.51876068115234
78.14046478271484
80.5336685180664
75.79938507080078
81.48356628417969
77.99933624267578
82.6356201171875
80.8011245727539
82.51873779296875
83.18861389160156
81.03760528564453
84.84444427490234
81.18751525878906
84.26371765136719
84.94960021972656
80.31729125976562
86.93404388427734
82.2664794921875
84.35234069824219
86.82295227050781
72.10454559326172
86.00935363769531
81.3736343383789
79.66348266601562
83.30624389648438
65.73091125488281
81.22298431396484
77.23031616210938
