91.36436462402344
95.33757781982422
98.85811614990234
75.0504150390625
98.54676818847656
94.5730972290039
90.73856353759766
96.08712768554688
85.53593444824219
90.3503646850586
90.91825866699219
74.81270599365234
86.0702896118164
83.05000305175781
73.45585632324219
79.51248168945312
60.25397491455078
81.77210998535156
84.90795135498047
74.01081848144531
88.29457092285156
89.20142364501953
82.2906265258789
92.893310546875
83.25894165039062
89.59967803955078
89.89891815185547
70.2405014038086
88.57179260253906
84.95427703857422
78.66348266601562
85.89169311523438
77.24182891845703
79.5129165649414
81.5809097290039
58.35377883911133
79.76307678222656
75.54641723632812
72.32933044433594
78.68788146972656
68.9651870727539
74.52404022216797
75.73766326904297
53.17042541503906
70.74771118164062
70.1941909790039
55.814598083496094
65.65023803710938
48.15664291381836
64.5219497680664
64.32102966308594
57.46435546875
63.833614349365234
59.979610443115234
59.609703063964844
67.13748168945312
55.16926574707031
71.2414321899414
72.6331787109375
64.41454315185547
76.1331787109375
76.56790161132812
64.42642974853516
78.78739166259766
71.61295318603516
79.96660614013672
82.89189147949219
65.0813980102539
86.99231719970703
86.06813049316406
80.96278381347656
91.75362396240234
85.66558074951172
90.49475860595703
92.99320220947266
70.65472412109375
92.32782745361328
88.28549194335938
83.27896118164062
89.68138122558594
81.21968078613281
83.79631042480469
85.78779602050781
59.59227752685547
84.20287322998047
81.06755828857422
77.1917953491211
84.19803619384766
75.7315673828125
81.18569946289062
83.35317993164062
60.914913177490234
81.88494110107422
79.421142578125
73.13504791259766
82.01801300048828
72.1108627319336
80.08002471923828
82.15275573730469
63.81000518798828
82.36146545410156
80.38996887207031
72.8391342163086
82.59514617919922
74.57403564453125
79.31421661376953
81.51343536376953
58.89200210571289
82.76261901855469
80.2070083618164
75.92969512939453
84.64067077636719
77.43157196044922
81.40459442138672
84.65876007080078
64.0992431640625
83.97783660888672
80.27416229248047
76.77709197998047
81.02973175048828
68.04608154296875
72.4617691040039
72.37944793701172
61.79603576660156
60.1185188293457
62.04061508178711
63.83653259277344
71.72236633300781
63.52561569213867
71.79106903076172
76.62688446044922
61.38882064819336
80.59564208984375
81.06295013427734
77.82074737548828
87.4698257446289
78.5406494140625
86.458740234375
88.51393127441406
67.81580352783203
89.50825500488281
87.9884262084961
80.97734069824219
90.2741928100586
80.11095428466797
85.6761703491211
85.38153839111328
65.24745178222656
83.35909271240234
82.02269744873047
76.154296875
86.64839935302734
79.2386703491211
85.23152160644531
87.58203125
61.5700569152832
87.1209487915039
83.93257141113281
77.61973571777344
84.79246520996094
76.5347671508789
78.21011352539062
80.6305160522461
60.10526657104492
79.77478790283203
76.27117156982422
73.38880920410156
80.4612808227539
73.29683685302734
77.19380950927734
79.9276351928711
66.39701080322266
78.30751037597656
77.4991226196289
68.79322052001953
77.51935577392578
65.15555572509766
73.7599868774414
73.37864685058594
60.492576599121094
72.99181365966797
71.96744537353516
60.41419982910156
73.59719848632812
68.80402374267578
72.81936645507812
77.36581420898438
57.243953704833984
81.12690734863281
80.40558624267578
77.45357513427734
86.322265625
79.03721618652344
84.88182067871094
87.58016967773438
64.11522674560547
87.50615692138672
85.53482818603516
78.45574951171875
87.81426239013672
79.84074401855469
84.62313079833984
87.1788558959961
58.553977966308594
88.11691284179688
85.89803314208984
81.1070327758789
89.69304656982422
82.32554626464844
86.79115295410156
89.93470764160156
52.810455322265625
90.97538757324219
89.12704467773438
85.5809097290039
94.26942443847656
86.85729217529297
92.74088287353516
95.89757537841797
69.73643493652344
96.7968521118164
94.9506607055664
89.09013366699219
97.36772155761719
88.29147338867188
93.34915924072266
94.88668060302734
65.06062316894531
93.31221771240234
90.28282928466797
83.68498992919922
91.44251251220703
82.61067962646484
87.34486389160156
89.11406707763672
56.743377685546875
88.11009216308594
85.24979400634766
79.62109375
87.19344329833984
78.44182586669922
83.39270782470703
85.46366119384766
55.26454544067383
84.67019653320312
82.42676544189453
76.87393188476562
85.1219711303711
76.57962799072266
81.3406753540039
83.77464294433594
54.883121490478516
83.49498748779297
80.7300033569336
75.80847930908203
83.97025299072266
75.81426239013672
80.5348892211914
82.85895538330078
51.70352554321289
82.56038665771484
79.77689361572266
75.73672485351562
83.4317855834961
74.45980834960938
80.67418670654297
82.58544158935547
57.35771179199219
82.39527893066406
80.30863189697266
74.12323760986328
83.13082122802734
74.44046783447266
80.29581451416016
82.80239868164062
56.605384826660156
83.75209045410156
81.76202392578125
77.17765808105469
85.68869018554688
78.04551696777344
83.4306411743164
86.37870788574219
51.0977668762207
87.4041748046875
85.73181915283203
81.34555053710938
90.04170989990234
82.1820297241211
88.31681060791016
91.29037475585938
62.44725799560547
92.27529907226562
90.5022964477539
85.19792175292969
93.93221282958984
85.49551391601562
91.15384674072266
93.04136657714844
64.20008087158203
92.36112976074219
89.7516098022461
83.64491271972656
91.63534545898438
83.23175048828125
87.36444091796875
89.31494140625
44.70261001586914
88.55825805664062
85.8561782836914
80.81140899658203
88.66470336914062
80.00337982177734
85.62126922607422
87.92201232910156
61.677711486816406
87.1953125
85.30035400390625
78.7804946899414
87.62842559814453
79.26290130615234
84.11998748779297
85.06133270263672
65.03349304199219
82.39104461669922
77.66974639892578
70.39271545410156
75.89973449707031
69.65969848632812
72.80294036865234
75.24964141845703
58.87622833251953
78.9827651977539
77.04248809814453
72.498046875
81.6212387084961
75.21086120605469
78.44649505615234
81.99311065673828
59.90313720703125
82.90721130371094
80.6482162475586
77.73258209228516
86.11215209960938
78.08345794677734
84.62197875976562
87.78353118896484
63.115413665771484
88.06684875488281
86.86486053466797
80.04345703125
88.76858520507812
79.03501892089844
84.70953369140625
85.5265121459961
63.39155197143555
83.57403564453125
81.29222869873047
74.4333267211914
83.68013000488281
76.9164047241211
84.02985382080078
87.2740249633789
66.99861145019531
90.86952209472656
90.03704071044922
85.18018341064453
95.20966339111328
88.90242767333984
93.31941223144531
96.47212982177734
50.58956527709961
96.20906829833984
93.46710205078125
87.7485122680664
95.42677307128906
87.04931640625
91.34204864501953
93.6159439086914
58.923641204833984
93.39539337158203
90.99895477294922
85.7408676147461
94.02137756347656
85.57902526855469
90.59298706054688
92.71263122558594
59.969383239746094
92.10910034179688
89.62022399902344
84.257080078125
92.57190704345703
84.36324310302734
89.61595916748047
91.90404510498047
60.522926330566406
91.20130157470703
88.44136810302734
82.53402709960938
90.30491638183594
82.16516876220703
86.8180923461914
89.75162506103516
56.07932662963867
90.93183898925781
88.77522277832031
84.28730010986328
92.54766082763672
84.31987762451172
89.29192352294922
91.51790618896484
56.77949142456055
90.5241928100586
87.25675964355469
82.02826690673828
89.42379760742188
81.3168716430664
86.70762634277344
89.7569580078125
41.010292053222656
90.76776123046875
88.95155334472656
84.3339614868164
93.2038345336914
85.26311492919922
91.42508697509766
94.1677474975586
65.17827606201172
94.83223724365234
93.00418853759766
87.1546401977539
95.6848373413086
86.98213958740234
91.90987396240234
93.17191314697266
63.613922119140625
91.13379669189453
87.76803588867188
81.06597900390625
89.27290344238281
81.01554870605469
86.27540588378906
89.00850677490234
59.75518798828125
89.7542953491211
87.78385925292969
82.64879608154297
91.04410552978516
83.03889465332031
88.16386413574219
90.63324737548828
45.27588653564453
90.7359848022461
88.35496520996094
83.4366683959961
91.32528686523438
82.90955352783203
88.24475860595703
90.54325866699219
60.58720016479492
90.02253723144531
87.57818603515625
81.46791076660156
89.877197265625
80.73372650146484
86.68121337890625
88.82078552246094
66.68147277832031
90.86109161376953
89.95401000976562
85.21317291259766
95.00517272949219
87.48787689208984
93.45201110839844
96.06209564208984
66.38600158691406
96.46296691894531
94.25476837158203
88.67549133300781
97.26049041748047
89.12376403808594
94.04409790039062
96.54811096191406
57.498138427734375
96.5201644897461
94.10383605957031
88.9600601196289
97.06002044677734
88.49688720703125
93.8464584350586
96.0318374633789
66.56716918945312
95.34474182128906
92.77745819091797
86.39112091064453
94.71034240722656
86.11932373046875
90.5736312866211
92.00894927978516
65.75045776367188
90.53549194335938
87.15880584716797
81.0278549194336
88.78546905517578
80.61653900146484
83.96137237548828
85.74693298339844
54.13566589355469
84.1319351196289
80.68836975097656
76.52901458740234
83.95002746582031
77.04965209960938
82.85486602783203
87.42364501953125
66.19938659667969
88.92882537841797
86.87860870361328
82.100341796875
89.35227966308594
79.49036407470703
85.17747497558594
86.54781341552734
61.9334831237793
83.80398559570312
80.74352264404297
72.21994018554688
81.00332641601562
72.04955291748047
76.78487396240234
77.89765167236328
56.37529373168945
76.21990203857422
72.5154800415039
66.11048126220703
74.80147552490234
67.34782409667969
74.377685546875
78.09689331054688
58.68205261230469
81.9910888671875
79.05958557128906
75.65503692626953
83.72541809082031
76.65326690673828
80.9572982788086
84.87906646728516
62.98494338989258
85.25556945800781
82.660888671875
78.6490707397461
85.65663146972656
76.47460174560547
82.11650085449219
83.7347640991211
61.88679122924805
82.87330627441406
81.19303131103516
73.3543930053711
82.51612091064453
74.14790344238281
79.66707611083984
81.9350814819336
54.04198455810547
82.24115753173828
79.0020980834961
72.34492492675781
81.42578125
71.58940124511719
75.81304931640625
77.19025421142578
47.81550979614258
73.01270294189453
67.87960815429688
65.08995056152344
71.94766998291016
