78.16767120361328
84.38091278076172
87.13746643066406
54.22129821777344
88.4609146118164
86.87579345703125
83.02175903320312
92.04045104980469
84.7163314819336
91.69322967529297
95.0421371459961
59.7653923034668
96.78682708740234
93.80191802978516
87.72039031982422
93.91251373291016
83.69243621826172
87.05352783203125
87.8150405883789
50.252357482910156
83.98262023925781
79.91737365722656
72.01217651367188
78.4903564453125
67.99007415771484
69.73124694824219
72.7880859375
33.013362884521484
79.5339584350586
80.16695404052734
78.60367584228516
88.77731323242188
80.86231994628906
86.9826431274414
87.86933135986328
45.28372573852539
84.89854431152344
81.25716400146484
75.26165008544922
81.88394927978516
72.70169830322266
77.27365112304688
78.54014587402344
33.45272445678711
77.20428466796875
74.00039672851562
68.44022369384766
75.6587142944336
65.86695861816406
70.22784423828125
72.64167022705078
46.177947998046875
72.2364273071289
69.54842376708984
61.083831787109375
69.53153228759766
59.17335891723633
66.4898452758789
67.12722778320312
58.24628448486328
68.21785736083984
62.98300552368164
59.10042190551758
67.39936828613281
57.61235046386719
64.67403411865234
65.84505462646484
47.97433090209961
67.96261596679688
64.73580169677734
60.72000503540039
68.63851928710938
62.63311004638672
67.46513366699219
70.01629638671875
48.939517974853516
71.64933776855469
70.4459457397461
65.900634765625
75.06844329833984
69.05021667480469
74.47288513183594
78.40132904052734
53.86564636230469
81.34199523925781
80.9283218383789
78.155517578125
88.06719970703125
81.69583892822266
88.49275207519531
91.00733947753906
58.346744537353516
90.29085540771484
87.06832885742188
81.17170715332031
88.8113784790039
80.19783782958984
85.09029388427734
87.4237060546875
50.27116775512695
87.58236694335938
85.5489730834961
80.29670715332031
89.06768798828125
81.75860595703125
86.6465835571289
89.21533203125
59.4275016784668
87.01667022705078
83.27099609375
74.92794799804688
81.40216064453125
71.15641021728516
73.81587219238281
73.73363494873047
37.044105529785156
74.23397064208984
72.90038299560547
68.27497100830078
79.0433578491211
72.7691421508789
75.91459655761719
77.90703582763672
52.945369720458984
74.61878204345703
70.52129364013672
63.368202209472656
68.54590606689453
59.06718826293945
64.10530853271484
65.41753387451172
39.36885452270508
67.43346405029297
66.7985610961914
61.000732421875
71.78614044189453
65.40017700195312
70.86334228515625
74.76963806152344
36.19927215576172
77.632080078125
77.1729507446289
72.71519470214844
83.12671661376953
76.21251678466797
83.58969116210938
86.93158721923828
52.03767776489258
86.50446319580078
83.37985229492188
76.68048858642578
84.72111511230469
76.19759368896484
80.65242767333984
82.66053771972656
47.1916618347168
82.50315856933594
80.77681732177734
74.88142395019531
84.02251434326172
76.53988647460938
82.0714340209961
85.38257598876953
61.160980224609375
86.85787963867188
86.18699645996094
78.61882019042969
89.26505279541016
82.01976013183594
85.11711883544922
87.15009307861328
62.27432632446289
85.02184295654297
82.53777313232422
75.11292266845703
83.66840362548828
75.16290283203125
79.62174224853516
82.1535415649414
48.21562194824219
82.59627532958984
80.56029510498047
75.7282943725586
84.08496856689453
75.18037414550781
80.78279113769531
83.13626861572266
44.890106201171875
83.04317474365234
80.55741882324219
75.30209350585938
83.91583251953125
76.0303955078125
81.35881042480469
83.88997650146484
53.7808952331543
84.50453186035156
82.73808288574219
77.3124771118164
86.42124938964844
79.01111602783203
84.44105529785156
87.34429931640625
60.44083786010742
88.56591033935547
87.29654693603516
81.32948303222656
91.43352508544922
84.62118530273438
89.1926040649414
92.77173614501953
71.80713653564453
92.66519165039062
91.06137084960938
82.9750747680664
92.2966537475586
84.30389404296875
87.39305877685547
89.39874267578125
64.15909576416016
87.57047271728516
84.78997802734375
78.2952651977539
86.27167510986328
77.4259033203125
82.30005645751953
84.25415802001953
52.10527038574219
83.13909149169922
80.38395690917969
74.391845703125
82.5241928100586
74.09342193603516
78.93534088134766
80.83348846435547
51.69562530517578
80.19998931884766
77.6889877319336
72.4053726196289
80.46653747558594
72.00348663330078
77.38685607910156
79.38140869140625
52.55875778198242
78.78516387939453
76.22171783447266
69.8847427368164
78.90530395507812
70.04336547851562
76.01284790039062
78.21212005615234
49.93313217163086
77.94791412353516
76.08648681640625
70.6093521118164
78.9050521850586
70.40467071533203
76.11519622802734
78.02510070800781
42.56529235839844
78.49333953857422
76.3225326538086
70.2352294921875
79.10171508789062
70.60772705078125
76.21145629882812
78.58570098876953
51.51700973510742
76.55998992919922
72.94123077392578
64.47218322753906
73.8044662475586
67.64370727539062
70.00481414794922
73.11773681640625
52.49928665161133
72.95944213867188
71.0040054321289
66.50244140625
74.96145629882812
66.56841278076172
74.3076400756836
77.2168197631836
52.19758987426758
79.45877838134766
77.2951889038086
73.00131225585938
81.6316909790039
74.08715057373047
80.75281524658203
83.7317123413086
54.66331481933594
85.79907989501953
84.20001220703125
80.23799133300781
89.34435272216797
81.64574432373047
87.7392578125
90.03524780273438
50.798133850097656
89.57097625732422
86.49994659423828
80.48191833496094
88.015625
78.92813873291016
83.518798828125
85.14493560791016
41.09707260131836
83.97798919677734
81.3969955444336
75.25709533691406
83.52975463867188
74.48878479003906
79.88362121582031
81.67807006835938
49.84093475341797
81.43323516845703
78.62847900390625
73.23763275146484
81.62105560302734
73.00721740722656
78.50848388671875
80.84886169433594
35.87766647338867
80.78565216064453
78.62142944335938
73.22264862060547
80.93576049804688
71.30062103271484
76.52241516113281
77.92672729492188
45.87439727783203
78.6805191040039
76.17240905761719
70.81533813476562
79.6949234008789
71.92030334472656
77.80247497558594
80.51518249511719
43.06645202636719
81.46239471435547
79.56969451904297
74.81724548339844
83.6157455444336
76.05445098876953
81.66034698486328
84.77876281738281
53.350379943847656
85.98368835449219
84.76747131347656
79.21468353271484
89.0565414428711
82.50897979736328
86.77409362792969
90.48575592041016
69.62410736083984
89.293212890625
86.7432861328125
80.18256378173828
87.98210144042969
79.22489929199219
85.51786804199219
88.37712860107422
48.9556884765625
90.15969848632812
88.75374603271484
83.19588470458984
91.97425842285156
83.6500473022461
87.88114166259766
89.6713638305664
61.91628646850586
88.49171447753906
85.66825103759766
80.35029602050781
87.81920623779297
78.18616485595703
84.7445068359375
86.62725067138672
55.6893196105957
86.77519989013672
83.91405487060547
77.80376434326172
85.91007995605469
76.88080596923828
81.80156707763672
83.27557373046875
54.86905288696289
82.59713745117188
79.97718048095703
76.23690795898438
84.983154296875
77.4459228515625
84.06951141357422
87.12611389160156
52.647972106933594
87.74108123779297
85.63697814941406
80.14160919189453
88.66152954101562
80.36466217041016
85.52198028564453
87.78715515136719
53.931278228759766
87.12406921386719
84.55504608154297
78.55646514892578
86.95831298828125
78.82583618164062
84.35781860351562
86.89781188964844
46.822906494140625
87.31834411621094
85.0046157836914
79.85143280029297
88.25431823730469
80.01268005371094
85.30680084228516
87.63143920898438
50.549049377441406
87.32229614257812
84.90494537353516
79.18680572509766
87.73988342285156
79.90470123291016
85.80777740478516
88.83329010009766
50.264896392822266
89.91394805908203
87.67372131347656
82.8582534790039
91.1830062866211
83.01252746582031
88.34095764160156
90.68896484375
49.17490005493164
90.78194427490234
88.52333068847656
83.3681411743164
92.07636260986328
84.1479721069336
89.79193878173828
92.33948516845703
47.39421463012695
92.50753784179688
90.25384521484375
84.68511199951172
93.1363754272461
84.8397216796875
90.00963592529297
92.28005981445312
49.43607711791992
92.03275299072266
89.59526062011719
84.1574935913086
92.50261688232422
84.01516723632812
89.17778015136719
91.41439819335938
46.20869827270508
91.24913024902344
88.90974426269531
83.17794799804688
91.52002716064453
83.06243133544922
87.96224975585938
90.3321533203125
40.210418701171875
90.76399230957031
88.95357513427734
84.0339584350586
92.54155731201172
84.39021301269531
90.04591369628906
92.72962951660156
47.448486328125
93.40526580810547
91.48094177246094
86.28458404541016
95.13525390625
87.1917953491211
92.71019744873047
95.4085464477539
60.948909759521484
95.88360595703125
93.9329833984375
88.23896026611328
96.92153930664062
88.8575668334961
93.32926940917969
95.4034652709961
61.64162826538086
94.09351348876953
91.26920318603516
85.99824523925781
94.17090606689453
85.81695556640625
90.46609497070312
92.24762725830078
46.25300979614258
90.38883209228516
87.0692367553711
80.27336120605469
87.61622619628906
78.19786834716797
82.14954376220703
83.4997787475586
46.28255844116211
84.68045043945312
84.36066436767578
80.23725128173828
90.29200744628906
83.04930114746094
87.74929809570312
89.7309341430664
58.209041595458984
87.75066375732422
84.60962677001953
77.57627868652344
85.20491790771484
75.64541625976562
80.20443725585938
83.07096862792969
50.98997497558594
85.95972442626953
85.29611206054688
80.80792999267578
89.91536712646484
82.35828399658203
86.95244598388672
89.15727996826172
56.199485778808594
88.28461456298828
85.52547454833984
79.32247924804688
87.6078872680664
78.95120239257812
83.45721435546875
86.0885238647461
56.54179763793945
86.34546661376953
84.54569244384766
78.6747817993164
87.20027160644531
79.23614501953125
82.851318359375
84.76567077636719
58.82870864868164
83.07133483886719
80.5562744140625
75.58284759521484
83.89039611816406
75.88805389404297
81.7431869506836
84.80252075195312
50.49077606201172
85.26551055908203
82.96995544433594
77.63420104980469
86.17930603027344
78.22290802001953
83.41895294189453
85.9507064819336
51.34632873535156
86.2485580444336
84.23170471191406
78.28762817382812
87.34709930419922
79.9156494140625
83.6574478149414
85.97806549072266
57.72477340698242
83.65569305419922
80.12187194824219
73.05796813964844
80.68021392822266
