80.0870361328125
86.20611572265625
88.88224792480469
64.83114624023438
89.93547821044922
88.32278442382812
83.93985748291016
93.06791687011719
85.84217834472656
92.20967102050781
95.73310852050781
70.77025604248047
97.68318939208984
95.537109375
89.49860382080078
96.1853256225586
85.9693603515625
89.42754364013672
89.9546127319336
62.51750564575195
86.1845703125
82.1241683959961
74.61769104003906
81.11539459228516
70.00714874267578
74.30003356933594
76.00422668457031
55.09427261352539
80.79087829589844
81.42842864990234
79.44180297851562
89.78695678710938
83.64742279052734
90.29462432861328
92.55352783203125
64.86511993408203
89.98104095458984
86.21459197998047
79.58686828613281
86.68013000488281
77.0150146484375
81.60628509521484
83.05240631103516
54.355316162109375
81.12918090820312
78.17155456542969
72.05765533447266
79.52031707763672
70.6934585571289
75.53376007080078
76.36080169677734
55.97440719604492
75.49610900878906
71.85563659667969
66.4880142211914
74.82492065429688
66.63117218017578
71.41361999511719
72.33150482177734
47.29638671875
71.67559814453125
68.99911499023438
62.658390045166016
71.15715026855469
60.25606155395508
64.92731475830078
68.82217407226562
46.44203186035156
67.3924331665039
64.93131256103516
59.899654388427734
69.35274505615234
63.38922119140625
67.91648864746094
72.022705078125
49.89491653442383
75.29691314697266
74.44792938232422
70.86154174804688
80.45963287353516
73.2624282836914
81.04598236083984
85.2057113647461
61.82387924194336
89.64679718017578
89.46843719482422
86.01361083984375
94.63741302490234
85.81468200683594
90.03894805908203
91.31977844238281
64.37738800048828
89.70675659179688
86.73868560791016
81.19425201416016
89.08145904541016
80.34098815917969
85.49066925048828
87.83570098876953
62.28640365600586
87.95348358154297
85.62175750732422
80.6053695678711
89.20719909667969
81.0016098022461
86.6402587890625
89.31830596923828
64.654541015625
90.06451416015625
87.97245025634766
83.07623291015625
91.5798110961914
83.42388153076172
89.65737915039062
91.87081146240234
65.48168182373047
90.10215759277344
86.30867004394531
79.94242095947266
86.6690444946289
76.85892486572266
81.4935073852539
82.4927749633789
53.166324615478516
80.65216064453125
77.49088287353516
70.91838836669922
78.62217712402344
69.04817199707031
74.57899475097656
76.53498077392578
43.011138916015625
75.58393859863281
72.4271240234375
68.05564880371094
75.55340576171875
67.6983871459961
72.64500427246094
76.11275482177734
53.64463424682617
77.96163940429688
76.68521881103516
73.2492446899414
83.1607437133789
74.59857177734375
80.86547088623047
82.86150360107422
59.97119140625
83.51515197753906
81.9561996459961
77.25165557861328
85.40684509277344
76.20574951171875
80.5112533569336
81.842529296875
54.14121627807617
80.36875915527344
77.9359130859375
73.1988525390625
81.22927856445312
73.44657135009766
79.66415405273438
83.18370819091797
58.08358383178711
85.62166595458984
84.80343627929688
81.06407165527344
90.54154205322266
82.94085693359375
87.73709106445312
89.51044464111328
64.49665832519531
87.8221435546875
84.70088958740234
79.01241302490234
86.50935363769531
77.64466094970703
82.60002899169922
84.38984680175781
58.65713119506836
83.88655853271484
81.13346099853516
75.48579406738281
83.88663482666016
75.48893737792969
81.05772399902344
83.60922241210938
58.165287017822266
84.39614868164062
82.21635437011719
77.30874633789062
85.80838012695312
77.86592102050781
83.87503814697266
86.37208557128906
59.0967903137207
87.39716339111328
85.65543365478516
80.97491455078125
89.83333587646484
82.4314956665039
88.18228912353516
91.05046081542969
65.6317138671875
92.29434204101562
90.44071960449219
85.24288177490234
93.47418212890625
85.02117156982422
89.62350463867188
91.36690521240234
65.53277587890625
89.93557739257812
86.71539306640625
80.70006561279297
88.24910736083984
79.57412719726562
84.00215911865234
85.45845794677734
60.337345123291016
84.28490447998047
81.51170349121094
75.68246459960938
83.53231811523438
74.78689575195312
79.62319946289062
81.28266906738281
52.36023712158203
80.61274719238281
77.73887634277344
72.06318664550781
80.28438568115234
71.19879913330078
76.5853500366211
78.52067565917969
52.60956954956055
78.41520690917969
75.22579956054688
69.22003936767578
77.43265533447266
68.96910858154297
74.4890365600586
76.66322326660156
55.7564582824707
78.259765625
75.8831787109375
70.25022888183594
78.6705551147461
70.93094635009766
75.1827392578125
77.25222778320312
48.88541030883789
77.44338989257812
74.67889404296875
68.81717681884766
77.422119140625
68.2427978515625
74.29122161865234
76.8304672241211
50.39134216308594
75.4529037475586
72.39472198486328
68.40789031982422
74.82075500488281
63.79132080078125
69.41749572753906
68.93952941894531
48.942771911621094
68.4837417602539
67.435546875
64.51448059082031
77.91112518310547
72.9925308227539
81.060546875
84.86827087402344
64.3577880859375
85.98406982421875
82.9914321899414
76.75810241699219
83.54656219482422
73.41114807128906
77.30208587646484
78.65271759033203
53.846500396728516
78.06464385986328
76.0935287475586
71.64299011230469
80.7953109741211
73.82647705078125
80.09046936035156
83.18742370605469
59.141456604003906
85.12340545654297
83.74209594726562
79.37488555908203
88.66289520263672
81.58089447021484
87.64158630371094
90.64376831054688
64.58761596679688
91.36813354492188
88.78720092773438
83.0907211303711
90.83016967773438
81.91680908203125
86.40080261230469
87.83222198486328
62.761207580566406
86.6723403930664
83.74738311767578
77.76126861572266
85.81497955322266
77.15799713134766
82.00940704345703
83.91545104980469
57.81119918823242
83.64318084716797
80.86389923095703
76.15049743652344
83.90375518798828
75.75332641601562
81.08070373535156
83.3495864868164
57.132118225097656
83.78086853027344
81.43209075927734
76.80072784423828
85.11659240722656
77.4032974243164
83.08543395996094
86.06260681152344
60.512939453125
87.63441467285156
86.18669128417969
81.65190124511719
91.13457489013672
83.77129364013672
89.90765380859375
92.46666717529297
65.42398834228516
91.1319580078125
87.524658203125
80.79135131835938
87.49241638183594
77.58335876464844
81.76058197021484
82.57848358154297
54.593177795410156
80.45774841308594
76.6240463256836
70.16578674316406
77.40308380126953
67.0958023071289
72.42338562011719
73.33792114257812
42.0024528503418
70.6224136352539
68.04711151123047
62.73764419555664
70.79273986816406
62.81821060180664
68.58795166015625
71.63728332519531
50.854713439941406
74.23226928710938
72.58015441894531
68.34886169433594
78.2283706665039
71.00530242919922
76.93550872802734
79.91510009765625
50.099884033203125
80.65509033203125
78.80086517333984
73.70100402832031
81.63829040527344
74.02417755126953
80.2233657836914
83.35208892822266
59.843936920166016
85.81239318847656
84.84017181396484
81.38908386230469
90.95462036132812
83.81329345703125
90.46893310546875
93.84603118896484
68.16015625
94.91788482666016
92.6895523071289
87.44818878173828
95.4348373413086
87.02471923828125
92.02362060546875
94.13529205322266
67.33573913574219
93.84510040283203
91.48424530029297
86.07567596435547
94.38058471679688
86.20321655273438
91.30506896972656
93.41114807128906
68.46440887451172
91.67339324951172
88.14801788330078
80.93215942382812
87.79283142089844
77.58612823486328
82.82537841796875
85.22843933105469
58.32346725463867
86.1844253540039
84.64273071289062
80.03054809570312
88.77259063720703
80.974609375
86.72151947021484
89.37274169921875
64.48391723632812
90.03546142578125
88.06381225585938
82.64837646484375
90.71772766113281
81.8704833984375
86.33099365234375
87.69832611083984
60.87417984008789
86.88568115234375
85.05976867675781
80.47630310058594
89.25750732421875
81.45729064941406
87.44184875488281
90.12272644042969
63.47572326660156
90.88275146484375
88.78905487060547
83.96727752685547
92.53977966308594
84.7049789428711
90.19186401367188
92.81275177001953
67.05915069580078
93.22396850585938
91.18446350097656
86.07523345947266
94.41126251220703
86.15023040771484
91.59158325195312
93.81694793701172
67.51846313476562
93.52287292480469
90.82852935791016
84.66098022460938
91.96174621582031
82.48542022705078
87.07093811035156
88.86054229736328
61.692352294921875
89.20562744140625
87.33930969238281
82.3797378540039
91.09174346923828
83.18248748779297
88.7060546875
91.3266830444336
63.116512298583984
91.73087310791016
89.52152252197266
84.08196258544922
92.61396026611328
84.20845794677734
89.71944427490234
92.29774475097656
65.62118530273438
93.06005096435547
91.16593170166016
86.09361267089844
94.82556915283203
86.72356414794922
91.99779510498047
94.15808868408203
66.68709564208984
93.171875
90.17633056640625
84.18868255615234
92.03246307373047
83.75055694580078
89.63011169433594
92.68265533447266
66.43833923339844
94.66455078125
93.28067016601562
88.95220184326172
97.92623138427734
90.21702575683594
95.74173736572266
98.13957214355469
71.48619079589844
97.65608978271484
94.8699951171875
89.10968017578125
96.84564208984375
87.95538330078125
92.66503143310547
94.42753601074219
68.25113677978516
93.37908935546875
90.63475036621094
84.76688385009766
92.6557388305664
83.7822265625
88.77615356445312
90.45816802978516
65.73820495605469
88.46340942382812
84.53327178955078
78.03291320800781
85.2240219116211
76.99398040771484
81.91127014160156
84.15206909179688
59.81120681762695
83.79000854492188
80.71892547607422
74.99407196044922
82.53673553466797
73.01856231689453
78.11326599121094
79.85365295410156
56.04658508300781
80.57565307617188
80.28302764892578
77.06901550292969
86.68292999267578
79.03598022460938
85.1261215209961
87.90377807617188
61.148345947265625
88.28084564208984
86.25361633300781
80.21073913574219
88.5738754272461
79.60072326660156
83.16551971435547
83.8310775756836
54.55436706542969
79.4443130493164
74.80357360839844
69.10901641845703
78.91612243652344
71.76607513427734
77.80174255371094
80.5267562866211
54.19760513305664
79.9600601196289
77.322021484375
71.89627075195312
80.4189224243164
71.46006774902344
77.87332153320312
80.09950256347656
56.03617858886719
80.69181823730469
78.23973846435547
73.43559265136719
81.70122528076172
73.77884674072266
78.83216094970703
80.2278823852539
56.24580383300781
78.20405578613281
74.23941802978516
68.94839477539062
76.36519622802734
