81.64238739013672
87.27066040039062
90.03897857666016
67.04197692871094
91.07792663574219
89.52342224121094
85.40907287597656
94.42868041992188
87.20053100585938
93.85382843017578
96.99516296386719
74.18022918701172
97.5210952758789
94.25811767578125
87.01898193359375
93.65876007080078
83.6428451538086
86.79414367675781
87.18744659423828
57.125526428222656
83.50244140625
79.15872955322266
72.20933532714844
78.51994323730469
67.93562316894531
74.2699203491211
78.6338119506836
58.75495529174805
84.10124969482422
84.02720642089844
82.20628356933594
91.95765686035156
85.20654296875
90.59829711914062
91.89702606201172
65.02165985107422
88.72962188720703
85.16229248046875
78.23548126220703
85.68892669677734
75.89019012451172
81.25736999511719
81.79998016357422
60.68191146850586
80.76760864257812
77.03157806396484
72.87348937988281
79.26860809326172
71.11647033691406
74.26776123046875
76.20315551757812
52.97340774536133
74.04950714111328
73.1764907836914
62.843658447265625
72.10994720458984
64.84051513671875
67.73631286621094
68.50991821289062
55.493812561035156
67.12246704101562
60.34299087524414
61.69877624511719
67.96439361572266
56.92157745361328
64.18414306640625
66.2842025756836
51.43465805053711
68.3685302734375
65.88377380371094
66.84696960449219
72.29105377197266
64.31375885009766
73.66500854492188
76.48190307617188
60.743892669677734
79.2415542602539
78.52999114990234
74.73250579833984
84.42977905273438
78.35991668701172
85.27118682861328
89.45642852783203
68.7919921875
93.03404235839844
90.94613647460938
85.74881744384766
92.65558624267578
83.4582290649414
87.8387451171875
89.06703186035156
65.58316802978516
88.0057144165039
85.35816955566406
79.21743774414062
87.52301788330078
79.6961669921875
84.00553131103516
86.2402572631836
61.97065734863281
85.84305572509766
83.6907730102539
78.70148468017578
86.78974151611328
78.2995834350586
84.39604949951172
86.8469467163086
65.01447296142578
87.51350402832031
85.60689544677734
81.03743743896484
89.54357147216797
81.82979583740234
87.59049987792969
90.78475189208984
65.46046447753906
91.53123474121094
88.80183410644531
82.10372161865234
89.54918670654297
79.7236099243164
84.066162109375
84.9276123046875
62.22087097167969
82.67322540283203
79.5208511352539
73.0927505493164
80.25634002685547
71.71700286865234
74.9586181640625
76.55579376220703
54.754642486572266
73.5253677368164
71.63484191894531
64.0029067993164
71.97826385498047
61.90272521972656
69.13101959228516
70.16080474853516
50.03597640991211
72.3779525756836
70.80338287353516
68.20336151123047
77.45115661621094
71.5760726928711
77.27799224853516
80.92242431640625
52.84677505493164
83.61094665527344
81.8514404296875
77.2908935546875
84.73066711425781
75.4964828491211
78.93231201171875
80.38185119628906
52.310394287109375
78.56611633300781
75.59711456298828
70.43695068359375
77.89227294921875
70.44192504882812
76.74910736083984
78.94313049316406
57.29987716674805
80.39356994628906
78.8031997680664
74.52250671386719
84.54467010498047
77.08480834960938
84.01551055908203
87.95006561279297
58.8924446105957
89.67569732666016
87.7950439453125
81.73199462890625
89.91159057617188
81.2469482421875
85.62831115722656
87.49762725830078
64.58800506591797
86.0082015991211
82.7895278930664
75.49356079101562
83.8157730102539
74.99071502685547
79.54890441894531
81.89752197265625
53.87369918823242
82.74581909179688
80.0252685546875
75.48783874511719
83.65552520751953
75.39157104492188
81.61402130126953
83.97700500488281
60.339073181152344
84.94168853759766
82.81383514404297
78.10733032226562
86.9720458984375
79.53404998779297
84.61431884765625
87.53103637695312
64.23091125488281
88.70716857910156
87.39517974853516
82.26133728027344
91.54270935058594
83.97659301757812
89.8579330444336
92.95926666259766
66.59815979003906
93.48517608642578
91.40788269042969
84.95330810546875
93.07238006591797
84.51451110839844
88.10396575927734
89.92298126220703
66.06697845458984
88.17727661132812
85.22628021240234
78.92557525634766
86.67365264892578
77.31353759765625
82.73722839355469
84.25336456298828
61.60072326660156
83.53006744384766
80.52120971679688
75.04512786865234
82.8505859375
73.96041870117188
79.08584594726562
81.15052795410156
60.02946472167969
80.35984802246094
77.71758270263672
70.89021301269531
79.87666320800781
71.14281463623047
76.08654022216797
77.87261199951172
47.43804931640625
78.1377182006836
75.46710968017578
71.54480743408203
79.0671157836914
69.3004150390625
76.34970092773438
77.90480041503906
59.06312942504883
77.73909759521484
75.23167419433594
68.93712615966797
78.24038696289062
70.48341369628906
74.30816650390625
75.97294616699219
55.07283020019531
75.0916519165039
72.62369537353516
66.0326919555664
74.2292709350586
64.42605590820312
69.39405822753906
70.91866302490234
41.94963836669922
70.23715209960938
71.70780181884766
69.96919250488281
81.52774047851562
75.07373046875
83.7607650756836
86.81739044189453
63.27793502807617
86.72346496582031
84.03003692626953
76.72666931152344
84.69380187988281
75.84284973144531
79.54579162597656
80.14234161376953
52.52223205566406
78.846923828125
76.7039794921875
72.96502685546875
81.4203872680664
74.28015899658203
80.73280334472656
83.79121398925781
63.16447067260742
85.50999450683594
84.09566497802734
79.85169219970703
88.97789764404297
81.54342651367188
87.57865142822266
90.46263885498047
64.70784759521484
90.8726577758789
88.34430694580078
82.66032409667969
90.38758850097656
81.293212890625
86.16787719726562
87.76439666748047
64.64344787597656
86.64608764648438
83.69721984863281
77.93477630615234
85.5927734375
77.58899688720703
81.48517608642578
83.70907592773438
57.58699417114258
83.25958251953125
80.91664123535156
75.03564453125
83.1817855834961
74.09315490722656
80.46074676513672
82.81649017333984
60.100120544433594
83.03288269042969
80.76473999023438
76.32196807861328
84.4886703491211
76.8980484008789
82.60333251953125
85.79052734375
62.84819030761719
87.19985961914062
85.75263977050781
81.1760025024414
90.49816131591797
83.271240234375
89.6158218383789
92.63131713867188
68.13298797607422
92.41024017333984
89.07544708251953
82.02610778808594
89.19172668457031
79.7842025756836
83.10401916503906
84.15814208984375
56.379310607910156
81.60603332519531
77.81037139892578
70.84444427490234
78.97320556640625
69.10047912597656
73.7463607788086
75.01872253417969
55.832637786865234
72.29911041259766
67.94654846191406
64.63970947265625
71.52428436279297
61.877662658691406
68.8906021118164
69.83172607421875
56.52532196044922
72.06780242919922
70.45001983642578
67.49325561523438
76.65513610839844
69.99716186523438
75.1252212524414
78.34422302246094
57.731468200683594
79.26363372802734
77.98224639892578
73.230224609375
81.63407135009766
74.1213607788086
79.48577880859375
82.22308349609375
58.490150451660156
84.11302185058594
82.78413391113281
79.58313751220703
88.68692779541016
81.49382781982422
88.44648742675781
91.8303451538086
69.17650604248047
93.59434509277344
91.60054779052734
86.27508544921875
94.74371337890625
86.45446014404297
91.36897277832031
93.45191955566406
68.2948989868164
93.1078109741211
90.5961685180664
85.2573471069336
93.3576431274414
84.93814086914062
90.01620483398438
92.03108215332031
68.32083892822266
90.41618347167969
87.04261016845703
80.50519561767578
89.03437042236328
81.16016387939453
86.50581359863281
89.34384155273438
65.83747100830078
89.78852844238281
87.75039672851562
82.63441467285156
91.15265655517578
82.99998474121094
88.25991821289062
90.77863311767578
66.98307037353516
91.8354263305664
90.84558868408203
86.177978515625
96.4590072631836
89.92462158203125
93.38499450683594
95.95781707763672
77.03162384033203
92.85216522216797
88.38142395019531
82.21465301513672
87.45425415039062
77.19306182861328
84.6075439453125
87.03072357177734
60.39435958862305
88.75320434570312
86.99085235595703
82.73326873779297
91.09093475341797
83.2728271484375
88.9876937866211
91.69220733642578
68.0184326171875
92.26729583740234
90.20561981201172
84.95722961425781
93.59375762939453
85.67652893066406
90.8830795288086
93.26486206054688
67.12348937988281
93.2824478149414
90.6061019897461
85.03837585449219
92.6060562133789
83.39962768554688
87.6671142578125
89.1557388305664
65.62494659423828
89.0068588256836
87.09779357910156
82.13983154296875
90.74475860595703
83.08493041992188
88.35894775390625
91.07868194580078
67.7680892944336
91.45518493652344
89.13301086425781
83.87088012695312
92.14510345458984
83.23310089111328
88.75350952148438
90.80846405029297
66.8311538696289
91.29401397705078
89.24691772460938
84.41686248779297
93.00265502929688
85.14501953125
90.62615203857422
93.14974975585938
68.74681091308594
93.11918640136719
90.53952026367188
84.30998229980469
92.25968170166016
83.75147247314453
88.62691497802734
90.84479522705078
66.4307632446289
92.14005279541016
90.7124252319336
86.55757141113281
95.52397155761719
88.16210174560547
94.22932434082031
97.19327545166016
72.88300323486328
97.90042877197266
95.84269714355469
90.07015228271484
98.32283782958984
89.94182586669922
94.34127044677734
96.17491149902344
71.96945190429688
95.08509063720703
92.14484405517578
86.41015625
94.1656265258789
85.61560821533203
90.2455062866211
92.0638198852539
67.814453125
90.4599609375
87.10047149658203
80.65975189208984
87.71878814697266
78.43147277832031
83.50320434570312
85.76427459716797
59.481014251708984
85.14778900146484
82.30284118652344
76.64189147949219
84.80795288085938
75.74722290039062
80.75112915039062
82.20491027832031
60.93259811401367
80.68238067626953
77.64328002929688
72.93665313720703
79.99201202392578
72.0545883178711
79.23976135253906
81.8697509765625
53.80428695678711
81.71776580810547
79.27651977539062
74.099365234375
82.34085083007812
74.80643463134766
78.82521057128906
81.6676254272461
56.57030487060547
80.82034301757812
78.77403259277344
73.19577026367188
82.41737365722656
74.69771575927734
78.89315795898438
80.55542755126953
55.65776824951172
79.40279388427734
76.26216888427734
70.86597442626953
79.19940185546875
71.53931427001953
77.26985931396484
79.93360900878906
55.94546890258789
80.42669677734375
78.53024291992188
73.25123596191406
82.37265014648438
73.91670989990234
79.18560028076172
80.83751678466797
52.8986701965332
78.81694793701172
75.47395324707031
67.97708129882812
76.52423858642578
