83.17023468017578
89.05563354492188
91.93052673339844
61.432594299316406
93.08778381347656
91.34953308105469
86.35909271240234
95.51435852050781
87.92472076416016
94.61334991455078
97.69447326660156
56.02385330200195
99.95846557617188
98.8910140991211
94.90575408935547
104.15132904052734
95.80931854248047
100.3017578125
100.9406509399414
65.99668884277344
97.0223617553711
92.72924041748047
85.94539642333984
92.26808166503906
82.27114868164062
85.51605987548828
85.03349304199219
59.14470291137695
78.60943603515625
73.00794982910156
72.72271728515625
83.34798431396484
78.63270568847656
87.4909896850586
92.71851348876953
49.52116012573242
96.01004791259766
93.50287628173828
87.35163116455078
93.85844421386719
83.93345642089844
88.88166809082031
89.84798431396484
51.548545837402344
87.7076644897461
85.01957702636719
79.02751922607422
86.18423461914062
77.85107421875
82.41768646240234
84.13858032226562
53.98138427734375
82.78824615478516
79.95661926269531
73.28466796875
82.17347717285156
73.71611785888672
79.54174041748047
81.48223876953125
57.684593200683594
81.379150390625
78.3407211303711
74.44611358642578
81.83696746826172
74.4822769165039
78.57368469238281
81.1017837524414
52.015140533447266
80.78402709960938
79.09675598144531
74.5123291015625
83.01264190673828
74.45109558105469
80.08824920654297
83.29585266113281
56.06935501098633
84.04236602783203
81.99524688720703
77.29092407226562
86.54837799072266
78.92942810058594
84.36654663085938
87.36930084228516
44.84600830078125
88.41512298583984
86.56021118164062
81.24609375
89.64811706542969
80.760986328125
81.84686279296875
78.45442962646484
57.96270751953125
89.8133316040039
89.33677673339844
84.21940612792969
92.27101135253906
83.48821258544922
88.6606216430664
90.56977081298828
42.191524505615234
89.67967987060547
87.05630493164062
80.96449279785156
89.41123962402344
80.46449279785156
84.99546813964844
85.90534973144531
52.307918548583984
81.41741943359375
76.97065734863281
72.45973205566406
81.1520004272461
73.47794342041016
80.30496978759766
83.04986572265625
50.78253936767578
84.49848175048828
83.06536102294922
78.88973236083984
87.3627700805664
79.94154357910156
85.77556610107422
89.04576873779297
58.23674774169922
91.06768798828125
89.87483978271484
85.65811157226562
95.18354797363281
88.303466796875
95.06078338623047
98.60806274414062
45.960208892822266
100.00254821777344
97.63016510009766
91.68184661865234
99.18743896484375
90.01910400390625
94.64181518554688
96.34850311279297
40.41103744506836
95.18222045898438
92.33837890625
86.83990478515625
95.01824188232422
86.66639709472656
91.79292297363281
94.16683959960938
52.342529296875
93.73394775390625
91.33384704589844
86.24390411376953
94.8926010131836
86.4649658203125
91.16966247558594
91.75281524658203
56.478546142578125
85.72238159179688
80.9991226196289
72.87748718261719
80.4329605102539
71.94947052001953
78.50926208496094
81.76819610595703
53.84050369262695
83.56231689453125
81.46295928955078
77.2572250366211
85.56370544433594
78.42141723632812
83.68573760986328
86.37779998779297
51.625946044921875
87.78581237792969
85.86544036865234
81.27735137939453
90.14093780517578
82.16446685791016
88.56287384033203
91.48229217529297
52.775062561035156
93.06487274169922
91.51030731201172
86.61372375488281
95.97311401367188
88.3492202758789
94.2321548461914
96.91158294677734
58.15193557739258
96.08955383300781
93.04547882080078
86.7822494506836
94.26590728759766
84.94293975830078
89.22010040283203
90.7507553100586
58.99104690551758
88.88632202148438
85.48153686523438
79.90730285644531
87.55961608886719
78.49980926513672
83.13489532470703
84.95893096923828
42.66395950317383
84.0201644897461
81.20339965820312
75.03594970703125
83.48236083984375
75.82706451416016
79.8351821899414
81.20465850830078
55.68411636352539
81.21528625488281
78.4210205078125
73.12203979492188
80.57963562011719
72.09734344482422
77.17898559570312
79.59053039550781
51.26414489746094
77.70533752441406
76.45561981201172
69.44486999511719
77.39656066894531
69.82465362548828
73.45069885253906
76.00297546386719
55.78240966796875
75.9453125
74.92989349365234
69.1640625
80.51024627685547
73.66444396972656
81.27323150634766
83.41874694824219
55.69396209716797
82.87492370605469
80.09725952148438
75.65860748291016
82.88665771484375
73.65676879882812
79.16238403320312
81.92247772216797
56.02155685424805
81.76583862304688
79.44631958007812
74.81500244140625
83.15707397460938
74.00688171386719
80.05632019042969
82.7261734008789
46.802093505859375
82.66227722167969
79.20377349853516
73.5379638671875
81.98674011230469
73.8947982788086
80.50981903076172
83.81864166259766
57.84050750732422
84.83716583251953
82.7103500366211
77.3283462524414
85.56005096435547
76.22466278076172
81.46195983886719
82.74687957763672
50.510433197021484
81.05810546875
78.32579040527344
72.1838607788086
80.53764343261719
73.0038070678711
79.0492172241211
82.27793884277344
55.558197021484375
84.35723114013672
82.12474060058594
78.02997589111328
86.23699188232422
78.1250991821289
83.46340942382812
85.93213653564453
59.999183654785156
86.48686981201172
84.04345703125
78.81585693359375
87.34938049316406
80.01690673828125
85.46355438232422
88.28909301757812
55.1196403503418
89.97154235839844
88.75624084472656
84.29423522949219
93.8033218383789
86.67304229736328
93.18998718261719
96.45563507080078
51.37821578979492
97.31586456298828
94.66339111328125
88.82806396484375
96.18756103515625
87.12775421142578
91.30298614501953
93.01663208007812
59.277976989746094
91.72394561767578
88.88091278076172
83.15396881103516
91.15013885498047
82.57528686523438
87.26420593261719
89.3557357788086
61.28616714477539
89.25714874267578
86.7657470703125
81.28045654296875
89.55250549316406
81.2767562866211
86.46240234375
89.10115051269531
43.55585861206055
89.79949951171875
88.28302764892578
82.93568420410156
91.79808807373047
83.95502471923828
89.93567657470703
92.70574951171875
56.5283088684082
92.66856384277344
89.31343841552734
82.9820327758789
89.17863464355469
78.44129943847656
82.52080535888672
82.9256362915039
58.37007522583008
80.5389633178711
78.70777130126953
73.62252044677734
82.7345962524414
76.04547882080078
82.00479125976562
85.14839935302734
54.04548645019531
86.6379165649414
85.02692413330078
80.72296142578125
89.5457992553711
82.00086212158203
87.91047668457031
90.78780364990234
49.85519790649414
92.52986907958984
91.0892562866211
87.0650634765625
96.5234146118164
89.33734893798828
95.78377532958984
99.06887817382812
59.72916030883789
100.5400161743164
98.7734375
93.39724731445312
101.58042907714844
92.7381820678711
96.97380065917969
98.32182312011719
59.26260757446289
96.06595611572266
92.75272369384766
85.87630462646484
93.40052795410156
84.30809020996094
88.61695861816406
89.91878509521484
51.40729904174805
90.56692504882812
89.1864242553711
85.00775146484375
95.19561004638672
88.1868667602539
94.5143814086914
97.47279357910156
50.43647766113281
97.69175720214844
95.19898223876953
89.66200256347656
97.7348861694336
88.9054183959961
94.18182373046875
96.39517974853516
59.84732437133789
95.9837875366211
93.6566162109375
87.97980499267578
96.25337219238281
87.96086883544922
92.9717025756836
94.8438720703125
58.10338592529297
93.5892105102539
90.77072143554688
85.9650650024414
94.45423126220703
86.55919647216797
91.840576171875
94.60403442382812
48.7516975402832
94.97191619873047
92.83174896240234
87.82044219970703
96.09048461914062
88.11060333251953
93.3056869506836
95.70108032226562
50.704551696777344
95.85216522216797
93.47834014892578
87.97247314453125
96.0219497680664
87.1928939819336
91.97282409667969
94.23751831054688
44.17771530151367
95.2119369506836
93.71002197265625
88.86837768554688
97.72571563720703
89.62226867675781
95.3104248046875
97.89784240722656
59.617919921875
98.25677490234375
96.39830780029297
91.56505584716797
100.51412963867188
92.72098541259766
98.35105895996094
101.03620910644531
59.28450393676758
101.33560943603516
99.03137969970703
93.47116088867188
101.55094146728516
92.36922454833984
96.46055603027344
97.35343170166016
54.39159393310547
94.94174194335938
92.41921997070312
86.9813232421875
95.69330596923828
87.52495574951172
93.3514404296875
95.90263366699219
58.81071090698242
96.372314453125
94.21102142333984
89.2158432006836
97.69341278076172
89.5065689086914
95.11869812011719
97.84008026123047
51.10547637939453
98.79442596435547
96.94451904296875
92.24658966064453
100.98429870605469
93.26435852050781
98.78782653808594
101.49625396728516
59.482765197753906
101.82261657714844
99.46869659423828
93.77281188964844
102.07315826416016
94.0191650390625
99.64408111572266
102.67510223388672
52.20232391357422
104.1266098022461
102.43033599853516
97.38612365722656
105.88922119140625
97.44280242919922
102.48986053466797
104.49266052246094
57.24678039550781
103.48262023925781
100.66634368896484
94.92230224609375
102.82005310058594
94.2459716796875
99.0649185180664
101.16980743408203
61.48295593261719
100.51846313476562
97.58478546142578
91.10321044921875
97.61991882324219
86.73426818847656
88.7248764038086
87.75104522705078
48.994667053222656
79.91844177246094
74.8041000366211
65.4378433227539
73.83378601074219
66.61019897460938
70.49846649169922
73.7772445678711
50.525123596191406
75.31341552734375
72.37308502197266
66.94127655029297
75.30723571777344
65.3818588256836
73.63359832763672
77.4041748046875
54.97871780395508
80.94051361083984
80.19993591308594
76.03547668457031
85.9698257446289
78.4828109741211
84.29865264892578
87.21599578857422
49.06028366088867
87.78203582763672
85.23390197753906
79.73993682861328
88.30374908447266
80.18151092529297
85.12684631347656
87.05772399902344
47.47941589355469
84.302978515625
80.00179290771484
72.12315368652344
76.70816802978516
65.14625549316406
73.85847473144531
78.61483764648438
57.96348190307617
85.66251373291016
85.90980529785156
82.02641296386719
91.43743896484375
83.3957748413086
88.76970672607422
90.40365600585938
29.275711059570312
88.51359558105469
85.30441284179688
79.50122833251953
87.65208435058594
79.33091735839844
84.8324203491211
87.13602447509766
43.728981018066406
87.18346405029297
85.28890991210938
79.09933471679688
87.85208892822266
79.86894226074219
84.20663452148438
86.23283386230469
57.27375411987305
86.0763931274414
83.58016204833984
78.17064666748047
85.642822265625
