83.74134826660156
83.14013671875
84.69393920898438
84.56458282470703
86.67404174804688
86.33995819091797
88.70832061767578
88.68025207519531
91.27313232421875
91.19144439697266
93.42543029785156
91.81071472167969
92.3302230834961
89.1724853515625
88.90383911132812
85.36344909667969
85.28033447265625
81.49147033691406
82.09207153320312
77.26210021972656
78.19407653808594
72.69117736816406
73.08631896972656
69.66504669189453
62.15652847290039
73.71127319335938
69.77071380615234
80.30641174316406
79.3084487915039
85.5596923828125
84.28587341308594
86.2585220336914
82.87225341796875
83.17953491210938
79.998046875
80.12561798095703
77.44930267333984
77.7708969116211
75.2141342163086
75.60723876953125
73.24220275878906
73.49028015136719
70.3905258178711
71.34053039550781
68.59088897705078
69.88494110107422
68.05522918701172
68.39745330810547
65.60037231445312
66.32476043701172
66.09613037109375
64.80718231201172
63.35249710083008
62.29401779174805
62.994964599609375
61.30721664428711
61.99186706542969
59.613033294677734
62.02280807495117
58.322593688964844
65.71308898925781
61.713768005371094
64.68971252441406
61.14982986450195
64.9815902709961
64.18972778320312
65.73140716552734
66.49163818359375
66.88256072998047
68.3372573852539
67.00379943847656
70.40023803710938
67.70108032226562
71.02528381347656
70.62208557128906
73.44942474365234
72.8385009765625
75.36697387695312
74.63117980957031
77.53084564208984
76.92220306396484
80.65852355957031
80.17991638183594
84.00904083251953
84.29769134521484
87.88744354248047
87.17770385742188
88.75123596191406
86.61504364013672
86.75826263427734
84.74784851074219
84.64768981933594
82.85601806640625
82.8975601196289
81.87702941894531
81.92579650878906
81.47207641601562
81.33317565917969
80.89591217041016
81.3724594116211
80.59555053710938
81.5215072631836
81.28358459472656
81.53376007080078
81.5247802734375
82.37063598632812
82.43121337890625
83.2261962890625
82.92617797851562
84.21887969970703
83.26365661621094
84.41490173339844
82.29146575927734
81.46649169921875
78.33966064453125
76.91344451904297
72.86222076416016
72.20022583007812
68.71087646484375
66.54143524169922
69.5273208618164
67.04248046875
70.65513610839844
69.80007934570312
72.28734588623047
72.22193908691406
75.21219635009766
74.63616943359375
76.4173355102539
76.06803894042969
74.86595916748047
73.48340606689453
71.81169128417969
70.12767791748047
71.26110076904297
68.22872924804688
71.88194274902344
71.33763122558594
75.01912689208984
73.9345474243164
77.7097396850586
76.99665832519531
80.93826293945312
80.55007934570312
84.23645782470703
84.18187713623047
87.22571563720703
86.26581573486328
87.54296875
85.37952423095703
85.70527648925781
83.73710632324219
84.56698608398438
83.3365707397461
83.75836181640625
83.15058135986328
83.92422485351562
83.57353210449219
84.62875366210938
84.61918640136719
85.7115249633789
86.11931610107422
87.49907684326172
87.83678436279297
88.85279083251953
88.74646759033203
88.87206268310547
87.99085998535156
87.4055404663086
86.06452941894531
85.4283676147461
84.58325958251953
83.977294921875
83.25665283203125
82.64171600341797
81.87763214111328
81.94236755371094
81.34939575195312
81.33942413330078
81.24649810791016
81.536865234375
81.2125473022461
81.41099548339844
81.03331756591797
81.63104248046875
81.0137710571289
81.30601501464844
81.22686767578125
81.37678527832031
81.6018295288086
82.12983703613281
82.2867660522461
82.85164642333984
82.87380981445312
83.5250473022461
83.99176788330078
84.57041931152344
85.2077865600586
85.83512878417969
86.6062240600586
87.34629821777344
88.15250396728516
89.01658630371094
89.7528305053711
90.4456787109375
90.79840087890625
90.75392150878906
90.34302520751953
89.87797546386719
88.7005615234375
87.81022644042969
86.89586639404297
85.97647094726562
85.0837631225586
84.37293243408203
83.35746002197266
82.72726440429688
82.06917572021484
81.3847427368164
80.77069091796875
80.27693176269531
79.56610107421875
79.20223236083984
78.61198425292969
78.50251770019531
77.74545288085938
77.33833312988281
76.8579330444336
77.3297119140625
76.33291625976562
76.4948501586914
74.85363006591797
76.03528594970703
74.94425964355469
74.91290283203125
74.2628402709961
74.96894836425781
74.20447540283203
75.12108612060547
73.70157623291016
74.23908996582031
73.14205932617188
73.89543151855469
73.31759643554688
74.10787963867188
73.12002563476562
73.34136199951172
71.786376953125
73.47419738769531
71.93172454833984
73.42039489746094
71.8372802734375
72.99595642089844
71.86103057861328
73.68186950683594
72.55604553222656
73.01496887207031
72.80619812011719
73.5693359375
71.48699951171875
73.66871643066406
72.88880920410156
73.98929595947266
72.62992095947266
74.218505859375
72.95520782470703
74.19902801513672
72.55560302734375
73.08778381347656
70.31948852539062
71.21678161621094
65.3165054321289
66.49138641357422
65.58938598632812
67.86355590820312
72.5097885131836
74.25354766845703
76.93006896972656
77.46408081054688
77.9166030883789
77.77610778808594
77.71834564208984
78.00016784667969
78.25141906738281
78.68873596191406
79.06914520263672
79.5903091430664
79.82252502441406
80.79232788085938
81.34333038330078
82.2362060546875
83.10324096679688
84.00413513183594
84.9361343383789
85.68905639648438
86.19254302978516
86.71505737304688
86.85194396972656
86.56399536132812
86.07337951660156
85.6476058959961
84.90410614013672
84.2520751953125
83.55071258544922
83.02763366699219
82.3912582397461
81.62393951416016
80.48155975341797
79.00852966308594
76.85802459716797
75.1635513305664
74.11168670654297
73.99308013916016
73.90748596191406
73.13961791992188
73.43993377685547
73.80215454101562
74.1930923461914
74.19476318359375
74.2503890991211
74.0249252319336
74.50487518310547
74.35903930664062
74.69419860839844
74.31106567382812
74.21929931640625
75.16572570800781
74.1991958618164
75.27970886230469
75.12010192871094
75.6498031616211
75.47256469726562
76.68863677978516
75.97929382324219
76.72339630126953
76.87091827392578
77.67168426513672
77.3189697265625
78.81122589111328
78.6729736328125
79.5166244506836
79.94412994384766
81.01148223876953
81.19112396240234
82.36736297607422
82.58946990966797
84.0101547241211
84.42451477050781
85.78766632080078
86.7501449584961
88.14665222167969
88.90229034423828
89.96473693847656
90.33203887939453
90.28541564941406
89.70098876953125
88.57869720458984
87.37197875976562
86.036376953125
84.97600555419922
83.87433624267578
83.0191650390625
81.72802734375
81.3717269897461
80.19283294677734
80.03453826904297
79.22518920898438
80.09281921386719
79.71965789794922
80.2995834350586
80.05123138427734
80.68159484863281
80.39917755126953
80.44436645507812
79.59135437011719
79.61898040771484
78.77835083007812
78.78495788574219
78.08025360107422
77.366943359375
76.39802551269531
76.05797576904297
74.71607971191406
74.0408706665039
72.58509826660156
73.235107421875
70.8586654663086
72.39168548583984
73.6483154296875
75.86720275878906
77.21673583984375
80.58219146728516
81.28092193603516
83.1199722290039
82.47196197509766
83.10211181640625
82.69670867919922
83.48416137695312
83.1687240600586
83.54121398925781
83.4625015258789
83.66090393066406
83.58123779296875
83.53929138183594
83.21215057373047
83.64549255371094
83.37679290771484
83.62470245361328
83.42400360107422
83.39395141601562
83.37106323242188
83.734375
83.21131134033203
83.51180267333984
82.87478637695312
82.98484802246094
82.59786224365234
82.59639739990234
82.45475769042969
82.86382293701172
83.31301879882812
83.85584259033203
84.20549011230469
84.37472534179688
84.7096176147461
84.98361206054688
85.25987243652344
85.54954528808594
85.80970764160156
85.98504638671875
86.05023193359375
85.96456146240234
86.1748046875
86.21109771728516
85.78910064697266
85.90464782714844
85.56742095947266
85.40386199951172
85.20610809326172
84.74571228027344
84.20869445800781
84.38128662109375
84.48247528076172
85.7137222290039
86.92101287841797
88.12074279785156
88.9124526977539
89.4682846069336
89.73108673095703
89.84320068359375
89.82274627685547
89.8036117553711
89.65299987792969
89.50575256347656
89.39655303955078
89.23600769042969
89.09233856201172
88.98092651367188
88.8720474243164
88.68842315673828
88.62637329101562
88.47465515136719
88.24559783935547
88.19631958007812
87.90303039550781
87.8917007446289
88.0040283203125
88.09415435791016
88.14715576171875
88.23944854736328
88.46260070800781
88.28338623046875
88.39348602294922
88.05439758300781
88.54085540771484
88.68939208984375
89.26425170898438
89.50519561767578
89.9525146484375
90.29405975341797
90.86296844482422
91.0596923828125
91.55085754394531
91.70540618896484
91.94999694824219
92.206787109375
92.17156219482422
92.03958129882812
91.54322814941406
90.94983673095703
90.07325744628906
88.95862579345703
87.678466796875
86.45387268066406
84.9326171875
83.68605041503906
82.88196563720703
82.31258392333984
82.97225952148438
82.8204345703125
84.00997161865234
83.4191665649414
83.63495635986328
81.56873321533203
81.125244140625
78.39131927490234
78.58873748779297
76.6231918334961
79.98664093017578
80.78890991210938
83.58001708984375
84.83671569824219
86.37100219726562
86.73257446289062
86.48651885986328
85.95628356933594
85.18984985351562
83.80634307861328
82.94010925292969
81.26451110839844
80.0521240234375
78.53718566894531
77.14160919189453
75.91481018066406
74.13780975341797
74.3770523071289
74.17007446289062
76.59559631347656
77.95625305175781
80.55472564697266
81.32118225097656
83.69198608398438
84.43670654296875
85.85407257080078
86.32698059082031
87.15027618408203
86.87091064453125
87.08992004394531
86.13936614990234
86.0880355834961
85.3403091430664
85.29255676269531
84.80266571044922
84.59556579589844
83.38489532470703
82.51542663574219
80.82740020751953
79.92982482910156
78.28433227539062
77.9338150024414
77.99518585205078
78.13201904296875
78.62506866455078
79.49668884277344
81.18321990966797
81.66378784179688
83.17605590820312
83.20398712158203
83.75827026367188
83.45137786865234
84.23098754882812
83.5951919555664
84.12921905517578
83.87596130371094
84.11185455322266
84.23735809326172
84.3311538696289
84.28819274902344
84.10688781738281
83.40187072753906
82.51546478271484
81.4439926147461
79.92169952392578
78.1087875366211
76.9061279296875
75.32196807861328
