88.47618865966797
88.92027282714844
89.4627456665039
90.40303039550781
91.16374206542969
91.91293334960938
92.56797790527344
93.61026000976562
94.87348937988281
95.3140869140625
96.42059326171875
95.9915542602539
95.20719146728516
93.48007202148438
91.6711654663086
90.39656066894531
87.92526245117188
87.00166320800781
84.65115356445312
82.90258026123047
80.50950622558594
78.63155364990234
79.2374038696289
77.68746185302734
79.29255676269531
81.9696044921875
83.00794219970703
86.995849609375
88.22667694091797
90.94957733154297
91.09342193603516
90.89225006103516
89.72746276855469
87.96241760253906
87.75172424316406
85.98088073730469
85.69377136230469
84.00499725341797
83.62328338623047
82.63258361816406
81.13284301757812
81.36006927490234
80.93311309814453
80.76091003417969
78.35516357421875
78.8488540649414
77.9388656616211
77.48051452636719
77.25004577636719
76.11824798583984
76.79999542236328
74.35016632080078
74.98246002197266
74.57662963867188
74.64313507080078
74.52079010009766
72.14080810546875
74.27017974853516
73.00450134277344
73.56619262695312
71.9579849243164
69.99561309814453
71.79000854492188
70.83711242675781
72.39922332763672
66.89552307128906
70.59882354736328
65.2750015258789
66.9417724609375
68.28073120117188
68.30049896240234
68.29823303222656
65.60299682617188
66.9204330444336
67.00525665283203
67.79933166503906
70.78998565673828
68.67046356201172
72.91596221923828
75.72721099853516
75.23048400878906
80.31945037841797
82.00436401367188
85.00784301757812
86.8714370727539
87.75709533691406
87.61351776123047
86.61353302001953
85.76629638671875
84.91252899169922
84.37970733642578
83.25078582763672
82.43016815185547
81.71134185791016
81.8496322631836
81.63526153564453
81.3223648071289
81.54496765136719
80.43107604980469
81.35761260986328
80.50240325927734
82.06494903564453
80.61796569824219
80.78797912597656
82.43417358398438
80.43739318847656
82.38190460205078
83.16783905029297
80.9919204711914
83.58680725097656
82.86964416503906
82.43568420410156
85.21683502197266
84.3508071899414
85.01061248779297
86.66276550292969
87.06753540039062
87.81291198730469
87.37022399902344
87.65348052978516
85.6805191040039
85.05626678466797
84.87376403808594
82.62675476074219
81.07051849365234
79.90640258789062
79.42195129394531
75.8077621459961
78.39199829101562
76.23804473876953
69.62519836425781
73.95446014404297
71.80204772949219
68.04362487792969
68.77328491210938
64.98290252685547
65.70812225341797
63.276641845703125
60.687618255615234
50.18471145629883
62.81795883178711
58.02903747558594
72.7698974609375
75.95094299316406
79.87640380859375
82.90050506591797
81.2079086303711
84.86000061035156
84.48406982421875
84.78508758544922
84.43907165527344
81.5523681640625
82.15931701660156
79.34781646728516
78.97874450683594
77.3617935180664
76.66019439697266
75.82756805419922
73.78057098388672
74.61976623535156
73.03787994384766
72.31414031982422
73.28447723388672
72.07133483886719
70.9649658203125
73.07035827636719
69.94676971435547
70.55928802490234
73.8619384765625
68.83279418945312
72.43182373046875
71.20073699951172
69.10687255859375
73.61537170410156
72.19505310058594
71.44884490966797
73.00354766845703
74.02192687988281
72.72005462646484
75.55345916748047
75.95584106445312
77.43675231933594
76.01150512695312
78.38944244384766
77.43547821044922
77.41934204101562
76.93684387207031
76.8301773071289
75.63969421386719
75.58704376220703
75.73456573486328
73.67745971679688
74.83012390136719
73.56424713134766
74.61702728271484
74.1159439086914
73.95796966552734
75.4775390625
75.15084075927734
74.85310363769531
74.00626373291016
75.8907699584961
75.68729400634766
74.51708221435547
76.09044647216797
75.2626953125
75.36576843261719
76.48499298095703
77.80818176269531
77.68074035644531
77.83507537841797
78.31415557861328
78.73422241210938
79.80865478515625
80.35874938964844
80.55519104003906
81.10501861572266
82.12149047851562
82.75364685058594
83.09036254882812
84.42244720458984
85.04222869873047
85.97624206542969
86.57207489013672
87.08234405517578
87.06411743164062
87.18374633789062
86.96002197265625
86.2713851928711
85.64566040039062
84.40554809570312
84.3320541381836
83.04878997802734
82.35850524902344
81.52622985839844
80.89038848876953
80.28981018066406
79.62199401855469
78.74213409423828
77.98113250732422
77.78643798828125
76.75843048095703
76.61288452148438
76.7064208984375
75.7640380859375
77.24156188964844
76.55613708496094
77.17301940917969
76.5246810913086
77.12911224365234
76.2488784790039
75.9492416381836
75.64653778076172
75.28559875488281
74.77153778076172
74.28146362304688
74.94084930419922
74.08135223388672
72.62722778320312
72.9018783569336
72.7188720703125
73.67253875732422
70.51519012451172
71.04005432128906
69.13478088378906
68.41854095458984
68.03842163085938
65.29212188720703
70.2889404296875
71.37731170654297
74.37040710449219
77.52328491210938
78.76600646972656
79.85198974609375
80.0204086303711
80.17683410644531
78.78489685058594
79.79884338378906
78.73804473876953
79.13917541503906
79.07916259765625
78.95794677734375
79.32547760009766
79.03251647949219
79.18990325927734
79.8426742553711
80.1674575805664
79.72419738769531
79.86904907226562
79.92558288574219
80.26371765136719
81.0645523071289
79.92071533203125
80.15618133544922
81.03108215332031
80.62299346923828
80.50757598876953
80.74164581298828
80.48726654052734
79.90678405761719
81.11840057373047
80.93124389648438
81.41180419921875
81.16731262207031
81.23353576660156
81.22266387939453
80.76827239990234
80.91192626953125
80.3257827758789
79.50963592529297
80.06856536865234
79.27599334716797
78.67900085449219
79.05347442626953
78.6358871459961
78.52576446533203
78.23223114013672
78.09002685546875
77.71376037597656
78.19184875488281
78.43438720703125
79.12792205810547
79.10667419433594
78.89544677734375
79.20609283447266
79.67893981933594
80.42939758300781
80.94798278808594
81.53215026855469
82.38041687011719
83.50608825683594
84.24031066894531
85.3874740600586
86.097900390625
87.06673431396484
86.97444915771484
87.39788818359375
87.01480865478516
86.54039001464844
85.92153930664062
84.88034057617188
82.56668090820312
80.6611328125
78.61042785644531
76.63469696044922
75.2876205444336
72.41981506347656
72.65807342529297
71.35942840576172
70.26859283447266
69.14588165283203
68.42581176757812
68.7990493774414
64.24833679199219
65.55883026123047
64.70931243896484
63.820831298828125
63.86404800415039
58.24787521362305
65.42620849609375
64.21868896484375
66.1093521118164
66.42466735839844
67.83488464355469
70.22564697265625
72.16065216064453
72.53221893310547
73.90513610839844
74.59613800048828
76.49685668945312
76.93585205078125
78.5093002319336
79.99109649658203
80.88835906982422
81.68163299560547
82.36109161376953
83.42987823486328
83.63475799560547
84.59210205078125
84.43722534179688
85.20947265625
85.09525299072266
85.1697006225586
85.42838287353516
85.61785888671875
86.14686584472656
86.02432250976562
86.25450897216797
86.50442504882812
87.1838607788086
87.84600067138672
88.72781372070312
89.69567108154297
90.2789535522461
90.81251525878906
91.09391021728516
91.1971435546875
91.3700942993164
91.4109115600586
91.42574310302734
91.37139129638672
91.33735656738281
91.16081237792969
91.03326416015625
90.32920837402344
90.3674087524414
90.39675903320312
90.77561950683594
91.1913070678711
91.28583526611328
91.267333984375
90.220703125
89.05131530761719
87.45045471191406
86.47437286376953
86.37909698486328
86.38359832763672
87.15155029296875
87.83904266357422
88.24144744873047
88.12582397460938
87.6032943725586
86.93869018554688
85.30789947509766
84.0339584350586
82.98625183105469
82.66361236572266
82.63874053955078
83.64671325683594
84.26021575927734
85.03302764892578
85.93063354492188
86.5041732788086
87.24637603759766
87.9101791381836
88.39691162109375
88.72088623046875
88.9837646484375
89.15299987792969
89.46244049072266
89.23462677001953
88.9837417602539
88.9419174194336
88.38726043701172
88.46036529541016
88.34174346923828
88.57300567626953
88.71642303466797
89.11260223388672
89.35950469970703
89.53411102294922
89.67168426513672
89.44627380371094
89.12000274658203
88.41824340820312
87.11195373535156
85.80558013916016
85.01763916015625
84.59014129638672
84.50446319580078
85.05860900878906
85.50882720947266
86.0621109008789
86.51155090332031
86.72080993652344
87.15052032470703
87.34609985351562
87.89363861083984
88.06069946289062
88.41825866699219
88.60539245605469
88.78739166259766
89.01934814453125
89.06678009033203
89.34280395507812
89.4164810180664
89.64373779296875
89.80196380615234
89.93705749511719
90.2656021118164
90.60794830322266
91.15638732910156
91.57088470458984
92.04273223876953
92.35662841796875
92.66900634765625
93.07805633544922
93.33772277832031
93.70843505859375
93.80848693847656
93.97138977050781
94.01377868652344
93.91500854492188
93.82603454589844
93.71113586425781
93.48834228515625
93.2344741821289
93.25608825683594
93.49605560302734
93.6475601196289
94.00372314453125
94.34766387939453
94.33211517333984
94.04130554199219
93.78962707519531
93.15916442871094
92.80889892578125
92.260009765625
91.93407440185547
91.403564453125
91.07359313964844
90.74883270263672
90.25302124023438
89.9786148071289
89.58704376220703
89.1562728881836
88.73297882080078
87.92670440673828
86.65904235839844
85.51038360595703
84.69440460205078
84.30805206298828
83.97135925292969
84.02693939208984
83.96259307861328
83.65850830078125
83.49264526367188
83.31454467773438
82.66917419433594
82.70051574707031
82.29158020019531
81.6092529296875
81.4022445678711
80.71390533447266
81.1922836303711
81.56039428710938
82.88970947265625
83.80638885498047
84.91322326660156
85.33660125732422
85.60098266601562
85.45907592773438
84.47171020507812
83.6160659790039
81.3564682006836
78.34957885742188
75.50882720947266
69.3735122680664
65.13526916503906
65.09443664550781
70.56126403808594
72.04547119140625
73.9525375366211
75.37468719482422
74.97150421142578
75.97371673583984
75.88006591796875
76.11332702636719
75.81786346435547
76.0597915649414
76.59477996826172
76.26827239990234
76.99376678466797
76.68109893798828
77.24821472167969
76.9157485961914
77.6093978881836
77.81591033935547
78.14837646484375
78.94132995605469
79.0015869140625
79.3257827758789
79.76399993896484
79.55701446533203
79.70538330078125
80.1048355102539
