80.32596588134766
85.82551574707031
88.67351531982422
62.63700485229492
90.22819519042969
88.57703399658203
84.03819274902344
93.4403305053711
86.56036376953125
92.68074035644531
96.40757751464844
71.26301574707031
98.24666595458984
95.80142211914062
89.55624389648438
95.97814178466797
85.76461791992188
89.32241821289062
89.78880310058594
63.220611572265625
86.18020629882812
81.95713806152344
74.81281280517578
80.90625762939453
69.0654525756836
71.12395477294922
72.5960693359375
55.2508659362793
79.97086334228516
81.90605926513672
79.7821273803711
90.52455139160156
83.52224731445312
88.46265411376953
89.47090911865234
62.3673210144043
86.48904418945312
82.97042083740234
76.31696319580078
83.65397644042969
74.31320190429688
79.04955291748047
80.29169464111328
52.084476470947266
78.87638092041016
75.52889251708984
68.85424041748047
76.88726043701172
66.8951644897461
72.80622863769531
74.14543914794922
53.461326599121094
72.64511108398438
69.38033294677734
63.85774230957031
71.07927703857422
64.31175231933594
67.1988525390625
69.60527801513672
56.42152786254883
68.65768432617188
64.16111755371094
58.42677307128906
68.13923645019531
60.8500862121582
64.62480926513672
67.50949096679688
49.12493133544922
67.9747314453125
67.97563934326172
63.39299011230469
70.74903106689453
64.303955078125
68.6032485961914
71.91822052001953
51.327796936035156
72.95081329345703
71.85210418701172
67.38275909423828
76.65628814697266
69.92864227294922
75.64057159423828
79.49081420898438
54.411094665527344
82.19117736816406
81.8172378540039
78.46873474121094
88.92817687988281
82.73709106445312
89.36719512939453
92.51020812988281
66.14923095703125
91.70484924316406
88.52798461914062
82.74698638916016
90.47624206542969
81.86589813232422
86.71590423583984
89.1041030883789
64.44728088378906
89.301025390625
87.09349060058594
82.61385345458984
90.90094757080078
82.55184936523438
88.29605102539062
89.99623107910156
63.68454360961914
87.30593872070312
82.95340728759766
75.27941131591797
80.8299560546875
69.95207214355469
72.56582641601562
74.1402816772461
46.40053176879883
76.5792465209961
75.97464752197266
71.70331573486328
81.08277893066406
72.83573150634766
77.23888397216797
78.24006652832031
43.082115173339844
74.64202880859375
69.81375122070312
62.76240158081055
68.9355697631836
57.980831146240234
62.042240142822266
67.17546844482422
42.68334197998047
68.30108642578125
67.05525970458984
63.723392486572266
73.3973388671875
67.1944580078125
72.53531646728516
76.84323120117188
59.820709228515625
79.27426147460938
78.7009048461914
75.28058624267578
84.99785614013672
78.60508728027344
85.10936737060547
88.36297607421875
62.47276306152344
87.29364013671875
84.13924407958984
77.49427032470703
85.57005310058594
76.81316375732422
81.38153839111328
83.21560668945312
58.859317779541016
83.26097869873047
80.65345001220703
75.63742065429688
84.4033432006836
76.54729461669922
82.57621765136719
85.51808166503906
61.415706634521484
87.15342712402344
85.81533813476562
81.37496948242188
89.91565704345703
81.46314239501953
86.30877685546875
87.61920928955078
59.67067337036133
85.7647933959961
82.3585205078125
76.46114349365234
84.00472259521484
75.5049057006836
80.15155792236328
82.65129089355469
58.71792221069336
83.33446502685547
82.00410461425781
76.88958740234375
85.08391571044922
76.80304718017578
82.16161346435547
83.85372161865234
58.95383071899414
83.86990356445312
81.52182006835938
76.43961334228516
84.58321380615234
76.74298095703125
82.24205780029297
84.58840942382812
61.27027893066406
85.34220123291016
83.19772338867188
78.47071075439453
86.869140625
79.44896697998047
84.95282745361328
87.68533325195312
65.26210021972656
88.77283477783203
86.97172546386719
82.43976593017578
91.2782211303711
83.59257507324219
89.63587951660156
92.56297302246094
68.3885269165039
93.89668273925781
91.78245544433594
87.0337905883789
94.67732238769531
85.53982543945312
90.60332489013672
91.87470245361328
64.50198364257812
90.36776733398438
87.18450164794922
81.6076889038086
88.77576446533203
79.87942504882812
84.4686050415039
86.36701202392578
60.38753128051758
85.3497085571289
82.42195129394531
76.82321166992188
84.6664047241211
75.56486511230469
80.94109344482422
82.85879516601562
58.95390319824219
82.51429748535156
79.66739654541016
74.33304595947266
82.47377014160156
73.75028991699219
78.87550354003906
81.15607452392578
55.653846740722656
80.79434967041016
78.31939697265625
73.260009765625
80.87461853027344
72.18326568603516
78.04979705810547
80.14482879638672
59.04899215698242
80.26911163330078
77.56653594970703
72.58735656738281
80.51811218261719
71.69309997558594
77.67232513427734
80.24224090576172
55.06079864501953
80.01235961914062
78.05465698242188
72.83406829833984
81.29225158691406
72.16352081298828
78.3550033569336
79.82925415039062
52.87710189819336
79.2907485961914
77.4002456665039
72.1527099609375
79.47016906738281
70.33975982666016
73.82022857666016
74.4902114868164
39.976863861083984
70.8548355102539
69.27275085449219
64.05406188964844
75.3366470336914
68.88172912597656
76.75289916992188
79.63111114501953
58.728973388671875
81.44306945800781
80.01731872558594
75.3916244506836
84.20401763916016
76.64812469482422
82.67797088623047
85.80883026123047
59.38117218017578
87.91094207763672
86.5974349975586
82.1980972290039
91.27945709228516
83.74195098876953
89.43072509765625
91.91116333007812
65.85972595214844
91.02883911132812
87.9139633178711
81.90119171142578
89.4371109008789
80.56413269042969
84.98300170898438
86.75714874267578
60.433753967285156
85.56886291503906
82.6458969116211
77.20802307128906
84.94120025634766
76.65585327148438
81.15764617919922
83.35774993896484
59.03337097167969
82.69744110107422
80.55502319335938
75.49165344238281
83.46996307373047
75.41067504882812
80.34086608886719
82.54894256591797
54.19190216064453
82.50042724609375
80.25546264648438
75.08759307861328
82.67472076416016
73.18461608886719
78.11320495605469
80.04576873779297
55.94758987426758
80.49894714355469
78.54593658447266
73.02887725830078
82.33413696289062
74.760986328125
80.4380111694336
83.19550323486328
57.80183029174805
84.223388671875
82.41658782958984
77.85855865478516
86.62370300292969
79.2967758178711
85.22467803955078
88.34451293945312
59.68513870239258
89.79581451416016
87.99378967285156
83.23345184326172
90.97789001464844
81.740234375
85.67150115966797
86.40499114990234
57.47441482543945
84.10701751708984
81.3688735961914
76.31997680664062
85.41780853271484
78.45716094970703
84.58518981933594
88.21699523925781
65.08936309814453
90.390625
88.98487854003906
84.07171630859375
92.11553955078125
83.10747528076172
87.83975219726562
89.27302551269531
61.26287078857422
87.6268539428711
84.98253631591797
79.51798248291016
88.4212875366211
81.48524475097656
87.46000671386719
89.88605499267578
63.46355438232422
88.5638427734375
85.32127380371094
79.36290740966797
86.74578857421875
78.00932312011719
82.32832336425781
84.15564727783203
58.50438690185547
84.07816314697266
82.5149917602539
78.52376556396484
87.9360122680664
80.6881332397461
86.83599090576172
89.51364135742188
62.853946685791016
89.94536590576172
87.43241882324219
82.11453247070312
90.32377624511719
81.83970642089844
87.28189086914062
89.03813934326172
62.87459945678711
88.25255584716797
85.43282318115234
80.05410766601562
88.4034194946289
80.60499572753906
85.95440673828125
88.48307800292969
63.17901611328125
88.74040985107422
86.66649627685547
81.40896606445312
89.772705078125
81.68738555908203
86.91143035888672
89.04268646240234
63.09794616699219
88.9216079711914
86.42058563232422
81.07499694824219
89.48760223388672
81.5539321899414
87.54754638671875
90.49758911132812
64.49080657958984
91.4219741821289
89.45008850097656
84.4542236328125
92.81031799316406
84.77067565917969
90.0897445678711
92.45780181884766
65.66190338134766
92.50857543945312
90.27147674560547
85.18659210205078
93.8037109375
85.95513153076172
91.53491973876953
94.14926147460938
69.1889877319336
94.29042053222656
91.89103698730469
86.54804229736328
94.84932708740234
86.46237182617188
91.69943237304688
93.95824432373047
67.19945526123047
93.77448272705078
91.35333251953125
86.04912567138672
94.1627426147461
85.70513153076172
91.03260040283203
93.16722869873047
65.75001525878906
92.9559555053711
90.5506820678711
85.05992126464844
93.10696411132812
84.7120590209961
89.88505554199219
92.30435943603516
65.92389678955078
92.97196197509766
90.95750427246094
85.83059692382812
94.25654602050781
86.08097076416016
91.5760726928711
94.21115112304688
69.65370178222656
95.04662322998047
93.18872833251953
88.30894470214844
96.9646987915039
89.06226348876953
94.746826171875
97.2998275756836
71.9844970703125
97.83013153076172
95.62674713134766
90.5307846069336
98.66170501708984
89.99870300292969
94.9375228881836
96.71720886230469
69.14319610595703
95.74078369140625
93.40292358398438
88.10820007324219
96.30355834960938
87.59339141845703
92.35002136230469
93.94864654541016
67.0184555053711
92.19364929199219
88.7994613647461
82.61776733398438
89.69928741455078
80.13455200195312
84.22150421142578
86.02368927001953
59.70310974121094
87.61682891845703
86.92853546142578
82.96702575683594
91.96441650390625
83.68148803710938
88.72342681884766
90.32620239257812
65.03251647949219
88.47456359863281
85.09273529052734
79.0132064819336
86.16876983642578
76.83930969238281
81.95228576660156
85.19965362548828
60.22856903076172
88.63167572021484
87.76673126220703
83.57141876220703
91.99247741699219
83.54658508300781
88.60645294189453
90.60369110107422
64.8524169921875
89.78374481201172
87.12910461425781
81.47798919677734
89.19729614257812
80.26962280273438
85.63233184814453
87.82588958740234
63.229644775390625
88.55577087402344
86.3777847290039
81.40101623535156
89.04020690917969
79.86653900146484
83.94107055664062
84.60006713867188
55.712379455566406
83.27674865722656
80.65049743652344
76.19473266601562
84.58506774902344
76.45906066894531
82.7796401977539
85.7906265258789
57.775901794433594
86.68807220458984
84.49491882324219
79.49046325683594
87.89276123046875
79.66851806640625
85.25606536865234
87.75360107421875
62.889930725097656
88.01383209228516
85.8132095336914
80.9520034790039
88.840087890625
80.31916809082031
84.79222869873047
86.34847259521484
56.61246871948242
83.98535919189453
80.22454833984375
74.3202133178711
81.3824234008789
