82.1540756225586
87.33985900878906
90.763916015625
72.73761749267578
92.52944946289062
91.0962905883789
87.01244354248047
96.11979675292969
89.07000732421875
95.85640716552734
98.56292724609375
83.2798080444336
97.99578094482422
93.37203979492188
87.47119903564453
93.0558853149414
82.57202911376953
86.79490661621094
86.77171325683594
63.725223541259766
83.43287658691406
79.51025390625
71.14611053466797
77.93714141845703
71.1775894165039
75.94422149658203
82.7246322631836
70.9144515991211
88.26046752929688
88.27494049072266
85.98316192626953
93.02738952636719
82.81849670410156
88.33184051513672
88.68844604492188
66.32759094238281
86.35711669921875
82.47042083740234
76.21666717529297
83.72044372558594
73.28498840332031
78.53025817871094
80.38521575927734
56.31214141845703
77.91149139404297
75.17971801757812
68.67285919189453
75.91338348388672
68.18997192382812
71.61944580078125
73.44355773925781
51.878089904785156
71.20545959472656
69.41270446777344
56.19809341430664
68.53911590576172
61.00315856933594
64.96159362792969
67.973388671875
49.48785400390625
68.16957092285156
67.5013427734375
56.373687744140625
69.88914489746094
61.44337463378906
66.68038940429688
71.88384246826172
63.236087799072266
73.01112365722656
72.38874816894531
70.47042083740234
77.41851806640625
71.45025634765625
77.45836639404297
81.1479721069336
69.11983489990234
84.00482177734375
83.682373046875
82.17034912109375
89.9399185180664
82.11373901367188
91.25056457519531
91.3362808227539
78.37830352783203
91.54569244384766
86.83135223388672
81.67803955078125
88.16719055175781
78.94267272949219
84.0693588256836
85.6250991821289
63.81029510498047
84.60417938232422
81.49852752685547
76.98420715332031
84.6832504272461
76.62937927246094
81.18745422363281
82.92571258544922
61.95180892944336
82.9456558227539
80.85034942626953
75.35128784179688
83.84136962890625
76.4991455078125
80.96593475341797
83.43233489990234
58.943973541259766
83.27772521972656
81.23787689208984
75.74762725830078
84.87664794921875
77.6037826538086
82.34147644042969
85.06049346923828
61.2949333190918
84.20775604248047
81.42396545410156
76.0449447631836
83.04934692382812
75.24116516113281
80.27618408203125
84.34101104736328
61.095001220703125
85.75048065185547
85.02580261230469
79.02373504638672
89.88804626464844
84.71435546875
87.23477172851562
92.07847595214844
78.49407958984375
89.78060150146484
87.20576477050781
78.2839126586914
85.40364074707031
76.92149353027344
78.23795318603516
79.34049987792969
60.0899772644043
77.06773376464844
77.50545501708984
70.0460205078125
83.03292083740234
79.07197570800781
84.67186737060547
89.56573486328125
77.73726654052734
90.46855163574219
88.24156951904297
82.7151870727539
90.20872497558594
81.96353912353516
86.5238037109375
88.9989242553711
69.63003540039062
89.56733703613281
88.19168090820312
81.99195861816406
91.98804473876953
85.82942962646484
90.36812591552734
94.56901550292969
79.2377700805664
95.44721221923828
95.0382308959961
86.91098022460938
96.52615356445312
89.38723754882812
91.44377899169922
93.4741439819336
77.77015686035156
91.96768951416016
89.35426330566406
83.30117797851562
91.05802154541016
83.26884460449219
87.22454833984375
89.4485855102539
71.47943878173828
88.58552551269531
86.08956146240234
80.54608154296875
88.62120819091797
80.91150665283203
85.46383666992188
87.88561248779297
69.65867614746094
88.11509704589844
86.20128631591797
81.21138763427734
89.65990447998047
82.19498443603516
87.15816497802734
90.24263763427734
70.77690124511719
91.25347137451172
89.802734375
84.30086517333984
93.83232879638672
87.3382339477539
91.90107727050781
95.56063079833984
78.18073272705078
96.3101577758789
95.39977264404297
88.24410247802734
97.23909759521484
89.88504791259766
92.58906555175781
94.60043334960938
78.78527069091797
92.68000793457031
89.71441650390625
83.95235443115234
90.85263061523438
82.2531509399414
86.71512603759766
88.08470916748047
70.80569458007812
86.8487548828125
84.24913787841797
78.66275787353516
85.9522933959961
77.73139953613281
82.06745147705078
84.0881576538086
67.13729858398438
83.20060729980469
80.58939361572266
74.2174301147461
82.6591796875
74.05863952636719
79.2741470336914
81.70508575439453
64.49893188476562
80.86380767822266
78.0550537109375
73.20331573486328
80.94046783447266
72.34188079833984
77.6298828125
79.3805160522461
63.472869873046875
79.45240020751953
77.31964874267578
71.43417358398438
79.39904022216797
71.11144256591797
76.38298797607422
78.50830841064453
60.60364532470703
78.1466064453125
75.4989242553711
70.31806182861328
78.4001235961914
70.76725769042969
75.49949645996094
77.50334930419922
61.94034194946289
76.9961929321289
75.62113952636719
70.22128295898438
78.49051666259766
69.73506927490234
74.80351257324219
76.57771301269531
60.15705490112305
74.92264556884766
71.49921417236328
54.118812561035156
68.60942840576172
66.49324798583984
73.400146484375
77.09222412109375
64.94193267822266
80.43339538574219
77.50769805908203
75.0654067993164
81.86524963378906
72.67478942871094
79.1380386352539
81.9006576538086
62.94163513183594
82.87064361572266
81.30665588378906
76.91671752929688
85.3206558227539
78.37311553955078
84.13240051269531
87.05331420898438
71.28275299072266
88.76841735839844
87.23663330078125
82.77557373046875
92.27356719970703
85.34095001220703
90.6538314819336
93.46798706054688
76.88478088378906
93.38245391845703
90.46114349365234
84.85127258300781
92.0984878540039
83.4539794921875
87.92046356201172
89.51244354248047
71.39119720458984
88.62716674804688
85.82210540771484
80.14665222167969
88.13179016113281
80.1765365600586
84.64488983154297
86.9380874633789
69.67572021484375
86.32606506347656
84.2760238647461
77.39321899414062
85.43565368652344
76.0853500366211
81.19659423828125
82.48931121826172
64.41073608398438
82.9467544555664
80.85160064697266
76.69407653808594
84.82344055175781
77.28422546386719
82.75808715820312
85.87482452392578
67.36558532714844
87.2018051147461
85.22885131835938
81.48224639892578
90.0797348022461
83.32850646972656
88.98556518554688
92.31478881835938
75.53883361816406
94.32477569580078
93.10367584228516
87.88077545166016
95.86518096923828
87.12886810302734
91.30103302001953
92.12026977539062
73.6130599975586
89.572265625
85.823974609375
80.07331848144531
86.88663482666016
77.58106994628906
81.83926391601562
83.1478500366211
64.28706359863281
81.50777435302734
78.04729461669922
72.18315887451172
79.39654541015625
70.73416137695312
74.69208526611328
76.02485656738281
55.331199645996094
75.26528930664062
72.93292999267578
67.30126953125
77.81341552734375
70.35365295410156
75.6834487915039
78.6917724609375
59.72243881225586
78.03790283203125
74.24625396728516
69.59125518798828
75.85375213623047
66.52912902832031
71.76797485351562
74.33284759521484
58.38412094116211
78.02507019042969
77.70496368408203
75.09254455566406
84.2994155883789
78.60059356689453
84.38065338134766
88.6657943725586
64.96533966064453
91.31388092041016
90.5639419555664
84.96879577636719
95.44253540039062
89.13276672363281
93.2618408203125
96.78265380859375
78.04681396484375
96.56620025634766
95.12248229980469
87.34689331054688
97.29121398925781
91.25360107421875
92.44586181640625
95.86241912841797
84.03842163085938
93.41071319580078
89.83106231689453
86.3073501586914
91.02201080322266
81.03105926513672
88.14580535888672
90.16899871826172
71.32792663574219
90.668212890625
88.42023468017578
83.35858154296875
91.5406494140625
83.359130859375
88.74390411376953
90.95568084716797
72.57936096191406
91.0857925415039
88.56877899169922
83.87895202636719
92.30150604248047
85.00519561767578
90.34275817871094
93.12503051757812
73.90101623535156
93.41511535644531
91.35171508789062
86.18226623535156
94.36231994628906
86.55819702148438
91.65117645263672
94.09972381591797
75.55412292480469
94.38436126708984
92.23091125488281
87.12865447998047
95.38102722167969
87.5894546508789
92.52368927001953
95.12152099609375
76.8787612915039
95.19034576416016
93.18016815185547
87.85318756103516
96.28705596923828
88.90314483642578
93.29190826416016
96.03682708740234
78.94612121582031
95.8789291381836
94.32438659667969
87.26313781738281
95.77989196777344
88.29607391357422
90.9255142211914
91.52047729492188
78.33140563964844
89.89823913574219
86.0759506225586
82.44015502929688
89.46337890625
80.96466064453125
87.26571655273438
89.17431640625
75.54759216308594
89.77157592773438
87.4223861694336
83.99954986572266
90.39228820800781
82.92273712158203
88.59781646728516
89.40105438232422
82.5184326171875
89.58727264404297
82.99222564697266
86.63973236083984
85.1012191772461
76.24588775634766
84.67252349853516
78.31575012207031
79.96082305908203
82.24674224853516
79.67198181152344
78.40023040771484
82.2695083618164
80.82250213623047
76.79253387451172
84.74137878417969
78.09912109375
84.66252899169922
87.9167709350586
73.78750610351562
91.43617248535156
87.70834350585938
89.15306091308594
94.3096694946289
80.2123794555664
94.70494842529297
94.19901275634766
85.8995590209961
96.83190155029297
90.72178649902344
92.74723815917969
95.72127532958984
79.71261596679688
93.49276733398438
90.65348052978516
83.47869110107422
90.34722900390625
80.95338439941406
84.62470245361328
84.10045623779297
70.81201934814453
83.49247741699219
80.20063781738281
79.1097412109375
88.2654800415039
83.63789367675781
85.453125
89.09813690185547
69.45087432861328
85.72702026367188
83.11088562011719
77.37322235107422
87.5943832397461
82.58938598632812
86.90150451660156
92.22389221191406
79.19417572021484
93.28527069091797
94.44475555419922
81.0077896118164
96.07872772216797
91.42577362060547
91.35023498535156
94.9225845336914
81.96124267578125
93.32830047607422
91.70993041992188
85.31318664550781
93.9070816040039
86.9189682006836
89.74789428710938
91.65895080566406
76.09690856933594
88.13519287109375
83.8803939819336
76.94454956054688
82.92191314697266
74.68624877929688
79.84211730957031
83.50684356689453
66.98775482177734
85.97481536865234
85.35554504394531
79.97196197509766
88.76107788085938
81.77302551269531
85.40232849121094
88.08251953125
72.85835266113281
86.2074966430664
83.26689910888672
76.48699188232422
83.3140640258789
74.06249237060547
79.32205200195312
81.05440521240234
61.60234069824219
79.7750244140625
76.31572723388672
70.07537841796875
76.08146667480469
