79.92790222167969
86.05606079101562
88.53314208984375
63.52027130126953
89.77825927734375
88.3443603515625
82.47447967529297
92.05134582519531
84.41963958740234
91.54352569580078
94.57263946533203
68.52078247070312
96.77948760986328
95.84117126464844
90.23931884765625
98.89363861083984
89.2163314819336
94.08092498779297
94.45620727539062
68.02066040039062
90.04000091552734
86.30424499511719
77.82120513916016
84.24598693847656
71.6758041381836
78.62584686279297
78.6078109741211
68.71810913085938
77.44135284423828
77.8647689819336
79.83926391601562
89.4943618774414
83.97821044921875
89.53197479248047
91.9686508178711
67.85758972167969
91.01725769042969
87.07038879394531
80.32373809814453
87.35298156738281
77.7534408569336
82.48629760742188
83.76817321777344
56.54255676269531
82.40591430664062
79.19638061523438
73.1662368774414
81.12406158447266
72.50634765625
75.87722778320312
78.07813262939453
51.02053451538086
78.25867462158203
75.5329818725586
66.47603607177734
75.92828369140625
65.27083587646484
74.22776794433594
75.82035827636719
49.253929138183594
73.88957214355469
71.98019409179688
68.59455108642578
74.94153594970703
65.75615692138672
70.8484878540039
73.63127899169922
51.911888122558594
74.40422058105469
71.41559600830078
66.02029418945312
73.0052261352539
63.51613998413086
71.41431427001953
73.240966796875
57.990272521972656
72.36331939697266
68.85934448242188
65.42738342285156
74.3667221069336
65.12057495117188
70.82136535644531
73.69487762451172
53.31559753417969
74.74993896484375
73.31415557861328
69.98332214355469
79.04356384277344
73.69847869873047
80.70135498046875
85.5970230102539
60.29728698730469
88.05337524414062
86.07974243164062
81.71958923339844
89.48846435546875
81.43830108642578
85.75465393066406
88.35503387451172
48.001304626464844
89.07167053222656
87.27538299560547
82.05352020263672
91.26629638671875
83.80717468261719
88.2562255859375
90.1992416381836
49.10067367553711
87.24456024169922
83.43851470947266
75.36444854736328
83.35084533691406
74.73080444335938
79.55472564697266
81.25444030761719
52.8836555480957
79.39273071289062
76.28167724609375
67.54615020751953
76.0990982055664
64.25271606445312
71.50601196289062
71.93121337890625
54.09843826293945
70.77438354492188
66.59117126464844
57.74563217163086
65.41468048095703
54.12226486206055
62.291378021240234
60.223567962646484
54.449302673339844
56.22125244140625
54.06354904174805
50.66492462158203
51.744781494140625
57.94594192504883
55.88157653808594
59.0698356628418
57.27720260620117
62.99699783325195
63.849124908447266
60.84340286254883
72.39461517333984
69.16481018066406
70.6653823852539
74.96196746826172
54.92072677612305
73.19769287109375
69.34674835205078
66.62862396240234
70.88623046875
61.755760192871094
64.753662109375
63.90596389770508
48.75797653198242
61.086692810058594
47.859703063964844
54.70301818847656
61.09113311767578
54.51024627685547
62.20830154418945
67.90416717529297
54.56767272949219
71.03966522216797
70.31902313232422
64.13371276855469
73.64299011230469
64.87120056152344
68.48616027832031
71.65364837646484
50.079246520996094
72.08293914794922
69.3857650756836
60.50911331176758
71.09684753417969
65.1798324584961
69.3034439086914
71.07006072998047
50.81352996826172
73.71036529541016
73.04144287109375
67.50121307373047
78.08699798583984
69.52910614013672
75.7755126953125
77.84477233886719
50.33899688720703
78.53214263916016
76.42242431640625
69.50712585449219
79.50465393066406
72.08726501464844
77.38370513916016
79.7685317993164
57.45298767089844
80.9077377319336
78.98808288574219
72.64006042480469
81.92130279541016
74.18384552001953
78.7071533203125
80.53244018554688
54.866119384765625
80.71427154541016
78.96762084960938
73.88258361816406
83.3891830444336
75.4869155883789
82.30538177490234
86.12593078613281
63.50807189941406
87.73897552490234
86.79840087890625
79.84738159179688
89.75341033935547
82.15193939208984
85.42768096923828
87.72376251220703
61.3370361328125
85.67704772949219
82.74738311767578
76.02909088134766
83.95285034179688
75.5534439086914
79.5429458618164
81.17449188232422
39.08600997924805
80.23944091796875
77.21219635009766
71.23667907714844
79.0468521118164
70.16997528076172
75.68183898925781
77.13899993896484
46.95810317993164
75.9073486328125
73.34931945800781
69.48136901855469
76.96884155273438
69.73249816894531
75.1563720703125
77.59843444824219
47.150550842285156
78.61077117919922
76.27991485595703
68.5979232788086
78.10954284667969
69.21844482421875
75.13863372802734
77.16492462158203
50.965145111083984
76.76387023925781
74.19349670410156
69.01659393310547
76.40080261230469
69.09358215332031
74.01799011230469
75.71297454833984
49.73779296875
75.95948791503906
74.24113464355469
66.4519271850586
76.01271057128906
67.87433624267578
73.5391616821289
74.99885559082031
47.87754821777344
74.02073669433594
70.63912200927734
63.470069885253906
71.87291717529297
64.9656753540039
73.79778289794922
78.9128189086914
46.96294403076172
82.22566223144531
80.498291015625
75.75123596191406
84.4872055053711
76.68404388427734
82.20437622070312
85.06851959228516
52.51698684692383
85.39713287353516
83.07221221923828
77.80108642578125
86.73833465576172
78.70541381835938
84.59893035888672
87.69346618652344
40.573795318603516
89.2041015625
87.46814727783203
82.3467025756836
91.02303314208984
82.7790298461914
88.27583312988281
90.5625
52.89974594116211
90.3978042602539
87.59075927734375
82.16523742675781
89.86009979248047
81.01876831054688
85.53219604492188
87.41321563720703
51.70714569091797
86.49649810791016
83.63819122314453
78.68594360351562
86.32938385009766
77.89503479003906
82.40847778320312
84.57291412353516
54.66913986206055
84.55471801757812
82.3911361694336
77.06903076171875
85.1955337524414
76.7900161743164
81.951904296875
84.31652069091797
47.255496978759766
84.96407318115234
82.78778839111328
78.51676177978516
86.85172271728516
79.2482681274414
84.31234741210938
87.00901794433594
47.910560607910156
88.36807250976562
86.64818572998047
82.20376586914062
90.97494506835938
83.3619384765625
88.40269470214844
90.71737670898438
54.721736907958984
89.1640853881836
85.58106231689453
79.10493469238281
85.55496215820312
76.23792266845703
78.99370574951172
80.30746459960938
53.803592681884766
76.98690032958984
73.21800994873047
67.5873794555664
75.25111389160156
68.52733612060547
71.90470886230469
75.45416259765625
52.586063385009766
79.06208801269531
77.62682342529297
73.18505096435547
82.63496398925781
75.69839477539062
81.66253662109375
85.3563232421875
63.44017028808594
89.53975677490234
89.15093994140625
84.07688903808594
94.6463394165039
87.33956146240234
92.39839172363281
93.79131317138672
65.06985473632812
91.46685791015625
87.92316436767578
79.85558319091797
87.61776733398438
78.09407806396484
82.95491027832031
83.95008850097656
60.70269012451172
82.06377410888672
79.27253723144531
72.58985900878906
80.79487609863281
72.12549591064453
80.60154724121094
84.12813568115234
59.3519287109375
86.99424743652344
86.22465515136719
81.7215805053711
91.56004333496094
84.36481475830078
89.89030456542969
92.65921020507812
61.84259796142578
92.33827209472656
90.04647827148438
83.31307983398438
91.72802734375
82.86337280273438
87.49622344970703
89.06514739990234
52.84988784790039
88.44310760498047
86.91358184814453
81.48609924316406
90.73603057861328
82.76647186279297
88.65755462646484
91.23829650878906
57.513282775878906
91.33988189697266
89.3399429321289
83.80889129638672
92.24855041503906
83.80496215820312
89.5580062866211
92.03754425048828
50.564823150634766
91.79296875
89.56344604492188
83.70919799804688
91.81271362304688
82.8127670288086
88.62814331054688
90.9231948852539
41.71186447143555
91.61876678466797
89.69366455078125
84.90447235107422
93.37321472167969
85.19523620605469
90.82501983642578
93.32978820800781
47.669166564941406
93.55062103271484
91.26741027832031
86.26286315917969
94.858154296875
86.68115997314453
92.52676391601562
95.03887939453125
52.45029067993164
95.30973052978516
93.01924133300781
87.75970458984375
96.1453628540039
87.81465148925781
93.10403442382812
95.35982513427734
54.61000442504883
94.80956268310547
92.11625671386719
85.87455749511719
93.29907989501953
83.87938690185547
88.38785552978516
90.2198715209961
52.899654388427734
90.4848403930664
88.32231140136719
83.59680938720703
92.367919921875
84.48148345947266
90.04732513427734
92.7581558227539
49.34785461425781
93.37755584716797
91.48277282714844
86.22799682617188
95.06694030761719
87.19641876220703
92.70001220703125
95.3424072265625
45.92375564575195
96.06349182128906
94.1237564086914
88.89901733398438
97.65242767333984
89.6720962524414
94.66668701171875
96.95906066894531
57.99372863769531
96.5440444946289
94.14642333984375
88.92166900634766
97.95716094970703
90.18325805664062
95.89522552490234
98.51937103271484
53.299278259277344
98.46185302734375
95.95648193359375
89.77513122558594
97.95538330078125
89.1684799194336
93.72314453125
95.56704711914062
54.118892669677734
94.35757446289062
91.56636047363281
84.83348083496094
92.83782958984375
84.0136947631836
87.74159240722656
89.0818862915039
50.26092529296875
88.1508560180664
85.9676742553711
80.65975952148438
88.72755432128906
80.21632385253906
85.47894287109375
87.3402328491211
55.43703842163086
87.03723907470703
84.29794311523438
77.83396911621094
86.12632751464844
77.42947387695312
82.3256607055664
84.37334442138672
56.816612243652344
85.39693450927734
84.411865234375
79.34522247314453
88.75470733642578
80.1908950805664
85.45712280273438
87.01742553710938
48.38642883300781
85.10248565673828
82.0094223022461
75.39250946044922
84.50308990478516
75.97124481201172
82.70738220214844
85.67936706542969
58.30257034301758
86.02984619140625
84.08297729492188
77.58963012695312
85.4682388305664
75.04312133789062
79.0987777709961
78.963134765625
60.27906799316406
69.35035705566406
66.2493667602539
65.5836410522461
78.42206573486328
71.42984008789062
79.59684753417969
82.67583465576172
53.41012954711914
83.31046295166016
81.03440856933594
74.51219177246094
82.36465454101562
72.21359252929688
77.55211639404297
78.48455047607422
50.23471450805664
77.36502075195312
75.65583801269531
70.48394775390625
78.99205780029297
70.59579467773438
76.95398712158203
79.86316680908203
48.63279724121094
80.72886657714844
78.41049194335938
72.74945831298828
81.83969116210938
