79.63060760498047
88.27149963378906
90.56382751464844
71.58964538574219
92.8769760131836
91.48701477050781
85.95439910888672
95.91279602050781
90.4477310180664
93.63825225830078
98.02855682373047
81.82793426513672
98.3768081665039
94.73442077636719
91.53267669677734
96.25924682617188
83.90613555908203
91.25540924072266
91.38873291015625
74.56596374511719
86.67333221435547
84.13310241699219
58.432273864746094
74.53313446044922
72.13484954833984
79.75609588623047
81.48578643798828
75.44369506835938
86.07199096679688
87.62664794921875
75.44587707519531
91.77571868896484
85.87123107910156
89.30341339111328
90.26681518554688
66.26663208007812
88.38191986083984
84.48406219482422
79.05221557617188
85.54656219482422
76.37102508544922
80.20529174804688
81.88394927978516
54.39725112915039
80.13511657714844
77.12127685546875
70.64559936523438
78.03438568115234
70.70329284667969
72.59691619873047
73.78710174560547
60.79116439819336
71.87968444824219
67.192626953125
66.9648666381836
71.927490234375
62.62869644165039
68.41820526123047
72.14715576171875
54.77778625488281
66.9043197631836
62.7144775390625
58.37353515625
63.60628890991211
51.924537658691406
70.33132934570312
70.03312683105469
63.10226058959961
71.28955841064453
71.39790344238281
63.776336669921875
73.83344268798828
69.42852783203125
72.0489273071289
73.56187438964844
65.00148010253906
79.86042785644531
77.49352264404297
77.23137664794922
85.11771392822266
80.23200988769531
83.8761215209961
89.22514343261719
76.67010498046875
90.53877258300781
91.21292877197266
85.58146667480469
93.42217254638672
82.40681457519531
89.80978393554688
90.51957702636719
69.33995056152344
89.49899291992188
86.94100952148438
79.50145721435547
88.1886978149414
81.10555267333984
83.13333892822266
85.87062072753906
68.12144470214844
85.35398864746094
82.74977111816406
80.03205871582031
86.8764419555664
76.57215881347656
85.24031066894531
87.2103271484375
61.68556594848633
87.52413177490234
85.91478729248047
77.56707763671875
88.07085418701172
80.67279815673828
84.23812103271484
85.66818237304688
67.9271240234375
84.81816864013672
81.58629608154297
79.39339447021484
87.37263488769531
80.56573486328125
86.12171936035156
90.20557403564453
69.28944396972656
91.61216735839844
90.03948211669922
86.38053131103516
92.83344268798828
80.37259674072266
89.39735412597656
89.08543395996094
72.15699768066406
87.96947479248047
84.17674255371094
78.22869873046875
85.34554290771484
77.39562225341797
79.31964111328125
81.15592956542969
62.87363815307617
80.24430847167969
76.29644012451172
74.2746353149414
79.9444351196289
68.74240112304688
77.36695098876953
79.760009765625
52.5416145324707
81.99414825439453
80.14115905761719
78.20751953125
86.78184509277344
78.61094665527344
86.36754608154297
89.42132568359375
64.77488708496094
91.38204956054688
90.27273559570312
84.82485961914062
94.60895538330078
86.53633117675781
92.95011138916016
94.09264373779297
77.07982635498047
93.93458557128906
89.64320373535156
86.33721160888672
92.43374633789062
83.5733413696289
87.88502502441406
89.91169738769531
66.51388549804688
88.31825256347656
85.72156524658203
80.03611755371094
88.05890655517578
78.84732818603516
86.06327056884766
87.63272094726562
65.70909118652344
88.5241470336914
86.16189575195312
80.63741302490234
89.25594329833984
82.00252532958984
85.43423461914062
88.36910247802734
63.572261810302734
88.69623565673828
86.51893615722656
83.1602783203125
91.06754302978516
82.39083099365234
89.94113159179688
92.48583221435547
66.21105194091797
94.12527465820312
92.58670043945312
87.08875274658203
96.51136016845703
88.89971160888672
94.04046630859375
96.18531799316406
74.32559204101562
96.01825714111328
92.12702941894531
88.48178100585938
94.52767181396484
84.58007049560547
90.19962310791016
91.40027618408203
65.84852600097656
89.46936798095703
86.7935791015625
79.41402435302734
87.67610931396484
78.3139419555664
83.74614715576172
85.2411117553711
61.858909606933594
84.98912048339844
81.85529327392578
77.7936019897461
84.72235107421875
76.59541320800781
80.35800170898438
83.14108276367188
58.84622573852539
81.50995635986328
78.64190673828125
72.12396240234375
81.09086608886719
70.46870422363281
78.89742279052734
80.31892395019531
59.307151794433594
80.48937225341797
77.96780395507812
70.26930236816406
80.7315902709961
73.09848022460938
75.55752563476562
78.59790802001953
59.916099548339844
77.90155029296875
74.88590240478516
72.82400512695312
78.99359130859375
69.3800277709961
76.62519073486328
78.77906799316406
56.579158782958984
77.94489288330078
76.28121948242188
66.97683715820312
78.15548706054688
68.66374969482422
75.29169464111328
77.10498046875
58.497047424316406
78.82711791992188
76.36822509765625
72.64277648925781
80.34139251708984
71.55297088623047
75.93965148925781
78.7812728881836
55.15676498413086
77.0104751586914
73.82462310791016
61.41168975830078
68.58208465576172
63.74391174316406
65.35720825195312
74.84528350830078
63.48681640625
77.83720397949219
78.41829681396484
72.32441711425781
82.09088134765625
74.4610595703125
78.91635131835938
81.957763671875
58.63351821899414
81.9209976196289
80.181884765625
76.6035385131836
84.74319458007812
75.95723724365234
84.01309204101562
86.87422943115234
63.72540283203125
88.56334686279297
87.5685043334961
81.11023712158203
91.8665771484375
85.43220520019531
89.68700408935547
92.78114318847656
70.84927368164062
92.90791320800781
89.3707275390625
85.5794906616211
92.11167907714844
82.62718200683594
88.46236419677734
90.07909393310547
65.17025756835938
88.743408203125
86.0924072265625
78.69236755371094
86.7502212524414
76.76705169677734
80.8228530883789
82.48950958251953
50.86862564086914
82.1203842163086
79.8014144897461
75.44760131835938
84.07293701171875
76.17228698730469
80.94908905029297
83.9207534790039
61.528377532958984
83.85549926757812
82.37161254882812
75.39164733886719
85.34803009033203
77.174072265625
83.53694915771484
86.04483795166016
66.51787567138672
88.49945831298828
86.31422424316406
82.71586608886719
91.49317932128906
84.8938980102539
89.50080871582031
93.39550018310547
73.75872802734375
94.31314086914062
92.70338439941406
88.33396911621094
94.9355239868164
83.03224182128906
91.31865692138672
91.2481689453125
73.86857604980469
89.76365661621094
86.19891357421875
78.73676300048828
86.48351287841797
78.88436889648438
78.17819213867188
81.28170776367188
65.45152282714844
78.43126678466797
73.19601440429688
74.01046752929688
78.42584228515625
69.18733215332031
75.82977294921875
77.52893829345703
65.94642639160156
73.24850463867188
74.04759216308594
65.25519561767578
73.7504653930664
66.58228302001953
75.62889862060547
75.33028411865234
66.57746887207031
77.55797576904297
76.95816040039062
64.45294189453125
76.89668273925781
75.43559265136719
75.52196502685547
80.12179565429688
72.0550537109375
86.42767333984375
83.99848175048828
83.95425415039062
91.90003204345703
85.09677124023438
91.58999633789062
95.53426361083984
72.91905975341797
97.15799713134766
95.66680145263672
91.6250991821289
98.82406616210938
87.31973266601562
95.82947540283203
95.58208465576172
79.7325668334961
94.26299285888672
90.64347076416016
83.29000854492188
91.7708511352539
85.38480377197266
86.5660171508789
90.33578491210938
70.91860961914062
90.53227996826172
88.16150665283203
84.25189971923828
92.07621002197266
83.5037612915039
89.43690490722656
91.68769836425781
60.94644546508789
91.43343353271484
89.33782196044922
83.033447265625
91.87452697753906
83.63329315185547
89.15782928466797
91.52903747558594
51.8802375793457
92.31719207763672
90.76922607421875
85.7831802368164
94.37273406982422
85.72798919677734
91.74520111083984
93.44294738769531
68.28961181640625
93.2902603149414
91.20716094970703
85.26016998291016
94.20352172851562
86.38841247558594
91.47016906738281
93.9936294555664
64.49858856201172
94.43858337402344
91.9742660522461
87.44437408447266
95.45874786376953
86.89997100830078
92.72809600830078
95.10956573486328
62.656795501708984
94.9704818725586
92.71244812011719
86.65116119384766
95.12137603759766
86.30467224121094
91.18710327148438
92.72035217285156
61.373226165771484
91.52326965332031
89.23580169677734
82.55126190185547
91.4632339477539
83.85208892822266
87.98626708984375
90.51888275146484
64.26823425292969
89.748291015625
87.54937744140625
81.63008880615234
89.47786712646484
80.5895767211914
86.36480712890625
89.09074401855469
61.5230712890625
91.01622009277344
89.78168487548828
85.14541625976562
94.31653594970703
86.32146453857422
92.64824676513672
95.16386413574219
70.81101989746094
95.8319091796875
93.26901245117188
88.96344757080078
96.67630767822266
87.90355682373047
93.78068542480469
95.76029968261719
63.89221954345703
95.46308898925781
92.60070037841797
87.20272827148438
94.56195068359375
85.01325988769531
90.12934875488281
91.53632354736328
62.62725830078125
91.5084457397461
89.41239929199219
85.98692321777344
94.62434387207031
86.68289947509766
93.5802001953125
96.31883239746094
65.40538024902344
97.17231750488281
94.5282211303711
90.04722595214844
97.0934066772461
87.04915618896484
92.71659851074219
93.44448852539062
60.023014068603516
90.40716552734375
86.07841491699219
80.68293762207031
87.40286254882812
80.08895111083984
86.31910705566406
91.26866149902344
72.44021606445312
93.3093490600586
91.1878890991211
87.58561706542969
93.63472747802734
81.39743041992188
89.93782043457031
89.90780639648438
72.92208099365234
89.30565643310547
87.67655181884766
80.28411102294922
92.39822387695312
86.50223541259766
91.57976531982422
93.55986022949219
76.27286529541016
93.75308990478516
89.37889099121094
86.56990814208984
92.38495635986328
82.96470642089844
88.0656509399414
89.97000122070312
71.97127532958984
88.97846221923828
88.08135223388672
81.13859558105469
90.51409149169922
80.65097045898438
87.618408203125
86.86656951904297
72.04999542236328
84.70563507080078
79.70782470703125
71.98821258544922
78.64994049072266
74.38017272949219
76.89205169677734
82.32825469970703
65.88504791259766
85.91032409667969
83.50064086914062
81.1739501953125
87.96678924560547
78.02301788330078
84.92240142822266
86.18901062011719
67.53609466552734
83.71659088134766
81.41649627685547
68.63179016113281
80.74925231933594
75.24443054199219
77.37767028808594
79.07495880126953
66.56551361083984
80.28679656982422
74.44588470458984
73.1275863647461
78.27023315429688
