86.4493637084961
83.42377471923828
89.84720611572266
83.6455078125
87.96644592285156
90.31388854980469
84.11520385742188
91.37611389160156
90.42644500732422
89.4234619140625
93.905517578125
91.5503921508789
95.1712417602539
96.3805923461914
96.06050872802734
98.5598373413086
95.48809051513672
96.261962890625
93.43594360351562
90.51669311523438
91.70198059082031
83.82718658447266
87.7022476196289
85.77216339111328
74.65452575683594
84.50111389160156
79.65843200683594
74.54151916503906
81.93861389160156
83.62818145751953
74.29418182373047
88.73043823242188
87.99134826660156
90.38976287841797
90.88522338867188
87.07146453857422
90.11238861083984
83.74285888671875
86.56094360351562
86.5205307006836
77.27006530761719
86.0716552734375
81.61981201171875
79.51124572753906
84.5797348022461
74.34219360351562
81.36930847167969
82.14380645751953
58.48640060424805
82.06199645996094
78.83042907714844
74.90209197998047
81.74392700195312
74.06729888916016
78.11585235595703
80.29478454589844
64.96126556396484
79.22636413574219
77.98388671875
69.51021575927734
79.77278900146484
74.5550308227539
74.64391326904297
79.03829193115234
68.41592407226562
77.04120635986328
78.42345428466797
66.44554901123047
78.07774353027344
76.09917449951172
71.59185028076172
78.463134765625
71.92208099365234
74.86274719238281
78.13053894042969
64.45367431640625
77.69758605957031
76.80734252929688
67.26879119873047
78.75518035888672
74.22323608398438
73.26786041259766
78.34066772460938
68.11486053466797
77.19970703125
79.04097747802734
66.53253936767578
79.97355651855469
80.74024200439453
79.12934875488281
85.26304626464844
83.4453353881836
86.74273681640625
87.18059539794922
85.52037811279297
88.21995544433594
85.75747680664062
87.94684600830078
87.94696044921875
86.73819732666016
89.39898681640625
87.64237976074219
89.41547393798828
89.88673400878906
88.12997436523438
89.52104187011719
85.66328430175781
86.1531982421875
84.38314056396484
79.73531341552734
83.2235107421875
77.65667724609375
79.90015411376953
81.29832458496094
71.9046401977539
80.504638671875
77.34918212890625
73.77432250976562
79.67662811279297
65.43920135498047
77.26717376708984
77.56221771240234
63.78211975097656
77.93390655517578
71.8968276977539
72.41983032226562
77.08797454833984
68.24504089355469
75.61231994628906
75.15055847167969
70.85343933105469
76.42879486083984
73.51860809326172
73.9166030883789
76.05167388916016
70.58690643310547
75.9894790649414
75.55076599121094
70.0140380859375
77.14693450927734
71.85826873779297
76.15333557128906
76.84398651123047
69.76232147216797
78.2070083618164
73.12871551513672
74.64796447753906
78.88639831542969
63.795867919921875
80.94035339355469
72.17383575439453
78.82192993164062
77.53130340576172
73.20799255371094
79.01144409179688
71.85872650146484
76.95269775390625
76.37342834472656
75.16011810302734
75.25072479248047
77.97764587402344
71.69640350341797
78.106201171875
77.71781921386719
72.81259155273438
80.64997863769531
72.30255126953125
78.35393524169922
79.55742645263672
68.9160385131836
80.3214111328125
76.25360870361328
76.30268859863281
81.052734375
71.61815643310547
79.2259750366211
79.92768859863281
71.15357971191406
80.11250305175781
78.08670043945312
74.50788879394531
81.8011474609375
73.53561401367188
79.55590057373047
81.74378967285156
62.99598693847656
82.76765441894531
79.00507354736328
77.20559692382812
83.5226058959961
72.50048828125
81.7643814086914
82.9007568359375
69.43505859375
84.70643615722656
80.55178833007812
80.5536880493164
85.06295776367188
72.53594970703125
84.13566589355469
82.53807830810547
74.9859390258789
84.48973846435547
78.88664245605469
80.21856689453125
84.8411865234375
75.06159210205078
84.50989532470703
85.5963134765625
80.1355972290039
88.00331115722656
84.05883026123047
86.67648315429688
88.25633239746094
82.58822631835938
88.3694076538086
83.79623413085938
84.4531478881836
86.17523193359375
75.17011260986328
85.1054458618164
82.56731414794922
77.3509292602539
84.26152801513672
76.75135803222656
80.93834686279297
82.9654312133789
48.688232421875
82.46903991699219
80.55968475341797
73.30760955810547
82.3094711303711
75.93324279785156
77.95135498046875
81.35604858398438
70.50003051757812
79.82251739501953
80.87960815429688
66.12689971923828
81.79218292236328
80.29518127441406
75.541748046875
82.5953140258789
72.68614959716797
80.1629409790039
81.82418060302734
62.30929183959961
82.01753997802734
78.89942169189453
75.58821105957031
82.16638946533203
73.56754302978516
79.04463195800781
81.04700469970703
66.1844253540039
80.9323959350586
79.4704818725586
73.52057647705078
81.77993774414062
74.85034942626953
77.7710952758789
81.3069839477539
68.48863220214844
80.39810180664062
79.95793151855469
72.36627960205078
81.14295959472656
76.54950714111328
76.49415588378906
80.7034912109375
74.62429809570312
75.85321807861328
80.87022399902344
74.36529541015625
80.29875946044922
83.28475952148438
69.98535919189453
85.2008285522461
81.70409393310547
81.55359649658203
86.15465545654297
77.47330474853516
86.08116149902344
85.01771545410156
80.66507720947266
87.40696716308594
82.39411163330078
85.505126953125
87.56658172607422
80.92564392089844
88.33629608154297
86.45982360839844
84.77593231201172
88.94354248046875
83.1471939086914
87.82689666748047
88.8293685913086
85.03410339355469
90.98733520507812
88.12776184082031
89.28553771972656
90.44828796386719
84.97711944580078
89.86904907226562
86.61225128173828
85.37325286865234
88.82816314697266
81.03518676757812
86.60929107666016
86.67591857910156
77.87960815429688
87.573974609375
83.92947387695312
82.3973617553711
87.35267639160156
78.21209716796875
85.2684097290039
86.47791290283203
74.08084106445312
86.9737777709961
83.71524047851562
80.73540496826172
87.88197326660156
79.78140258789062
85.69267272949219
87.31256866455078
75.20240783691406
88.0970230102539
85.76097106933594
83.09015655517578
89.58435821533203
83.08467102050781
88.35630798339844
89.79456329345703
83.7590103149414
91.34979248046875
87.12903594970703
89.33892822265625
90.42427825927734
81.70182037353516
89.61160278320312
82.92051696777344
83.45568084716797
86.77236938476562
73.05989074707031
84.28524017333984
84.2190170288086
76.87332153320312
83.78257751464844
83.40673065185547
77.35778045654297
84.31170654296875
83.36713409423828
77.22358703613281
86.2178955078125
81.86951446533203
81.4214096069336
87.68031311035156
76.5556869506836
86.6878890991211
88.01605987548828
74.8830795288086
90.4347152709961
88.20983123779297
88.82111358642578
94.13119506835938
90.00273895263672
95.87046813964844
92.90674591064453
92.74669647216797
93.43165588378906
84.13813781738281
91.85066223144531
87.58586883544922
84.63917541503906
89.919921875
79.2688980102539
86.34720611572266
87.71503448486328
73.5501937866211
86.69306945800781
86.10858917236328
76.5307846069336
87.21675872802734
86.33086395263672
76.42436218261719
89.42522430419922
85.7091064453125
86.17546844482422
91.97209167480469
83.47272491455078
92.66714477539062
91.98898315429688
88.95733642578125
94.42529296875
87.4906234741211
92.73616790771484
92.52223205566406
85.4603500366211
93.15592956542969
87.67033386230469
88.48849487304688
91.83866882324219
79.80695343017578
89.99725341796875
91.05914306640625
80.55194854736328
92.48731231689453
89.86529541015625
88.4985122680664
93.50941467285156
85.45586395263672
92.1810531616211
92.4974136352539
85.12516784667969
93.95670318603516
89.99372863769531
90.01348114013672
93.98611450195312
85.63838958740234
93.14681243896484
92.59337615966797
86.78331756591797
94.07977294921875
88.47434997558594
89.84960174560547
93.1857681274414
83.16992950439453
92.3669204711914
92.43905639648438
85.41015625
94.28771209716797
90.36920928955078
90.68909454345703
94.6082534790039
86.9186782836914
93.8614273071289
93.53469848632812
88.23138427734375
95.5158920288086
91.69481658935547
93.01425170898438
95.82111358642578
89.5065689086914
95.81507873535156
94.41971588134766
91.64636993408203
96.4521255493164
91.23934936523438
94.60697174072266
95.4856948852539
89.38800811767578
95.70284271240234
91.65160369873047
91.22456359863281
93.98899841308594
82.89849090576172
91.26123809814453
91.64771270751953
77.11671447753906
92.35318756103516
90.41144561767578
85.44538116455078
93.78763580322266
88.20794677734375
91.16063690185547
94.15438079833984
85.59732055664062
94.26338195800781
93.27301025390625
89.41223907470703
95.63692474365234
91.14131927490234
93.82308959960938
95.97631072998047
90.22531127929688
96.45181274414062
95.05155181884766
93.4866714477539
97.56661987304688
93.09516906738281
96.29515075683594
96.50802612304688
92.01175689697266
97.21671295166016
94.92321014404297
95.28409576416016
98.42707061767578
94.65296936035156
98.55530548095703
97.71344757080078
95.91119384765625
98.89720916748047
94.5556640625
97.16255187988281
96.79927825927734
92.45585632324219
96.85580444335938
92.44831085205078
93.44815063476562
95.19127655029297
86.81697082519531
93.95755004882812
90.92582702636719
87.0507583618164
92.29732513427734
82.64753723144531
87.73263549804688
90.63581848144531
74.35710906982422
89.84748077392578
88.94275665283203
78.44131469726562
90.65815734863281
84.28258514404297
85.7979736328125
89.89614868164062
73.76171875
88.4136734008789
87.75885009765625
76.67577362060547
88.97673034667969
85.25031280517578
81.9251937866211
89.60091400146484
81.78345489501953
88.09597778320312
89.2942123413086
75.84759521484375
89.83251190185547
83.84339141845703
84.69524383544922
88.67973327636719
77.58206939697266
86.53759002685547
87.86969757080078
71.41133880615234
88.89871215820312
85.32809448242188
84.57967376708984
89.66016387939453
64.03710174560547
88.82699584960938
84.36973571777344
83.95956420898438
86.57630157470703
79.74946594238281
85.37686157226562
82.3042984008789
85.55267333984375
78.66624450683594
87.09030151367188
81.82604217529297
85.29031372070312
87.2321548461914
75.54412841796875
88.1704330444336
81.5967788696289
84.25650787353516
86.24351501464844
77.13208770751953
85.36418914794922
84.31865692138672
79.3757553100586
85.7991943359375
82.6431655883789
81.3748779296875
86.59880065917969
78.96147155761719
84.72212219238281
85.96345520019531
75.83146667480469
86.66693878173828
83.24989318847656
82.12098693847656
87.26432037353516
