83.620849609375
89.24079132080078
91.86182403564453
56.13764953613281
92.73223114013672
91.21961212158203
85.89517211914062
95.62889862060547
88.07343292236328
94.1149673461914
97.63563537597656
62.67509841918945
100.10887908935547
99.20894622802734
94.93494415283203
104.14026641845703
95.554931640625
99.81976318359375
100.18782806396484
64.05062103271484
96.44029235839844
92.17637634277344
85.38257598876953
91.74597930908203
80.90626525878906
84.8590316772461
83.7083511352539
56.37798309326172
76.288330078125
69.18814086914062
70.83003997802734
83.76078033447266
80.35803985595703
88.15047454833984
93.6631088256836
62.79280471801758
96.3824462890625
93.20686340332031
86.43657684326172
93.1738510131836
82.91452026367188
87.92489624023438
88.92903137207031
61.45615005493164
87.0655517578125
83.79533386230469
78.43878936767578
85.67733001708984
76.69300079345703
81.72425079345703
83.30096435546875
52.34323501586914
82.845458984375
79.98202514648438
74.95223999023438
82.32315826416016
74.42337799072266
79.82649230957031
80.84487915039062
57.627532958984375
80.73992919921875
77.9150161743164
70.60639190673828
81.1626205444336
73.64805603027344
78.81729125976562
80.11823272705078
59.56058120727539
81.28377532958984
79.01994323730469
74.11174011230469
82.31401824951172
74.84098815917969
79.92276763916016
82.96464538574219
45.901248931884766
83.9888916015625
82.56753540039062
76.3185806274414
86.2752685546875
79.3924331665039
84.18328857421875
87.57389831542969
62.629356384277344
88.63386535644531
86.60020446777344
81.00674438476562
89.25102233886719
79.88253784179688
80.8411636352539
82.02120208740234
54.94242477416992
91.36113739013672
89.69166564941406
84.89550018310547
92.57039642333984
83.23062133789062
88.63135528564453
90.70283508300781
61.375022888183594
89.48680877685547
86.72634887695312
80.8790283203125
88.96534729003906
80.92212677001953
83.75579833984375
85.21403503417969
62.77645492553711
79.66853332519531
76.66985321044922
71.40217590332031
81.6614990234375
75.70004272460938
80.75243377685547
83.51898956298828
51.97306442260742
85.16543579101562
83.55558013916016
78.09571838378906
87.50037384033203
80.64218139648438
86.13375854492188
89.3661117553711
51.23360824584961
91.39642333984375
90.59663391113281
85.97332000732422
95.82673645019531
88.80996704101562
95.24922180175781
98.52115631103516
71.79257202148438
99.3534164428711
96.86788177490234
90.98657989501953
98.67981719970703
89.686279296875
94.24147033691406
95.95526885986328
62.927284240722656
95.07386779785156
92.37661743164062
86.73602294921875
94.90843200683594
86.23057556152344
91.77381896972656
94.03716278076172
49.526092529296875
93.92839813232422
91.32865142822266
86.47687530517578
94.97560119628906
86.51302337646484
90.71343994140625
90.88822937011719
51.14052963256836
84.91888427734375
79.85536193847656
71.79985809326172
80.98683166503906
73.7507095336914
79.00894165039062
82.64337921142578
58.963172912597656
83.8604507446289
81.96440887451172
77.08421325683594
86.0945816040039
77.24564361572266
84.41717529296875
87.14778900146484
58.312957763671875
88.08683776855469
86.68927001953125
81.24246978759766
90.39012908935547
82.61161041259766
88.80635833740234
91.72657775878906
58.405208587646484
93.08070373535156
91.59912872314453
87.11013793945312
96.24624633789062
88.72062683105469
94.50263214111328
96.75196838378906
52.26881408691406
95.7794418334961
92.7750244140625
86.77352142333984
93.76203918457031
84.63258361816406
88.85034942626953
90.2671127319336
58.817100524902344
88.6863021850586
85.72046661376953
79.34893035888672
87.0373306274414
77.7995834350586
83.57483673095703
84.69294738769531
57.54386901855469
83.70916748046875
80.89175415039062
75.64009857177734
83.32994842529297
73.59730529785156
80.42965698242188
81.74505615234375
58.818931579589844
81.00505065917969
77.9958267211914
73.5367431640625
80.87223815917969
72.15336608886719
77.70548248291016
78.98678588867188
49.19710159301758
78.95492553710938
75.03709411621094
69.31974029541016
78.6519546508789
68.97183227539062
75.9248046875
76.92469024658203
59.35915756225586
75.36576080322266
74.02022552490234
71.95396423339844
80.77690124511719
73.9952621459961
81.1645278930664
83.02600860595703
56.305030822753906
82.97954559326172
80.63178253173828
74.40116119384766
83.27698516845703
74.98375701904297
79.81301879882812
81.95318603515625
61.27249526977539
81.82032775878906
80.55461120605469
74.95161437988281
83.4193115234375
75.12904357910156
80.54779052734375
82.90863800048828
51.7271728515625
81.69960021972656
79.59772491455078
73.79690551757812
82.4390869140625
75.31529998779297
81.36309051513672
84.21430969238281
60.00785446166992
85.06302642822266
82.39603424072266
76.080810546875
84.90872955322266
75.50896453857422
80.37205505371094
82.12998962402344
63.92373275756836
80.62445831298828
77.84473419189453
73.38705444335938
80.87137603759766
73.31500244140625
79.49089813232422
82.87122344970703
42.55854797363281
84.83316040039062
83.24520111083984
77.19889831542969
85.95230102539062
78.59829711914062
83.30117797851562
86.22183990478516
59.80829620361328
86.28951263427734
84.0753402709961
78.27681732177734
87.40583801269531
79.39063262939453
85.95014953613281
88.66290283203125
58.015132904052734
90.46143341064453
88.93928527832031
85.51277160644531
94.4361801147461
86.91861724853516
93.82642364501953
96.87906646728516
62.882686614990234
97.43314361572266
94.54122924804688
88.6121597290039
96.03678131103516
86.86170959472656
91.41071319580078
92.91010284423828
55.13475036621094
91.83769989013672
88.96312713623047
82.6418228149414
91.2258529663086
82.75357818603516
87.54552459716797
89.7174301147461
56.949222564697266
89.31898498535156
86.78369903564453
81.1469955444336
89.69256591796875
81.44896697998047
87.19232177734375
89.53874206542969
57.26755142211914
90.09416198730469
88.24040222167969
83.14169311523438
92.4749755859375
84.573486328125
90.18772888183594
92.92819213867188
60.22743606567383
92.24462890625
88.88761901855469
81.63082122802734
88.33499145507812
77.43181610107422
81.83221435546875
82.04729461669922
54.22026824951172
81.2730484008789
78.87220001220703
73.49775695800781
83.5449447631836
76.5890884399414
82.31111145019531
85.62461853027344
53.189388275146484
87.15142059326172
85.55901336669922
81.08383178710938
90.0304183959961
82.4971694946289
88.33575439453125
91.33447265625
58.92131423950195
93.50794982910156
92.12899780273438
88.10011291503906
97.54052734375
90.29119873046875
96.71802520751953
99.7923355102539
49.60773468017578
101.12068176269531
99.0024642944336
93.70819091796875
101.38302612304688
92.22491455078125
96.58148193359375
97.79752349853516
51.748016357421875
95.61524963378906
92.17375946044922
85.99958801269531
92.85832214355469
83.77345275878906
88.39561462402344
90.143310546875
49.69944763183594
91.1043472290039
90.19779968261719
86.50104522705078
96.23444366455078
89.04771423339844
95.1240463256836
97.80626678466797
51.70774459838867
97.70955657958984
95.29769134521484
89.69440460205078
97.78224182128906
89.33749389648438
94.30394744873047
96.47789001464844
57.828346252441406
96.10735321044922
93.740234375
88.20399475097656
96.44770812988281
88.0431137084961
92.8680648803711
94.82874298095703
56.45104217529297
93.69216918945312
91.21794891357422
86.12911224365234
94.75843048095703
86.60574340820312
92.19080352783203
94.82765197753906
50.90181350708008
95.2335433959961
93.02794647216797
87.99292755126953
96.3521728515625
87.99209594726562
93.56978607177734
95.94292449951172
58.093772888183594
95.9820556640625
93.42993927001953
87.93942260742188
95.8711166381836
87.03370666503906
92.12881469726562
94.40341186523438
53.26503372192383
95.79478454589844
94.24713134765625
89.50306701660156
98.11491394042969
89.96095275878906
95.79251861572266
98.27001190185547
55.69772720336914
98.8394775390625
97.03973388671875
92.29027557373047
101.06047058105469
93.1498031616211
98.86238861083984
101.37258911132812
57.239097595214844
101.55288696289062
99.13961029052734
93.43412017822266
101.17483520507812
91.7730941772461
95.6247329711914
96.55714416503906
54.783477783203125
94.99523162841797
92.6943359375
87.68171691894531
96.16658782958984
88.25749969482422
93.67894744873047
96.26654052734375
56.016693115234375
96.67414093017578
94.57676696777344
89.25155639648438
97.85993194580078
89.75885772705078
95.38304138183594
98.22917938232422
51.99799728393555
99.24649047851562
97.38604736328125
92.43824768066406
101.25434875488281
93.29619598388672
99.06929016113281
101.69149017333984
59.4631462097168
101.80022430419922
99.34298706054688
93.81733703613281
102.23670196533203
94.32838439941406
100.24944305419922
103.37633514404297
58.51850509643555
104.69026184082031
102.69151306152344
97.62755584716797
105.899658203125
97.202880859375
102.30660247802734
104.14273071289062
53.02700424194336
103.17549896240234
100.35189819335938
94.6391830444336
102.54521179199219
93.95893096923828
98.96614074707031
100.90250396728516
51.767982482910156
100.0217514038086
96.88774108886719
89.65046691894531
95.96004486083984
84.95284271240234
86.58076477050781
85.37067413330078
49.195892333984375
77.26632690429688
72.15670776367188
65.84283447265625
74.16027069091797
66.64783477783203
72.35342407226562
74.18412780761719
51.19306945800781
74.23974609375
72.58401489257812
64.7791976928711
75.04629516601562
68.78804016113281
75.34526824951172
79.71644592285156
50.79242706298828
82.72618865966797
82.24759674072266
77.13819122314453
86.7826919555664
78.68141174316406
84.71065521240234
87.16767120361328
52.2156867980957
87.64237213134766
85.82715606689453
79.75444793701172
88.17724609375
80.00239562988281
84.40354919433594
86.23688507080078
60.300682067871094
82.40760803222656
77.81747436523438
70.83721923828125
74.7224349975586
69.29593658447266
76.47288513183594
81.99637603759766
47.1921272277832
87.57604217529297
87.05390167236328
82.51625061035156
91.73072052001953
83.6044921875
88.3930892944336
90.03730773925781
53.24137878417969
88.0176010131836
85.02666473388672
80.36115264892578
87.7872085571289
79.50017547607422
84.80152893066406
87.2068862915039
51.27646255493164
87.39346313476562
85.05624389648438
80.16275024414062
88.10685729980469
79.4094009399414
84.22806549072266
86.28804779052734
54.416717529296875
86.1392822265625
83.92555236816406
78.21935272216797
85.5403823852539
