78.8354721069336
84.6133804321289
88.06394958496094
68.15269470214844
89.04985046386719
87.99778747558594
84.28317260742188
93.59172821044922
87.01634979248047
92.15946197509766
94.32804870605469
77.84059143066406
92.46456146240234
88.05615234375
81.61519622802734
87.24118041992188
76.12991333007812
81.33563995361328
81.0223388671875
44.81134033203125
76.03348541259766
70.94503021240234
66.94879913330078
75.4825210571289
71.03548431396484
76.75375366210938
83.08241271972656
68.2921142578125
87.78719329833984
86.46665954589844
82.33128356933594
88.32057189941406
77.4150619506836
83.00325775146484
83.48531341552734
65.23234558105469
81.06048583984375
77.29377746582031
72.5270004272461
78.59835815429688
71.05772399902344
73.94662475585938
74.71947479248047
41.34889602661133
73.46550750732422
69.75810241699219
64.35824584960938
69.81722259521484
62.286231994628906
64.37689971923828
65.76585388183594
45.69936752319336
66.44741821289062
63.32386779785156
48.88948059082031
56.80784225463867
53.548561096191406
60.263179779052734
66.08763122558594
48.70148468017578
66.47277069091797
65.74634552001953
59.97801208496094
70.18770599365234
64.37227630615234
70.84172821044922
73.5706558227539
55.42779541015625
74.62391662597656
73.63604736328125
72.07872009277344
81.3489990234375
75.69208526611328
81.17672729492188
84.39986419677734
74.6459732055664
87.88800811767578
83.74488830566406
81.75615692138672
86.56092071533203
74.88182067871094
81.97869873046875
82.73368072509766
45.180171966552734
80.91619110107422
77.73506927490234
73.28353118896484
80.23896026611328
72.43836212158203
76.3095932006836
78.01021575927734
55.106021881103516
78.22581481933594
75.51945495605469
68.69470977783203
77.25712585449219
68.5687026977539
75.60930633544922
77.7558364868164
60.44026565551758
76.73841857910156
74.60008239746094
69.21609497070312
77.11901092529297
68.93513488769531
74.48237609863281
77.27967071533203
41.83621597290039
77.25151824951172
75.17643737792969
70.73483276367188
78.59850311279297
71.24005126953125
74.80122375488281
77.7763671875
60.48865509033203
78.94348907470703
77.16609954833984
70.17579650878906
79.14109802246094
70.86747741699219
76.94850158691406
80.04512786865234
62.95083236694336
80.48280334472656
79.48941802978516
75.01898193359375
83.82756042480469
77.28215789794922
81.75985717773438
85.61268615722656
66.56220245361328
86.87931823730469
85.1202163696289
77.91280364990234
84.60546875
73.92799377441406
77.87980651855469
78.45367431640625
58.08353805541992
77.51229095458984
77.301513671875
73.39665222167969
83.99908447265625
78.67761993408203
84.59845733642578
88.55068969726562
73.59339141845703
89.22554779052734
86.14401245117188
79.88090515136719
87.2170639038086
78.06826782226562
83.4762954711914
85.3858871459961
67.67478942871094
84.74562072753906
82.67051696777344
77.95230865478516
86.37294006347656
79.27421569824219
83.8503646850586
87.05302429199219
67.52458190917969
88.63957214355469
87.69395446777344
82.05203247070312
91.9498291015625
85.35091400146484
89.9173355102539
92.41841888427734
74.99208068847656
90.87217712402344
87.76984405517578
82.35869598388672
89.32898712158203
80.82383728027344
84.84317779541016
86.65406036376953
68.03966522216797
86.1724853515625
83.88916778564453
77.4264144897461
85.95380401611328
77.2025146484375
82.73033905029297
84.82984161376953
66.8944091796875
84.61975860595703
82.47555541992188
77.58003234863281
85.79485321044922
78.81478881835938
83.22039794921875
85.7930679321289
63.33171463012695
86.42561340332031
84.59882354736328
79.5809326171875
88.41410827636719
80.96599578857422
86.49632263183594
89.60072326660156
71.44107055664062
90.89768981933594
89.65310668945312
84.24987030029297
93.75115203857422
87.0393295288086
91.17467498779297
93.5054702758789
76.44879913330078
92.2420883178711
89.22054290771484
83.40950012207031
90.26751708984375
81.3563003540039
85.87574005126953
87.12429809570312
68.95521545410156
85.58634185791016
82.39966583251953
76.92062377929688
84.43446350097656
75.78606414794922
80.34500885009766
81.88276672363281
61.516258239746094
80.70623016357422
78.04627227783203
73.12612915039062
81.10267639160156
72.76229095458984
76.60637664794922
78.88080596923828
64.18639373779297
79.26744842529297
75.98196411132812
69.5663070678711
77.630615234375
69.49604034423828
75.26587677001953
77.47732543945312
59.63666915893555
76.07962799072266
73.10890197753906
69.31417083740234
77.28872680664062
69.21076965332031
72.92998504638672
74.1995849609375
52.09429931640625
75.2392807006836
73.36768341064453
66.96890258789062
76.05560302734375
67.22618103027344
73.08882141113281
74.29817199707031
60.54778289794922
74.3667984008789
72.14176177978516
64.87623596191406
74.16914367675781
66.46849822998047
70.00020599365234
72.05828094482422
49.47390365600586
69.79051971435547
70.3301773071289
67.93458557128906
78.38583374023438
72.58932495117188
77.34798431396484
79.11410522460938
63.74213409423828
78.34996795654297
75.89556121826172
67.9936294555664
78.03408813476562
69.83976745605469
75.74842071533203
78.90936279296875
61.081363677978516
79.35655212402344
77.98162841796875
74.21009826660156
82.4632339477539
75.41460418701172
80.83360290527344
84.07696533203125
64.90467071533203
85.70661163330078
84.41926574707031
79.98167419433594
88.89518737792969
81.6688232421875
87.25555419921875
89.97997283935547
73.08342742919922
89.49156188964844
86.5810775756836
81.68194580078125
88.66506958007812
79.78294372558594
84.24853515625
85.98350524902344
66.41183471679688
85.19932556152344
82.6778335571289
77.20146179199219
84.42481231689453
75.93306732177734
80.90434265136719
83.21931457519531
65.48103332519531
82.75406646728516
80.64678955078125
74.72863006591797
83.37044525146484
74.94283294677734
79.67837524414062
81.51969146728516
61.442298889160156
79.97750854492188
77.48761749267578
72.59259033203125
81.33795166015625
73.89788055419922
79.20030212402344
81.69679260253906
64.63516998291016
83.17740631103516
81.93476104736328
76.87549591064453
86.04713439941406
79.212646484375
85.0168228149414
88.51712036132812
72.34172058105469
90.29058074951172
89.02465057373047
84.53418731689453
92.23246765136719
82.98578643798828
87.3276138305664
87.9483413696289
70.04867553710938
85.63764190673828
82.1417465209961
75.9744644165039
82.7573013305664
72.1828384399414
78.25019836425781
79.37864685058594
55.887271881103516
76.81800079345703
73.18216705322266
69.56037902832031
75.10928344726562
66.96986389160156
69.47217559814453
71.38471984863281
50.180152893066406
72.24010467529297
70.24613952636719
65.24504852294922
74.1546401977539
66.90441131591797
72.72818756103516
75.60785675048828
61.63568115234375
76.41807556152344
74.27921295166016
67.45645904541016
75.25165557861328
64.0750732421875
72.18077850341797
72.08302307128906
54.44452667236328
72.68937683105469
70.94549560546875
69.0660400390625
77.61792755126953
71.52165985107422
77.01288604736328
80.63316345214844
61.198509216308594
83.4765853881836
82.41423797607422
77.85936737060547
87.45198059082031
80.30310821533203
86.25708770751953
89.51239013671875
71.49164581298828
90.3439712524414
88.45332336425781
83.10700988769531
91.53236389160156
83.63055419921875
88.24195098876953
90.56588745117188
69.25778198242188
90.32205963134766
88.17804718017578
82.38581848144531
90.82662200927734
83.02043914794922
87.52301788330078
90.1351089477539
73.50444793701172
89.27618408203125
86.63026428222656
80.9469985961914
89.30197143554688
81.65486145019531
86.33268737792969
88.66131591796875
69.14614868164062
88.66810607910156
86.21199798583984
81.59133911132812
89.35044860839844
81.5126953125
86.56813049316406
89.15361022949219
71.30490112304688
89.86068725585938
87.93623352050781
82.60313415527344
91.02587127685547
83.30577850341797
88.56822204589844
91.08921813964844
72.71797943115234
91.17163848876953
89.0553207397461
84.0638656616211
92.36955261230469
84.64077758789062
89.32841491699219
91.98251342773438
73.5086669921875
92.13591766357422
90.07830810546875
84.70906829833984
93.0840072631836
85.11416625976562
90.3516616821289
92.87968444824219
74.3659896850586
92.90911865234375
91.00436401367188
85.70764923095703
94.16865539550781
86.69647979736328
90.9054946899414
93.14237213134766
76.67733001708984
91.48824310302734
88.08661651611328
82.1465072631836
89.15547943115234
80.69482421875
85.83621215820312
88.4039077758789
71.58283996582031
89.0547866821289
87.57628631591797
82.18585205078125
91.1303482055664
84.1526107788086
88.88684844970703
91.97842407226562
75.37972259521484
92.79317474365234
91.60894012451172
85.81950378417969
94.7559814453125
88.10211181640625
91.0982437133789
93.5347671508789
80.17601776123047
91.55526733398438
88.81179809570312
82.73474884033203
89.5541000366211
82.44293975830078
84.68162536621094
86.86791229248047
74.8122787475586
85.73504638671875
85.1591567993164
76.4542007446289
87.39767456054688
83.10459899902344
84.45893859863281
89.63191986083984
76.26240539550781
89.40326690673828
88.81868743896484
81.88709259033203
91.51876068115234
85.06592559814453
88.38330078125
91.5861587524414
74.08702850341797
91.14814758300781
89.21514892578125
82.63235473632812
90.70526123046875
82.43536376953125
85.83050537109375
87.21520233154297
68.65240478515625
85.03662872314453
81.36792755126953
75.99192810058594
81.92195892333984
71.67491149902344
76.49407958984375
76.58786010742188
63.13936996459961
76.15972137451172
71.96534729003906
66.3512954711914
72.37287139892578
54.40631866455078
71.02901458740234
73.89822387695312
55.93002700805664
76.87046813964844
76.69966888427734
72.9722900390625
82.51899719238281
75.8656234741211
81.97359466552734
85.60009002685547
59.558624267578125
87.0481185913086
85.02355194091797
80.16336822509766
87.60749053955078
78.61688232421875
83.87122344970703
86.41552734375
70.42920684814453
84.16088104248047
82.31539154052734
71.45169067382812
81.97689819335938
75.26146697998047
77.49187469482422
81.13243103027344
64.29408264160156
82.58039855957031
82.32206726074219
76.56216430664062
86.25959014892578
79.9466552734375
83.26837921142578
86.02396392822266
71.1207275390625
85.42350769042969
82.8051528930664
76.2915267944336
83.28678131103516
74.29341888427734
78.19767761230469
78.71012115478516
53.407169342041016
76.14022064208984
72.5339584350586
67.92596435546875
74.15908813476562
