83.58148193359375
80.35191345214844
87.86861419677734
78.30514526367188
87.58285522460938
88.9150619506836
80.36231994628906
92.64842987060547
87.55435180664062
92.1629867553711
96.13240051269531
75.99188995361328
97.1908950805664
92.90375518798828
89.35932159423828
93.54811096191406
77.31954193115234
89.21604919433594
86.79391479492188
79.39877319335938
86.22803497314453
76.93917083740234
81.87360382080078
80.00139617919922
77.48394775390625
77.46073150634766
76.535888671875
78.14566040039062
76.56124877929688
84.50349426269531
78.43081665039062
89.43472290039062
79.38447570800781
87.28135681152344
85.0933837890625
77.53204345703125
85.2435073852539
74.29109191894531
81.7767562866211
81.1817398071289
72.15792083740234
81.63310241699219
74.68977355957031
77.76013946533203
78.89106750488281
71.19123077392578
78.75469970703125
75.20276641845703
75.37300872802734
77.38528442382812
72.29312133789062
77.30909729003906
75.45751190185547
74.22264099121094
76.66026306152344
72.84729766845703
76.39044952392578
74.53365325927734
73.81964111328125
76.45333862304688
72.43517303466797
75.59202575683594
75.3080825805664
73.29825592041016
76.79076385498047
73.1255111694336
76.50923919677734
76.2382583618164
72.98731231689453
77.70895385742188
73.12020874023438
77.29750061035156
77.70775604248047
72.17411804199219
79.21061706542969
75.40753936767578
77.67630767822266
80.5632553100586
72.8633804321289
82.28843688964844
79.64213562011719
79.90412902832031
85.72789764404297
74.45218658447266
87.6475601196289
88.46843719482422
82.10709381103516
93.76042175292969
87.56387329101562
90.07874298095703
92.44878387451172
70.08235931396484
89.57691955566406
87.26830291748047
78.98870849609375
88.4643783569336
80.83175659179688
84.38337707519531
87.26799011230469
64.31478881835938
87.01483154296875
85.32101440429688
79.4556884765625
88.58998107910156
80.6429672241211
86.83369445800781
89.20532989501953
65.81898498535156
90.29553985595703
86.64042663574219
82.73663330078125
87.76568603515625
73.731689453125
81.69673919677734
79.03765869140625
65.46543884277344
75.45755004882812
68.1066665649414
70.2041015625
75.00643920898438
67.38191223144531
77.29962158203125
81.12471771240234
65.87760925292969
83.95314025878906
79.52410125732422
76.99465942382812
81.78993225097656
67.33716583251953
77.27749633789062
75.3787841796875
62.3298225402832
73.05933380126953
66.7152328491211
69.56967163085938
68.20318603515625
56.37737274169922
68.26837158203125
69.35231018066406
64.62296295166016
75.11663818359375
73.5895767211914
74.2595443725586
83.56700134277344
75.5868911743164
85.99102020263672
88.99959564208984
66.70989990234375
90.17913055419922
87.10604858398438
82.20174407958984
89.51277923583984
81.29429626464844
86.61736297607422
89.13685607910156
72.36361694335938
90.1529769897461
88.54461669921875
84.05802917480469
93.04292297363281
85.632568359375
90.64736938476562
93.13494873046875
65.66451263427734
91.24092864990234
88.50714111328125
80.44854736328125
89.21387481689453
81.76414489746094
83.80068969726562
86.24886322021484
69.1947250366211
84.46244049072266
82.77925109863281
73.51756286621094
84.24689483642578
78.66194915771484
79.78419494628906
84.2942886352539
71.1685791015625
83.97624206542969
83.9310302734375
75.03925323486328
85.91372680664062
80.24180603027344
82.11018371582031
86.13192749023438
70.43646240234375
85.95438385009766
84.98478698730469
77.44942474365234
88.09600830078125
82.02115631103516
85.7162094116211
89.30618286132812
69.92449188232422
90.40278625488281
89.26708984375
84.41716003417969
93.79090118408203
85.69815826416016
92.46044921875
94.64918518066406
73.0583724975586
94.98951721191406
90.6868896484375
87.78575134277344
93.05323791503906
80.0156021118164
89.69319152832031
89.02854919433594
75.64280700683594
88.89403533935547
82.4319076538086
83.72376251220703
86.85565948486328
64.38658905029297
85.25682830810547
82.87859344482422
76.57611846923828
84.6125717163086
75.99415588378906
81.48165893554688
82.69036102294922
67.9435806274414
82.54512023925781
78.02754974365234
76.81571197509766
81.74830627441406
67.41038513183594
80.07176208496094
79.2484130859375
71.81055450439453
80.72998046875
72.80134582519531
77.38756561279297
79.55916595458984
62.09341049194336
79.4524154663086
76.27605438232422
73.22553253173828
79.43891906738281
67.13121032714844
77.70726013183594
77.63150787353516
64.24099731445312
79.28482055664062
73.60038757324219
74.69534301757812
78.11495208740234
50.6236572265625
77.67057800292969
75.57521057128906
70.33583068847656
78.19388580322266
69.38782501220703
74.65675354003906
77.49533081054688
57.20641326904297
77.63966369628906
76.04137420654297
68.23663330078125
78.8742446899414
73.52758026123047
74.3466567993164
80.45848083496094
73.0149154663086
78.34927368164062
81.1353759765625
75.63864135742188
80.42213439941406
81.79336547851562
78.91949462890625
81.4398422241211
84.20024108886719
78.54022979736328
83.78129577636719
84.88800048828125
69.86680603027344
83.85795593261719
81.9229736328125
73.95941925048828
84.11128997802734
77.86949920654297
80.54765319824219
84.39409637451172
59.036067962646484
84.71923828125
82.60858917236328
79.32147979736328
86.5464859008789
76.74115753173828
85.22931671142578
85.76329803466797
77.1782455444336
86.23527526855469
81.95491790771484
82.42540740966797
87.59037017822266
75.09211730957031
87.69779205322266
84.43850708007812
81.84464263916016
86.1329345703125
75.38346099853516
83.74755859375
81.31230163574219
77.70144653320312
82.44596099853516
74.1534423828125
80.17322540283203
79.18148040771484
74.37698364257812
80.27881622314453
73.88429260253906
77.95423126220703
78.22740173339844
72.76819610595703
79.03368377685547
73.62167358398438
76.72413635253906
77.69799041748047
71.95303344726562
79.03683471679688
75.61174011230469
75.98640441894531
79.00904846191406
71.03016662597656
78.22733306884766
76.44889068603516
74.47425079345703
79.5272216796875
70.73802185058594
79.30267333984375
77.45677185058594
76.00592803955078
81.173828125
72.97869110107422
81.5598373413086
80.24195861816406
78.48768615722656
83.96611022949219
75.6189193725586
84.58531188964844
83.87931060791016
81.07528686523438
88.17630004882812
79.83078002929688
89.1098861694336
89.61297607421875
84.94063568115234
93.74137115478516
85.32730102539062
92.31258392333984
92.09634399414062
81.01979064941406
91.69255065917969
82.73625946044922
86.75933074951172
87.38202667236328
72.18547821044922
86.80303192138672
79.287841796875
82.35064697265625
84.4776611328125
65.07846069335938
84.34659576416016
80.57994079589844
79.267333984375
85.02953338623047
75.36681365966797
83.14199829101562
84.31400299072266
66.96117401123047
85.2808837890625
80.70074462890625
80.63204193115234
84.89451599121094
72.00495147705078
84.0465316772461
81.52639770507812
80.58068084716797
83.9294204711914
78.2556381225586
84.54959106445312
78.22360229492188
83.37094116210938
84.38349914550781
70.90725708007812
85.93595123291016
80.4250259399414
83.59898376464844
86.8658676147461
70.8259506225586
87.51727294921875
84.5079116821289
82.79561614990234
87.2798080444336
82.17106628417969
84.91671752929688
86.01712799072266
81.53156280517578
85.4738540649414
84.85684204101562
81.68754577636719
85.96495056152344
83.058837890625
83.00137329101562
86.10514831542969
81.15476989746094
85.24422454833984
85.15194702148438
81.07737731933594
86.93521881103516
82.96739196777344
84.55784606933594
86.55469512939453
81.3089828491211
86.23343658447266
85.34423065185547
81.94168853759766
86.87696838378906
83.10932159423828
84.24661254882812
87.37837219238281
79.10948181152344
88.39783477783203
85.69345092773438
85.09699249267578
89.13829803466797
82.79086303710938
88.05018615722656
87.7619857788086
83.47461700439453
88.97530364990234
85.64743041992188
85.44499969482422
89.07174682617188
82.10338592529297
89.15354919433594
88.99948120117188
85.54768371582031
92.30901336669922
85.34146118164062
90.84063720703125
91.25167083740234
85.38995361328125
91.96484375
88.0661849975586
88.71683502197266
91.29351806640625
85.21311950683594
90.3635025024414
89.30085754394531
86.38388061523438
90.55838775634766
86.82688903808594
88.47551727294922
89.75203704833984
85.53112030029297
89.27965545654297
87.94859313964844
86.36842346191406
88.67078399658203
86.43831634521484
86.65637969970703
88.76150512695312
85.45281219482422
88.33566284179688
89.0541763305664
84.92961883544922
90.34883880615234
87.79167938232422
88.09263610839844
92.02855682373047
84.76753997802734
92.23646545410156
91.56874084472656
87.42023468017578
94.58553314208984
88.2724838256836
93.03719329833984
94.868896484375
84.43301391601562
96.05149841308594
91.66358947753906
91.5923843383789
95.38768768310547
79.29766845703125
93.16844177246094
89.57514190673828
85.35359954833984
90.16050720214844
76.76434326171875
87.75982666015625
87.39171600341797
80.80367279052734
89.93061065673828
86.42703247070312
85.31725311279297
90.00628662109375
70.83804321289062
87.8421630859375
84.16421508789062
82.02865600585938
84.9835433959961
76.27041625976562
84.90911865234375
69.93104553222656
86.30174255371094
82.37215423583984
87.63319396972656
84.85462951660156
88.29132080078125
86.24866485595703
84.34002685546875
87.85966491699219
73.20024871826172
86.51422882080078
81.76630401611328
81.58853912353516
84.3124008178711
73.71418762207031
84.16460418701172
70.71660614013672
84.78375244140625
79.36726379394531
84.93888092041016
86.6573715209961
82.03242492675781
89.9841537475586
82.69940948486328
89.72796630859375
87.60225677490234
85.91803741455078
89.10325622558594
80.79998016357422
87.37432861328125
83.898193359375
82.83837127685547
86.3455810546875
78.98267364501953
85.16922760009766
83.89337158203125
77.48443603515625
84.7953109741211
62.75785446166992
82.78931427001953
77.00154876708984
79.16704559326172
81.18135833740234
73.40215301513672
82.81124877929688
75.56560516357422
83.3373031616211
81.5975112915039
82.44557189941406
83.9062728881836
81.24368286132812
85.18009185791016
81.84981536865234
84.5881118774414
85.30320739746094
80.6317138671875
87.35281372070312
81.2266845703125
85.13159942626953
86.21684265136719
71.39068603515625
85.77171325683594
78.94456481933594
80.73292541503906
82.62477111816406
70.7176742553711
81.72753143310547
74.95403289794922
