91.48822784423828
84.11309051513672
92.98834228515625
90.3487777709961
91.7348403930664
95.58148193359375
87.3836441040039
98.46417236328125
95.18476104736328
98.12451934814453
101.74937438964844
89.9361801147461
101.95342254638672
95.20263671875
96.01362609863281
96.95516204833984
76.65048217773438
94.814453125
87.422119140625
89.5473403930664
90.3801040649414
82.91659545898438
89.4620590209961
84.9958267211914
87.98114776611328
85.20976257324219
90.262451171875
86.6023941040039
90.90139770507812
94.6055908203125
80.40437316894531
96.82029724121094
89.9482421875
90.31678009033203
91.59544372558594
79.11224365234375
88.09899139404297
84.1044692993164
81.52152252197266
85.11921691894531
76.18834686279297
82.17208862304688
80.65856170654297
74.07041931152344
81.52091979980469
70.52214813232422
78.93704223632812
76.61682891845703
71.39653778076172
78.34868621826172
62.76082992553711
76.6568832397461
73.23342895507812
72.49296569824219
75.96073913574219
60.08574295043945
76.3416519165039
69.95638275146484
75.0222396850586
75.2636947631836
72.54973602294922
76.489013671875
64.01017761230469
77.36161041259766
72.19466400146484
74.35357666015625
77.33855438232422
66.22068786621094
78.60147094726562
68.4000244140625
78.58529663085938
77.68290710449219
75.28280639648438
80.51176452636719
58.17727279663086
81.38148498535156
76.89064025878906
80.41508483886719
83.54322052001953
73.38025665283203
86.11568450927734
78.0290298461914
87.4253158569336
87.155517578125
86.74663543701172
92.73200225830078
85.60167694091797
95.83258819580078
90.96437072753906
94.46451568603516
93.42118835449219
89.10134887695312
92.99712371826172
86.10425567626953
91.29302215576172
87.71890258789062
88.51084899902344
89.32260131835938
84.93123626708984
89.8752212524414
85.21392059326172
89.00764465332031
88.02539825439453
87.6073226928711
90.22106170654297
86.84882354736328
91.43355560302734
88.29727935791016
91.43224334716797
90.09394836425781
89.37161254882812
89.66961669921875
83.42546844482422
87.73979187011719
68.28361511230469
84.42436218261719
69.02686309814453
84.58112335205078
75.94380187988281
84.70899200439453
84.02051544189453
82.34344482421875
88.1338882446289
71.24559020996094
85.77976989746094
81.39208984375
77.54689025878906
81.2622299194336
64.3515625
78.62303161621094
72.56651306152344
79.41365814208984
76.32938385009766
76.71690368652344
80.60050201416016
70.34294128417969
83.34382629394531
75.2658920288086
83.06248474121094
84.06500244140625
79.49712371826172
88.75094604492188
78.22393798828125
90.56503295898438
89.5159912109375
89.53910827636719
93.07492065429688
85.61279296875
91.27869415283203
86.10897827148438
87.92497253417969
86.86046600341797
84.27227020263672
86.56486511230469
81.6832504272461
86.43704986572266
81.57423400878906
85.17691040039062
84.73177337646484
82.5484390258789
87.43729400634766
80.18939208984375
88.29293823242188
85.92404174804688
86.02783966064453
90.7025146484375
82.16596984863281
93.02859497070312
89.90049743652344
91.60746002197266
94.54945373535156
85.74286651611328
93.65414428710938
88.67340087890625
89.13605499267578
90.40068817138672
82.87651062011719
89.10355377197266
84.95769500732422
85.59381866455078
87.62614440917969
82.5385513305664
87.11624145507812
85.10222625732422
83.42317199707031
86.70124816894531
81.05493927001953
85.99191284179688
84.9442367553711
82.87018585205078
86.6773910522461
82.04508972167969
86.19551849365234
86.06136322021484
82.97036743164062
87.82771301269531
82.9850845336914
87.29866027832031
87.43852233886719
84.40216827392578
89.87932586669922
84.4427490234375
89.7636489868164
90.18363189697266
87.02064514160156
92.94857025146484
87.52755737304688
93.4352798461914
93.54815673828125
91.31739044189453
97.1587905883789
90.8751449584961
97.59282684326172
96.7548599243164
94.0001449584961
98.61009216308594
90.51580047607422
96.68623352050781
94.10433197021484
91.18927001953125
94.84571075439453
85.75498962402344
92.75297546386719
89.74828338623047
87.88654327392578
90.8917465209961
82.45781707763672
89.5985107421875
86.08001708984375
85.66085052490234
87.9991226196289
80.12015533447266
87.41769409179688
83.26589965820312
84.0827407836914
86.14582824707031
78.43025207519531
85.87203979492188
80.98579406738281
83.22224426269531
84.64654541015625
78.63484954833984
85.06904602050781
79.91190338134766
82.21387481689453
82.81607818603516
77.94479370117188
83.61941528320312
79.04776000976562
81.61998748779297
81.91326904296875
78.48683166503906
82.06501007080078
78.470703125
80.75578308105469
81.29159545898438
78.77120208740234
81.68429565429688
79.33013916015625
80.416748046875
80.9956283569336
79.11245727539062
81.47069549560547
80.79186248779297
78.9517593383789
81.91307830810547
78.43379974365234
80.27696990966797
79.90658569335938
69.56400299072266
79.92781066894531
65.74423217773438
79.84685516357422
61.750022888183594
81.9797134399414
79.2615737915039
81.2883071899414
84.4253921508789
79.61907958984375
84.99790954589844
83.3996353149414
84.0060806274414
86.0655517578125
83.20227813720703
86.2282485961914
83.4054946899414
85.00822448730469
83.08430480957031
86.6263656616211
83.66401672363281
89.02640533447266
87.00813293457031
89.85704803466797
91.9251937866211
88.14692687988281
94.85769653320312
89.49073791503906
94.13455963134766
93.72341918945312
88.57257080078125
94.41045379638672
85.69808197021484
91.69889831542969
90.16827392578125
85.11693572998047
91.02494049072266
80.03488159179688
88.93965148925781
86.86701202392578
83.07040405273438
88.96913146972656
76.72639465332031
87.52388000488281
84.57011413574219
81.94676208496094
87.46452331542969
74.14324188232422
86.73892974853516
83.26427459716797
82.68999481201172
86.81504821777344
73.48284912109375
87.03646087646484
82.5282211303711
83.42119598388672
86.7424545288086
73.60912322998047
86.14796447753906
80.7043228149414
80.69728088378906
82.52757263183594
67.91680908203125
83.21630096435547
77.02035522460938
81.08610534667969
83.61312866210938
73.1657485961914
85.02357482910156
77.15044403076172
83.60735321044922
84.32816314697266
77.88774108886719
86.75407409667969
78.22803497314453
86.01469421386719
86.12791442871094
81.91361999511719
88.85575103759766
81.03137969970703
88.7392807006836
88.17242431640625
85.94441223144531
91.52883911132812
84.45380401611328
92.86133575439453
91.15996551513672
91.64535522460938
95.2375717163086
90.10952758789062
96.56099700927734
93.07675170898438
94.71452331542969
94.42536163330078
91.52828216552734
93.47786712646484
90.84477996826172
92.16765594482422
91.66468811035156
90.98780059814453
91.39016723632812
90.35102844238281
91.08614349365234
90.04560852050781
91.83256530761719
89.80315399169922
92.6444091796875
91.15459442138672
92.1165771484375
93.19355773925781
89.76636505126953
93.5867691040039
88.78346252441406
91.41999816894531
89.38908386230469
87.02144622802734
89.84691619873047
83.60018920898438
88.71290588378906
86.54849243164062
84.92483520507812
88.21492767333984
78.96353912353516
88.74862670898438
82.8520278930664
88.49244689941406
88.45995330810547
87.20440673828125
91.3450927734375
86.75991821289062
91.29601287841797
89.630859375
89.36669921875
91.417236328125
88.25208282470703
90.85381317138672
89.31843566894531
89.10057830810547
90.0582504272461
88.29814910888672
89.8678207397461
89.85607147216797
88.76256561279297
91.07894134521484
89.154052734375
90.2774658203125
90.78131866455078
88.9576644897461
91.57023620605469
88.61759185791016
90.80430603027344
90.2817153930664
89.06587219238281
91.3666000366211
88.97136688232422
92.11759948730469
90.96271514892578
92.07303619384766
92.67027282714844
92.19416046142578
92.96688079833984
92.90507507324219
92.54356384277344
93.434814453125
92.86051940917969
92.79612731933594
93.69850158691406
91.9050521850586
94.20003509521484
92.90263366699219
94.1099624633789
94.84497833251953
93.37290954589844
95.59561157226562
93.73115539550781
94.858642578125
94.9311752319336
93.64605712890625
95.28543090820312
93.7091064453125
94.33634185791016
94.58580780029297
93.13829040527344
94.6502914428711
93.31687927246094
93.69029235839844
94.34432220458984
92.19685363769531
94.44001007080078
92.677978515625
93.05097198486328
94.17431640625
91.23568725585938
94.29838562011719
91.91349029541016
92.66069793701172
93.38075256347656
90.21891784667969
94.50048065185547
91.00968170166016
94.15509796142578
94.16487121582031
92.47787475585938
95.84624481201172
92.74549865722656
95.6908950805664
95.73249053955078
94.26543426513672
97.61907196044922
94.68330383300781
97.52458190917969
97.54595947265625
95.82306671142578
99.35664367675781
95.9563980102539
99.17863464355469
98.92439270019531
96.87299346923828
100.36859130859375
95.52391052246094
99.1579818725586
97.1453857421875
95.10580444335938
97.184814453125
90.95775604248047
95.21621704101562
92.17924499511719
93.18851470947266
94.22367095947266
92.28866577148438
92.76242065429688
93.21306610107422
87.0142822265625
92.341796875
85.29667663574219
88.60304260253906
87.45277404785156
83.91870880126953
88.88825225830078
79.6533203125
91.95597076416016
76.83539581298828
94.40775299072266
92.16988372802734
92.96836853027344
96.24848175048828
87.04061126708984
94.90131378173828
87.80351257324219
91.1406021118164
88.68496704101562
87.03898620605469
88.18255615234375
87.37586975097656
90.15179443359375
90.35808563232422
92.94790649414062
91.24044799804688
94.64274597167969
90.6518783569336
93.98368072509766
91.86475372314453
91.22760772705078
92.79498291015625
87.73370361328125
92.3359375
87.54759979248047
90.2567367553711
89.5104751586914
88.05744934082031
90.8816909790039
88.28980255126953
90.29159545898438
89.73054504394531
87.89283752441406
89.98600006103516
87.82105255126953
88.25318145751953
88.92279052734375
86.2271499633789
89.49909973144531
86.61541748046875
88.40750122070312
88.81219482421875
86.50566864013672
89.84275817871094
86.82073974609375
88.99952697753906
89.3124771118164
86.88180541992188
90.04518127441406
87.41645812988281
88.94024658203125
89.81778717041016
87.17698669433594
90.48629760742188
88.8182373046875
89.2500228881836
91.22315979003906
86.71919250488281
91.82671356201172
88.71497344970703
88.28887176513672
90.53776550292969
79.46983337402344
89.43022918701172
79.42432403564453
