80.12737274169922
86.52853393554688
89.62081909179688
67.0896987915039
91.35974884033203
90.18002319335938
85.43822479248047
95.01103210449219
87.90225982666016
93.44650268554688
95.86896514892578
67.61784362792969
93.9283676147461
89.9011001586914
83.20816040039062
89.38727569580078
79.36395263671875
83.0260009765625
82.99166870117188
56.63030242919922
78.18755340576172
72.69588470458984
64.93359375
74.34529113769531
69.91844940185547
78.26091003417969
84.30696105957031
66.56846618652344
89.74581146240234
88.66922760009766
82.68047332763672
89.78459930419922
79.9307861328125
83.77300262451172
84.6821060180664
56.22639083862305
82.02383422851562
78.76421356201172
72.4383773803711
79.16407012939453
69.23929595947266
74.98612213134766
75.61842346191406
50.50124740600586
73.7844009399414
70.00953674316406
62.84103775024414
69.57093811035156
58.622108459472656
61.24052810668945
63.11282730102539
48.668094635009766
60.91232681274414
56.85221481323242
57.00371551513672
61.923030853271484
55.12397384643555
63.27617645263672
65.70861053466797
45.37008285522461
69.24337005615234
67.59124755859375
62.2379035949707
72.53483581542969
65.44749450683594
72.00474548339844
75.44911193847656
44.1229133605957
77.35211944580078
76.36519622802734
72.2624740600586
81.23963928222656
74.59380340576172
80.7338638305664
84.8467025756836
68.29249572753906
87.95838165283203
88.26323699951172
81.16767883300781
91.81909942626953
84.0263900756836
86.53321838378906
88.05307006835938
52.908355712890625
85.65766906738281
82.47856140136719
76.25504302978516
84.0865478515625
74.92742156982422
79.69171905517578
81.71713256835938
55.5448112487793
81.4709243774414
78.68269348144531
73.23124694824219
81.06649780273438
73.16236877441406
78.23607635498047
80.12837982177734
57.0093879699707
80.29619598388672
77.80183410644531
72.6086654663086
81.08660125732422
72.55296325683594
78.00581359863281
80.12983703613281
58.849117279052734
80.56075286865234
78.30513000488281
73.16266632080078
81.4065170288086
73.18128967285156
78.77908325195312
81.07670593261719
58.96113586425781
81.41876983642578
79.44993591308594
74.43830871582031
82.9776611328125
74.86145782470703
81.28298950195312
84.68782806396484
60.57514572143555
86.80962371826172
85.09134674072266
81.17959594726562
89.82298278808594
81.78559112548828
88.54907989501953
90.70030975341797
69.17204284667969
89.30831146240234
84.76117706298828
78.32283020019531
84.11383056640625
73.7043228149414
77.96790313720703
78.25626373291016
52.97282028198242
79.5993881225586
78.1750259399414
75.53219604492188
86.38719177246094
80.65281677246094
87.37092590332031
90.30059814453125
69.46622467041016
89.83534240722656
86.46012115478516
80.48790740966797
87.57727813720703
78.93223571777344
83.89290618896484
86.12582397460938
62.8565673828125
86.38726043701172
84.1819076538086
79.55967712402344
88.21427917480469
80.49910736083984
86.49491882324219
89.52992248535156
65.00824737548828
91.68824005126953
90.18077850341797
86.82466125488281
95.21434783935547
86.54509735107422
92.7585220336914
94.18517303466797
71.88178253173828
92.64781951904297
89.42411041259766
83.75955963134766
91.17229461669922
82.09281158447266
87.10908508300781
89.00498962402344
65.57714080810547
88.25115966796875
85.22039031982422
79.76740264892578
87.30081176757812
78.95152282714844
83.95780181884766
86.18307495117188
60.71222686767578
86.33440399169922
84.26319122314453
79.46324920654297
87.6373291015625
79.72393798828125
85.36474609375
87.96743774414062
63.844852447509766
88.74591827392578
87.01130676269531
82.21989440917969
91.07193756103516
83.2934341430664
89.34751892089844
92.37317657470703
67.6439437866211
93.93684387207031
91.97718811035156
87.99224090576172
95.94569396972656
86.97564697265625
92.83457946777344
94.2386474609375
71.91073608398438
92.6795425415039
89.28091430664062
83.61331939697266
90.65345001220703
81.45338439941406
86.22857666015625
87.66767120361328
64.47228240966797
86.24535369873047
83.30461120605469
78.05537414550781
85.16129302978516
76.02791595458984
81.19573974609375
83.07460021972656
59.40867614746094
82.10553741455078
79.45010375976562
74.06966400146484
81.92333221435547
72.8572006225586
78.02701568603516
80.08677673339844
58.88736343383789
79.62112426757812
77.0681381225586
72.11672973632812
79.46041107177734
71.20952606201172
76.56816101074219
78.1213150024414
53.163787841796875
78.16130828857422
75.37232971191406
69.37632751464844
78.00597381591797
69.96060180664062
74.19698333740234
76.74821472167969
55.61276626586914
76.96337890625
74.44407653808594
68.99790954589844
76.84578704833984
68.46931457519531
73.64744567871094
75.7633285522461
55.36899185180664
75.50807189941406
73.88227081298828
68.290283203125
75.95149993896484
66.2840805053711
71.85209655761719
72.55613708496094
48.04662322998047
70.56761932373047
68.18961334228516
67.43972778320312
77.14913177490234
72.04418182373047
76.71002197265625
79.80683898925781
59.69322967529297
78.60955047607422
76.91294860839844
70.43647766113281
79.67564392089844
71.440185546875
77.47360229492188
80.46897888183594
57.99669647216797
81.3354721069336
80.02125549316406
75.4308090209961
83.96049499511719
76.89532470703125
82.7593994140625
85.7517318725586
61.90941619873047
87.4837646484375
86.0434341430664
81.72782135009766
90.81245422363281
83.4092025756836
89.21915435791016
91.74398040771484
67.3389892578125
91.26106262207031
88.33600616455078
82.44359588623047
89.8464584350586
81.18860626220703
85.75984191894531
87.35575103759766
63.075382232666016
86.29966735839844
83.52474212646484
78.09042358398438
85.82913970947266
76.90005493164062
82.3429946899414
84.29365539550781
59.2994499206543
83.96342468261719
81.66602325439453
76.24299621582031
84.73807525634766
75.32674407958984
81.06771087646484
83.02796173095703
57.57305145263672
81.82462310791016
79.31244659423828
73.30427551269531
82.87812805175781
75.36234283447266
81.17842102050781
83.85299682617188
61.959617614746094
85.40892028808594
83.51094818115234
78.93069458007812
88.03665161132812
80.48439025878906
86.79957580566406
90.19465637207031
67.2928466796875
92.29888153076172
90.74958801269531
86.28910827636719
93.88324737548828
84.56732940673828
88.87942504882812
89.86570739746094
65.45194244384766
87.2911148071289
83.85663604736328
77.5308609008789
84.79386138916016
74.84972381591797
79.50907897949219
80.70672607421875
50.62520980834961
78.80853271484375
75.85538482666016
69.25798034667969
76.17540740966797
67.73664855957031
72.1437759399414
73.27545166015625
54.90578079223633
74.29180145263672
73.090576171875
68.13069152832031
77.82771301269531
70.61427307128906
76.706787109375
79.1598892211914
57.4754638671875
79.28368377685547
76.290283203125
70.60063934326172
77.74065399169922
68.49869537353516
72.74236297607422
74.88897705078125
54.64599609375
74.94991302490234
73.93165588378906
69.57122802734375
79.4485092163086
73.26702880859375
79.22149658203125
82.85127258300781
57.969688415527344
84.82481384277344
83.96964263916016
79.45848083496094
89.25212097167969
82.0322494506836
88.58541870117188
91.58086395263672
64.12208557128906
92.91730499267578
90.67335510253906
86.12789916992188
93.97285461425781
85.13117980957031
91.093017578125
92.97086334228516
68.8611068725586
93.04936218261719
90.40019989013672
85.99327850341797
93.50077056884766
83.80341339111328
90.18699645996094
90.93379211425781
70.88632202148438
89.99688720703125
87.57987976074219
82.6900863647461
90.85164642333984
82.58245086669922
88.0181884765625
90.31438446044922
68.85076904296875
90.07951354980469
87.6901626586914
81.97589111328125
90.58132934570312
82.79381561279297
88.08858489990234
90.87859344482422
67.70649719238281
91.48200225830078
89.33155059814453
84.22145080566406
92.72008514404297
84.6103744506836
89.9758529663086
92.46063995361328
68.81596374511719
92.7569580078125
90.58952331542969
85.44306945800781
93.75092315673828
85.58715057373047
90.94940948486328
93.376220703125
70.67357635498047
93.62472534179688
91.35919952392578
86.2235107421875
94.60867309570312
86.37901306152344
91.84957885742188
94.17403411865234
71.80770111083984
94.49834442138672
92.1311264038086
87.29443359375
95.11177062988281
85.9111099243164
90.82759857177734
91.66899871826172
72.86305236816406
88.56204986572266
85.3088607788086
78.4968032836914
87.02623748779297
78.8532943725586
83.88675689697266
86.63707733154297
66.24638366699219
87.01746368408203
85.1324462890625
80.16824340820312
88.63142395019531
80.89010620117188
85.83416748046875
88.27190399169922
72.10458374023438
86.92263793945312
83.73799896240234
75.88496398925781
82.02484893798828
75.66708374023438
69.58712768554688
73.90144348144531
66.57588958740234
69.82581329345703
69.76056671142578
68.6994857788086
74.23410034179688
63.219913482666016
77.27172088623047
78.6489028930664
65.37660217285156
83.45023345947266
81.76547241210938
79.5970687866211
88.00428009033203
79.65461730957031
87.12129211425781
89.68595123291016
67.09475708007812
91.02195739746094
89.04264831542969
84.74142456054688
93.22245025634766
84.95423889160156
91.4174575805664
93.82152557373047
69.21499633789062
94.81336975097656
92.1403579711914
88.13054656982422
95.26243591308594
85.63810729980469
91.3469009399414
92.28666687011719
71.3826675415039
90.0842056274414
86.38835144042969
79.50485229492188
86.66483306884766
78.4666519165039
81.94548797607422
84.85630798339844
56.48765563964844
82.8839340209961
79.53487396240234
71.95718383789062
81.43366241455078
75.56806945800781
81.22622680664062
85.39752960205078
48.02091979980469
88.67031860351562
87.43087768554688
84.6247329711914
93.0739974975586
83.8969955444336
92.1005859375
93.69834899902344
74.43016815185547
94.03917694091797
90.79749298095703
86.63624572753906
93.63728332519531
84.22941589355469
89.7885971069336
90.67692565917969
69.58906555175781
87.67579650878906
82.5029525756836
75.51531219482422
80.78964233398438
71.99073028564453
78.75501251220703
82.34097290039062
62.14682388305664
85.65180206298828
83.85005950927734
79.78915405273438
88.02339172363281
79.33367919921875
85.29801177978516
87.08243560791016
64.40203094482422
86.2287826538086
82.63167572021484
77.18704223632812
83.35069274902344
73.49486541748047
77.51126098632812
78.66481018066406
53.75465774536133
76.40514373779297
72.453857421875
67.09776306152344
73.17790985107422
