83.08477783203125
89.26432800292969
91.72927856445312
49.01386260986328
93.01703643798828
91.04818725585938
85.94062805175781
95.33826446533203
87.60570526123047
94.36322021484375
97.75205993652344
58.474632263183594
100.11571502685547
99.24545288085938
95.15884399414062
104.23236083984375
95.65974426269531
99.95011138916016
100.45793151855469
63.37874221801758
96.46015930175781
92.21282196044922
85.56922912597656
91.59207153320312
81.66099548339844
84.24156188964844
84.18439483642578
43.987518310546875
75.2743148803711
69.77536010742188
71.84406280517578
84.13214874267578
79.19766998291016
89.07535552978516
93.93766784667969
61.421630859375
96.22022247314453
92.98092651367188
86.25177001953125
93.10131072998047
82.88796997070312
87.70263671875
88.96473693847656
45.75944900512695
87.1193618774414
83.70240783691406
76.19625854492188
85.09224700927734
77.26508331298828
81.18170166015625
83.35469055175781
49.12157440185547
82.2300033569336
79.02935791015625
74.4162368774414
81.50701141357422
73.13716125488281
79.0007553100586
80.63756561279297
58.06926345825195
80.35163116455078
77.75740814208984
70.81192016601562
80.83926391601562
73.50077819824219
78.19963836669922
80.65863037109375
48.39944076538086
81.36890411376953
78.72205352783203
71.99546813964844
82.4522476196289
73.94316864013672
80.60660552978516
82.89746856689453
61.31623458862305
83.95329284667969
81.64884185791016
77.58588409423828
86.07316589355469
78.74363708496094
84.3211898803711
87.33824920654297
59.55120849609375
87.85244750976562
85.8043441772461
81.47216796875
88.57948303222656
78.08319091796875
78.1341781616211
83.46725463867188
53.19729232788086
91.84983825683594
89.96975708007812
84.76715850830078
92.62535095214844
83.91803741455078
88.7911605834961
90.42488861083984
56.7678108215332
89.55286407470703
86.89083862304688
81.37893676757812
89.10231018066406
80.29486083984375
84.30529022216797
84.96302032470703
53.83286666870117
79.97662353515625
76.61949157714844
72.32872009277344
81.50494384765625
74.54273223876953
80.11668395996094
83.69071960449219
53.99668502807617
84.57603454589844
82.83779907226562
78.6279067993164
87.61447143554688
79.96060180664062
86.26626586914062
89.60485076904297
52.01359176635742
91.309326171875
90.02915954589844
85.72610473632812
95.6150894165039
88.43775939941406
95.36182403564453
98.85234069824219
58.72319412231445
99.9651107788086
97.49175262451172
91.41349029541016
99.06524658203125
89.9061050415039
94.58354187011719
96.1512222290039
61.49243927001953
95.14452362060547
92.44622802734375
87.14985656738281
95.14608001708984
86.76690673828125
91.96166229248047
94.2837905883789
41.815391540527344
93.88682556152344
91.4463119506836
86.32360076904297
94.78046417236328
86.4061050415039
90.82982635498047
90.83413696289062
54.088741302490234
84.35385131835938
79.36725616455078
72.36356353759766
80.83499908447266
71.9224853515625
79.81331634521484
82.39032745361328
38.0208854675293
83.80838775634766
81.7606201171875
77.69847869873047
86.19010925292969
77.66545867919922
84.02482604980469
86.90191650390625
47.6260986328125
88.02511596679688
86.30107116699219
81.53536987304688
90.51099395751953
82.58934783935547
88.68927001953125
91.79705810546875
48.59634017944336
93.19220733642578
91.6474380493164
87.03680419921875
96.17963409423828
88.46343994140625
94.33653259277344
96.7168197631836
51.94697570800781
95.8173599243164
92.69393920898438
86.4057388305664
93.78565216064453
84.04435729980469
88.62877655029297
90.22872924804688
50.50434112548828
88.76155090332031
85.45564270019531
79.6726303100586
87.27394104003906
79.22238159179688
83.2555160522461
85.29732513427734
46.059085845947266
84.30416107177734
81.78776550292969
74.7135238647461
83.35375213623047
74.85005950927734
80.30029296875
81.96674346923828
51.34635925292969
81.61432647705078
78.41023254394531
73.16941833496094
81.07557678222656
72.89561462402344
77.35570526123047
79.74278259277344
27.998136520385742
78.79401397705078
75.91614532470703
70.25651550292969
77.65202331542969
69.41426849365234
73.66047668457031
75.55491638183594
35.32124710083008
75.98313903808594
74.74829864501953
71.47537994384766
81.88349151611328
73.91815185546875
80.54145812988281
83.65987396240234
45.869441986083984
83.0006332397461
80.65470123291016
75.39678955078125
82.8877182006836
73.60980224609375
79.23755645751953
82.3886489868164
51.63089370727539
82.07545471191406
79.94954681396484
73.82646942138672
83.27659606933594
74.6049575805664
80.75414276123047
82.64979553222656
45.81318283081055
81.37278747558594
78.95171356201172
74.32642364501953
82.50640106201172
74.78224182128906
81.02536010742188
83.67937469482422
46.86351776123047
84.99883270263672
82.55758666992188
77.07830810546875
85.38848114013672
75.85324096679688
80.73355865478516
82.0101547241211
48.05546569824219
81.01901245117188
78.27723693847656
72.73248291015625
81.00909423828125
73.69673919677734
79.59925842285156
83.14668273925781
56.704193115234375
85.04431915283203
83.3374252319336
77.73377227783203
86.14849090576172
77.15846252441406
84.09075164794922
86.23360443115234
55.8912467956543
86.24906921386719
83.75198364257812
79.3273696899414
87.52425384521484
79.98188018798828
85.91458129882812
88.77130126953125
44.61332702636719
90.57233428955078
89.05499267578125
85.06375885009766
94.4505844116211
87.06668090820312
93.5395736694336
96.75157165527344
50.88755416870117
97.2787094116211
94.53076934814453
88.34246826171875
95.82549285888672
86.70612335205078
91.41890716552734
92.92024230957031
59.25456237792969
91.78953552246094
88.86200714111328
82.8570556640625
91.12871551513672
81.63507843017578
87.63725280761719
89.68147277832031
53.3011474609375
89.1953353881836
86.47015380859375
81.2959976196289
89.87682342529297
81.33502960205078
87.15450286865234
89.55567169189453
51.918418884277344
89.95906829833984
88.11725616455078
83.35995483398438
92.31526184082031
84.9388427734375
90.10050964355469
92.9745101928711
52.303714752197266
92.60587310791016
89.1495590209961
82.23397064208984
88.42163848876953
78.32778930664062
81.00416564941406
82.26477813720703
54.081607818603516
80.53562927246094
79.11173248291016
74.76588439941406
83.19575500488281
75.56038665771484
81.8162841796875
85.42726135253906
51.678375244140625
87.06884002685547
85.454833984375
81.2795639038086
90.32540130615234
82.41133880615234
88.43538665771484
91.38947296142578
45.938480377197266
93.41980743408203
92.14114379882812
88.18893432617188
97.54593658447266
90.21334838867188
96.72048950195312
99.83832550048828
63.119407653808594
101.14157104492188
99.11326599121094
93.70103454589844
101.50776672363281
92.31415557861328
96.58783721923828
97.86650848388672
52.880340576171875
95.57128143310547
92.21427917480469
85.61367797851562
93.06922912597656
83.07142639160156
88.17882537841797
90.1606216430664
44.77685546875
91.23116302490234
90.11767578125
86.24017333984375
96.17621612548828
89.10130310058594
95.21800994873047
97.90864562988281
58.88117980957031
97.88045501708984
95.3543701171875
89.81542205810547
97.82533264160156
89.20818328857422
94.50434112548828
96.55036926269531
53.120201110839844
96.27191162109375
93.86515808105469
88.23794555664062
96.49867248535156
87.89240264892578
92.9303970336914
94.73180389404297
47.060882568359375
93.55176544189453
91.15094757080078
86.12921905517578
94.81431579589844
86.79368591308594
92.233642578125
94.83843994140625
58.40072250366211
95.280029296875
93.16566467285156
88.07952117919922
96.39450073242188
88.11952209472656
93.6399917602539
95.82836151123047
50.66334915161133
95.99015045166016
93.390869140625
87.96714782714844
95.85368347167969
86.88008880615234
92.21189880371094
94.45890045166016
52.888580322265625
95.78483581542969
94.19466400146484
89.2947998046875
98.21674346923828
90.28579711914062
95.72734069824219
98.22938537597656
52.254730224609375
98.80679321289062
96.89167785644531
92.34423828125
101.110595703125
93.27568054199219
98.855712890625
101.37382507324219
53.89525604248047
101.56938934326172
99.2034683227539
93.44700622558594
101.24281311035156
91.80224609375
95.59901428222656
96.56651306152344
50.59210205078125
94.88422393798828
92.6922607421875
87.53425598144531
96.10767364501953
88.10624694824219
93.73092651367188
96.27035522460938
49.94219970703125
96.76093292236328
94.58450317382812
89.4384994506836
97.921142578125
89.83592224121094
95.53968048095703
98.16714477539062
44.23191833496094
99.21481323242188
97.42225646972656
92.71268463134766
101.3455581665039
93.28773498535156
99.20397186279297
101.77642822265625
54.99314498901367
101.9117431640625
99.34855651855469
94.02095031738281
102.2464370727539
94.13882446289062
100.2393798828125
103.31047058105469
64.47037506103516
104.61839294433594
102.74439239501953
97.55753326416016
105.9273452758789
97.3532485961914
102.32696533203125
104.17489624023438
57.54364776611328
103.25125122070312
100.3634033203125
94.6277847290039
102.59085845947266
93.97792053222656
98.88851928710938
101.01421356201172
61.1536979675293
100.13195037841797
96.94136810302734
90.10490417480469
96.17434692382812
84.64080810546875
86.70259094238281
85.36666870117188
54.27142333984375
77.39060974121094
72.1131591796875
66.68793487548828
73.85806274414062
64.73697662353516
73.70858764648438
74.40328979492188
56.76091384887695
74.7241439819336
71.4704360961914
66.13563537597656
74.52124786376953
64.62908172607422
74.91507720947266
79.167236328125
43.32663345336914
82.621337890625
81.70198059082031
77.17671966552734
86.82758331298828
78.99500274658203
85.18123626708984
87.72840881347656
55.64695739746094
87.5699691772461
85.45426940917969
79.60224151611328
88.44458770751953
80.03425598144531
84.82292938232422
86.3031234741211
47.79853820800781
83.24295043945312
78.3810806274414
68.68775177001953
75.7411117553711
66.02452850341797
76.1238784790039
82.1031265258789
49.73301315307617
87.63766479492188
87.38799285888672
83.25870513916016
91.81896209716797
83.41645812988281
88.4787826538086
90.08084869384766
56.02006912231445
88.61573028564453
85.48006439208984
79.47632598876953
87.65727233886719
79.35540771484375
84.6540298461914
87.37330627441406
49.55660629272461
87.30253601074219
85.30583190917969
79.72517395019531
88.18736267089844
79.3219223022461
84.25997924804688
86.41468048095703
51.5
86.40750122070312
83.83863830566406
77.36575317382812
85.41819763183594
