84.95780181884766
87.82792663574219
86.5198745727539
89.18299102783203
88.25997924804688
91.5860824584961
90.71097564697266
93.15384674072266
91.93879699707031
92.63804626464844
91.23174285888672
89.75311279296875
88.5884017944336
85.9931640625
85.62916564941406
80.94538879394531
82.49932861328125
76.35292053222656
77.92039489746094
69.43207550048828
75.28680419921875
63.96867752075195
75.95330047607422
71.33413696289062
82.241943359375
80.07762908935547
87.19230651855469
84.81773376464844
89.08811950683594
85.3732681274414
86.8212661743164
83.47220611572266
83.56304168701172
82.02168273925781
80.13660430908203
80.0186996459961
76.69161224365234
78.57463836669922
73.7739028930664
77.54580688476562
70.35237884521484
76.24722290039062
70.357666015625
74.31070709228516
66.96675109863281
71.94000244140625
64.20547485351562
70.12588500976562
63.090293884277344
68.45692443847656
65.45602416992188
65.585205078125
64.22685241699219
63.340576171875
60.95260238647461
67.19646453857422
57.08937072753906
67.45568084716797
54.27711486816406
71.26542663574219
55.94338607788086
69.1805419921875
65.97010803222656
70.9427490234375
70.56376647949219
73.31603240966797
74.96573638916016
75.19606018066406
77.75101470947266
77.3431167602539
80.42662811279297
80.07991790771484
84.82682037353516
83.34217071533203
87.14371490478516
84.27239990234375
86.38247680664062
82.26264953613281
83.736328125
80.5692138671875
81.75688934326172
79.3627700805664
80.09825134277344
78.39701080322266
77.93621826171875
77.45564270019531
76.5735855102539
76.92000579833984
75.04467010498047
75.98638153076172
74.77037811279297
76.46316528320312
74.32742309570312
76.41548156738281
73.40252685546875
75.53732299804688
73.30811309814453
75.71635437011719
73.69568634033203
75.8309097290039
74.79853820800781
74.85328674316406
74.0683364868164
74.4198226928711
75.16197967529297
74.14225769042969
75.54512786865234
73.99964141845703
75.89982604980469
75.39114379882812
76.26898956298828
74.57474517822266
75.80557250976562
75.76084899902344
76.51525115966797
75.73822784423828
77.20530700683594
75.89916229248047
78.12238311767578
76.6270980834961
74.6175308227539
74.86658477783203
72.32807159423828
74.07013702392578
74.36022186279297
75.77873992919922
75.1822738647461
76.4306411743164
76.5804214477539
78.72785949707031
76.92420196533203
80.3226089477539
78.96143341064453
81.90513610839844
79.39608764648438
81.45906066894531
77.64371490478516
79.26163482666016
77.2197494506836
79.05611419677734
79.81632995605469
81.35606384277344
83.65959930419922
84.67770385742188
87.32342529296875
86.97027587890625
89.77297973632812
87.11260986328125
88.47659301757812
84.57061767578125
86.51792907714844
83.7358627319336
86.35354614257812
84.8935775756836
86.41915893554688
84.857421875
85.50489044189453
84.97093200683594
85.30126190185547
86.0690689086914
85.48615264892578
86.64433288574219
85.92786407470703
88.00537872314453
87.57286071777344
89.86529541015625
89.3287353515625
91.49504852294922
90.46892547607422
91.68329620361328
90.47630310058594
90.04825592041016
89.00869750976562
87.64105987548828
87.25872802734375
85.57628631591797
85.98606872558594
84.21321868896484
84.99658966064453
82.77986145019531
84.40804290771484
82.65388488769531
84.01425170898438
82.44526672363281
83.74581909179688
82.35751342773438
83.4565200805664
82.56340789794922
82.78035736083984
82.66714477539062
83.09331512451172
83.06132507324219
83.03417205810547
83.96624755859375
83.25346374511719
84.5859375
83.74574279785156
85.4096908569336
84.6100082397461
86.18175506591797
85.6110610961914
87.47603607177734
87.11173248291016
88.85275268554688
88.77733612060547
90.24082946777344
90.47920989990234
91.6863021850586
91.7947998046875
92.23820495605469
92.21766662597656
91.40148162841797
91.2083511352539
89.65733337402344
89.54608154296875
87.6071548461914
87.71580505371094
85.7625503540039
86.05088806152344
84.36051177978516
84.48335266113281
83.12689208984375
82.83674621582031
82.15007781982422
81.49132537841797
81.27175903320312
80.72195434570312
80.4467544555664
79.58818054199219
78.85248565673828
78.59526824951172
78.13041687011719
77.51964569091797
78.09000396728516
77.46528625488281
77.28279876708984
76.10874938964844
76.70555114746094
75.70203399658203
76.07738494873047
76.09809112548828
75.89437103271484
75.53233337402344
75.08763122558594
74.8774185180664
74.19966125488281
75.35089111328125
73.58454895019531
74.21498107910156
73.94889068603516
73.91128540039062
72.8807144165039
73.46601867675781
72.79761505126953
73.9765625
71.69221496582031
73.61711120605469
72.35247802734375
72.0899887084961
72.60253143310547
71.92464447021484
71.80986022949219
70.49447631835938
71.1828384399414
69.62657165527344
71.23231506347656
68.99736785888672
71.25013732910156
71.18527221679688
75.00586700439453
75.3487777709961
79.02391052246094
76.95707702636719
79.51323699951172
76.95569610595703
78.31121826171875
74.58011627197266
77.10844421386719
75.38388061523438
76.69927215576172
76.38066101074219
76.93672180175781
77.00074768066406
78.08023071289062
78.45204162597656
79.8355941772461
79.49462890625
81.03443145751953
81.51310729980469
82.39205169677734
83.07457733154297
83.72765350341797
84.8360824584961
85.26103973388672
86.52810668945312
86.95353698730469
87.97539520263672
87.9935073852539
88.34423828125
87.8660888671875
87.68897247314453
86.81413269042969
86.47307586669922
85.73760986328125
85.11521911621094
84.3944091796875
83.96398162841797
83.44786071777344
83.07139587402344
82.43238067626953
82.58228302001953
81.93801879882812
81.79129028320312
80.90692901611328
81.31476593017578
81.20104217529297
80.8664779663086
81.05665588378906
81.06381225585938
80.8443603515625
81.35104370117188
80.40602111816406
80.54405975341797
78.87566375732422
78.48188018798828
77.6644287109375
78.21080017089844
78.27437591552734
78.94828796386719
79.82894897460938
80.33747863769531
80.70824432373047
81.75017547607422
82.33576202392578
83.21286010742188
84.10962677001953
85.06210327148438
85.82379150390625
86.85099792480469
88.31263732910156
88.70365142822266
90.22048950195312
89.52473449707031
90.34970092773438
88.01870727539062
88.28225708007812
84.88472747802734
85.70821380615234
82.09398651123047
83.16986846923828
79.76014709472656
80.88556671142578
77.89427947998047
79.70944213867188
75.95599365234375
76.84898376464844
74.44071960449219
75.4464111328125
72.21943664550781
74.63314056396484
71.3112564086914
71.5423355102539
70.94792938232422
70.85984802246094
69.54032135009766
68.09270477294922
69.9636459350586
72.04822540283203
71.31550598144531
73.00296783447266
73.50801849365234
73.71048736572266
74.8809585571289
72.70162200927734
74.80085754394531
71.1491470336914
73.62960815429688
68.30876922607422
72.39678955078125
69.45691680908203
72.85558319091797
70.37361145019531
74.53400421142578
73.83558654785156
77.54615783691406
77.19947052001953
80.80035400390625
80.42912292480469
82.83952331542969
82.64444732666016
84.60813903808594
84.71958923339844
86.40097045898438
86.93909454345703
87.87290954589844
88.51278686523438
88.53684997558594
89.05716705322266
88.77095794677734
88.90332794189453
88.75712585449219
88.69003295898438
88.67034912109375
88.34416961669922
88.50563049316406
88.15673828125
88.48335266113281
88.122802734375
88.36908721923828
87.95862579345703
88.42101287841797
87.62946319580078
88.2848129272461
86.74475860595703
86.9233627319336
85.11140441894531
86.09574890136719
85.05107879638672
85.87353515625
85.02735900878906
85.87430572509766
85.2063980102539
85.8572769165039
85.93817901611328
86.70223236083984
86.84424591064453
87.20130920410156
87.41441345214844
87.56396484375
87.69624328613281
87.84603881835938
87.99270629882812
88.0001449584961
88.43860626220703
88.19895935058594
88.40198516845703
88.24199676513672
88.68641662597656
88.53466796875
88.73090362548828
88.63253021240234
88.881103515625
88.83332061767578
89.04765319824219
89.07084655761719
89.03724670410156
89.18347930908203
89.25262451171875
89.41815185546875
89.05088806152344
89.54048156738281
89.29279327392578
89.7823486328125
89.40204620361328
89.9044418334961
89.57572174072266
89.868896484375
89.68608093261719
89.9467544555664
89.49162292480469
89.46078491210938
88.54231262207031
88.19036865234375
87.65057373046875
87.30030059814453
87.32003784179688
87.41211700439453
87.65878295898438
87.7699966430664
88.24514770507812
88.5089111328125
89.13856506347656
88.97990417480469
89.7786865234375
89.96528625488281
90.74581909179688
91.09610748291016
91.89179229736328
92.25334167480469
92.77086639404297
93.14712524414062
93.20172119140625
93.3731918334961
92.68737030029297
92.42509460449219
91.21607208251953
90.76449584960938
89.21558380126953
88.93860626220703
87.45768737792969
87.1181411743164
85.99700164794922
86.28316497802734
85.33279418945312
85.64627075195312
85.48045349121094
86.07581329345703
86.5600357055664
86.98118591308594
87.93119812011719
88.50260162353516
89.12556457519531
89.49292755126953
89.83611297607422
90.22373962402344
90.34553527832031
90.47109985351562
90.17788696289062
90.2569351196289
89.72109985351562
89.21846008300781
88.3312759399414
87.4723129272461
86.34138488769531
85.1044921875
84.10271453857422
82.17811584472656
81.30562591552734
79.08773040771484
78.11262512207031
75.73979949951172
75.21331787109375
71.67066955566406
71.5667724609375
67.22911834716797
70.08111572265625
70.63877868652344
73.1835708618164
73.73139190673828
76.64826965332031
76.84028625488281
79.5508041381836
80.22234344482422
82.3101806640625
82.95308685302734
84.13214111328125
84.96336364746094
86.07893371582031
86.9234390258789
86.81884002685547
87.51360321044922
86.55960083007812
87.09223937988281
86.3212890625
87.22236633300781
86.19831085205078
86.8661880493164
84.83869171142578
84.46382141113281
81.66374206542969
80.68891906738281
78.75690460205078
79.0353012084961
78.81455993652344
79.98475646972656
80.82453155517578
82.67045593261719
83.21553802490234
84.19560241699219
84.52509307861328
84.64442443847656
84.9268569946289
84.43777465820312
84.62705993652344
84.24995422363281
84.30239868164062
83.43223571777344
83.30001068115234
81.47386932373047
81.03910064697266
78.82807159423828
76.90099334716797
74.86215209960938
73.41937255859375
71.5421142578125
70.62936401367188
