84.25706481933594
89.56645202636719
92.58766174316406
71.60049438476562
94.26905822753906
92.90612030029297
89.6654281616211
98.90302276611328
92.23338317871094
97.36351776123047
100.21212005615234
77.24005889892578
98.7013168334961
94.68622589111328
87.47276306152344
94.09283447265625
84.71500396728516
86.75090789794922
87.16796875
64.24766540527344
84.3247299194336
79.07820892333984
68.80911254882812
71.03972625732422
65.00106811523438
78.80590057373047
84.72982025146484
63.558746337890625
90.36334228515625
90.31591796875
85.5744857788086
93.44593048095703
83.03816223144531
88.40225219726562
89.22868347167969
63.43373489379883
85.99718475341797
82.23886108398438
76.5542221069336
83.5211410522461
73.97826385498047
78.94367980957031
79.68338775634766
58.22244644165039
76.76232147216797
73.77233123779297
70.06143951416016
74.97300720214844
66.5904312133789
68.71781158447266
70.66737365722656
51.16130828857422
66.39149475097656
64.85710144042969
61.72567367553711
66.148681640625
59.13133239746094
65.31375885009766
68.68751525878906
56.192386627197266
70.75299072265625
70.08968353271484
64.36572265625
73.98281860351562
64.29556274414062
73.50277709960938
76.12997436523438
55.45134735107422
76.68142700195312
75.35413360595703
72.23175811767578
81.35297393798828
74.24951934814453
78.79378509521484
82.78429412841797
63.74827194213867
84.77582550048828
84.10086059570312
81.65375518798828
91.03534698486328
84.76597595214844
90.83277130126953
93.96398162841797
70.48697662353516
93.35569763183594
89.80939483642578
83.01547241210938
90.79977416992188
81.6708984375
85.53943634033203
87.27275085449219
59.07960510253906
86.64997863769531
83.82669067382812
78.16796875
86.0666732788086
77.79432678222656
82.99240112304688
85.12533569335938
51.87937927246094
85.04907989501953
82.5942153930664
76.42060089111328
85.29397583007812
77.1234359741211
83.123779296875
85.30561828613281
44.00004196166992
85.46813201904297
83.3441162109375
78.20072937011719
86.77527618408203
78.41731262207031
84.1517562866211
86.42921447753906
62.69997787475586
84.7376480102539
81.64497375488281
74.98896026611328
83.04608154296875
75.05020904541016
81.73270416259766
84.99803924560547
62.07305145263672
86.41508483886719
84.5083236694336
81.38298034667969
90.06082916259766
82.5013427734375
89.10987091064453
92.44898223876953
69.1844482421875
91.80348205566406
87.90814971923828
81.339599609375
87.5517578125
76.76526641845703
80.3681411743164
81.44119262695312
51.00127029418945
80.43266296386719
78.95758819580078
76.93167877197266
86.40835571289062
80.78097534179688
87.2188949584961
91.31777954101562
68.37853240966797
92.00971221923828
88.8568115234375
83.19621276855469
90.10480499267578
81.74544525146484
85.64044952392578
88.34344482421875
62.282718658447266
89.42796325683594
87.68827056884766
82.18582153320312
91.56107330322266
83.82281494140625
90.61965942382812
93.76737976074219
61.8366813659668
96.19378662109375
94.82949829101562
89.79789733886719
98.22223663330078
89.14404296875
94.14788055419922
95.55689239501953
65.3875732421875
93.8411636352539
90.95259094238281
85.09461975097656
92.68072509765625
84.04814147949219
89.14307403564453
91.1686019897461
63.12302017211914
90.3233642578125
87.65795135498047
82.62419128417969
90.34490203857422
81.81829071044922
86.9996337890625
89.59674835205078
63.416847229003906
89.83844757080078
87.70155334472656
82.47134399414062
91.38026428222656
83.54876708984375
89.08001708984375
91.77703094482422
63.629085540771484
92.89432525634766
91.18058776855469
86.37994384765625
95.42654418945312
87.68964385986328
94.01029968261719
96.91035461425781
67.49716186523438
98.06603240966797
95.8914566040039
90.50772094726562
98.41206359863281
89.34466552734375
94.05259704589844
95.4292984008789
66.07601165771484
93.64749908447266
90.4388427734375
84.5533676147461
92.07856750488281
82.92271423339844
87.4586410522461
89.14949035644531
63.48958206176758
88.07366943359375
85.26839447021484
79.30046844482422
87.13555908203125
78.98518371582031
83.29011535644531
85.16893005371094
61.74205017089844
84.36246490478516
81.5770492553711
76.25691986083984
84.14623260498047
75.57486724853516
80.4423828125
82.61541748046875
48.44070053100586
82.47566986083984
79.52033233642578
74.33143615722656
81.93013763427734
74.4733657836914
78.6227798461914
80.73673248291016
56.74916458129883
80.57484436035156
78.20782470703125
72.57315063476562
80.93116760253906
72.10913848876953
77.65930938720703
79.46728515625
47.39873504638672
79.2884521484375
77.8365707397461
71.17001342773438
80.1121597290039
72.54158782958984
77.00703430175781
78.9660415649414
53.43912124633789
78.94147491455078
76.90281677246094
69.96533966064453
79.25961303710938
70.15641784667969
75.79984283447266
77.11064147949219
55.76036071777344
75.27587127685547
70.66574096679688
60.7457275390625
73.34241485595703
67.00066375732422
76.40046691894531
80.67655181884766
59.78935623168945
81.95867156982422
79.9719467163086
74.95787811279297
83.24080657958984
75.48123931884766
80.67892456054688
83.37644958496094
61.96593475341797
84.76644134521484
82.756591796875
78.45411682128906
87.39086151123047
79.67230224609375
85.60806274414062
88.7780532836914
63.57050704956055
90.65962982177734
89.38528442382812
84.9334716796875
94.29177856445312
86.7701187133789
92.47615814208984
95.01370239257812
67.5346450805664
94.52965545654297
91.61701965332031
85.24420928955078
93.2858657836914
84.43212890625
88.82740783691406
90.7847671508789
61.960296630859375
89.83390808105469
87.08807373046875
81.53642272949219
89.60517120361328
81.10447692871094
86.1307144165039
88.32989501953125
62.90628433227539
87.42278289794922
84.14555358886719
77.80220031738281
85.1688461303711
76.79537963867188
81.67163848876953
84.11605072021484
57.994384765625
85.28022003173828
83.55101013183594
77.75001525878906
87.20610046386719
78.90117645263672
85.26264953613281
88.33718872070312
61.90116882324219
89.42122650146484
87.89186096191406
83.5987319946289
92.61245727539062
85.09784698486328
91.98782348632812
95.23677062988281
70.8752670288086
96.4205551147461
93.99102783203125
88.79721069335938
96.02904510498047
86.84898376464844
90.83097076416016
91.99583435058594
65.18544006347656
89.69563293457031
86.22715759277344
80.38600158691406
87.30215454101562
78.1397476196289
81.93637084960938
83.44573974609375
57.67243576049805
81.50076293945312
78.04794311523438
71.78581237792969
78.95600128173828
70.42713165283203
73.95843505859375
76.10536193847656
54.1550178527832
76.97268676757812
75.10627746582031
69.2335433959961
79.41007232666016
71.88375854492188
77.42744445800781
79.55127716064453
48.45298767089844
78.88265991210938
76.11705017089844
68.73393249511719
77.11280059814453
68.32476806640625
76.00713348388672
79.39323425292969
50.57965087890625
82.18650817871094
81.39022064208984
77.80517578125
87.38063049316406
80.8603515625
87.40390014648438
91.18191528320312
66.8626480102539
93.53522491455078
92.2262191772461
88.1300277709961
97.0009994506836
89.248779296875
95.09574127197266
97.54503631591797
69.45729064941406
97.54166412353516
95.19941711425781
89.58334350585938
97.85765838623047
89.32784271240234
94.82839965820312
97.08690643310547
71.00653839111328
96.59870910644531
93.79867553710938
87.95661926269531
94.57921600341797
85.22277069091797
90.23271942138672
92.60152435302734
69.06144714355469
92.8855972290039
90.82312774658203
85.7120361328125
94.09220886230469
85.6551513671875
90.94863891601562
93.26598358154297
63.9001579284668
93.46114349365234
91.23825073242188
86.15921783447266
94.90686798095703
87.01526641845703
92.60639953613281
95.03382110595703
67.13835906982422
95.198486328125
93.09756469726562
87.64784240722656
96.21998596191406
87.81282806396484
93.46526336669922
95.94989013671875
66.40958404541016
96.24993896484375
94.08119201660156
88.89198303222656
97.3001708984375
89.03044128417969
94.58502960205078
96.9385757446289
69.93939971923828
97.1906509399414
95.01258850097656
89.81905364990234
98.26537322998047
90.00453186035156
95.46368408203125
97.76058959960938
68.25785064697266
96.9921875
93.87389373779297
87.34901428222656
94.12541961669922
84.38157653808594
88.69725799560547
90.28073120117188
63.71891784667969
90.12722778320312
88.03113555908203
82.85274505615234
91.28923797607422
83.14523315429688
88.68173217773438
91.21222686767578
63.567161560058594
91.54608917236328
89.28966522216797
83.84776306152344
92.11433410644531
83.4957046508789
88.22833251953125
89.91625213623047
63.99867248535156
87.77989196777344
84.08039093017578
78.57464599609375
86.59029388427734
78.35759735107422
84.90302276611328
87.44669342041016
58.4608268737793
87.66849517822266
85.39923858642578
79.7529296875
88.49942016601562
80.24356079101562
85.64796447753906
88.8946304321289
63.6412353515625
90.658203125
89.41688537597656
85.20586395263672
94.53463745117188
87.09735870361328
93.0290298461914
95.83525848388672
68.11145782470703
96.86609649658203
94.78047943115234
89.78981018066406
98.03240203857422
89.490478515625
94.23075866699219
95.95124816894531
68.60590362548828
93.86624908447266
90.37553405761719
84.15614318847656
90.89501190185547
81.08106994628906
84.20299530029297
85.02410888671875
63.72499465942383
83.37568664550781
82.45296478271484
79.17022705078125
89.24745178222656
81.87138366699219
86.66007995605469
87.64949798583984
59.44599533081055
84.88617706298828
81.34858703613281
75.03995513916016
84.85758972167969
77.97987365722656
86.10855865478516
90.39359283447266
53.040252685546875
93.7222900390625
92.85855865478516
87.3575668334961
96.44660186767578
87.65656280517578
92.5596923828125
94.11219787597656
64.85702514648438
93.55599975585938
91.45133972167969
86.52471160888672
94.28851318359375
85.00738525390625
89.84835815429688
90.68660736083984
58.2867546081543
86.19438171386719
80.94874572753906
73.68525695800781
79.63200378417969
72.41800689697266
79.18571472167969
83.8062515258789
61.1510009765625
87.10427856445312
85.715087890625
81.83025360107422
89.92959594726562
81.90401458740234
86.64381408691406
88.47463989257812
62.07762908935547
86.20791625976562
82.9091796875
77.08892822265625
84.43791198730469
76.45014953613281
80.60519409179688
82.16275024414062
62.07529067993164
80.66858673095703
77.29299926757812
71.807373046875
78.44237518310547
