83.84577941894531
92.11795806884766
89.3273696899414
85.1244888305664
91.5133056640625
88.81798553466797
86.851318359375
98.10466766357422
85.98460388183594
93.6260757446289
98.52765655517578
82.75608825683594
101.35696411132812
98.47727966308594
94.95773315429688
105.33905792236328
96.21953582763672
99.79916381835938
101.74671936035156
73.05011749267578
96.85518646240234
93.32269287109375
81.00274658203125
93.54711151123047
79.20763397216797
82.53252410888672
82.6637954711914
65.6087417602539
69.95279693603516
73.28479766845703
79.30570983886719
89.83366394042969
83.48302459716797
92.16197204589844
95.47600555419922
86.58152770996094
95.68077087402344
95.75212860107422
85.30111694335938
93.01560974121094
85.8734359741211
90.63465118408203
90.03682708740234
79.50716400146484
86.1878662109375
85.28031158447266
79.2289047241211
84.20257568359375
77.38552856445312
81.35904693603516
80.66328430175781
77.34326934814453
75.87528991699219
83.27883911132812
80.77088928222656
82.02392578125
75.57492065429688
81.51285552978516
73.57453918457031
76.38031768798828
80.56095886230469
81.07685089111328
66.89848327636719
77.53871154785156
78.62250518798828
77.23263549804688
70.88238525390625
57.870643615722656
79.74173736572266
77.03640747070312
71.751220703125
81.14096069335938
70.17145538330078
81.0531234741211
74.33999633789062
71.91722106933594
85.68724060058594
80.09141540527344
81.10221862792969
85.98255157470703
76.09849548339844
87.96269226074219
89.17125701904297
87.07527160644531
90.16595458984375
88.52490997314453
91.41313171386719
96.6444320678711
87.62605285644531
89.5741195678711
89.94378662109375
81.56387329101562
87.03559112548828
95.04212951660156
89.85013580322266
94.10321044921875
75.3001708984375
90.41129302978516
89.97958374023438
72.40098571777344
88.67278289794922
88.00164031982422
81.97283172607422
90.51034545898438
84.30697631835938
89.63079833984375
86.19119262695312
76.53025817871094
80.22925567626953
82.28900146484375
76.3921127319336
83.87532806396484
71.2059097290039
81.42994689941406
83.53336334228516
72.75619506835938
84.9684066772461
81.36767578125
80.8731689453125
85.0738525390625
81.2097396850586
86.5677261352539
91.26558685302734
79.4439468383789
91.3327865600586
87.45381927490234
85.87207794189453
96.61913299560547
85.07962036132812
96.07608032226562
99.29936981201172
82.32899475097656
100.85413360595703
97.64655303955078
92.92803192138672
98.79691314697266
91.90843963623047
95.2641372680664
97.92341613769531
72.47649383544922
96.43791198730469
92.78697967529297
86.57772827148438
95.78636169433594
88.52498626708984
92.86829376220703
95.37076568603516
75.83306884765625
94.550048828125
93.0794677734375
86.59125518798828
95.54296112060547
88.20635223388672
89.85987854003906
90.76294708251953
73.76095581054688
82.57830047607422
82.18817138671875
72.4021987915039
80.48087310791016
80.18846893310547
78.28968811035156
84.45596313476562
72.549560546875
84.26427459716797
82.99081420898438
72.53636169433594
86.31596374511719
80.06773376464844
84.2401123046875
87.4308853149414
67.84546661376953
87.46731567382812
86.62655639648438
78.84668731689453
91.20003509521484
82.7366943359375
89.76099395751953
92.32472229003906
76.00965118408203
92.40337371826172
91.61405181884766
88.84773254394531
97.003173828125
88.03804016113281
96.15655517578125
96.46599578857422
87.9533462524414
90.68215942382812
93.55119323730469
88.79961395263672
89.90240478515625
93.40668487548828
92.37550354003906
92.5743637084961
84.59252166748047
86.9041748046875
84.79832458496094
72.1009750366211
88.8313217163086
80.79011535644531
84.4804916381836
85.3582534790039
73.59205627441406
84.83279418945312
81.92973327636719
76.67534637451172
82.08134460449219
72.30970001220703
81.16947937011719
82.42758178710938
79.41827392578125
85.6047134399414
80.46207427978516
78.89569091796875
74.10059356689453
84.12504577636719
81.76888275146484
80.74043273925781
72.16629791259766
82.39410400390625
81.34339904785156
77.00008392333984
81.07030487060547
77.39521789550781
73.21161651611328
82.04136657714844
76.4619369506836
79.16387939453125
78.50401306152344
76.0992660522461
85.127197265625
71.69847869873047
81.95030212402344
83.81114196777344
63.63445281982422
83.68783569335938
80.98106384277344
75.15630340576172
82.0687484741211
73.7106704711914
76.06475067138672
81.37390899658203
71.45492553710938
82.32508087158203
80.05809020996094
68.0106430053711
82.92828369140625
80.27783203125
80.34274291992188
85.35538482666016
76.75677490234375
81.55795288085938
78.34162902832031
75.15877532958984
82.0906982421875
76.66378784179688
79.80853271484375
82.76351928710938
63.186031341552734
83.71749877929688
83.04004669189453
77.48566436767578
85.04711151123047
75.15924835205078
80.61727142333984
82.573974609375
72.2876205444336
85.05948638916016
75.19913482666016
73.46605682373047
77.49625396728516
81.7646255493164
81.81754302978516
84.02760314941406
73.7176742553711
84.42964935302734
84.35009765625
80.36747741699219
86.26847076416016
77.73001861572266
80.76332092285156
88.88091278076172
73.88165283203125
86.1734390258789
86.84717559814453
82.33854675292969
87.85765075683594
81.85076141357422
86.69155883789062
89.39527893066406
67.39054107666016
89.86756134033203
90.4271011352539
86.03215026855469
94.2269058227539
88.448486328125
94.75888061523438
96.4844970703125
62.18434143066406
97.39128112792969
95.07929229736328
87.68141174316406
96.07657623291016
87.43614959716797
91.73228454589844
92.45328521728516
79.59159851074219
91.63398742675781
90.1175308227539
83.27094268798828
92.06389617919922
81.95984649658203
87.07613372802734
90.478759765625
63.219390869140625
90.64413452148438
86.2701644897461
83.12398529052734
88.89669799804688
80.85104370117188
85.71672821044922
89.36908721923828
64.09149169921875
90.25132751464844
88.38455200195312
82.84396362304688
92.07301330566406
83.93819427490234
89.36012268066406
93.66265106201172
74.63809204101562
92.54521942138672
89.48472595214844
83.09308624267578
88.31055450439453
78.14593505859375
81.68639373779297
82.59677124023438
68.2419204711914
83.00936126708984
79.29886627197266
75.08655548095703
83.3343734741211
76.0006103515625
83.31793975830078
85.51984405517578
67.71162414550781
87.98075103759766
86.12349700927734
80.82003021240234
90.80756378173828
82.29383087158203
88.63323211669922
92.20045471191406
58.97633361816406
92.93769073486328
92.7325439453125
89.14871978759766
98.02653503417969
90.98009490966797
97.29094696044922
100.14088439941406
77.88506317138672
101.54232788085938
99.36940002441406
94.510498046875
101.44232940673828
92.90853118896484
96.8935317993164
98.26300048828125
72.46781921386719
95.9301986694336
92.36322021484375
86.55692291259766
93.11061096191406
84.75859069824219
88.578857421875
90.4478988647461
62.82809066772461
91.3403091430664
90.72970581054688
86.69181823730469
96.35721588134766
89.49620819091797
95.52738189697266
97.98621368408203
73.62146759033203
97.92720794677734
95.63078308105469
90.0980224609375
97.97427368164062
89.22039031982422
94.780517578125
96.53215789794922
63.355472564697266
96.52820587158203
93.90882110595703
88.60506439208984
96.73682403564453
87.86603546142578
93.22399139404297
95.09858703613281
63.20305252075195
93.99433898925781
91.08576965332031
86.6176986694336
95.08732604980469
87.0012435913086
92.73340606689453
95.04524993896484
67.24385833740234
95.58982849121094
93.36237335205078
88.27484130859375
96.76067352294922
88.42446899414062
93.64558410644531
96.47840118408203
71.2025375366211
96.36186218261719
93.50423431396484
88.09972381591797
96.1304702758789
88.03404998779297
92.65591430664062
94.6441421508789
66.21379089355469
96.00667572021484
94.3651351928711
89.77855682373047
98.23641204833984
90.28707885742188
96.00387573242188
98.11528015136719
69.3627700805664
98.85602569580078
97.30636596679688
92.33609771728516
101.23228454589844
93.56010437011719
99.04203796386719
101.50241088867188
74.02208709716797
101.75932312011719
99.40147399902344
93.72744750976562
101.44537353515625
91.85199737548828
95.73242950439453
96.57727813720703
54.98183822631836
95.09359741210938
92.51726531982422
87.3592300415039
96.25391387939453
88.0386734008789
93.83323669433594
96.43800354003906
68.78141784667969
96.63756561279297
94.68805694580078
89.53009033203125
98.04176330566406
89.9688720703125
95.40825653076172
98.5436782836914
68.88742065429688
99.39922332763672
97.68020629882812
92.77398681640625
101.62073516845703
93.71359252929688
99.35455322265625
102.09123229980469
71.62248992919922
102.06851196289062
99.68660736083984
94.17459869384766
102.4687271118164
94.43212890625
100.45970153808594
103.62010955810547
74.36712646484375
104.97815704345703
102.88345336914062
97.7511215209961
106.14115142822266
97.76366424560547
102.61754608154297
104.31560516357422
76.25556182861328
103.48696899414062
100.72310638427734
94.77722930908203
102.66564178466797
94.32801055908203
99.25394439697266
101.01839447021484
73.9928970336914
100.50933837890625
97.26482391357422
90.5435562133789
96.35478973388672
84.9152603149414
86.42140197753906
85.28435516357422
66.31182098388672
76.43194580078125
70.26529693603516
64.2698745727539
75.5696029663086
69.49280548095703
74.35713195800781
75.02888488769531
56.284751892089844
74.46428680419922
71.67920684814453
68.4940414428711
75.0550537109375
64.58104705810547
73.75333404541016
79.54086303710938
49.969478607177734
82.88252258300781
81.09719848632812
77.18023681640625
86.59601593017578
79.20538330078125
85.19985961914062
87.4715805053711
55.856475830078125
87.87020111083984
85.83015441894531
79.982177734375
88.45025634765625
80.66368103027344
85.02655792236328
86.85994720458984
61.52143096923828
84.2674789428711
79.097412109375
71.73650360107422
77.0602798461914
71.54082489013672
77.98287963867188
82.43447875976562
66.99479675292969
88.42203521728516
88.0224609375
83.73234558105469
92.13124084472656
83.1836166381836
88.48211669921875
90.57865905761719
61.807804107666016
88.68162536621094
85.75208282470703
79.26387786865234
88.04833221435547
80.14473724365234
85.16653442382812
87.22598266601562
54.049072265625
87.55198669433594
85.8001937866211
79.7198257446289
88.09757232666016
79.3127670288086
84.31717681884766
86.63528442382812
62.601966857910156
86.46849060058594
84.46394348144531
79.00971221923828
84.37749481201172
