88.32978057861328
94.51325988769531
97.63961791992188
66.01683044433594
99.36572265625
97.87157440185547
93.6148452758789
102.08815002441406
93.42764282226562
97.82402801513672
98.56146240234375
63.30284118652344
95.21208953857422
91.22811126708984
83.8260726928711
90.5066146850586
80.37256622314453
83.74382781982422
84.96161651611328
54.21574401855469
80.65199279785156
78.70861053466797
76.4897689819336
85.67350769042969
79.6441421508789
88.0971450805664
92.74970245361328
64.20342254638672
95.83824920654297
93.42327880859375
87.06427001953125
94.1128158569336
84.22098541259766
88.14326477050781
89.6532974243164
61.826107025146484
87.18446350097656
84.33901977539062
77.06324768066406
84.96427917480469
76.94465637207031
80.5596923828125
81.55705261230469
57.252708435058594
80.39303588867188
77.47589874267578
70.30811309814453
77.7328872680664
70.45718383789062
74.15454864501953
75.32968139648438
59.78065490722656
74.9327163696289
70.19056701660156
61.79497146606445
70.45787811279297
64.63284301757812
67.95681762695312
70.45396423339844
59.27372741699219
73.8005599975586
72.91199493408203
66.60191345214844
76.8736801147461
69.45792388916016
76.29203033447266
80.16514587402344
61.12093734741211
82.4390640258789
81.73196411132812
78.24419403076172
86.92808532714844
80.30572509765625
87.36192321777344
91.34140014648438
42.926231384277344
94.6244888305664
93.13518524169922
87.52960968017578
95.36668395996094
86.25630187988281
90.12699127197266
91.39654541015625
49.33037185668945
89.66058349609375
86.9248046875
80.84326934814453
88.58053588867188
80.44561767578125
84.45838928222656
86.91443634033203
53.583248138427734
85.9539794921875
83.14665985107422
77.88467407226562
86.1551284790039
77.67937469482422
82.97465515136719
85.15941619873047
53.14803695678711
84.92607116699219
83.0628662109375
77.44338989257812
85.45954895019531
76.1073226928711
82.50303649902344
84.54627227783203
53.48292922973633
84.81739044189453
81.51110076904297
77.44580078125
85.47943115234375
77.01314544677734
83.35232543945312
85.47650909423828
62.995357513427734
87.034912109375
86.74339294433594
83.00089263916016
92.17486572265625
84.83716583251953
90.30322265625
93.16984558105469
61.094234466552734
93.6723861694336
91.10122680664062
85.14231872558594
92.1368408203125
82.17997741699219
86.04319763183594
86.52020263671875
53.00632095336914
83.26909637451172
78.5212173461914
72.29389953613281
78.94187927246094
68.72410583496094
74.73516845703125
78.59548950195312
57.28925323486328
80.67743682861328
79.6482925415039
75.92459106445312
84.88970184326172
77.58341979980469
84.43805694580078
88.03290557861328
56.38123321533203
87.56747436523438
83.9919662475586
77.2317123413086
84.78023529052734
75.71363830566406
79.65437316894531
81.66471862792969
51.59783172607422
79.91875457763672
77.72313690185547
72.2029800415039
79.66695404052734
71.4998550415039
76.02903747558594
78.44517517089844
46.555294036865234
78.68180847167969
76.29594421386719
73.16302490234375
80.9764175415039
72.60958099365234
79.66413879394531
82.94393920898438
58.59870529174805
85.7640609741211
84.48086547851562
80.97994232177734
90.00196075439453
82.45784759521484
88.36122131347656
90.9340591430664
47.524898529052734
89.67282104492188
86.56392669677734
79.54240417480469
87.02423095703125
77.35286712646484
81.0535659790039
82.17036437988281
46.612701416015625
80.82734680175781
79.66289520263672
74.05406188964844
83.01984405517578
75.12642669677734
79.88900756835938
82.69205474853516
56.07944869995117
83.1649169921875
80.99122619628906
75.95499420166016
84.62635040283203
76.84066009521484
82.00334167480469
84.9211196899414
51.12827682495117
85.5813217163086
83.81352996826172
78.63722229003906
87.60755920410156
79.76874542236328
85.28836059570312
88.37091827392578
55.356651306152344
89.43232727050781
87.53705596923828
82.68621063232422
91.52986145019531
83.00684356689453
88.53560638427734
90.79857635498047
45.35397720336914
90.13680267333984
88.1812515258789
82.99994659423828
92.42282104492188
85.64193725585938
91.64134216308594
95.01103210449219
49.65996170043945
95.82721710205078
93.2086410522461
87.55159759521484
94.87129974365234
85.81998443603516
90.16019439697266
91.61308288574219
45.20611572265625
90.09703063964844
86.922607421875
81.01850891113281
88.7413330078125
79.37943267822266
84.8614501953125
86.4812240600586
46.28367614746094
85.85623931884766
82.37842559814453
75.99874114990234
85.20909881591797
75.63642883300781
80.97142028808594
83.17560577392578
47.92911911010742
82.4852523803711
79.6753158569336
74.25015258789062
81.81954956054688
71.77412414550781
78.06283569335938
79.57258605957031
56.12142562866211
77.71090698242188
74.51110076904297
69.14722442626953
77.7562255859375
70.6031265258789
78.95574951171875
83.10962677001953
58.42180252075195
88.26380920410156
87.38594055175781
82.3759765625
90.72084045410156
81.77592468261719
86.93753051757812
88.84262084960938
47.739688873291016
88.42192840576172
85.58251190185547
80.8331298828125
88.6876449584961
79.88150787353516
85.31160736083984
87.37423706054688
36.99393081665039
87.33453369140625
84.80425262451172
79.79683685302734
88.14456176757812
79.99510955810547
84.88121032714844
87.28862762451172
40.549991607666016
87.90974426269531
87.18780517578125
82.91866302490234
91.97486877441406
84.64446258544922
89.96235656738281
92.5338134765625
54.20185089111328
92.27954864501953
89.51296997070312
83.50126647949219
91.07015228271484
82.39420318603516
86.5517349243164
88.52191925048828
55.680965423583984
87.26449584960938
84.32840728759766
78.57019805908203
86.32992553710938
77.32986450195312
82.57146453857422
84.70183563232422
55.10562515258789
84.23576354980469
82.27338409423828
76.45987701416016
84.51978302001953
75.9844741821289
81.33810424804688
83.37796783447266
37.46560287475586
84.17367553710938
81.92486572265625
77.17620849609375
85.21855926513672
77.67655181884766
83.1623764038086
86.12174987792969
51.487274169921875
87.24287414550781
85.83209228515625
81.54002380371094
91.30516052246094
84.50308990478516
90.6007080078125
93.89059448242188
58.734920501708984
93.9856948852539
90.88459014892578
84.0348892211914
91.0699462890625
81.50054931640625
84.98412322998047
86.28421783447266
50.669334411621094
84.0385513305664
80.693359375
73.43789672851562
81.23860931396484
73.12140655517578
76.27906036376953
78.0003433227539
52.01984405517578
75.24124908447266
72.81475830078125
62.87538528442383
73.30844116210938
66.4812240600586
68.62364959716797
71.35154724121094
56.600624084472656
71.9724349975586
72.45172882080078
66.4715805053711
77.11547088623047
69.43505859375
76.15277862548828
80.51821899414062
55.05739212036133
82.14799499511719
81.2658462524414
75.89726257324219
84.41944885253906
76.29971313476562
80.49247741699219
82.77688598632812
59.329559326171875
84.02935791015625
83.32894897460938
79.4587631225586
88.91024780273438
81.64642333984375
88.4150619506836
91.8368911743164
47.54383850097656
93.8816909790039
92.44888305664062
87.75059509277344
96.55979919433594
88.48822784423828
93.85069274902344
96.2376708984375
49.02652359008789
96.18960571289062
93.71057891845703
88.36849975585938
96.69258880615234
88.06669616699219
93.59685516357422
95.89205932617188
43.362762451171875
94.86446380615234
91.49345397949219
85.37971496582031
93.48088073730469
85.11294555664062
90.8201904296875
93.1391830444336
56.18034744262695
93.64401245117188
91.33802795410156
86.47746276855469
94.91253662109375
86.41447448730469
92.16827392578125
94.39639282226562
58.683082580566406
93.66999053955078
90.61919403076172
85.01216888427734
93.77164459228516
85.82254791259766
91.86455535888672
94.35286712646484
49.9744987487793
95.16645050048828
93.1214828491211
88.31880950927734
96.868896484375
88.6268539428711
94.19942474365234
96.7068099975586
56.24284744262695
96.43151092529297
93.83087158203125
87.6190414428711
95.38054656982422
86.66849517822266
91.42282104492188
93.55170440673828
56.17997360229492
93.64745330810547
91.37787628173828
86.02691650390625
94.42386627197266
86.01985168457031
91.05593872070312
93.33013916015625
56.71092224121094
93.38829040527344
91.41268920898438
87.02120971679688
96.31259155273438
88.74535369873047
94.7678451538086
97.60114288330078
51.297889709472656
98.0940170288086
95.83572387695312
90.79499816894531
99.2228012084961
90.9605712890625
96.43892669677734
98.65276336669922
51.849143981933594
97.83020782470703
94.93666076660156
89.29478454589844
97.22357177734375
88.9060287475586
93.85295867919922
95.60487365722656
59.11381149291992
93.25645446777344
89.39878845214844
81.79071807861328
88.97252655029297
80.18004608154297
84.21243286132812
86.85700225830078
52.6759147644043
88.18931579589844
86.61319732666016
81.80476379394531
90.84391784667969
82.56732177734375
88.8115463256836
91.32037353515625
40.0948486328125
92.197021484375
90.50226593017578
86.13688659667969
95.248779296875
87.53462219238281
93.93899536132812
96.99076080322266
54.058692932128906
98.44978332519531
96.80490112304688
92.04576873779297
100.87462615966797
92.6673812866211
98.4410400390625
100.73949432373047
55.51290512084961
100.48448944091797
97.85755157470703
92.29943084716797
100.04957580566406
91.02438354492188
96.06389617919922
97.89041900634766
44.66595458984375
96.91109466552734
94.01239776611328
87.8160629272461
95.16829681396484
85.8108901977539
89.66818237304688
91.330078125
57.19974136352539
90.47191619873047
87.83786010742188
82.18526458740234
90.3096694946289
81.69110107421875
86.72862243652344
88.70555114746094
50.84086608886719
87.75885772705078
85.32048797607422
79.42008972167969
87.07872772216797
78.3386459350586
82.64131927490234
85.23481750488281
56.034996032714844
83.93936157226562
81.22715759277344
74.28631591796875
81.39900207519531
70.84996795654297
72.45500183105469
76.54166412353516
55.47265625
84.24742889404297
83.85496520996094
80.60731506347656
89.18583679199219
81.54396057128906
86.55168914794922
88.86244201660156
49.87014389038086
88.69322967529297
86.1855239868164
80.75691223144531
88.43578338623047
79.44036102294922
83.77378845214844
84.94248962402344
40.449676513671875
84.23619079589844
81.91889190673828
76.19847869873047
85.23370361328125
76.94510650634766
81.95350646972656
83.25765991210938
59.93531799316406
80.9126205444336
77.44206237792969
69.88717651367188
77.29456329345703
