77.14154052734375
87.78685760498047
81.48008728027344
83.73925018310547
85.064697265625
87.33695220947266
77.556640625
90.62822723388672
90.71947479248047
84.02091979980469
84.43367004394531
91.4527359008789
96.6278305053711
98.35860443115234
97.83809661865234
88.42485809326172
81.7979965209961
94.58487701416016
92.64881134033203
88.52252197265625
90.66588592529297
86.05919647216797
90.2363052368164
84.92000579833984
79.30440521240234
83.94085693359375
89.61479187011719
88.08935546875
87.36286163330078
83.22096252441406
81.97018432617188
82.53495788574219
76.98246002197266
84.24493408203125
93.62720489501953
91.1037826538086
92.73812103271484
85.98690795898438
82.16868591308594
87.48981475830078
75.92900848388672
78.14025115966797
84.02542877197266
81.67284393310547
90.52645874023438
86.2276611328125
83.68450164794922
77.71385955810547
75.46052551269531
84.29170989990234
65.95939636230469
75.44322204589844
83.44583892822266
74.52658081054688
84.60475158691406
76.04335021972656
83.20779418945312
76.01321411132812
84.17019653320312
73.34806823730469
75.8915786743164
70.50015258789062
60.130435943603516
75.23038482666016
68.10035705566406
72.78626251220703
76.0569076538086
68.30876922607422
76.95883178710938
74.67567443847656
74.47030639648438
83.32717895507812
73.00770568847656
84.1216049194336
79.57405090332031
78.77825927734375
81.31493377685547
77.62454223632812
81.8819808959961
82.0172119140625
77.68783569335938
75.2713623046875
84.632568359375
73.95895385742188
73.86123657226562
67.40545654296875
83.0933609008789
86.7696762084961
82.48329162597656
87.33575439453125
85.99213409423828
88.48368835449219
92.10718536376953
88.70101928710938
88.23601531982422
89.17228698730469
86.33183288574219
85.68388366699219
87.71261596679688
87.90541076660156
86.40430450439453
87.35718536376953
87.28457641601562
89.00439453125
87.07823181152344
71.66442108154297
76.62570190429688
89.08812713623047
86.44425201416016
85.79792785644531
71.1144027709961
76.60482788085938
84.96182250976562
84.07469940185547
85.5156021118164
84.08353424072266
85.54865264892578
82.12660217285156
81.25218963623047
81.14736938476562
81.38375091552734
76.47959899902344
78.9326400756836
81.73289489746094
76.36581420898438
77.94512176513672
68.6355209350586
70.92678833007812
78.828369140625
76.8360824584961
73.26954650878906
78.63025665283203
80.28363037109375
79.45719909667969
82.79462432861328
81.67256927490234
83.06990051269531
81.38729095458984
83.89529418945312
90.14967346191406
90.46569061279297
88.56197357177734
87.81888580322266
88.61763763427734
89.4128189086914
91.71686553955078
84.47816467285156
85.90800476074219
78.59837341308594
77.19029998779297
85.09610748291016
81.57939910888672
82.63381958007812
83.29743194580078
69.6081771850586
69.97581481933594
70.92418670654297
76.58338928222656
78.21957397460938
80.0782241821289
78.42864990234375
70.31214904785156
82.32721710205078
75.28065490722656
81.69099426269531
74.84494018554688
72.08771514892578
79.65235137939453
63.341835021972656
77.77161407470703
77.18228912353516
80.97379302978516
80.9201431274414
73.51946258544922
79.51383972167969
79.79934692382812
82.52324676513672
82.16605377197266
71.18202209472656
79.6066665649414
79.37920379638672
83.82682037353516
83.75765991210938
82.20201873779297
82.34329986572266
81.08714294433594
82.6546859741211
82.58243560791016
85.15977478027344
87.87042999267578
85.76248931884766
85.43605041503906
86.56804656982422
88.96355438232422
91.44404602050781
87.10494995117188
80.39935302734375
87.53449249267578
87.24971771240234
88.76404571533203
85.05477142333984
76.51248931884766
85.95075225830078
80.93862915039062
86.59217834472656
81.22164154052734
80.33915710449219
81.56705474853516
74.50060272216797
82.94400787353516
68.7843017578125
79.65973663330078
80.95633697509766
77.6591796875
80.07112121582031
73.55843353271484
74.71458435058594
81.7772216796875
78.02177429199219
79.34036254882812
74.08432006835938
72.56167602539062
80.56144714355469
77.50384521484375
79.36753845214844
69.61991119384766
64.55522918701172
77.08279418945312
73.11711883544922
75.63213348388672
58.691810607910156
76.5322265625
75.04334259033203
74.08190155029297
72.84909057617188
55.79018020629883
76.9647216796875
74.6458969116211
76.37323760986328
71.49628448486328
65.72083282470703
76.93827819824219
75.15837097167969
72.26148223876953
70.6631851196289
65.21543884277344
76.15572357177734
71.46202850341797
75.93189239501953
71.39523315429688
68.31599426269531
76.39165496826172
68.43257141113281
76.7945327758789
77.1117172241211
72.42344665527344
76.789794921875
61.6696891784668
77.79841613769531
77.98188018798828
66.1838150024414
79.23838806152344
73.83643341064453
77.1391372680664
75.55396270751953
64.3823013305664
78.16357421875
72.90814971923828
73.14965057373047
73.42129516601562
71.8597640991211
73.78463745117188
75.75373077392578
61.82182312011719
74.9865493774414
76.60252380371094
78.41053771972656
73.45647430419922
71.13119506835938
67.57727813720703
81.54386138916016
73.36033630371094
72.79417419433594
74.65066528320312
69.49652862548828
76.8875961303711
75.73217010498047
77.08002471923828
79.0741958618164
77.79186248779297
78.25800323486328
75.26811218261719
79.44466400146484
79.78863525390625
79.60187530517578
82.94414520263672
81.85977172851562
84.48312377929688
87.40593719482422
84.98384094238281
87.8729019165039
85.7939682006836
85.52517700195312
88.2265625
82.47175598144531
83.98688507080078
82.68732452392578
77.85869598388672
82.49250030517578
77.85828399658203
78.79094696044922
80.54530334472656
76.74707794189453
81.00008392333984
77.21540069580078
76.16924285888672
77.11183166503906
77.18119812011719
80.64222717285156
77.54696655273438
79.3545913696289
79.27767181396484
77.41844940185547
80.62527465820312
75.07669067382812
76.86830139160156
79.93329620361328
78.54597473144531
80.93793487548828
77.18010711669922
80.22789001464844
82.769775390625
82.1566162109375
84.21855926513672
80.74050903320312
83.40811157226562
86.89196014404297
85.0858154296875
84.95020294189453
83.42644500732422
83.37540435791016
85.27151489257812
77.58515930175781
74.73308563232422
76.02702331542969
57.80256271362305
81.03644561767578
71.78205871582031
77.1761703491211
80.05132293701172
74.13724517822266
78.44906616210938
77.96956634521484
76.2616958618164
76.19776916503906
80.22390747070312
76.6669921875
82.37788391113281
79.94649505615234
72.6919937133789
78.523681640625
77.79566955566406
78.04973602294922
78.407470703125
69.12390899658203
79.68013000488281
79.33443450927734
83.41710662841797
84.61334228515625
86.50770568847656
88.87542724609375
90.08406066894531
90.65998077392578
88.50166320800781
87.57492065429688
88.94245910644531
86.18463897705078
86.2671127319336
84.2446517944336
80.80278015136719
83.65814971923828
78.86519622802734
76.85946655273438
78.09574890136719
75.82379913330078
82.3265609741211
82.00718688964844
83.2144775390625
83.99667358398438
84.91328430175781
87.16120147705078
86.47969818115234
86.97209930419922
84.92748260498047
86.10045623779297
87.03874969482422
85.61601257324219
86.37332153320312
84.82504272460938
84.87801361083984
86.85218811035156
84.46080017089844
84.7965087890625
84.7678451538086
83.49932098388672
85.1026840209961
82.3750228881836
82.36217498779297
83.05557250976562
82.50936126708984
84.59934997558594
83.03141784667969
83.93133544921875
83.96099853515625
83.26741790771484
85.7183609008789
82.75228881835938
84.86624908447266
84.82550048828125
83.38761901855469
85.86430358886719
83.24707794189453
84.08245849609375
84.04190063476562
82.99059295654297
84.20477294921875
81.93265533447266
84.03217315673828
82.89325714111328
84.82471466064453
85.58625030517578
85.13621520996094
87.17173767089844
86.09210968017578
86.82559204101562
87.29386138916016
85.57080078125
87.66975402832031
87.01669311523438
86.8021469116211
89.04907989501953
87.21525573730469
90.05695343017578
89.24414825439453
89.34272003173828
90.19811248779297
88.6018295288086
90.6258316040039
89.27525329589844
89.49494171142578
90.49153900146484
88.6646957397461
90.53323364257812
89.56134033203125
87.72942352294922
88.49169158935547
84.50667572021484
85.41017150878906
84.09221649169922
82.61691284179688
85.09290313720703
81.49374389648438
86.35664367675781
83.6219253540039
86.26454162597656
85.39940643310547
84.24211883544922
87.64579772949219
84.12688446044922
87.92810821533203
87.05004119873047
86.74897003173828
89.66490173339844
87.42001342773438
89.99678039550781
89.716796875
89.46333312988281
91.60710144042969
89.49833679199219
91.26836395263672
90.80462646484375
89.2620620727539
90.492431640625
86.2617416381836
88.78511047363281
85.45756530761719
88.36958312988281
88.41706085205078
88.48068237304688
91.4139633178711
89.94622039794922
92.48710632324219
92.25212097167969
92.3334732055664
92.99691009521484
91.6905746459961
92.0130615234375
90.96209716796875
91.05369567871094
89.37730407714844
89.8064956665039
88.62889099121094
87.82196807861328
88.3022232055664
85.02131652832031
86.37894439697266
82.57655334472656
79.69401550292969
78.66641235351562
74.91868591308594
79.8214340209961
76.41766357421875
81.11963653564453
71.7798080444336
81.11991119384766
74.63819122314453
80.20608520507812
78.1722412109375
73.98013305664062
79.19539642333984
73.1584243774414
77.96739196777344
74.51734924316406
72.43634033203125
76.55488586425781
76.96329498291016
79.76646423339844
74.66703033447266
77.18519592285156
67.70309448242188
77.57581329345703
70.77900695800781
75.95144653320312
70.58027648925781
78.06891632080078
75.70360565185547
77.8155288696289
77.65731811523438
76.30763244628906
79.73700714111328
77.90933227539062
76.0528564453125
76.01387023925781
77.13014221191406
71.09771728515625
73.03253936767578
69.55933380126953
48.880191802978516
70.99375915527344
68.72418975830078
68.64495086669922
78.03303527832031
77.80644226074219
75.43727111816406
79.72221374511719
77.55696105957031
79.67904663085938
78.45587921142578
75.0823745727539
79.9206314086914
68.98014068603516
76.82801818847656
76.29366302490234
73.2693099975586
78.90645599365234
66.39839172363281
77.33074951171875
73.74668884277344
75.121826171875
76.59243774414062
69.0762710571289
74.87935638427734
71.17486572265625
73.975830078125
71.57454681396484
64.79222106933594
