84.64630126953125
82.67630767822266
88.92046356201172
80.94227600097656
89.22864532470703
90.0656967163086
82.93065643310547
93.83499908447266
88.5284423828125
93.42935943603516
97.51991271972656
81.8719253540039
99.21083068847656
95.26541900634766
91.71871948242188
95.86919403076172
79.96823120117188
91.4096908569336
89.35382843017578
80.23060607910156
88.49299621582031
78.81549835205078
83.7640609741211
82.84248352050781
77.67505645751953
80.27877044677734
76.78233337402344
79.85863494873047
74.6617202758789
84.59110260009766
80.97494506835938
90.27188110351562
80.83293151855469
89.32701873779297
87.23076629638672
79.78945922851562
87.44966888427734
75.9170913696289
83.56990814208984
83.63377380371094
72.51583862304688
83.71363830566406
77.90312194824219
79.14712524414062
81.38749694824219
72.15696716308594
81.09077453613281
77.4206314086914
77.3984375
80.25654602050781
73.23979187011719
79.44103240966797
76.75188446044922
75.58536529541016
78.88861083984375
74.54298400878906
78.23744201660156
77.06721496582031
75.67083740234375
77.8151626586914
74.52190399169922
78.63949584960938
77.15277862548828
76.39453125
78.83939361572266
74.90975189208984
78.14118957519531
78.10448455810547
75.49207305908203
79.95779418945312
75.38375091552734
78.90957641601562
79.4546890258789
74.87742614746094
81.59114837646484
76.55571746826172
79.87281799316406
82.52093505859375
73.33978271484375
83.95227813720703
81.4712142944336
80.71878051757812
87.128662109375
76.1583023071289
88.36410522460938
89.33869934082031
81.7339096069336
94.56562805175781
89.04168701171875
91.62809753417969
94.32345581054688
75.4517822265625
91.33586883544922
89.367919921875
81.01310729980469
90.29393005371094
83.74310302734375
85.93888092041016
89.37164306640625
74.10907745361328
88.90567779541016
87.71209716796875
81.29536437988281
90.79335021972656
83.8420639038086
88.89652252197266
91.58904266357422
73.4553451538086
91.40292358398438
87.26082611083984
82.64959716796875
86.69908142089844
71.45623779296875
79.90291595458984
76.81995391845703
67.34932708740234
72.23116302490234
70.75497436523438
67.90489196777344
77.92396545410156
73.38434600830078
78.30318450927734
83.2027359008789
65.82722473144531
85.22917938232422
81.85746002197266
77.29430389404297
82.62081146240234
70.94529724121094
76.39423370361328
76.19548034667969
57.809818267822266
73.89395904541016
67.4917984008789
63.61866760253906
70.24970245361328
59.416690826416016
67.55237579345703
69.8783187866211
60.84286880493164
76.46546936035156
74.40106964111328
75.1280517578125
83.6973648071289
75.60344696044922
86.30582427978516
90.041748046875
63.007537841796875
91.18384552001953
88.42085266113281
82.24869537353516
90.7557144165039
83.42959594726562
87.72054290771484
90.98567199707031
69.08043670654297
91.88832092285156
90.72147369384766
84.25667572021484
94.49093627929688
87.48859405517578
90.82918548583984
93.4494857788086
72.9971694946289
91.0475845336914
88.56288146972656
80.5312271118164
89.2177963256836
81.84013366699219
84.15142822265625
86.60673522949219
73.94613647460938
84.85071563720703
83.62248992919922
76.71558380126953
84.87808990478516
79.7973861694336
80.46399688720703
85.05304718017578
75.67288970947266
85.1959228515625
85.11348724365234
78.01544189453125
87.3471450805664
82.31869506835938
83.68539428710938
87.6386489868164
77.01616668701172
87.169189453125
86.799072265625
79.62195587158203
89.72999572753906
84.54792022705078
87.3659439086914
91.26042938232422
77.68894958496094
92.50993347167969
91.52849578857422
86.8788833618164
95.89358520507812
88.26750183105469
94.33981323242188
96.24397277832031
78.7012710571289
95.93248748779297
91.60895538330078
88.73019409179688
93.62901306152344
79.64359283447266
90.61429595947266
89.54436492919922
78.26997375488281
89.85636901855469
82.7169418334961
84.99507904052734
87.67084503173828
57.277652740478516
86.18110656738281
83.22508239746094
78.91604614257812
85.73973846435547
74.63211059570312
83.13177490234375
83.08300018310547
70.22212219238281
83.86920166015625
77.71965026855469
79.55741119384766
82.81454467773438
57.45857620239258
81.7145004272461
79.41484069824219
73.80677795410156
81.87973022460938
72.63214111328125
79.30460357666016
80.39752197265625
62.25896072387695
81.01162719726562
76.09571838378906
75.45389556884766
80.77995300292969
63.27062225341797
79.46086883544922
78.47752380371094
70.84254455566406
80.50396728515625
72.63224792480469
77.01527404785156
79.54020690917969
56.73506164550781
79.47045135498047
75.4970932006836
72.90763092041016
79.57119750976562
69.9260025024414
77.7989730834961
78.41828918457031
64.72360229492188
79.37478637695312
76.02861785888672
72.65574645996094
80.3302993774414
75.15396881103516
75.71678924560547
81.41096496582031
72.66136169433594
79.32402038574219
82.60292053222656
75.99970245361328
81.45855712890625
82.7309341430664
78.9535140991211
82.66442108154297
85.71038055419922
78.95063781738281
85.26299285888672
86.2264404296875
70.84156036376953
85.73414611816406
83.67865753173828
76.21086120605469
86.0790023803711
78.79998016357422
82.93377685546875
86.10086059570312
64.69318389892578
86.6117172241211
84.3545913696289
80.25157165527344
87.66951751708984
79.13909912109375
85.38615417480469
86.31352233886719
76.27176666259766
87.01107025146484
84.61878967285156
84.82994079589844
90.10531616210938
79.35298919677734
89.82286071777344
87.2013931274414
83.60042572021484
87.90278625488281
79.45980072021484
85.29773712158203
83.69940185546875
79.64065551757812
84.04142761230469
78.01226806640625
81.58094787597656
80.88002014160156
77.64662170410156
81.59475708007812
76.69343566894531
80.12894439697266
79.59745788574219
76.58840942382812
80.62942504882812
76.79315948486328
79.19810485839844
79.6001205444336
76.09016418457031
80.40316009521484
77.0304946899414
78.84922790527344
79.99812316894531
74.8446273803711
80.51258850097656
77.93388366699219
78.66061401367188
81.01213073730469
74.30267333984375
82.3463363647461
78.48616027832031
80.20852661132812
83.43834686279297
76.2368392944336
84.49868774414062
81.63036346435547
82.57946014404297
86.57794189453125
78.50627136230469
87.93607330322266
86.12659454345703
85.71617126464844
91.4817886352539
82.65283966064453
93.01458740234375
92.47489929199219
88.88858032226562
95.98789978027344
85.69278717041016
93.10005187988281
91.75093078613281
82.58705139160156
91.29547119140625
80.55569458007812
87.26954650878906
86.68462371826172
76.60995483398438
86.70439147949219
76.26245880126953
83.68014526367188
83.83702850341797
75.39806365966797
85.06398010253906
80.91284942626953
81.16620635986328
85.73633575439453
75.60367584228516
84.3696517944336
84.68517303466797
73.17191314697266
85.73393249511719
78.96253204345703
82.4090576171875
84.5390625
75.04547882080078
85.00093841552734
79.84949493408203
83.745849609375
83.48011779785156
81.26766204833984
86.87919616699219
69.962158203125
85.90668487548828
85.54168701171875
74.35057830810547
87.97321319580078
80.86567687988281
86.44829559326172
88.51041412353516
80.01698303222656
89.74153137207031
86.27526092529297
86.13253784179688
89.0511245727539
84.31648254394531
87.45586395263672
87.67044830322266
84.66515350341797
87.65448760986328
86.45680236816406
85.05797576904297
87.77520751953125
85.18739318847656
86.06961822509766
87.68677520751953
84.249267578125
87.3414306640625
86.74072265625
84.46881866455078
88.52500915527344
85.30156707763672
87.04188537597656
88.40113830566406
84.72073364257812
88.24701690673828
87.28215026855469
85.21699523925781
88.58159637451172
85.62935638427734
86.41641998291016
88.66207122802734
82.34417724609375
89.71748352050781
87.37245178222656
87.41992950439453
90.7751235961914
85.1480712890625
90.16047668457031
89.45410919189453
86.23029327392578
90.75830078125
87.56512451171875
87.89776611328125
90.66163635253906
84.63578033447266
91.01335906982422
90.80374908447266
88.14615631103516
93.9147720336914
87.73637390136719
92.8078384399414
92.98387145996094
88.26510620117188
93.86876678466797
90.22262573242188
91.00655364990234
93.15692138671875
87.88013458251953
92.4937744140625
91.40518188476562
88.8891372680664
92.71113586425781
88.98694610595703
90.8206787109375
91.76570892333984
87.80574035644531
91.49464416503906
89.84278869628906
88.66027069091797
90.71295928955078
88.4278335571289
88.91541290283203
90.68154907226562
87.68452453613281
90.31163787841797
90.8556900024414
87.65258026123047
92.31884765625
90.00041961669922
90.48635864257812
93.93595123291016
87.6727294921875
94.28143310546875
93.53498077392578
90.02778625488281
96.53685760498047
90.62999725341797
95.15327453613281
96.85167694091797
87.78968811035156
97.88568878173828
93.65704345703125
93.50138092041016
96.89957427978516
82.25944519042969
94.5447006225586
90.44232940673828
87.3314208984375
91.51850891113281
82.17914581298828
89.82560729980469
91.1135482788086
83.55165100097656
92.77522277832031
89.79631805419922
87.11038970947266
92.30441284179688
76.20172882080078
89.82772064208984
86.568603515625
83.35493469238281
86.90445709228516
75.92993927001953
86.77101135253906
77.59355163574219
87.73481750488281
86.04180145263672
89.75112915039062
85.88639831542969
90.54312133789062
87.15388488769531
86.48551940917969
89.35409545898438
73.21856689453125
88.20103454589844
83.22698211669922
83.48698425292969
85.90779876708984
74.8876953125
86.16735076904297
72.69791412353516
86.35693359375
81.71744537353516
86.41803741455078
88.71109008789062
84.59545135498047
91.65679931640625
85.75989532470703
91.60054779052734
89.17371368408203
88.30238342285156
90.5057144165039
82.18631744384766
88.90792083740234
84.43755340576172
85.0441665649414
87.79387664794922
79.7054443359375
87.30960083007812
85.4024429321289
79.52457427978516
86.16231536865234
64.93014526367188
84.409912109375
78.94064331054688
81.224365234375
82.95435333251953
74.39864349365234
84.84513854980469
76.39681243896484
85.21365356445312
83.94637298583984
84.15949249267578
85.82421875
83.60011291503906
86.76018524169922
83.93170166015625
86.7330093383789
86.60521697998047
83.40465545654297
88.7449951171875
80.82315826416016
86.54547882080078
86.04212951660156
76.1158218383789
86.04962158203125
76.22352600097656
82.40512084960938
82.55326080322266
73.99645233154297
83.01005554199219
74.88700103759766
