82.79334259033203
82.10418701171875
87.8388900756836
76.68824005126953
87.25302124023438
87.73478698730469
77.92509460449219
90.95590209960938
86.10003662109375
88.77465057373047
93.37571716308594
76.10359954833984
95.18865966796875
94.80477905273438
89.7430419921875
98.94817352294922
89.58847045898438
94.60930633544922
94.52047729492188
75.4260025024414
91.75173950195312
85.58814239501953
83.6824951171875
86.14334106445312
61.73975372314453
81.9564208984375
74.40216064453125
74.16850280761719
66.06929779052734
77.65023040771484
70.9781494140625
85.1774673461914
82.98567962646484
87.90164947509766
91.09398651123047
73.85894775390625
89.88910675048828
84.7603759765625
82.56166076660156
86.54920959472656
69.6847915649414
83.55406951904297
81.63811492919922
72.73648071289062
82.3221206665039
73.52440643310547
78.4422607421875
79.38645935058594
59.99436569213867
78.05146026611328
74.12747192382812
72.68852233886719
76.78522491455078
60.69718933105469
75.06300354003906
73.41791534423828
67.52153778076172
75.6434326171875
67.60584259033203
71.71137237548828
73.0030517578125
60.80673599243164
72.38455963134766
67.23180389404297
68.07186126708984
71.1063003540039
62.47240447998047
70.2344970703125
68.22393035888672
64.23495483398438
71.51651763916016
65.48365020751953
69.30033111572266
67.72412872314453
67.1521987915039
68.0482177734375
64.62572479248047
70.5678939819336
64.69412231445312
67.868408203125
71.91873931884766
65.5438003540039
72.6750717163086
68.31173706054688
72.27024841308594
75.23526000976562
62.23670959472656
78.91215515136719
76.1326675415039
79.06463623046875
84.80288696289062
65.17772674560547
87.34251403808594
85.73314666748047
80.8105697631836
89.1369857788086
80.34362030029297
87.1245346069336
89.06450653076172
67.25431060791016
90.49688720703125
87.78075408935547
84.87657928466797
92.10369110107422
81.36506652832031
88.85211181640625
88.99315643310547
70.49066162109375
86.71220397949219
82.03528594970703
78.52648162841797
84.15045166015625
74.30696868896484
81.16728973388672
81.67320251464844
69.87408447265625
81.03858947753906
77.87596893310547
73.799560546875
79.82833862304688
73.27094268798828
76.19235229492188
77.7635498046875
71.7851333618164
76.8534164428711
75.11626434326172
73.48892974853516
77.01000213623047
72.57313537597656
75.02306365966797
75.54315185546875
72.45628356933594
75.83712768554688
75.1070785522461
72.15170288085938
77.49786376953125
74.49364471435547
75.11082458496094
77.72038269042969
73.21965789794922
77.53978729248047
78.41312408447266
73.16802978515625
79.23583984375
76.0245590209961
71.09314727783203
75.56668090820312
69.8633804321289
74.89392852783203
76.7247543334961
59.97090148925781
74.25626373291016
74.31397247314453
62.67449188232422
71.18673706054688
71.1380844116211
61.99393844604492
69.40800476074219
72.1324691772461
67.60022735595703
73.9133071899414
71.75233459472656
75.8357162475586
73.38835906982422
73.41838073730469
77.05157470703125
69.94703674316406
75.60553741455078
76.06647491455078
67.43268585205078
76.61360168457031
74.1026382446289
72.52658081054688
77.5995101928711
68.4269027709961
75.79544830322266
76.97813415527344
68.13243865966797
78.40372467041016
73.78169250488281
74.6628646850586
79.41207122802734
67.58432006835938
79.23255920410156
78.80867004394531
71.98799896240234
81.30619812011719
74.9449462890625
78.72183990478516
81.43888092041016
62.79356384277344
82.0455551147461
79.39167785644531
75.14384460449219
83.54295349121094
73.88016510009766
81.45203399658203
82.67743682861328
63.13613510131836
82.19952392578125
79.26063537597656
73.38456726074219
82.279541015625
73.7960205078125
81.13899230957031
83.18506622314453
67.75664520263672
86.06687927246094
81.33553314208984
82.72824096679688
87.06824493408203
73.48356628417969
85.55795288085938
83.43684387207031
78.27618408203125
83.69464874267578
77.359619140625
79.35916137695312
79.72657775878906
75.26795959472656
78.20114135742188
76.06266021728516
75.00300598144531
74.5172119140625
74.78848266601562
74.06401824951172
73.1217269897461
74.52320098876953
69.73436737060547
73.83539581298828
72.91365051269531
67.27985382080078
75.17218017578125
67.1000747680664
72.98596954345703
74.2922134399414
62.553741455078125
76.71418762207031
68.65807342529297
76.52169799804688
77.44310760498047
60.74839401245117
77.77204895019531
74.25518798828125
71.65385437011719
77.15826416015625
67.73954010009766
74.50769805908203
76.15180206298828
50.848548889160156
76.6870346069336
74.01576232910156
69.4416275024414
77.80770874023438
67.23148345947266
75.02919006347656
77.00769805908203
59.83233642578125
77.43875122070312
74.0757827758789
72.15838623046875
78.22996520996094
66.06352996826172
76.38018798828125
76.82368469238281
63.86927795410156
77.44137573242188
73.63802337646484
70.49124145507812
77.41364288330078
69.84940338134766
76.10240173339844
76.43494415283203
76.12928771972656
81.56161499023438
73.19132995605469
82.49037170410156
83.17317199707031
72.7003173828125
85.45166778564453
80.97930145263672
81.41449737548828
86.40584564208984
73.26553344726562
85.03284454345703
85.25910949707031
72.41815185546875
86.97394561767578
82.50436401367188
82.61416625976562
87.39883422851562
74.35034942626953
85.34772491455078
85.75801086425781
66.16548919677734
87.32828521728516
84.16180419921875
84.74143981933594
90.4793930053711
75.09281921386719
89.6304931640625
88.36853790283203
78.52469635009766
88.70960235595703
82.51947021484375
82.80306243896484
86.51412200927734
74.76856994628906
83.99897003173828
83.79539489746094
74.791015625
83.935302734375
80.4781265258789
78.21569061279297
83.38583374023438
76.0833740234375
80.76480865478516
82.62980651855469
72.30557250976562
82.60985565185547
80.56116485595703
76.70830535888672
83.85999298095703
76.69686126708984
81.78848266601562
83.85848999023438
70.39208984375
84.88392639160156
82.28285217285156
80.45392608642578
86.59539794921875
77.16336822509766
86.19013214111328
86.76261901855469
79.34392547607422
89.44812774658203
83.06432342529297
86.64253234863281
87.58397674560547
78.36967468261719
85.7190170288086
77.96138763427734
81.2441177368164
78.24832153320312
75.00904083251953
78.52147674560547
62.96351623535156
78.49329376220703
69.62303161621094
78.51885986328125
76.90618896484375
76.64861297607422
80.5907211303711
70.27102661132812
82.76941680908203
79.04609680175781
80.03363800048828
84.78605651855469
69.70276641845703
86.21990203857422
84.78192138671875
81.95440673828125
90.25912475585938
79.29588317871094
91.26819610595703
92.48153686523438
84.28308868408203
95.61933135986328
88.11430358886719
90.7506103515625
91.04338836669922
79.99032592773438
87.92257690429688
83.29765319824219
82.11225128173828
82.69481658935547
79.36904907226562
79.54199981689453
76.24849700927734
80.391845703125
64.93729400634766
81.35569763183594
75.94828033447266
81.02287292480469
83.35095977783203
75.2561264038086
87.76461029052734
80.29969787597656
88.03409576416016
90.12549591064453
76.64636993408203
92.4061508178711
87.69866943359375
88.17967224121094
92.120361328125
80.49988555908203
90.30590057373047
89.13209533691406
82.10379028320312
89.50323486328125
84.48767852783203
84.2393798828125
86.84266662597656
81.03901672363281
84.21112060546875
86.99347686767578
77.76206970214844
88.79208374023438
85.76053619384766
84.57853698730469
89.87832641601562
81.20193481445312
88.66202545166016
88.92793273925781
80.7219467163086
90.39735412597656
86.16009521484375
86.38206481933594
90.6307144165039
81.40245056152344
89.55224609375
88.94166564941406
82.5338363647461
89.78433227539062
85.11725616455078
85.2161865234375
88.84465026855469
81.26255798339844
88.25830841064453
89.19833374023438
81.07754516601562
91.25438690185547
86.93531799316406
87.98056030273438
91.93946075439453
81.49286651611328
91.31739807128906
90.88362121582031
83.8630142211914
93.43763732910156
88.04025268554688
90.79124450683594
94.03805541992188
81.29127502441406
94.01272583007812
92.1758041381836
87.47334289550781
94.91802215576172
87.02523803710938
92.34800720214844
93.76914978027344
81.35381317138672
93.60719299316406
89.00984191894531
87.5040054321289
90.24932861328125
80.47869873046875
86.64114379882812
86.15144348144531
81.64752960205078
87.14391326904297
86.43305206298828
83.12445068359375
89.79740142822266
84.9278564453125
87.72665405273438
90.86690521240234
81.36878967285156
91.3003921508789
90.1717758178711
85.70366668701172
93.51663208007812
86.95276641845703
91.4677734375
94.09927368164062
81.36430358886719
94.9688949584961
92.84638214111328
89.21017456054688
96.51083374023438
87.65367889404297
94.18743133544922
95.34366607666016
81.39566040039062
95.76226043701172
93.14446258544922
90.76565551757812
98.0798568725586
88.87113952636719
96.82301330566406
98.13267517089844
81.42875671386719
98.76839447021484
94.44336700439453
92.54131317138672
97.88394927978516
84.54109954833984
95.24838256835938
95.0173110961914
81.4887466430664
95.37661743164062
89.82493591308594
89.69161987304688
93.6511001586914
78.3594970703125
90.68138885498047
88.00615692138672
81.33719635009766
88.73426818847656
79.51676177978516
85.77567291259766
87.33745574951172
70.18772888183594
87.40577697753906
83.88151550292969
80.80859375
87.23875427246094
76.33753204345703
84.67587280273438
84.85758209228516
73.1638412475586
85.12554168701172
78.50296020507812
80.99308013916016
84.11447143554688
72.01264953613281
84.67211151123047
86.34465789794922
67.60662841796875
86.76470184326172
82.21102142333984
80.7081069946289
85.02770233154297
70.16632843017578
83.47945404052734
82.51242065429688
72.53590393066406
85.53997802734375
81.61837005615234
80.3698959350586
87.4267807006836
79.28338623046875
84.90911865234375
86.71691131591797
78.4000473022461
84.610595703125
83.30223846435547
79.92756652832031
81.7343521118164
82.47286224365234
76.3172836303711
77.49315643310547
80.90570831298828
76.5611572265625
75.44452667236328
79.46002960205078
80.13489532470703
69.90691375732422
81.65406799316406
76.61644744873047
76.50225830078125
80.13614654541016
61.100406646728516
79.37089538574219
75.6073989868164
73.9436264038086
79.15614318847656
66.14383697509766
77.62464141845703
78.00540161132812
68.86656188964844
78.76325988769531
76.95545959472656
73.1405258178711
80.08594512939453
75.4129638671875
