81.15637969970703
86.77886199951172
89.70552825927734
55.75010299682617
90.97701263427734
89.45144653320312
85.18584442138672
94.45482635498047
87.17351531982422
93.59092712402344
96.91210174560547
61.51000213623047
97.3763656616211
93.9933090209961
87.09947967529297
93.68206024169922
83.50530242919922
86.87638854980469
87.5498275756836
50.73715591430664
83.94161224365234
79.4829330444336
72.12617492675781
78.38948822021484
68.46736907958984
74.01009368896484
78.18607330322266
49.16443634033203
84.01130676269531
83.92821502685547
81.38629913330078
91.9665298461914
85.09814453125
90.34619903564453
91.51568603515625
45.855552673339844
88.60567474365234
85.23358917236328
78.28221893310547
85.43165588378906
76.16595458984375
80.5621337890625
82.05240631103516
45.34858322143555
80.21859741210938
77.11095428466797
71.12642669677734
78.83206176757812
69.40313720703125
74.62007141113281
75.54019165039062
51.84926223754883
73.92066955566406
71.38886260986328
64.74971008300781
72.86634826660156
64.65848541259766
68.02680206298828
70.92024230957031
50.87556457519531
69.0639877319336
64.82754516601562
61.62922668457031
69.78883361816406
59.60831832885742
64.16743469238281
68.57455444335938
44.44957733154297
67.97227478027344
66.86349487304688
63.90565872192383
73.55713653564453
67.30609893798828
73.54070281982422
76.38224029541016
50.116756439208984
79.32198333740234
78.32073211669922
74.82318878173828
84.52432250976562
77.81889343261719
85.2311019897461
89.72785949707031
42.809566497802734
93.01466369628906
91.0183334350586
84.92311096191406
92.39303588867188
82.95243072509766
87.38992309570312
88.72116088867188
55.195125579833984
87.60077667236328
84.861083984375
79.38055419921875
87.08758544921875
78.5794448852539
83.97924041748047
85.9356689453125
48.87095642089844
85.75255584716797
83.57648468017578
78.4530258178711
86.69843292236328
78.57354736328125
83.93995666503906
86.58306884765625
48.4730110168457
87.16779327392578
85.2939682006836
80.58497619628906
88.88729858398438
80.98446655273438
87.2125244140625
90.32676696777344
56.64485549926758
91.38584899902344
88.52806854248047
82.31404876708984
89.61690521240234
80.11624145507812
84.08401489257812
84.90834045410156
41.44694900512695
82.65042114257812
78.7625732421875
72.85958862304688
79.83613586425781
71.6488265991211
74.654296875
76.15283203125
52.01894760131836
73.95613861083984
70.72355651855469
63.47748565673828
72.42012786865234
64.32898712158203
67.41264343261719
69.94818115234375
41.250850677490234
69.2842788696289
67.40023803710938
64.34007263183594
76.77509307861328
70.95628356933594
77.05157470703125
80.67111206054688
46.83590316772461
83.25041198730469
81.77426147460938
76.43717956542969
84.45166015625
75.00513458251953
79.13188934326172
80.24951934814453
39.607208251953125
78.5704345703125
75.95326232910156
71.13343811035156
79.07820892333984
70.85826873779297
75.80773162841797
79.06175231933594
46.310489654541016
80.12068939208984
78.46675109863281
74.55329132080078
84.19365692138672
77.18782806396484
83.97709655761719
87.73375701904297
49.57923889160156
89.91349029541016
87.6517333984375
82.20418548583984
89.85578918457031
80.8307876586914
85.48391723632812
87.08025360107422
53.408512115478516
85.84864807128906
82.64767456054688
75.94789123535156
83.35208129882812
74.1986083984375
79.65814971923828
81.77338409423828
48.65438461303711
82.36426544189453
80.20099639892578
75.1751708984375
83.46863555908203
75.48504638671875
81.10221099853516
83.74048614501953
49.38026428222656
84.46155548095703
82.30142211914062
77.48943328857422
86.4293212890625
78.4828872680664
84.3196029663086
87.31695556640625
54.33510208129883
88.53645324707031
86.67308044433594
82.14786529541016
91.23460388183594
83.43285369873047
89.77389526367188
92.61009216308594
57.7551383972168
93.43180084228516
90.98787689208984
85.42826080322266
93.02960968017578
83.88733673095703
88.51947784423828
89.98697662353516
57.846134185791016
88.24076843261719
85.24227142333984
79.11454772949219
86.76544189453125
77.62409210205078
82.3035888671875
84.34838104248047
55.134273529052734
83.37547302246094
80.47199249267578
74.91487884521484
82.3561782836914
74.18965911865234
78.79219055175781
81.04730987548828
52.92630386352539
79.91106414794922
77.6473617553711
71.60769653320312
79.67740631103516
70.64474487304688
76.19772338867188
78.03482818603516
40.52488708496094
78.11935424804688
75.72440338134766
70.59400939941406
78.96543884277344
70.7686767578125
75.98548889160156
77.81060028076172
48.04659652709961
77.41761016845703
74.78140258789062
69.85552215576172
77.46540832519531
68.9788589477539
73.69258117675781
75.76628112792969
36.57644271850586
75.34716033935547
72.04916381835938
65.8990478515625
74.07461547851562
65.04795837402344
69.98674774169922
70.80802917480469
48.93284606933594
70.81130981445312
72.58834075927734
69.87525177001953
81.66724395751953
76.48807525634766
83.61797332763672
86.65948486328125
42.74451446533203
86.61280822753906
83.70250701904297
77.48113250732422
84.86920928955078
76.00093841552734
79.90044403076172
80.68746948242188
51.3466911315918
79.06243896484375
76.62454223632812
71.98348236083984
81.59025573730469
74.22443389892578
80.28498840332031
83.55946350097656
49.2823371887207
85.27511596679688
83.81468200683594
79.36180877685547
88.66294860839844
81.1248550415039
87.27062225341797
90.27835083007812
53.24544906616211
90.66522216796875
88.26510620117188
82.41079711914062
90.14153289794922
81.146240234375
85.87239837646484
87.52485656738281
42.437381744384766
86.3480453491211
83.33916473388672
77.52879333496094
85.36779022216797
76.83816528320312
81.55946350097656
83.56812286376953
48.053306579589844
83.186767578125
80.60301208496094
74.42430877685547
83.31206512451172
75.31185913085938
80.2687759399414
82.6188735961914
51.88959503173828
82.59498596191406
80.55294036865234
75.21662902832031
84.2208251953125
76.41751861572266
82.47161102294922
85.50137329101562
50.76959991455078
86.8123779296875
85.48528289794922
81.0158920288086
90.4127426147461
83.04293823242188
89.36853790283203
92.51030731201172
55.3863410949707
92.33626556396484
89.00679016113281
82.16544342041016
89.10159301757812
79.43018341064453
83.34553527832031
84.20941925048828
51.3543701171875
81.66268920898438
78.49736022949219
72.61691284179688
79.09991455078125
68.75391387939453
74.23387908935547
75.08415985107422
48.23487854003906
73.0452651977539
69.33474731445312
64.29750061035156
70.87890625
62.32448959350586
66.73973846435547
70.51256561279297
53.565608978271484
71.96180725097656
71.81099700927734
68.2247314453125
76.52953338623047
67.69293975830078
75.74781036376953
78.39138793945312
32.54644012451172
79.45289611816406
77.7061996459961
72.28628540039062
81.54167938232422
73.9580078125
79.30545043945312
82.509765625
53.110286712646484
83.61593627929688
82.45430755615234
78.39402770996094
87.98283386230469
80.93241119384766
87.81306457519531
91.27871704101562
54.34015655517578
93.15631866455078
91.32811737060547
86.26387786865234
94.56733703613281
86.01909637451172
91.23518371582031
93.3257827758789
56.48296356201172
92.95861053466797
90.45843505859375
85.02220153808594
93.11555480957031
84.79813385009766
89.87106323242188
91.8827133178711
47.87053298950195
90.20134735107422
86.72319793701172
80.39324188232422
88.71063232421875
80.6977767944336
86.28533935546875
88.91450500488281
59.205142974853516
89.55914306640625
87.43974304199219
82.27951049804688
90.87694549560547
82.39926147460938
88.03829956054688
90.33512878417969
57.13714599609375
90.95598602294922
89.60161590576172
85.97937774658203
95.74201202392578
88.546630859375
93.84534454345703
96.14522552490234
64.58966064453125
93.77508544921875
89.47389221191406
81.76416778564453
88.03361511230469
78.16847229003906
83.89671325683594
86.77642059326172
42.545101165771484
88.34559631347656
86.73627471923828
82.19843292236328
90.90047454833984
83.00821685791016
88.77342987060547
91.44719696044922
50.40822219848633
92.14305114746094
89.96403503417969
85.05126953125
93.47296905517578
85.26202392578125
90.79280853271484
93.05635070800781
58.23141860961914
93.05294799804688
90.4787826538086
84.69535827636719
92.4140853881836
83.20271301269531
87.39897155761719
88.87708282470703
55.48250198364258
88.59236907958984
86.51866149902344
81.67897033691406
90.50211334228516
82.54302215576172
88.12884521484375
90.87332916259766
49.860225677490234
91.30722045898438
89.12588500976562
83.69296264648438
92.08045959472656
83.5007553100586
88.58917236328125
90.77040100097656
52.142059326171875
91.18880462646484
89.22544860839844
84.35575866699219
92.9499740600586
84.95490264892578
90.53207397460938
93.07637786865234
58.58644485473633
93.0512924194336
90.44049835205078
84.50153350830078
92.35604858398438
83.67849731445312
88.40660858154297
90.60499572753906
54.215518951416016
91.72830963134766
90.26419830322266
85.9135971069336
95.14886474609375
87.62908172607422
93.92172241210938
96.859130859375
59.24049377441406
97.73529815673828
95.58728790283203
90.14974975585938
98.30047607421875
89.55533599853516
94.44329071044922
96.20707702636719
60.29238510131836
95.14128112792969
92.15068817138672
86.35157012939453
94.13558197021484
85.39794921875
90.18753814697266
91.93632507324219
56.341896057128906
90.66065979003906
87.37643432617188
80.77383422851562
87.73733520507812
78.44710540771484
83.43767547607422
85.37434387207031
53.02754211425781
84.88965606689453
82.20836639404297
76.59671783447266
84.68682861328125
76.04496765136719
80.74933624267578
82.24453735351562
50.19361877441406
80.50189208984375
77.54725646972656
71.50015258789062
79.48678588867188
72.06847381591797
78.26421356201172
81.20650482177734
48.187557220458984
80.88285827636719
78.2918930053711
72.3890609741211
81.3311767578125
73.1743392944336
78.24309539794922
80.55323791503906
38.58102035522461
80.2492904663086
79.02021789550781
74.05581665039062
83.74699401855469
75.32553100585938
80.24645233154297
81.64710998535156
55.0338249206543
79.58698272705078
76.46055603027344
70.87496948242188
78.5465087890625
69.9403305053711
76.65567016601562
79.5036849975586
35.48593521118164
80.59927368164062
78.79979705810547
73.59941101074219
82.15206909179688
73.13655090332031
78.91221618652344
80.58354949951172
49.699859619140625
78.90922546386719
74.67839050292969
68.59410095214844
76.2089614868164
