89.24124908447266
89.77816009521484
90.92266845703125
91.69257354736328
92.50470733642578
93.43299865722656
93.33647918701172
92.84390258789062
91.59259796142578
89.88834381103516
88.21637725830078
85.9933853149414
84.54998779296875
82.93666076660156
80.51456451416016
79.10384368896484
76.18602752685547
74.9696273803711
75.02814483642578
74.5632553100586
77.52558898925781
79.51715850830078
81.51919555664062
84.25335693359375
86.1371841430664
87.86400604248047
89.4555435180664
89.19132995605469
88.8606948852539
87.68733215332031
86.09247589111328
85.0491943359375
83.23320770263672
82.48216247558594
81.39251708984375
79.77210998535156
79.87399291992188
78.13711547851562
77.53047180175781
76.44989013671875
75.88916015625
75.06298828125
73.39886474609375
72.35884094238281
72.39033508300781
69.00718688964844
70.55448913574219
68.89092254638672
65.9830551147461
68.40431213378906
65.49871063232422
64.54328918457031
65.8021240234375
59.795108795166016
61.776214599609375
66.4212417602539
64.45838928222656
68.0285873413086
68.07797241210938
68.88389587402344
72.00424194335938
72.86833953857422
73.49208068847656
75.43253326416016
76.39618682861328
78.40519714355469
79.5572509765625
81.0045166015625
82.9109115600586
84.12519836425781
85.80833435058594
86.92330932617188
87.19676971435547
87.28097534179688
86.32506561279297
85.37113189697266
84.39839172363281
83.42865753173828
82.8314208984375
81.5953598022461
81.25111389160156
81.15428161621094
79.9244613647461
80.0608901977539
79.1758804321289
78.997802734375
79.14601135253906
77.84644317626953
78.11941528320312
78.1845703125
77.58355712890625
78.24207305908203
77.11813354492188
76.90824890136719
77.12799835205078
76.41082000732422
77.67980194091797
76.73667907714844
76.8632583618164
77.60668182373047
76.762451171875
76.76648712158203
77.02647399902344
76.64171600341797
77.40418243408203
77.47486877441406
76.44554138183594
77.45718383789062
76.76301574707031
77.79446411132812
77.74215698242188
77.32667541503906
77.91688537597656
77.41243743896484
78.01441955566406
78.25938415527344
77.9450454711914
78.98971557617188
79.10221099853516
78.78569793701172
79.86015319824219
79.55127716064453
80.58606719970703
80.56919860839844
81.47384643554688
82.34734344482422
82.11691284179688
82.44014739990234
82.23578643798828
81.81781005859375
81.17794799804688
79.08854675292969
78.20389556884766
76.33033752441406
74.99038696289062
75.01485443115234
73.52069091796875
74.77903747558594
76.39561462402344
76.25498962402344
78.19359588623047
79.52365112304688
80.07579040527344
80.37149810791016
80.62976837158203
80.78356170654297
79.88216400146484
78.60922241210938
77.90999603271484
76.37263488769531
75.61878204345703
74.29388427734375
73.04752349853516
73.04850006103516
71.09712219238281
70.98360443115234
70.56314849853516
68.73681640625
70.51715850830078
68.07188415527344
68.27761840820312
67.97269439697266
65.44318389892578
66.20429229736328
66.7636947631836
65.48638916015625
67.08985900878906
66.25360107421875
67.78921508789062
69.64794921875
68.30465698242188
71.51210021972656
71.14747619628906
72.78886413574219
73.92262268066406
74.96735382080078
76.94760131835938
77.34075164794922
78.1720962524414
78.17652893066406
77.8129653930664
77.68762969970703
75.63560485839844
75.31298065185547
74.02434539794922
71.82662200927734
69.32713317871094
65.9585952758789
67.15531921386719
65.87052917480469
68.46575927734375
68.8718490600586
69.01040649414062
70.75336456298828
71.75767517089844
70.96066284179688
72.28346252441406
72.3451919555664
72.55955505371094
72.78861236572266
72.51044464111328
72.47672271728516
73.89586639404297
74.016845703125
74.49452209472656
73.99014282226562
75.50559997558594
75.70511627197266
75.09925079345703
76.2177963256836
76.29554748535156
76.12942504882812
77.95870971679688
77.83502960205078
78.04761505126953
78.54401397705078
79.12130737304688
79.89057922363281
80.07525634765625
80.5132827758789
81.4194107055664
81.92418670654297
82.84053039550781
83.19097137451172
84.2619857788086
85.27519989013672
85.82441711425781
86.93406677246094
87.71446228027344
88.24183654785156
88.77471923828125
88.6618881225586
88.26679229736328
87.76194763183594
86.91442108154297
86.32083892822266
85.39085388183594
84.75729370117188
83.9626235961914
83.12448120117188
82.69293212890625
81.90296936035156
81.4298324584961
80.83684539794922
80.39078521728516
80.26860809326172
79.12862396240234
78.6310806274414
78.40328216552734
77.65328979492188
77.79700469970703
77.55327606201172
76.59583282470703
76.70686340332031
75.58802032470703
76.26676940917969
76.11100769042969
74.87874603271484
75.56636047363281
74.46340942382812
74.69033813476562
75.42945098876953
74.9790267944336
76.64466094970703
77.52606201171875
77.95860290527344
78.75245666503906
78.14240264892578
78.6525650024414
78.00801849365234
77.28732299804688
77.79190063476562
77.73506927490234
77.44700622558594
77.69596099853516
77.30166625976562
77.1146240234375
76.8712158203125
77.30318450927734
77.67462921142578
77.6098403930664
77.64368438720703
78.33892822265625
78.1747817993164
78.99602508544922
79.18380737304688
79.75115966796875
80.56668853759766
80.63896942138672
81.2661361694336
81.58219146728516
81.4356460571289
81.69105529785156
81.5859603881836
81.67969512939453
81.40068817138672
81.57054901123047
82.12943267822266
81.63573455810547
81.87333679199219
81.51334381103516
81.29363250732422
80.9730224609375
80.1260757446289
79.36491394042969
79.49291229248047
78.8084487915039
78.64381408691406
78.00618743896484
77.67992401123047
77.05979919433594
76.16976165771484
76.83772277832031
75.99756622314453
75.7430191040039
75.43254852294922
75.00788116455078
75.42833709716797
75.0304946899414
74.97433471679688
75.32366943359375
74.6862564086914
75.23057556152344
74.71436309814453
75.57331848144531
75.69795227050781
76.36180114746094
75.8399429321289
76.85346221923828
77.16830444335938
77.81256103515625
77.9300765991211
78.1327896118164
78.92991638183594
78.87023162841797
79.70308685302734
80.65148162841797
81.23709869384766
82.19982147216797
83.00384521484375
83.98542785644531
83.75547790527344
83.18950653076172
82.25736236572266
80.5445785522461
79.18083953857422
77.88777160644531
76.3100814819336
74.86772155761719
73.33024597167969
73.09673309326172
71.35734558105469
69.37896728515625
69.4906997680664
67.19017791748047
65.4891128540039
65.79711151123047
63.33643341064453
62.444190979003906
62.3259162902832
58.626834869384766
60.807857513427734
64.51705932617188
64.83012390136719
67.24986267089844
67.8581771850586
69.00032806396484
71.73719787597656
72.47625732421875
74.33499145507812
75.4588623046875
76.37065124511719
77.34861755371094
78.35222625732422
79.33470916748047
80.42867279052734
80.21883392333984
80.38580322265625
79.96847534179688
79.50151062011719
78.22640228271484
77.42047119140625
77.4004135131836
77.95634460449219
78.75890350341797
80.14380645751953
81.41400146484375
83.0975570678711
84.21430206298828
85.03392791748047
85.9294204711914
86.30974578857422
86.90312957763672
87.55821990966797
87.922119140625
88.3315200805664
88.66130065917969
88.7201156616211
89.04500579833984
89.06784057617188
89.25318145751953
89.02486419677734
88.79270935058594
87.71803283691406
86.62242889404297
86.3708267211914
86.23529815673828
86.0655517578125
86.77001190185547
86.68708801269531
87.12598419189453
87.30738830566406
87.36125946044922
87.7168197631836
87.92636108398438
87.99198913574219
87.94363403320312
87.68292999267578
87.16698455810547
86.4487075805664
85.64922332763672
85.70539093017578
85.789306640625
86.4286880493164
86.87196350097656
87.19762420654297
87.77021026611328
88.0257568359375
88.60661315917969
88.90938568115234
89.12495422363281
89.51005554199219
89.75447082519531
89.927001953125
90.22572326660156
90.1128158569336
90.17030334472656
89.8582763671875
89.32536315917969
88.68412780761719
87.75944519042969
86.79995727539062
85.85391235351562
85.00708770751953
84.5921630859375
84.28456115722656
84.29132843017578
84.59065246582031
84.51551818847656
84.7813949584961
84.82683563232422
84.86715698242188
84.95098114013672
85.09357452392578
85.63165283203125
86.5316390991211
87.50129699707031
88.34515380859375
89.0943832397461
89.74955749511719
90.30416107177734
90.36431884765625
90.6964340209961
90.53132629394531
90.00679779052734
88.886474609375
86.8884048461914
85.09039306640625
84.06470489501953
83.67593383789062
84.09912109375
84.49714660644531
84.76422882080078
85.3097915649414
85.38362121582031
85.49725341796875
85.11760711669922
84.3353271484375
83.50491333007812
82.0189208984375
80.70179748535156
79.2293701171875
77.67713165283203
77.4225845336914
76.7721939086914
77.02522277832031
78.04883575439453
78.35684204101562
79.17555236816406
79.72298431396484
80.32782745361328
80.62413787841797
81.14191436767578
81.56429290771484
81.92634582519531
82.06324768066406
82.6693344116211
83.1793441772461
83.80718231201172
84.53596496582031
85.24322509765625
86.16143798828125
87.1552963256836
87.91959381103516
88.8906478881836
89.65966033935547
90.509521484375
91.22636413574219
91.88848876953125
92.53034973144531
92.8150863647461
92.91184997558594
93.01219177246094
92.82147216796875
92.61702728271484
92.1740493774414
91.61772155761719
91.1456527709961
90.4796371459961
89.76686096191406
88.67849731445312
87.52182006835938
86.532470703125
85.44569396972656
84.67259216308594
84.2343978881836
83.91319274902344
83.74463653564453
83.18215942382812
82.88594818115234
82.69587707519531
82.22431182861328
81.93206024169922
81.3337631225586
81.19490814208984
81.36495971679688
80.7381820678711
80.85013580322266
80.48210906982422
79.90968322753906
78.5857162475586
76.73664093017578
74.72198486328125
70.44380950927734
68.98733520507812
66.0595703125
69.07807159423828
72.57513427734375
76.069580078125
77.7537612915039
78.56352996826172
79.83451843261719
79.84320831298828
80.30440521240234
80.15367126464844
80.12698364257812
80.41968536376953
79.51301574707031
79.81063079833984
78.95699310302734
78.36495208740234
77.91395568847656
76.983154296875
76.48749542236328
76.64171600341797
76.03965759277344
76.83805084228516
76.45612335205078
76.86143493652344
77.24591064453125
76.64512634277344
76.73650360107422
76.05026245117188
75.57048797607422
73.9306640625
72.36727142333984
