89.49211883544922
90.43553924560547
91.27593994140625
92.17987823486328
93.38470458984375
94.15437316894531
94.67097473144531
94.80907440185547
94.15804290771484
93.10404205322266
91.5443344116211
90.08926391601562
88.03640747070312
85.3614273071289
84.1100845336914
82.70714569091797
81.11062622070312
78.51205444335938
78.882568359375
76.80581665039062
76.93756103515625
80.0162124633789
82.55445098876953
85.2342758178711
87.95149230957031
89.56555938720703
90.80039978027344
90.47632598876953
89.19775390625
87.83316802978516
86.33284759521484
85.44580841064453
83.70911407470703
82.72222900390625
82.09317016601562
80.56595611572266
80.72586822509766
80.12477111816406
78.9789047241211
76.92194366455078
76.3218994140625
75.39932250976562
74.20989990234375
73.74370574951172
71.45693969726562
70.07393646240234
71.07390594482422
68.14383697509766
65.67565155029297
64.17889404296875
61.31443786621094
66.40740966796875
67.88766479492188
63.055641174316406
64.68141174316406
70.66326141357422
69.96708679199219
73.4378890991211
74.56553649902344
75.16161346435547
79.1767349243164
81.18780517578125
82.36736297607422
84.33966827392578
85.79582214355469
86.0421142578125
85.7731704711914
85.22449493408203
83.95761108398438
82.87696838378906
81.88314819335938
81.5448989868164
80.07207489013672
79.5165786743164
78.53629302978516
78.90644073486328
78.24356842041016
77.78549194335938
77.38101959228516
76.84830474853516
76.66778564453125
77.44182586669922
75.86514282226562
75.84109497070312
76.06974029541016
75.11373138427734
75.09069061279297
75.76573181152344
75.63005065917969
74.04539489746094
74.64045715332031
75.20777893066406
73.82490539550781
74.30057525634766
75.87848663330078
75.13288116455078
74.2669677734375
74.9182357788086
74.98652648925781
75.79591369628906
75.66177368164062
75.28673553466797
75.80270385742188
75.52384948730469
75.78305053710938
76.65721893310547
75.57904052734375
76.95291900634766
76.12684631347656
75.67230224609375
77.13005065917969
76.23870086669922
76.6445083618164
77.71341705322266
77.09976196289062
77.62184143066406
77.20266723632812
77.97818756103516
78.34099578857422
78.22676086425781
77.2927474975586
76.37367248535156
74.8427734375
72.98568725585938
73.69483947753906
74.18072509765625
73.01287841796875
74.76556396484375
75.92245483398438
76.97640991210938
77.2640609741211
77.79673767089844
77.82492065429688
78.80890655517578
79.83695220947266
80.4273681640625
82.04322052001953
83.09076690673828
83.87167358398438
84.67884826660156
85.33092498779297
86.6748046875
87.77611541748047
88.87593078613281
89.98956298828125
90.26956176757812
89.97869110107422
88.4168701171875
86.81999969482422
84.97032165527344
83.53248596191406
82.63837432861328
83.83902740478516
85.52859497070312
87.16043853759766
88.83741760253906
89.61653137207031
89.8323974609375
89.76117706298828
89.54873657226562
89.25096893310547
89.28086853027344
89.21495056152344
89.64019775390625
89.7968521118164
90.36014556884766
90.96959686279297
91.61202239990234
92.28828430175781
92.67161560058594
92.93936157226562
92.45259857177734
91.50821685791016
90.39201354980469
89.20425415039062
88.0634994506836
86.66600799560547
85.74793243408203
84.4559326171875
83.65974426269531
83.13108825683594
83.53392028808594
85.1690444946289
86.38081359863281
87.47049713134766
88.09856414794922
88.20358276367188
87.83529663085938
87.07550048828125
87.15128326416016
87.0073471069336
87.03472900390625
86.9146957397461
86.70121765136719
86.89274597167969
87.04293060302734
87.1192855834961
87.5435791015625
87.6154556274414
87.98236083984375
88.19749450683594
88.62413024902344
89.14375305175781
89.40214538574219
90.26560974121094
90.80587005615234
91.4970703125
92.13312530517578
93.01557922363281
93.83246612548828
94.36616516113281
95.22720336914062
95.56375122070312
95.57894897460938
95.29951477050781
94.56758117675781
93.80278015136719
92.89520263671875
91.75143432617188
90.83871459960938
90.02633666992188
89.32696533203125
88.4636001586914
87.77970123291016
87.25118255615234
86.50138854980469
85.56417846679688
84.96376037597656
84.63438415527344
84.37244415283203
83.39958190917969
83.5750732421875
82.6918716430664
82.58915710449219
82.71295928955078
81.54100799560547
81.60688018798828
80.86813354492188
81.08148956298828
80.42718505859375
80.10951232910156
80.1010971069336
79.94497680664062
78.7270736694336
79.31011962890625
78.3905258178711
78.90030670166016
78.5902328491211
77.82577514648438
78.34903717041016
77.31227111816406
77.61873626708984
77.33135223388672
77.31847381591797
77.46479034423828
77.45844268798828
76.91503143310547
77.09737396240234
77.43827056884766
76.09137725830078
76.43477630615234
75.27201843261719
75.98218536376953
74.74935913085938
75.78723907470703
75.84212493896484
75.52104949951172
78.41227722167969
80.45088195800781
81.57196044921875
82.49049377441406
82.42807006835938
82.14014434814453
82.00350952148438
80.68387603759766
80.15608215332031
79.27537536621094
79.49214935302734
79.05902099609375
79.58631134033203
79.609130859375
80.24018859863281
81.21968841552734
81.87986755371094
82.42121887207031
83.45006561279297
83.84416198730469
84.39511108398438
84.9471206665039
85.5356216430664
86.55668640136719
87.38751983642578
88.20923614501953
88.84346771240234
89.4112548828125
90.24777221679688
90.90813446044922
91.00663757324219
91.23735809326172
91.0009994506836
90.74815368652344
90.27691650390625
89.62275695800781
89.01219940185547
88.43245697021484
87.78404235839844
87.20186614990234
86.8604736328125
86.35646057128906
85.8561782836914
85.58170318603516
85.16153717041016
84.73847961425781
84.66814422607422
84.5043716430664
84.46868133544922
84.1715316772461
84.59698486328125
84.38980865478516
84.21019744873047
84.21283721923828
84.192138671875
83.77011108398438
83.20761108398438
82.33927917480469
81.58543395996094
80.57085418701172
80.85922241210938
80.93920135498047
81.61036682128906
82.3719482421875
82.87477111816406
83.70037078857422
84.91741943359375
85.26570129394531
86.22343444824219
87.18882751464844
88.19834899902344
89.30765533447266
90.32579803466797
91.4844741821289
92.46066284179688
92.8364486694336
93.01909637451172
92.23854064941406
91.14127349853516
89.73709106445312
88.359375
87.35601043701172
86.0571517944336
84.78939056396484
83.99507141113281
82.72281646728516
82.0043716430664
81.13176727294922
79.8646469116211
78.9146499633789
78.15901184082031
77.17094421386719
75.12097930908203
75.57349395751953
74.64598846435547
73.46480560302734
72.49763488769531
71.98320770263672
70.2885971069336
72.11754608154297
72.77671813964844
72.03429412841797
74.29340362548828
75.41831970214844
75.81455993652344
76.5528793334961
76.935302734375
77.18224334716797
75.40142822265625
75.24996185302734
73.3809814453125
73.88689422607422
72.46631622314453
71.05601501464844
72.84379577636719
73.40045928955078
74.34144592285156
76.60957336425781
77.83477020263672
79.24613189697266
80.88002014160156
82.45668029785156
83.77762603759766
85.31741333007812
86.20512390136719
87.06979370117188
87.45185089111328
87.78096771240234
88.28361511230469
88.7797622680664
89.25886535644531
89.71711730957031
89.86117553710938
89.9072036743164
89.88862609863281
89.7535400390625
89.86793518066406
89.76786041259766
89.60822296142578
89.62468719482422
89.4219970703125
89.583740234375
89.50110626220703
89.53803253173828
89.34516906738281
89.48523712158203
89.2557144165039
89.18346405029297
89.264892578125
89.0092544555664
88.5550537109375
88.2432632446289
87.63389587402344
87.39997100830078
87.45845794677734
87.88492584228516
88.56768798828125
89.21446228027344
89.43598937988281
89.79805755615234
90.03134155273438
90.06171417236328
90.1224365234375
90.01636505126953
89.87835693359375
89.30665588378906
89.23637390136719
89.36573791503906
89.31067657470703
89.65950012207031
89.73008728027344
89.77239227294922
89.97038269042969
90.07364654541016
90.21157836914062
90.17406463623047
90.36676025390625
90.6094970703125
90.53689575195312
90.61023712158203
90.64297485351562
90.89568328857422
90.74642181396484
90.88727569580078
90.82845306396484
90.99543762207031
90.99734497070312
91.0184097290039
91.04801940917969
91.0438461303711
91.13948059082031
91.22797393798828
91.08740234375
91.10171508789062
91.14493560791016
91.16742706298828
91.30386352539062
91.11165618896484
91.24171447753906
91.19300079345703
91.43267059326172
91.44215393066406
91.50808715820312
91.74968719482422
91.72856140136719
91.58087921142578
91.96674346923828
92.11775207519531
92.46460723876953
92.82299041748047
93.16582489013672
93.61775207519531
94.10731506347656
94.56159210205078
94.89322662353516
95.39688110351562
95.6833267211914
95.89161682128906
95.96516418457031
95.8301010131836
95.48595428466797
94.87594604492188
93.97604370117188
93.03558349609375
91.93280792236328
90.94012451171875
89.8144302368164
88.79977416992188
87.67996215820312
86.74819946289062
85.54829406738281
84.46466827392578
83.52627563476562
82.41321563720703
81.61500549316406
79.9802474975586
78.44963073730469
77.513671875
76.28263854980469
74.668701171875
73.53582000732422
73.92001342773438
77.08114624023438
80.38699340820312
83.14285278320312
85.61353302001953
86.72834014892578
86.99251556396484
87.03124237060547
86.42729187011719
85.66024780273438
84.6616439819336
83.51117706298828
82.70750427246094
81.08036041259766
79.71537017822266
78.74708557128906
77.69132995605469
77.15992736816406
77.80314636230469
79.1566162109375
79.95121765136719
82.13080596923828
82.93413543701172
82.62079620361328
81.95574951171875
81.3218002319336
81.4864501953125
83.09868621826172
85.06642150878906
86.84842681884766
88.32086181640625
89.15799713134766
90.16742706298828
90.58070373535156
90.43212127685547
90.0825424194336
89.71724700927734
89.03186798095703
87.95767974853516
86.40188598632812
84.21527099609375
80.70133972167969
75.98991394042969
67.7598648071289
69.59294891357422
73.87568664550781
77.97399139404297
80.95313262939453
83.16937255859375
84.87506103515625
86.17753601074219
87.1867446899414
87.70164489746094
87.95181274414062
88.3865737915039
88.44548034667969
88.63999938964844
88.62742614746094
88.52289581298828
88.72209167480469
88.60308837890625
88.43565368652344
88.2986831665039
87.74505615234375
86.96273803710938
85.884033203125
85.13526916503906
83.8944320678711
