85.94014739990234
92.05692291259766
94.99295043945312
61.743064880371094
96.15313720703125
94.54945373535156
90.3725357055664
99.38770294189453
92.04251861572266
97.84087371826172
100.3825454711914
64.41111755371094
98.89900207519531
94.82083129882812
88.01475524902344
94.41275024414062
84.1065902709961
88.0167007446289
88.27732849121094
58.07231521606445
84.04224395751953
79.81441497802734
76.15764617919922
84.9935073852539
78.81387329101562
85.66986083984375
90.35062408447266
58.382774353027344
95.51026153564453
94.96018981933594
90.31499481201172
98.6258773803711
89.04008483886719
93.45265197753906
94.3791732788086
57.135955810546875
91.92768096923828
88.4175033569336
82.33624267578125
89.8390121459961
80.92340850830078
85.09353637695312
86.77987670898438
44.53675079345703
85.27706146240234
82.25978088378906
76.48367309570312
84.49604034423828
75.39837646484375
80.0736312866211
82.33155059814453
53.94600296020508
81.18011474609375
78.01675415039062
72.13526916503906
80.41561126708984
71.76558685302734
75.87716674804688
77.80120849609375
55.79084777832031
76.7900390625
72.71267700195312
68.21098327636719
74.85073852539062
63.23786163330078
70.80074310302734
72.16534423828125
56.08732223510742
69.9278793334961
67.7858657836914
64.019287109375
72.76303100585938
66.32630157470703
73.21844482421875
76.93730926513672
49.58590316772461
80.96217346191406
80.71052551269531
78.21188354492188
88.44696807861328
82.49901580810547
89.7097396850586
93.47103118896484
65.20259857177734
93.49695587158203
90.2340316772461
83.53143310546875
91.11005401611328
81.77719116210938
87.05097198486328
88.66390991210938
58.3542594909668
87.6395492553711
84.89253997802734
79.94929504394531
88.03253936767578
79.52871704101562
84.64659118652344
86.97021484375
57.281883239746094
87.18780517578125
84.89800262451172
79.79331970214844
87.99285125732422
79.64134216308594
85.63140869140625
88.2215347290039
53.771095275878906
88.68656158447266
86.72476959228516
82.27217102050781
90.9734115600586
83.66295623779297
90.17906951904297
93.24992370605469
57.38901901245117
93.89356231689453
91.10955810546875
84.54813385009766
91.98270416259766
82.07157135009766
86.0040512084961
87.0702896118164
52.35725402832031
84.04290008544922
80.20816802978516
74.03447723388672
81.0265121459961
71.30538940429688
74.96031951904297
75.00263977050781
53.00419235229492
72.30268859863281
67.87611389160156
60.19961929321289
66.76033782958984
49.92665481567383
52.93564987182617
52.79562759399414
38.94478225708008
71.57433319091797
74.8775863647461
72.59983825683594
83.73776245117188
77.39036560058594
84.01815032958984
87.69918823242188
34.35688400268555
88.83084869384766
85.77022552490234
79.72021484375
86.3721694946289
77.58747100830078
80.83946228027344
81.39667510986328
56.34031677246094
79.92693328857422
76.20366668701172
71.04846954345703
77.55111694335938
69.85572052001953
72.90531921386719
75.27397918701172
44.303802490234375
75.22734832763672
73.05120849609375
67.14683532714844
75.10357666015625
68.18292999267578
73.74772644042969
75.62774658203125
59.38454055786133
77.27693939208984
75.64103698730469
71.54067993164062
80.13641357421875
72.69132232666016
77.82698059082031
80.16983795166016
54.1075553894043
80.02359771728516
78.28970336914062
74.53473663330078
81.19495391845703
72.62000274658203
77.95755004882812
80.0716781616211
48.453670501708984
79.99066162109375
77.83966827392578
71.40318298339844
80.28205871582031
72.14982604980469
77.72244262695312
80.45804595947266
44.93721389770508
80.52938079833984
78.20201110839844
74.3836441040039
82.10969543457031
73.91433715820312
79.44561004638672
82.07423400878906
50.985923767089844
83.198486328125
81.11921691894531
76.29375457763672
85.32979583740234
77.59109497070312
83.01557922363281
86.23544311523438
56.33625030517578
87.21915435791016
85.77277374267578
81.12077331542969
90.31072998046875
83.13388061523438
88.9552993774414
92.24771118164062
56.463531494140625
93.53497314453125
91.62174224853516
86.19485473632812
94.23653411865234
85.5229263305664
89.87076568603516
91.33807373046875
52.196449279785156
89.59242248535156
86.65221405029297
80.68390655517578
88.1644058227539
78.83243560791016
83.90959930419922
85.15984344482422
55.15503692626953
84.33931732177734
81.45964050292969
75.93475341796875
83.53500366210938
73.08975982666016
80.34139251708984
82.3468017578125
52.28968811035156
82.60181427001953
80.31332397460938
75.90070343017578
82.98814392089844
74.27117919921875
78.82556915283203
81.10514831542969
54.94050598144531
80.48333740234375
77.95069122314453
72.28984832763672
80.10912322998047
69.92060852050781
76.65076446533203
78.55760192871094
47.87731170654297
77.82579040527344
75.1104507446289
69.1994857788086
76.58528900146484
67.49888610839844
73.42752838134766
76.80744171142578
53.583805084228516
81.16547393798828
80.57347869873047
77.2680435180664
85.33546447753906
77.10778045654297
82.777587890625
84.59071350097656
49.96118927001953
84.86006164550781
82.49240112304688
77.0682373046875
85.54986572265625
77.30347442626953
83.18290710449219
85.59046936035156
53.89955520629883
85.83841705322266
83.7442398071289
79.13985443115234
87.3558349609375
79.33345031738281
84.50152587890625
87.00999450683594
52.648685455322266
87.46964263916016
85.8148193359375
80.943603515625
89.65552520751953
81.57945251464844
87.14585876464844
89.33861541748047
45.1349983215332
89.09645080566406
86.56858825683594
80.99594116210938
89.04461669921875
80.63458251953125
85.52001190185547
87.29705810546875
18.39937973022461
86.50273895263672
83.68726348876953
78.27131652832031
86.32361602783203
78.05020141601562
82.76460266113281
84.913330078125
51.505252838134766
84.39839172363281
82.1804428100586
76.94799041748047
85.33543395996094
77.01107025146484
82.66932678222656
85.41226959228516
52.961212158203125
86.18180084228516
84.44078826904297
79.50345611572266
88.23754119873047
80.57717895507812
86.47024536132812
89.45807647705078
47.73773193359375
90.03279113769531
87.60164642333984
82.39066314697266
90.42446899414062
82.5238265991211
88.018798828125
90.600341796875
49.99101257324219
89.41041564941406
85.68961334228516
79.31503295898438
86.22307586669922
77.00757598876953
80.69152069091797
82.12297058105469
50.25816345214844
79.6011962890625
76.19832611083984
69.80311584472656
76.84735107421875
67.20645141601562
72.61393737792969
73.49593353271484
49.58986282348633
70.16309356689453
66.70639038085938
61.22159194946289
70.03143310546875
64.73664855957031
70.48074340820312
74.45614624023438
52.410369873046875
77.40938568115234
76.0236587524414
72.3238525390625
82.5050277709961
75.13467407226562
81.9254150390625
85.46195983886719
54.04451370239258
87.66951751708984
86.25518035888672
81.69256591796875
90.40735626220703
82.41033935546875
87.7977066040039
90.05374145507812
53.096797943115234
89.25416564941406
86.52755737304688
80.746337890625
88.42408752441406
80.17725372314453
85.64820861816406
88.5417251586914
52.59287643432617
91.25140380859375
90.3502197265625
86.29913330078125
95.7244873046875
88.16839599609375
93.9681625366211
96.5586166381836
55.291439056396484
96.57191467285156
94.23297882080078
88.85282897949219
97.00057983398438
88.40129852294922
93.26729583740234
95.14358520507812
56.377986907958984
95.17726135253906
93.31439971923828
88.34305572509766
97.33794403076172
89.79232788085938
95.08572387695312
97.74532318115234
64.40487670898438
96.7368392944336
93.68045806884766
87.32369995117188
95.96006774902344
87.84223937988281
93.96472930908203
96.52867889404297
53.179115295410156
96.1796646118164
93.1094741821289
86.78189086914062
93.44160461425781
83.2777099609375
87.7165756225586
89.31452178955078
53.15677261352539
90.52074432373047
88.87171936035156
84.5846176147461
93.6713638305664
86.0685043334961
92.0261459350586
94.846435546875
49.788204193115234
95.5743408203125
93.42630004882812
88.20108032226562
96.18549346923828
87.36006164550781
92.2395248413086
93.73289489746094
46.32727813720703
92.57709503173828
90.05406188964844
85.09259796142578
93.38394927978516
85.24755859375
90.99894714355469
93.67700958251953
49.30375671386719
93.78254699707031
91.0793228149414
84.93672180175781
92.44003295898438
83.37489318847656
88.40534210205078
90.75725555419922
54.48894119262695
91.7225112915039
89.89602661132812
85.13259887695312
93.80142974853516
85.84369659423828
91.45684814453125
94.0388412475586
50.92961502075195
94.60262298583984
92.56568908691406
87.41947174072266
95.87319946289062
87.69615936279297
93.35187530517578
95.8036880493164
50.21139907836914
95.77406311035156
93.29342651367188
88.22282409667969
96.61430358886719
88.49430084228516
94.06758117675781
96.71464538574219
46.37195587158203
97.304931640625
95.16202545166016
89.69478607177734
98.16031646728516
89.63114929199219
94.87718963623047
96.80078887939453
50.50217819213867
95.97236633300781
93.16569519042969
87.71725463867188
95.76666259765625
87.55006408691406
93.20095825195312
96.21495819091797
53.673240661621094
98.03509521484375
96.41230773925781
91.12776184082031
99.76483917236328
91.22970581054688
96.1131362915039
97.97786712646484
42.188255310058594
96.8622055053711
93.9859619140625
88.19493865966797
96.05654907226562
87.25355529785156
92.11766052246094
93.94377136230469
55.65494918823242
93.09526824951172
90.0461654663086
83.9789047241211
91.50183868408203
82.51506042480469
87.5816650390625
89.77916717529297
44.27752685546875
88.9726333618164
86.61463928222656
81.03729248046875
89.07938385009766
80.40615844726562
85.562744140625
87.46883392333984
51.45623779296875
86.52780151367188
83.57892608642578
76.95694732666016
85.03429412841797
75.18626403808594
80.23458862304688
80.24056243896484
41.1132926940918
75.85550689697266
73.1009750366211
68.2330093383789
77.62977600097656
69.83248138427734
76.98223876953125
81.41437530517578
50.14140319824219
84.00223541259766
82.14649200439453
75.20870971679688
81.91969299316406
70.14452362060547
70.68279266357422
64.37155151367188
46.115196228027344
77.84681701660156
79.07233428955078
75.49149322509766
85.79662322998047
78.35196685791016
84.04360961914062
86.6039810180664
49.52859878540039
86.58375549316406
84.1786117553711
79.31031799316406
87.57420349121094
79.30298614501953
84.76973724365234
87.43323516845703
46.02132034301758
87.57522583007812
85.5738296508789
79.88310241699219
88.04576873779297
