68.35630798339844
72.29686737060547
74.08242797851562
55.23173904418945
76.10989379882812
74.13008880615234
71.3216552734375
80.17720031738281
72.12032318115234
80.0602035522461
83.80265045166016
54.4629020690918
85.34491729736328
82.79670715332031
76.5258560180664
81.767822265625
70.64545440673828
69.79866027832031
70.7191162109375
58.440345764160156
63.85557556152344
60.102500915527344
62.15528106689453
72.08909606933594
67.02835845947266
75.20634460449219
79.75544738769531
60.04743194580078
84.34422302246094
83.16041564941406
78.9298324584961
85.38381958007812
75.98638916015625
79.62772369384766
80.4767837524414
41.925743103027344
78.23326110839844
75.86978149414062
69.03812408447266
76.09562683105469
68.91264343261719
72.7326431274414
74.22471618652344
55.47590255737305
72.51932525634766
69.59602355957031
65.00515747070312
71.32535552978516
64.7549057006836
64.67947387695312
68.16856384277344
46.9848518371582
68.60212707519531
67.20830535888672
59.24585723876953
67.67806243896484
53.2678108215332
65.77879333496094
68.47063446044922
53.03901290893555
68.36087036132812
66.53506469726562
62.43760299682617
69.26624298095703
61.85213851928711
66.03327941894531
69.79061126708984
53.64943313598633
69.3462905883789
67.2625732421875
64.64234924316406
69.51020050048828
62.57740783691406
68.19599151611328
69.50531005859375
55.893890380859375
70.96805572509766
68.90351867675781
63.74707794189453
72.54769897460938
65.70201110839844
71.21843719482422
75.89720153808594
49.15985870361328
78.69408416748047
77.87967681884766
75.46520233154297
84.47491455078125
76.64690399169922
82.65017700195312
85.41271209716797
47.09815979003906
85.75392150878906
83.65914154052734
78.97025299072266
87.7197265625
80.12439727783203
85.296142578125
88.43863677978516
54.126953125
89.07965087890625
87.08688354492188
80.58869934082031
88.71480560302734
80.2679672241211
82.37357330322266
82.7820816040039
47.818721771240234
77.69544982910156
74.47390747070312
68.5239486694336
77.09654998779297
66.80818939208984
74.04161071777344
74.75464630126953
54.76935577392578
73.34075927734375
69.22775268554688
68.58275604248047
73.53697204589844
66.25165557861328
70.77957916259766
72.59148406982422
54.0801887512207
73.79379272460938
70.38943481445312
64.21056365966797
74.25629425048828
67.25662994384766
72.58773803710938
75.82335662841797
53.33055114746094
76.4423599243164
73.94979858398438
70.24578857421875
78.72406768798828
70.4104995727539
76.57357788085938
79.66072845458984
61.669612884521484
81.33452606201172
79.77108001708984
75.92208862304688
83.3595962524414
71.7311019897461
76.99424743652344
77.54717254638672
51.090518951416016
78.91177368164062
76.289794921875
71.20099639892578
79.75857543945312
71.05939483642578
77.02250671386719
79.40113067626953
39.262874603271484
78.93120574951172
76.96617889404297
70.95648193359375
79.44918060302734
70.95951843261719
75.29548645019531
76.97848510742188
60.125892639160156
76.08026123046875
73.13813781738281
70.6724853515625
78.70104217529297
71.205322265625
78.02468872070312
80.91072082519531
55.05271911621094
81.2835464477539
78.61861419677734
74.21819305419922
82.15412902832031
73.84188842773438
78.08085632324219
80.13665771484375
53.972957611083984
82.81982421875
81.89387512207031
77.09461212158203
86.08808898925781
77.84968566894531
83.93177032470703
86.37828063964844
57.57027816772461
86.83908081054688
84.85869598388672
79.80191802978516
88.45499420166016
80.41211700439453
85.89411163330078
88.78063201904297
59.140464782714844
89.43073272705078
87.8634033203125
81.85137176513672
91.35955810546875
83.77244567871094
87.75530242919922
89.98731994628906
61.51293182373047
90.08040618896484
88.84004974365234
83.31617736816406
93.2575454711914
87.62220764160156
91.560791015625
96.15167999267578
81.47224426269531
95.57147979736328
94.65718841552734
84.5810317993164
94.29171752929688
85.96752166748047
88.17572021484375
89.75963592529297
66.67182159423828
87.09329223632812
84.1630630493164
77.07662963867188
84.71440124511719
75.7145767211914
80.3807144165039
81.52179718017578
58.43246841430664
79.9057846069336
76.63652801513672
71.89909362792969
78.43041229248047
69.6557388305664
74.72883605957031
77.2196044921875
54.48192596435547
79.48400115966797
78.7877426147461
74.2395248413086
82.9480972290039
73.61865234375
78.9488296508789
80.63148498535156
49.077392578125
78.97689819335938
76.6036148071289
71.12692260742188
78.30693054199219
70.11599731445312
74.61094665527344
76.80792236328125
54.96195983886719
76.84991455078125
73.9830093383789
66.97714233398438
76.36127471923828
68.35240173339844
73.25139617919922
75.94921875
42.96671676635742
75.9284896850586
73.81558227539062
67.56281280517578
76.34856414794922
68.85139465332031
72.27397155761719
74.57001495361328
51.021724700927734
75.47331237792969
74.66878509521484
71.08872985839844
80.69619750976562
73.36930084228516
78.55680084228516
82.28001403808594
55.78061294555664
82.97526550292969
81.02191162109375
76.59049224853516
85.74920654296875
77.96221160888672
84.1259994506836
87.07644653320312
49.98628616333008
88.48458862304688
86.46195220947266
81.98974609375
90.60064697265625
82.74903106689453
88.81825256347656
91.89315795898438
56.615360260009766
93.8184585571289
92.01795196533203
87.07835388183594
95.26031494140625
86.14396667480469
91.02128601074219
92.22599792480469
53.78483200073242
89.97986602783203
86.310791015625
81.12043762207031
87.63300323486328
77.63079833984375
84.65886688232422
87.47650909423828
64.80223083496094
87.71466827392578
86.21427917480469
79.05303955078125
88.30876159667969
80.58446502685547
84.46263885498047
87.45481872558594
53.380897521972656
87.38790893554688
85.419677734375
79.89807891845703
89.1928482055664
81.71800994873047
87.03881072998047
89.72825622558594
57.51971435546875
90.3822250366211
88.3897933959961
84.26277923583984
92.6139144897461
84.50074768066406
89.85511016845703
91.6145248413086
59.934974670410156
89.15982818603516
85.29903411865234
77.94572448730469
85.10167694091797
74.89360046386719
78.58244323730469
80.10596466064453
48.76418685913086
76.55313110351562
72.3078384399414
65.57826232910156
73.17961120605469
63.69109344482422
65.1175537109375
66.21636199951172
53.192535400390625
66.7207260131836
67.09982299804688
57.873191833496094
66.89252471923828
59.905704498291016
67.037841796875
70.17498779296875
41.0557861328125
72.43775939941406
72.00049591064453
70.16034698486328
80.40271759033203
74.54229736328125
79.9688949584961
84.05513763427734
57.594032287597656
86.47048950195312
85.6918716430664
79.58586120605469
88.63522338867188
80.17689514160156
83.22554779052734
84.04508972167969
51.854942321777344
80.8676986694336
76.85221099853516
70.3039779663086
76.14256286621094
66.58454895019531
69.89680480957031
70.47238159179688
51.931339263916016
69.28814697265625
67.76963806152344
64.82263946533203
70.98704528808594
62.54646301269531
72.45600128173828
74.74602508544922
52.35429763793945
77.79546356201172
76.11219024658203
73.69319152832031
83.2364501953125
77.48373413085938
82.46855163574219
85.92932891845703
59.39280319213867
83.61589050292969
80.4306869506836
74.03742980957031
83.29019927978516
77.41120147705078
83.66838836669922
87.55888366699219
53.70454025268555
88.37468719482422
85.87715911865234
79.64181518554688
88.03560638427734
79.22530364990234
83.8237075805664
86.12332153320312
52.24953079223633
85.55868530273438
83.09230041503906
77.34571838378906
85.42326354980469
77.5296859741211
82.43122100830078
84.50560760498047
49.81313705444336
84.15286254882812
81.64332580566406
76.42805480957031
83.96292877197266
75.05941009521484
80.82186126708984
83.02938079833984
48.29621505737305
83.30589294433594
81.1424789428711
76.26197814941406
84.48078155517578
75.96942138671875
81.88066101074219
84.18738555908203
51.50033950805664
84.71684265136719
82.34004211425781
77.3694839477539
85.92720031738281
77.79705047607422
83.71085357666016
86.1973648071289
48.10955810546875
87.05782318115234
85.3868408203125
80.15042114257812
89.0879898071289
81.09664916992188
86.45970916748047
88.96463775634766
55.640625
87.47540283203125
83.97630310058594
76.77861022949219
83.30047607421875
72.83504486083984
77.87847137451172
78.98188781738281
48.54703140258789
79.0350341796875
77.3530044555664
73.38381958007812
82.32240295410156
73.69182586669922
80.81092071533203
84.2238998413086
51.53571319580078
86.18203735351562
84.85569763183594
80.08055877685547
89.75543975830078
82.10237121582031
88.292724609375
91.57295227050781
56.11225128173828
92.95938873291016
91.06684875488281
85.9071044921875
93.99154663085938
85.31210327148438
90.61045837402344
92.50299835205078
44.100337982177734
91.99600219726562
89.5503921508789
83.65573120117188
92.03860473632812
83.93269348144531
88.51150512695312
90.72223663330078
48.94266891479492
90.35038757324219
88.0320816040039
82.1708755493164
90.75595092773438
82.75344848632812
87.45036315917969
90.0050277709961
61.4322395324707
88.53752899169922
85.2718734741211
76.7686996459961
83.45226287841797
73.5605239868164
76.99186706542969
80.12218475341797
56.842166900634766
81.91852569580078
80.30716705322266
75.98490905761719
84.50992584228516
75.90413665771484
81.19094848632812
82.128662109375
55.79893493652344
78.75372314453125
74.15206146240234
68.6002197265625
75.32963562011719
67.86746978759766
73.63856506347656
76.8410415649414
48.133544921875
79.59877014160156
77.89115905761719
73.16565704345703
80.0726089477539
69.99324035644531
75.62956237792969
78.17384338378906
50.479251861572266
80.11080932617188
78.3515625
74.04579162597656
83.29549407958984
76.25955200195312
82.3003921508789
85.29044342041016
59.04080581665039
85.71072387695312
83.32206726074219
76.30691528320312
84.17024230957031
75.16791534423828
77.56134033203125
77.74210357666016
55.649959564208984
73.77479553222656
72.36998748779297
70.859130859375
80.64286804199219
73.56371307373047
78.98351287841797
80.64115142822266
54.610191345214844
78.77177429199219
73.70121002197266
70.03043365478516
75.72168731689453
65.98392486572266
70.30081939697266
72.55554962158203
55.129520416259766
73.21834564208984
70.47335052490234
66.24006652832031
74.7948989868164
65.46609497070312
73.80955505371094
77.67191314697266
47.81169891357422
79.25588989257812
77.80497741699219
73.5221939086914
83.47258758544922
