71.77281951904297
76.89127349853516
79.18470764160156
64.33948516845703
81.1807861328125
80.51994323730469
76.32102966308594
85.62528228759766
78.70914459228516
85.06798553466797
89.1671142578125
49.19246292114258
89.9042739868164
86.48979949951172
77.22246551513672
84.51982116699219
71.3721694946289
75.95146942138672
74.00550842285156
57.62737274169922
59.59804153442383
68.3075942993164
63.69396209716797
77.85176086425781
73.92154693603516
80.44351959228516
84.35557556152344
60.887725830078125
90.07080078125
87.51972198486328
83.20337677001953
89.58627319335938
79.6143569946289
83.36163330078125
84.59208679199219
52.66731262207031
82.39837646484375
79.6065902709961
71.51728057861328
80.70145416259766
70.43217468261719
76.0243148803711
77.52313232421875
59.305763244628906
75.61830139160156
73.27542877197266
64.90861511230469
73.33951568603516
62.19031524658203
71.58740234375
72.18347930908203
50.962120056152344
70.83090209960938
68.73506164550781
59.21986770629883
69.84052276611328
60.86143493652344
65.42786407470703
69.45902252197266
64.0370864868164
72.965576171875
69.39567565917969
63.87213134765625
73.4833755493164
64.43486785888672
70.80939483642578
74.1705093383789
44.49418258666992
74.41267395019531
73.0378646850586
63.65117645263672
74.53144836425781
65.0989990234375
71.16659545898438
75.19987487792969
49.005462646484375
76.29117584228516
74.62232208251953
69.54676818847656
79.43748474121094
70.4348373413086
79.38763427734375
82.49801635742188
56.74016189575195
86.04119110107422
85.6579818725586
81.16648864746094
90.65715789794922
83.13689422607422
88.3633804321289
90.70347595214844
62.591835021972656
91.01956939697266
88.68150329589844
83.69422149658203
92.08173370361328
83.83290100097656
89.864990234375
92.63712310791016
49.87950134277344
93.37060546875
91.49761962890625
85.42920684814453
93.6445541381836
84.76765441894531
88.0069808959961
88.59442138671875
46.1318244934082
82.32960510253906
79.37393188476562
74.83625793457031
81.94093322753906
73.5479507446289
77.33771514892578
79.31901550292969
42.76547622680664
78.8688735961914
75.33341217041016
69.33769226074219
77.18173217773438
69.88500213623047
73.03133392333984
77.20630645751953
58.328712463378906
77.70979309082031
76.18367767333984
71.46173858642578
79.48831176757812
72.5822982788086
77.6620101928711
80.77067565917969
55.47517395019531
82.48165130615234
80.43437194824219
75.27594757080078
83.69371795654297
75.24286651611328
82.96070861816406
85.35579681396484
65.6274642944336
87.49285888671875
85.1449966430664
81.79532623291016
88.50740051269531
74.87730407714844
77.46749877929688
61.14329147338867
45.79513168334961
78.85285186767578
77.53465270996094
73.56596374511719
80.5019760131836
74.00936889648438
78.74327087402344
81.52713775634766
58.1497917175293
81.98982238769531
79.82351684570312
74.8584976196289
82.66041564941406
71.64576721191406
79.81278991699219
81.07354736328125
60.643558502197266
79.89744567871094
75.34571075439453
74.18871307373047
80.17628479003906
72.2341079711914
80.70553588867188
83.87388610839844
59.16250228881836
84.29127502441406
82.32855987548828
76.87320709228516
84.91661071777344
76.23468780517578
81.65133666992188
85.47859191894531
43.966209411621094
88.3650131225586
87.13780975341797
82.26264953613281
90.82306671142578
82.77386474609375
88.2478256225586
90.75117492675781
61.31437301635742
91.13877868652344
88.90696716308594
83.90812683105469
92.13282012939453
84.02210235595703
89.25849914550781
92.00949096679688
54.01553726196289
92.29053497314453
90.27312469482422
85.35588836669922
93.93074798583984
86.0068588256836
91.26235961914062
93.94131469726562
61.160030364990234
93.38243103027344
91.1143798828125
85.98748016357422
95.26495361328125
87.94648742675781
93.01634216308594
96.6686019897461
74.41537475585938
98.10076904296875
97.55804443359375
90.20609283447266
101.55642700195312
96.26435089111328
97.3001708984375
100.86064147949219
82.88509368896484
97.89326477050781
95.14716339111328
87.41802215576172
95.02803802490234
86.54205322265625
89.77112579345703
91.14187622070312
70.67755126953125
89.01262664794922
86.1697998046875
80.36666870117188
87.22157287597656
78.68866729736328
82.47211456298828
84.18619537353516
58.88348388671875
84.54399871826172
82.55747985839844
78.10028076171875
87.66877746582031
79.1525650024414
84.32235717773438
85.9132308959961
57.158447265625
85.02533721923828
82.36290740966797
76.53380584716797
83.90983581542969
75.08554077148438
80.2328872680664
82.00047302246094
58.63982009887695
81.47576904296875
79.1283950805664
73.85680389404297
82.22750854492188
72.93983459472656
78.40535736083984
80.51524353027344
52.93480682373047
81.14400482177734
78.39799499511719
72.48390197753906
80.89437103271484
73.69959259033203
77.86884307861328
80.46004486083984
47.92993927001953
80.83377075195312
79.8354721069336
76.1113510131836
86.48690032958984
79.24386596679688
85.08415222167969
88.23406219482422
64.2869644165039
89.07948303222656
87.26971435546875
82.01910400390625
91.07879638671875
83.14004516601562
89.65365600585938
92.4417724609375
61.15106201171875
93.49608612060547
91.77822875976562
86.84074401855469
95.74671936035156
87.87348937988281
93.80620574951172
96.93936920166016
64.06857299804688
98.71055603027344
96.98971557617188
92.2525863647461
100.12443542480469
91.0009536743164
95.76933288574219
96.94485473632812
58.6246337890625
94.61518859863281
91.14938354492188
84.7167739868164
91.9342041015625
82.34064483642578
88.72679901123047
91.06726837158203
66.24279022216797
91.4307861328125
89.31748962402344
83.85181427001953
92.08610534667969
83.94302368164062
88.6159439086914
91.02763366699219
59.07603073120117
90.87206268310547
88.7642593383789
83.74468994140625
92.34996795654297
84.46269226074219
91.00405883789062
94.4757080078125
62.108394622802734
95.72085571289062
94.18899536132812
89.31077575683594
97.9542236328125
89.570068359375
94.0215835571289
95.03792572021484
47.055747985839844
91.90457153320312
87.73381042480469
80.76679992675781
87.5657730102539
77.50218200683594
81.58714294433594
82.0849838256836
51.41363525390625
79.67013549804688
75.24303436279297
68.83487701416016
75.52120971679688
63.636539459228516
69.0700912475586
69.39615631103516
46.61338806152344
69.24612426757812
66.63134765625
64.2474136352539
73.49040985107422
67.09204864501953
68.63945770263672
73.44271850585938
52.91653823852539
75.56732177734375
74.09133911132812
71.11731719970703
81.62309265136719
76.11483001708984
82.60800170898438
87.1055679321289
49.41864013671875
89.78995513916016
89.19132232666016
83.8207778930664
93.62849426269531
86.12744140625
89.29132080078125
90.76142120361328
59.71357727050781
87.6247329711914
83.96871948242188
77.17459869384766
83.37794494628906
74.47160339355469
77.40276336669922
78.00338745117188
52.78597640991211
75.07737731933594
72.787353515625
69.25310516357422
76.1995849609375
68.81051635742188
75.02014923095703
78.44720458984375
56.95775604248047
81.32701873779297
80.64002990722656
77.60346984863281
86.81449127197266
81.21710968017578
86.4489974975586
89.74820709228516
58.887367248535156
87.5606918334961
84.23213958740234
76.88220977783203
87.10482788085938
81.20772552490234
87.50845336914062
91.39741516113281
59.442874908447266
92.46418762207031
90.0349349975586
83.17244720458984
91.9342041015625
83.66918182373047
88.1419448852539
90.26636505126953
54.61515426635742
89.65342712402344
87.36936950683594
81.27622985839844
89.8721923828125
81.12609100341797
86.2619400024414
88.89766693115234
56.33411407470703
88.19815063476562
85.83409118652344
80.02643585205078
88.4756851196289
80.48583984375
85.59217834472656
87.72877502441406
61.40530776977539
87.9966049194336
85.77777099609375
80.8115234375
89.20352172851562
81.06533813476562
86.50487518310547
88.98582458496094
57.52968215942383
89.34630584716797
87.35128784179688
81.57035827636719
90.42393493652344
82.337646484375
88.03947448730469
90.94426727294922
57.560821533203125
91.44011688232422
89.50750732421875
84.7118148803711
93.45680236816406
85.66014099121094
91.06550598144531
93.35704803466797
66.18452453613281
91.4378662109375
88.13345336914062
80.74742889404297
87.57926940917969
78.20276641845703
83.04692077636719
85.29298400878906
51.45003890991211
86.14192199707031
84.56493377685547
80.3668212890625
89.420166015625
81.4895248413086
88.33204650878906
91.26715087890625
51.34115982055664
92.92316436767578
91.4874267578125
86.75775146484375
96.18126678466797
88.65438079833984
94.79354858398438
97.74212646484375
57.72684097290039
98.54518127441406
96.5188217163086
91.00554656982422
99.16988372802734
90.66161346435547
95.06355285644531
97.01509857177734
62.62775421142578
96.26571655273438
93.59446716308594
88.1993408203125
96.1734619140625
87.60970306396484
92.59431457519531
94.78341674804688
45.351043701171875
94.29308319091797
91.91084289550781
86.44725799560547
94.82600402832031
86.62324523925781
91.28671264648438
93.93976593017578
60.45622253417969
93.17562866210938
90.63680267333984
83.16761016845703
90.21987915039062
80.90106964111328
83.83599090576172
86.78902435302734
57.52162551879883
87.90199279785156
86.50118255615234
81.72261810302734
90.33146667480469
82.5534439086914
87.45574951171875
89.5489730834961
54.22211837768555
87.24264526367188
83.02457427978516
76.150634765625
82.71139526367188
73.65646362304688
79.8975601196289
83.24158477783203
49.23067092895508
86.33612060546875
84.9734878540039
78.99227905273438
86.9579849243164
77.46675109863281
81.75227355957031
84.12161254882812
43.54597854614258
85.41357421875
83.95840454101562
80.36495971679688
89.0711669921875
81.74884796142578
87.4295425415039
90.47344970703125
60.74587631225586
90.93794250488281
88.698974609375
81.01657104492188
89.26155853271484
79.82136535644531
82.09050750732422
82.75550079345703
55.191280364990234
78.35370635986328
79.0077133178711
77.84014892578125
87.60530090332031
80.98998260498047
86.15998077392578
88.32357788085938
62.2240104675293
86.912841796875
83.31178283691406
77.01777648925781
83.97016906738281
75.08402252197266
78.97128295898438
80.78204345703125
56.95606994628906
78.84917449951172
75.89322662353516
72.76410675048828
80.18721008300781
71.19029998779297
78.22090148925781
81.92728424072266
58.2004280090332
83.95015716552734
82.4671630859375
78.1218032836914
88.0862808227539
