70.85662841796875
75.69424438476562
78.81644439697266
62.00718688964844
80.06777954101562
79.62698364257812
73.61237335205078
83.79405212402344
76.70793151855469
84.4068832397461
87.9437255859375
63.21744918823242
89.44071960449219
85.63285064697266
80.08016204833984
85.67487335205078
75.77181243896484
75.73975372314453
75.92767333984375
53.349510192871094
65.59417724609375
56.442440032958984
66.05294799804688
76.06398010253906
70.59138488769531
78.30142211914062
83.86162567138672
61.5338134765625
87.7227554321289
87.14051055908203
82.51687622070312
89.54452514648438
79.81221771240234
82.97347259521484
84.15611267089844
57.39030838012695
82.31727600097656
79.16768646240234
71.55277252197266
80.58672332763672
71.9804458618164
76.10697937011719
77.96952819824219
57.42499923706055
75.93521118164062
72.64217376708984
66.89862060546875
75.18439483642578
65.68513488769531
70.78913879394531
71.2403564453125
52.912925720214844
71.02908325195312
69.246337890625
67.20423889160156
71.1406478881836
62.563255310058594
71.11509704589844
72.38101196289062
55.75868225097656
72.76551055908203
69.45579528808594
63.45197677612305
74.04090118408203
66.67598724365234
70.94173431396484
73.32640838623047
55.990684509277344
73.47571563720703
72.30646514892578
63.83225631713867
72.60647583007812
66.0819091796875
70.04737854003906
75.21949005126953
46.50568389892578
74.74241638183594
71.04344177246094
69.07867431640625
78.09335327148438
72.7790756225586
76.45158386230469
80.34381103515625
54.056297302246094
83.69759368896484
83.0090103149414
78.96271514892578
88.38606262207031
80.90859985351562
87.1370849609375
89.6692886352539
60.80817794799805
89.8413314819336
87.79601287841797
82.82804870605469
91.78890991210938
83.57457733154297
89.62410736083984
92.69090270996094
63.525146484375
93.3824462890625
90.98699951171875
85.23734283447266
92.61026763916016
83.65137481689453
85.95542907714844
86.09529113769531
51.59640884399414
80.48795318603516
77.77960968017578
72.84905242919922
81.56420135498047
71.95340728759766
77.3288803100586
79.13521575927734
56.539493560791016
77.8808364868164
75.70439147949219
67.78964233398438
77.90191650390625
70.83675384521484
76.19231414794922
77.48722076416016
52.539302825927734
77.61182403564453
74.85425567626953
69.96160125732422
79.02467346191406
70.3547592163086
76.70391845703125
80.21558380126953
58.377437591552734
80.4155502319336
78.60928344726562
74.50444030761719
83.25080871582031
74.37785339355469
80.65108489990234
83.3900146484375
63.315738677978516
85.75325775146484
83.69221496582031
77.96243286132812
86.69661712646484
74.07752227783203
80.67765808105469
82.810791015625
65.1317367553711
84.59523010253906
82.03026580810547
77.07572937011719
85.0899658203125
76.4417724609375
81.79147338867188
84.30067443847656
46.532405853271484
83.90888214111328
81.76334381103516
76.33145141601562
83.62285614013672
75.41203308105469
79.87646484375
81.43490600585938
45.68107604980469
80.1327896118164
78.38968658447266
74.64533233642578
84.05294036865234
76.61369323730469
82.13954162597656
85.62422180175781
59.053401947021484
86.03648376464844
83.74201202392578
78.25121307373047
86.2020492553711
77.59761810302734
81.98434448242188
84.86381530761719
51.021419525146484
86.84325408935547
85.7838363647461
81.45133209228516
90.40670013427734
82.57957458496094
88.04421997070312
90.76914978027344
53.2788200378418
91.62334442138672
89.14067840576172
84.02775573730469
92.753173828125
84.63004302978516
90.42504119873047
93.14186096191406
58.815185546875
93.9991455078125
92.26245880126953
86.9654769897461
95.8388442993164
87.55294036865234
92.01531219482422
93.85144805908203
51.96466064453125
94.30313110351562
92.69893646240234
87.96347045898438
97.6526870727539
90.92058563232422
96.47874450683594
99.98564910888672
73.63645935058594
99.98992156982422
97.50182342529297
90.10591125488281
97.73265075683594
88.53182220458984
92.21036529541016
93.16805267333984
63.00918197631836
91.0208969116211
87.59471893310547
81.29698944091797
88.62571716308594
79.53845977783203
83.83718872070312
85.27345275878906
57.58690643310547
83.8298568725586
80.6800765991211
73.9930419921875
82.27507781982422
72.66179656982422
78.50714111328125
81.53126525878906
59.33376693725586
84.04302978515625
83.37094116210938
77.99931335449219
86.95984649658203
77.50813293457031
82.23965454101562
84.2025375366211
57.03010559082031
83.16266632080078
80.23099517822266
74.83106994628906
82.32078552246094
73.53224182128906
78.81842041015625
80.62702178955078
54.38667297363281
79.97150421142578
78.0003433227539
72.05188751220703
80.9651870727539
72.19645690917969
77.78119659423828
79.89287567138672
56.005714416503906
79.76270294189453
77.69110870361328
71.06287384033203
80.24491882324219
71.35758209228516
77.22700500488281
79.31549072265625
53.68407440185547
79.69989776611328
78.3929214477539
73.45233917236328
84.45247650146484
76.68666076660156
83.07917022705078
85.90177917480469
54.74772262573242
86.79275512695312
85.29219818115234
80.80744171142578
89.66499328613281
81.89427947998047
88.2270278930664
91.33354949951172
52.45435333251953
92.529052734375
90.89700317382812
86.00916290283203
94.79702758789062
87.01727294921875
93.17581176757812
96.40602111816406
56.1932487487793
98.29762268066406
96.52935028076172
91.4254150390625
99.67739868164062
90.8147964477539
95.49313354492188
96.59992980957031
58.3041877746582
94.19956970214844
90.67971801757812
84.92093658447266
92.0716552734375
83.92909240722656
89.27885437011719
91.9637451171875
55.46373748779297
92.07005310058594
89.76493835449219
83.624267578125
92.27792358398438
83.96383666992188
89.0363998413086
91.11354064941406
53.929283142089844
91.1121826171875
89.3642349243164
84.45323181152344
93.30935668945312
85.35354614257812
90.71544647216797
93.58881378173828
57.87070846557617
94.49300384521484
92.73295593261719
87.88941192626953
96.71849822998047
88.68648529052734
93.95817565917969
95.80841064453125
58.36510467529297
93.43017578125
89.4940414428711
82.539794921875
88.9722671508789
78.68814849853516
82.6407241821289
83.66340637207031
51.403038024902344
80.44317626953125
76.2564697265625
71.63198852539062
76.2000732421875
66.92699432373047
68.1406021118164
68.764892578125
61.88603591918945
69.16178894042969
66.19994354248047
64.51725006103516
73.75336456298828
66.88798522949219
72.45616912841797
75.83811950683594
49.74800491333008
78.27931213378906
77.99088287353516
74.78717041015625
85.15582275390625
78.56087493896484
84.87165069580078
88.53273010253906
47.520694732666016
91.19009399414062
90.14702606201172
84.71123504638672
93.08453369140625
83.51319122314453
87.94987487792969
88.63737487792969
60.366943359375
85.0063705444336
80.91221618652344
74.57575988769531
80.93092346191406
70.24407958984375
73.88285064697266
75.11038208007812
53.26813507080078
73.7348861694336
70.57486724853516
65.59889221191406
76.37045288085938
70.82510375976562
75.9620361328125
79.09432983398438
46.92229461669922
81.77154541015625
81.40682983398438
78.11556243896484
87.72149658203125
81.73194885253906
87.27076721191406
90.07455444335938
54.58871078491211
88.11289978027344
84.41780090332031
77.65961456298828
87.41992950439453
81.06714630126953
87.97300720214844
91.6500473022461
57.36336135864258
92.08045196533203
89.5553207397461
83.87114715576172
91.79470825195312
83.0809097290039
87.8477554321289
89.92327880859375
47.95197296142578
89.40741729736328
86.84320831298828
81.4292984008789
89.29373168945312
81.13872528076172
86.39380645751953
88.50666809082031
42.14313507080078
87.92021179199219
85.22976684570312
80.45901489257812
87.6175308227539
80.04163360595703
84.81351470947266
87.24113464355469
53.38666534423828
87.54370880126953
85.56283569335938
80.04541778564453
88.57970428466797
80.9149398803711
86.09437561035156
88.36956024169922
48.18661880493164
88.36631774902344
86.6393814086914
81.5599136352539
90.28028869628906
81.9305648803711
87.67462158203125
90.40970611572266
55.73971176147461
91.27571868896484
89.54887390136719
84.43605041503906
93.31932067871094
85.36626434326172
90.4855728149414
92.61898803710938
60.70488357543945
90.8204116821289
86.96434783935547
80.13582611083984
86.80009460449219
77.00403594970703
81.72808837890625
83.30553436279297
50.956729888916016
83.90530395507812
82.25413513183594
78.3075942993164
86.8280258178711
78.88477325439453
85.80859375
88.76648712158203
58.152732849121094
90.71190643310547
89.28119659423828
84.85971069335938
94.08336639404297
86.73712158203125
92.73731994628906
95.97540283203125
50.489013671875
96.93367004394531
94.90631103515625
89.55552673339844
97.59388732910156
89.21568298339844
94.11338806152344
96.32586669921875
51.43790054321289
96.09376525878906
93.64833068847656
87.86847686767578
96.2838134765625
87.87031555175781
92.83853149414062
95.04076385498047
56.3824462890625
94.63421630859375
92.09772491455078
86.56840515136719
94.89434814453125
86.59230041503906
91.81185150146484
94.11334991455078
64.83109283447266
92.7177734375
88.72351837158203
80.98885345458984
86.80644226074219
76.50811767578125
79.87489318847656
83.09510803222656
31.782814025878906
84.38213348388672
83.36117553710938
78.40424346923828
87.09272766113281
78.62928009033203
83.41072082519531
84.87272644042969
54.00334930419922
81.26275634765625
77.56732940673828
70.41969299316406
79.33476257324219
71.47136688232422
78.95256805419922
81.82321166992188
41.743003845214844
84.06707763671875
82.56194305419922
77.23092651367188
84.38756561279297
74.84597778320312
79.79212188720703
82.72882080078125
48.73094940185547
84.40056610107422
82.82514190673828
78.5903091430664
87.64118957519531
80.1350326538086
86.26419830322266
89.3096694946289
59.74006271362305
89.82372283935547
87.25286102294922
80.85025787353516
88.18515014648438
78.93292999267578
81.83926391601562
82.61022186279297
54.40640640258789
80.16950988769531
78.6644287109375
76.31803894042969
85.11553192138672
77.94039154052734
83.47110748291016
85.26194763183594
57.29888916015625
82.95831298828125
79.39408874511719
72.4074935913086
79.90316009521484
68.6038589477539
75.34848022460938
76.52008819580078
57.56056213378906
75.80279541015625
74.5527114868164
69.28419494628906
77.83969116210938
69.163330078125
76.26459503173828
79.4600830078125
59.610130310058594
81.93917846679688
81.22782897949219
77.6823501586914
87.04144287109375
