69.16817474365234
76.00981140136719
79.37958526611328
58.79999542236328
81.07132720947266
80.32727813720703
73.62609100341797
84.32135772705078
77.25773620605469
84.25416564941406
88.15457916259766
60.66606903076172
88.6373519897461
83.80519104003906
79.1318130493164
84.21228790283203
73.24740600585938
73.32520294189453
72.54737091064453
64.51249694824219
54.45716094970703
63.99751281738281
56.60252380371094
74.1014404296875
67.9942855834961
79.0700454711914
84.04911804199219
48.40251922607422
88.13695526123047
86.90087890625
83.75568389892578
89.33518981933594
79.74458312988281
83.5214614868164
84.19107818603516
57.54741287231445
82.2314682006836
78.01619720458984
71.55286407470703
80.99095153808594
70.41146850585938
74.77686309814453
77.24932098388672
54.24605941772461
74.3127212524414
72.70366668701172
65.95032501220703
75.15579986572266
66.24080657958984
68.97281646728516
70.90816497802734
62.5378532409668
71.59235382080078
67.71900939941406
63.34552764892578
72.9866943359375
64.70682525634766
70.00886535644531
72.87506866455078
55.41183853149414
71.66522216796875
69.35838317871094
66.96701049804688
72.53463745117188
66.55918884277344
70.02622985839844
74.1456527709961
52.552024841308594
69.65520477294922
68.28800201416016
69.98835754394531
75.22193908691406
67.91278839111328
71.83072662353516
73.6634292602539
55.51913833618164
74.91529083251953
72.61339569091797
68.19255065917969
77.53465270996094
70.03645324707031
77.66215515136719
80.3397445678711
61.35795974731445
83.27517700195312
82.44613647460938
79.14696502685547
88.5776596069336
81.38837432861328
86.62788391113281
89.01766204833984
47.59364700317383
89.57112121582031
87.52745819091797
82.85518646240234
91.42694091796875
83.99403381347656
88.86904907226562
92.11888885498047
60.79368209838867
92.83352661132812
90.85709381103516
84.02279663085938
92.2950668334961
83.74832916259766
86.06884765625
86.70382690429688
53.10485076904297
80.8716812133789
78.40652465820312
71.36985778808594
81.05493927001953
70.3357162475586
77.9154281616211
78.90526580810547
43.717430114746094
78.058837890625
75.40731811523438
69.27106475830078
77.07823181152344
67.65223693847656
74.79247283935547
77.36662292480469
60.518856048583984
77.78874206542969
75.23049926757812
72.00297546386719
80.08634948730469
72.01852416992188
77.17317962646484
80.26609802246094
48.223751068115234
80.87198638916016
78.46559143066406
75.4585189819336
82.84345245361328
75.67984008789062
81.50747680664062
83.74095153808594
61.11547088623047
85.68154907226562
82.8165054321289
79.0890884399414
85.16181945800781
70.91763305664062
74.64608001708984
81.81996154785156
65.73027801513672
83.99661254882812
81.78570556640625
76.26605987548828
84.94613647460938
77.35850524902344
80.98863220214844
83.93175506591797
58.267005920410156
84.32159423828125
82.19512176513672
76.34722137451172
84.46927642822266
75.54598236083984
79.55325317382812
81.36575317382812
53.896400451660156
80.1769027709961
76.88208770751953
73.92135620117188
82.2304916381836
75.02027893066406
80.33696746826172
83.46053314208984
59.34992980957031
84.50149536132812
83.28749084472656
77.20952606201172
85.62982177734375
77.58263397216797
81.39134979248047
83.90161895751953
57.10668182373047
86.65223693847656
85.47185516357422
80.86963653564453
89.91653442382812
81.87442016601562
87.32262420654297
89.68314361572266
60.01260757446289
91.01236724853516
88.60794067382812
83.12753295898438
92.06958770751953
84.41002655029297
89.43863677978516
92.21138763427734
64.09458923339844
93.07909393310547
91.43468475341797
85.83167266845703
94.87630462646484
87.2292709350586
91.4967041015625
93.37110900878906
59.37239074707031
93.3190689086914
91.92298126220703
86.4351806640625
96.41018676757812
90.00529479980469
94.90745544433594
99.05525970458984
81.40589141845703
99.51737213134766
98.38548278808594
89.16262817382812
98.65660858154297
90.5141372680664
93.02116394042969
94.3917465209961
71.73234558105469
91.77953338623047
88.3875961303711
81.92601013183594
89.32083129882812
80.14309692382812
84.84615325927734
86.10489654541016
60.66102981567383
84.4285888671875
80.77715301513672
76.09321594238281
82.47274780273438
72.76077270507812
79.47673797607422
81.1940689086914
48.686038970947266
83.45101928710938
82.05414581298828
77.75570678710938
86.7412109375
78.11524963378906
82.5604248046875
84.52446746826172
53.51447677612305
82.68866729736328
79.8235092163086
74.24977111816406
82.16470336914062
73.57274627685547
79.0557632446289
80.81775665283203
56.299285888671875
79.12397766113281
77.60733795166016
73.61903381347656
80.54608917236328
71.37284088134766
77.32329559326172
80.3310546875
58.22737503051758
79.54253387451172
76.88411712646484
72.02986907958984
80.44647216796875
72.61384582519531
78.26922607421875
79.43473052978516
55.55575180053711
79.1667251586914
78.51264190673828
74.58674621582031
84.20765686035156
77.23373413085938
83.42121124267578
86.01746368408203
57.13935470581055
86.9892349243164
85.0579833984375
80.52336883544922
89.6331787109375
82.13487243652344
88.33970642089844
91.15558624267578
53.57044982910156
92.35973358154297
90.56648254394531
86.02760314941406
94.51191711425781
86.6494369506836
92.84288787841797
96.14474487304688
55.077693939208984
97.88245391845703
96.14459228515625
91.50485229492188
99.48545837402344
90.41860961914062
95.04681396484375
96.32206726074219
61.350162506103516
94.159912109375
90.58843231201172
84.1910629272461
91.54556274414062
81.97614288330078
87.71994018554688
90.62125396728516
66.68501281738281
91.38996887207031
89.5280990600586
82.63274383544922
91.80267333984375
83.5656967163086
88.34650421142578
90.69808959960938
38.02687454223633
90.9904556274414
88.98046112060547
83.12037658691406
92.78433227539062
85.22843933105469
90.55641174316406
93.19586181640625
60.03034591674805
93.92103576660156
92.26240539550781
87.05912017822266
96.15117645263672
88.35649871826172
93.87915802001953
96.22136688232422
59.08743667602539
94.26789855957031
90.5432357788086
83.91092681884766
90.40469360351562
80.49702453613281
84.15059661865234
84.84300994873047
54.55393600463867
81.0261459350586
77.75322723388672
71.71223449707031
77.08403778076172
65.28181457519531
72.31095123291016
72.40216064453125
51.29502868652344
70.47327423095703
68.51595306396484
57.89421844482422
68.55658721923828
62.47914123535156
71.84453582763672
73.4863510131836
50.542579650878906
77.05911254882812
76.76937103271484
72.01273345947266
83.48686981201172
77.51395416259766
84.41439056396484
88.13697052001953
57.60248565673828
90.57137298583984
89.50516510009766
84.06615447998047
92.92032623291016
84.00028991699219
87.83393096923828
88.54875183105469
56.01661682128906
84.95501708984375
80.92759704589844
75.17569732666016
81.00870513916016
70.61506652832031
76.04098510742188
75.51203155517578
50.21644973754883
73.8816909790039
71.94445037841797
64.7536849975586
75.127197265625
68.84562683105469
75.98089599609375
78.48200988769531
49.14772033691406
81.61004638671875
81.17587280273438
77.01624298095703
86.727294921875
80.56089782714844
86.63508605957031
90.02622985839844
61.13289260864258
88.05166625976562
84.48129272460938
77.27101135253906
87.49927520751953
80.92389678955078
87.92231750488281
91.3558120727539
63.21014404296875
91.77800750732422
89.07872772216797
82.9336929321289
91.34111785888672
83.06304168701172
87.52055358886719
89.72846984863281
45.432533264160156
88.6502685546875
86.19832611083984
81.27017211914062
89.24319458007812
80.4527587890625
85.736083984375
87.88195037841797
51.417930603027344
87.68582153320312
84.96424865722656
79.96998596191406
88.03755187988281
79.68639373779297
84.5040054321289
87.20122528076172
56.80708312988281
87.42294311523438
85.02430725097656
80.33943939208984
88.62968444824219
80.60674285888672
85.81751251220703
88.18119812011719
56.808082580566406
88.48155212402344
86.3147964477539
81.95323944091797
90.02296447753906
82.17110443115234
87.27078247070312
90.17504119873047
59.96022415161133
90.80071258544922
88.95958709716797
84.400146484375
92.91108703613281
84.9078369140625
89.88856506347656
91.72795867919922
58.50799560546875
89.82549285888672
85.97268676757812
79.46458435058594
86.14563751220703
77.54756164550781
81.01571655273438
82.8421859741211
49.97528076171875
84.15703582763672
82.40621185302734
78.60807037353516
87.43226623535156
79.91439819335938
85.78458404541016
89.14474487304688
56.4392204284668
90.87159729003906
89.12060546875
84.91387939453125
94.34718322753906
86.87692260742188
92.61190795898438
95.917236328125
59.15780258178711
96.80902862548828
94.63064575195312
88.84742736816406
96.94329071044922
88.20680236816406
93.26956939697266
95.28107452392578
48.219398498535156
95.35169219970703
93.04928588867188
87.36176300048828
95.86318969726562
87.6488037109375
92.36023712158203
94.74773406982422
59.395042419433594
94.31999206542969
92.08645629882812
85.64949798583984
94.69113159179688
86.84771728515625
91.4189453125
93.89757537841797
66.71170806884766
92.4604263305664
88.84285736083984
79.72726440429688
86.0381851196289
75.37754821777344
79.97393798828125
82.99620819091797
55.855628967285156
85.22419738769531
83.57007598876953
77.4347152709961
86.69676971435547
78.6777572631836
83.74117279052734
85.16204833984375
61.60457992553711
81.84375
77.05174255371094
70.15005493164062
79.22789764404297
72.40045166015625
78.61124420166016
82.1022720336914
56.2430419921875
84.58601379394531
83.10482025146484
76.97269439697266
84.2986068725586
74.80160522460938
80.50205993652344
82.98038482666016
51.880470275878906
84.57315826416016
83.02859497070312
78.12545013427734
87.59075927734375
80.55169677734375
86.37328338623047
89.1884994506836
54.20281219482422
89.54584503173828
87.23612213134766
80.29224395751953
88.13594818115234
78.92514038085938
82.23855590820312
83.4725341796875
63.397701263427734
82.2602767944336
81.03215789794922
76.29701232910156
86.00518035888672
77.98990631103516
84.13045501708984
85.8832778930664
58.372100830078125
83.41011810302734
79.47582244873047
74.45648956298828
80.62810516357422
70.95189666748047
76.20962524414062
77.11279296875
54.64919662475586
75.98008728027344
73.15103149414062
69.27722930908203
75.90940856933594
62.996192932128906
74.7190170288086
78.00670623779297
60.327796936035156
80.2223892211914
79.29878234863281
75.88722229003906
85.12174224853516
