60.011817932128906
72.53950500488281
74.59650421142578
62.16748046875
76.92788696289062
76.24561309814453
69.19708251953125
80.27039337158203
75.42230224609375
77.29266357421875
82.21923065185547
72.30852508544922
82.52349090576172
77.5337142944336
74.81055450439453
78.9871826171875
57.632049560546875
71.37256622314453
69.75159454345703
54.28944778442383
52.469234466552734
54.057777404785156
60.5220832824707
72.55929565429688
65.44855499267578
73.0998764038086
78.61067962646484
69.46841430664062
81.05747985839844
81.0116958618164
78.22807312011719
83.60086822509766
68.33271789550781
80.44739532470703
79.94996643066406
65.51344299316406
79.3396224975586
75.27941131591797
68.63177490234375
76.52324676513672
71.1383285522461
70.41621398925781
73.70758819580078
62.282569885253906
69.23786163330078
67.21512603759766
60.80948257446289
67.48676300048828
53.67438507080078
67.37924194335938
66.86051940917969
53.37538528442383
67.84314727783203
64.20172119140625
46.08639907836914
65.9141845703125
60.50251770019531
59.999412536621094
64.91264343261719
54.11107635498047
64.67764282226562
64.21967315673828
62.01479721069336
69.13824462890625
61.17496871948242
67.97772216796875
69.0296859741211
47.46019744873047
69.50634002685547
67.7542953491211
61.4019889831543
70.26593017578125
62.95936965942383
66.10079956054688
69.27257537841797
61.32728576660156
70.75102233886719
67.62128448486328
64.84439086914062
73.55672454833984
66.25643920898438
72.90770721435547
76.88143920898438
34.2611083984375
79.4610824584961
79.65514373779297
73.85021209716797
84.25618743896484
76.27120208740234
82.75824737548828
84.98320770263672
58.83757781982422
85.53719329833984
83.68748474121094
77.10834503173828
86.9859619140625
80.81151580810547
84.18384552001953
87.7720718383789
71.61216735839844
87.30379486083984
85.2320556640625
80.08975982666016
87.25999450683594
76.19291687011719
83.12782287597656
82.50408172607422
66.80630493164062
79.4187240600586
77.699462890625
66.1682357788086
77.06421661376953
73.53556823730469
70.43905639648438
75.32038116455078
65.30084991455078
70.89055633544922
71.1562728881836
63.37400436401367
70.75044250488281
63.36299514770508
70.32611083984375
70.31092071533203
63.22222137451172
73.59380340576172
68.6959457397461
70.06495666503906
76.19505310058594
65.41657257080078
75.32849884033203
76.59412384033203
52.96418762207031
76.91242980957031
75.2486572265625
69.21723937988281
78.22457122802734
70.63282012939453
75.50712585449219
78.68070220947266
66.05829620361328
79.87435150146484
76.07594299316406
75.98284912109375
80.22088623046875
66.40316009521484
75.42701721191406
77.82933044433594
66.54784393310547
78.6275405883789
76.71170043945312
72.16279602050781
79.2171401977539
73.22432708740234
76.09343719482422
78.1431655883789
61.40166091918945
77.60040283203125
73.94342803955078
71.24506378173828
77.37065124511719
64.83800506591797
76.89656066894531
75.54447174072266
67.94728088378906
78.38593292236328
74.51093292236328
72.72602844238281
79.55683135986328
72.80817413330078
76.8227767944336
80.21480560302734
56.65561294555664
80.10489654541016
77.38042449951172
73.26325225830078
80.6968002319336
70.89009094238281
78.78172302246094
81.75646209716797
61.925132751464844
83.5746841430664
82.5968017578125
77.6058578491211
86.49231719970703
78.1985855102539
84.37174987792969
86.68097686767578
62.7047004699707
86.79220581054688
85.2026596069336
78.64230346679688
87.91410827636719
80.73776245117188
85.10282135009766
87.9452133178711
62.44737243652344
88.58683776855469
86.8094253540039
81.58279418945312
90.71554565429688
83.04549407958984
88.54364776611328
91.01647186279297
76.7531509399414
91.07544708251953
90.72714233398438
80.24866485595703
92.82464599609375
89.90825653076172
87.44638061523438
94.42790985107422
85.71470642089844
93.36599731445312
93.98011779785156
84.78977966308594
94.4381332397461
87.32257843017578
88.95991516113281
91.17273712158203
72.82840728759766
87.74478912353516
86.03494262695312
75.66744995117188
85.14372253417969
79.03453826904297
78.8961181640625
80.92807006835938
71.24238586425781
79.88506317138672
74.98828887939453
75.30791473388672
78.88618469238281
67.18364715576172
77.45379638671875
78.30073547363281
61.594608306884766
78.48698425292969
79.11422729492188
67.86617279052734
81.19068908691406
74.3055419921875
77.57837677001953
79.04243469238281
64.64738464355469
78.9293441772461
74.99981689453125
72.82317352294922
78.19035339355469
68.22504425048828
75.31181335449219
76.96844482421875
53.35070037841797
76.23815155029297
74.9216079711914
65.73162841796875
76.2230224609375
69.21114349365234
71.27188110351562
75.11190795898438
60.936222076416016
74.4847183227539
71.65814208984375
69.81551361083984
75.12735748291016
65.91339111328125
73.76374816894531
75.48501586914062
62.6143798828125
75.521484375
75.39205169677734
63.777687072753906
79.8030776977539
74.86502075195312
76.59166717529297
80.75244140625
67.5025863647461
81.93966674804688
80.15061950683594
77.83869171142578
85.26284790039062
75.4999771118164
84.04670715332031
86.74341583251953
60.829368591308594
88.4926986694336
86.21929931640625
81.6230697631836
90.33436584472656
83.67218017578125
87.64173126220703
91.73936462402344
75.26160430908203
92.28653717041016
91.26165008544922
86.29296875
93.95274353027344
83.96472930908203
91.12364196777344
91.30038452148438
74.48479461669922
90.9603271484375
86.51233673095703
82.9530029296875
89.13457489013672
81.86968994140625
84.01533508300781
87.69598388671875
73.14385986328125
85.71025085449219
85.0088119506836
75.8507308959961
86.34678649902344
79.05966186523438
83.08837890625
85.28855895996094
64.93257904052734
86.12589263916016
83.97268676757812
79.49978637695312
88.46321868896484
81.45343017578125
86.1504898071289
89.34674072265625
67.24232482910156
89.28509521484375
88.67752838134766
80.27661895751953
91.37920379638672
85.21541595458984
88.26254272460938
90.75299072265625
75.72403717041016
89.6280517578125
85.2354736328125
81.51718139648438
86.46894073486328
75.73902130126953
80.94208526611328
81.92827606201172
58.63499450683594
77.80281066894531
74.86510467529297
61.08359909057617
72.01119995117188
65.5526351928711
65.68924713134766
65.92273712158203
49.99258804321289
66.93722534179688
63.741397857666016
62.1435661315918
66.1905746459961
61.982566833496094
64.6429214477539
66.86874389648438
57.978946685791016
72.09329986572266
72.02976989746094
69.2046127319336
78.27667236328125
74.81266021728516
77.2292709350586
82.900634765625
68.35049438476562
84.1204605102539
84.1279296875
78.09098815917969
87.0909423828125
77.76969146728516
83.89912414550781
83.66654968261719
66.23912048339844
82.31185913085938
78.77182006835938
71.58707427978516
78.06153869628906
71.82396697998047
67.85453033447266
71.43941497802734
65.86209869384766
66.12837982177734
49.01588439941406
70.9470443725586
74.29823303222656
68.47481536865234
75.39441680908203
78.54347229003906
68.9959716796875
79.1319351196289
80.23350524902344
65.63214111328125
82.99349212646484
80.12361907958984
80.46664428710938
85.03401947021484
67.95594787597656
83.75859069824219
80.35089874267578
74.49292755126953
83.72520446777344
79.98448944091797
81.11398315429688
86.30221557617188
70.62409210205078
85.85108947753906
83.68771362304688
78.1009292602539
86.19281768798828
77.81721496582031
82.43276977539062
84.64208221435547
62.14421463012695
83.93868255615234
81.47191619873047
75.45492553710938
83.95531463623047
75.49237060546875
80.60359954833984
82.92070770263672
62.77526092529297
82.7904281616211
80.74253845214844
75.5073013305664
83.64697265625
75.5714340209961
80.4593276977539
82.99069213867188
57.973602294921875
82.69230651855469
80.6993408203125
74.48738861083984
83.7337875366211
75.3670654296875
81.3342056274414
83.07366943359375
62.478885650634766
84.1365966796875
81.73668670654297
77.41249084472656
85.61544036865234
77.74699401855469
83.10863494873047
86.12484741210938
63.28243637084961
86.22030639648438
84.90577697753906
77.67786407470703
87.70247650146484
80.71472930908203
84.92874908447266
86.52375030517578
70.13691711425781
85.3742446899414
80.20115661621094
76.01692199707031
81.9894790649414
73.4441146850586
75.96427917480469
79.31278228759766
63.985347747802734
79.60211944580078
77.7440414428711
75.09137725830078
83.39057159423828
74.13931274414062
83.07181549072266
85.80448913574219
61.21098709106445
87.79401397705078
86.7129898071289
79.88221740722656
90.7940673828125
84.75580596923828
88.29619598388672
92.08763122558594
74.65865325927734
92.344970703125
90.62542724609375
85.36412811279297
93.03866577148438
83.93397521972656
89.36394500732422
91.6601791381836
64.01732635498047
91.09077453613281
88.96725463867188
82.51783752441406
91.30661010742188
83.61206817626953
87.6162338256836
90.1026382446289
66.95478057861328
89.52828216552734
87.76249694824219
79.6521224975586
89.79501342773438
83.13479614257812
85.36583709716797
88.88616180419922
72.13874053955078
87.30864715576172
84.08689880371094
78.0584487915039
84.02672576904297
74.98426055908203
76.49365997314453
80.65245056152344
69.65083312988281
79.18360900878906
79.25895690917969
73.84093475341797
81.72884368896484
74.28706359863281
80.56938934326172
80.22969055175781
69.5994644165039
80.5741195678711
74.85948181152344
71.71714782714844
78.302734375
72.71503448486328
72.57066345214844
78.30911254882812
68.19989013671875
78.3956298828125
77.0780258178711
75.6914291381836
79.90828704833984
62.433921813964844
78.23393249511719
79.86489868164062
59.1613883972168
81.47694396972656
80.7850112915039
71.47970581054688
83.87171173095703
79.32485961914062
80.00220489501953
84.97835540771484
72.83211517333984
84.20698547363281
81.59503173828125
76.81678009033203
82.1671142578125
71.67918395996094
77.65125274658203
77.56723022460938
52.56869125366211
75.97441864013672
74.82337951660156
66.67753601074219
79.91761779785156
74.53852844238281
78.60006713867188
79.81829071044922
68.61396789550781
79.33853149414062
73.9225082397461
71.99555206298828
76.39564514160156
65.42256927490234
71.79914093017578
72.48131561279297
56.11014175415039
71.1059799194336
66.05099487304688
67.12620544433594
73.87067413330078
62.7767448425293
73.62166595458984
76.1224594116211
58.24504470825195
77.9666976928711
77.56391906738281
70.37793731689453
81.70709991455078
