55.8009147644043
73.24508666992188
75.59902954101562
65.57279205322266
78.24765014648438
77.02066802978516
71.7483139038086
81.5370101928711
77.2593765258789
78.41707611083984
83.6148452758789
70.4968032836914
83.85731506347656
80.40374755859375
76.3020248413086
80.10610961914062
64.72151184082031
73.70360565185547
72.64385986328125
54.8748664855957
64.57181549072266
58.99281311035156
61.60484313964844
71.4329605102539
67.91068267822266
72.308349609375
77.98786163330078
67.29280853271484
79.24027252197266
81.26778411865234
76.19254302978516
85.28934478759766
76.02063751220703
82.16183471679688
81.25118255615234
68.50322723388672
81.11441802978516
76.41539001464844
73.3843994140625
78.884033203125
70.01953125
73.8307113647461
75.33029174804688
57.73360061645508
72.5250244140625
71.27550506591797
59.19661331176758
70.30146789550781
64.63565063476562
64.8182373046875
66.54948425292969
55.93321990966797
66.74788665771484
60.926490783691406
63.41326141357422
69.48906707763672
59.24449920654297
65.96116638183594
69.14785766601562
57.7130241394043
68.77247619628906
67.43507385253906
57.42536544799805
67.45027923583984
61.98073196411133
65.3711929321289
67.5866928100586
60.018768310546875
70.41954803466797
64.70225524902344
65.40908813476562
72.53952026367188
64.99436950683594
68.70418548583984
72.52818298339844
57.07000732421875
70.7458267211914
70.28694152832031
63.23628234863281
70.90473937988281
64.1297607421875
72.59879302978516
74.86646270751953
57.204490661621094
79.4625244140625
77.81725311279297
75.1404037475586
84.29076385498047
76.2197494506836
83.16079711914062
85.96788024902344
63.794761657714844
86.54044342041016
85.53486633300781
77.72303771972656
88.67394256591797
82.78582763671875
85.23522186279297
89.16038513183594
73.64454650878906
88.88520050048828
85.7235336303711
81.78936004638672
87.33049011230469
72.36383819580078
83.19210815429688
81.14747619628906
70.65276336669922
79.0141372680664
77.91525268554688
61.67272186279297
77.63875579833984
72.47748565673828
71.2900161743164
75.31177520751953
62.95173645019531
73.92728424072266
71.72502136230469
68.34223175048828
75.70726013183594
64.9800796508789
74.53287506103516
76.03743743896484
57.82472610473633
76.76237487792969
74.43574523925781
69.58232879638672
77.98159790039062
71.27645874023438
74.30416870117188
77.52700805664062
55.4250373840332
78.27730560302734
75.33787536621094
72.31956481933594
80.44793701171875
71.46332550048828
79.42240905761719
81.951171875
54.989280700683594
83.97055053710938
82.435546875
77.94608306884766
86.85134887695312
76.7762680053711
84.28618621826172
85.43093872070312
66.40807342529297
85.5560531616211
83.25180053710938
75.76007843017578
85.1826171875
77.5363540649414
80.89826965332031
83.62870025634766
61.098907470703125
82.64810180664062
79.52733612060547
75.86341094970703
82.12201690673828
69.94805145263672
79.36163330078125
80.25889587402344
66.00907897949219
80.3318862915039
79.69161224365234
69.76122283935547
82.39305114746094
76.6076431274414
79.45547485351562
82.37545776367188
63.86066818237305
83.222412109375
79.69911193847656
78.34498596191406
84.23639678955078
74.6525650024414
82.12796020507812
84.62162017822266
70.54129028320312
86.02799224853516
86.22052764892578
78.87335205078125
89.2789535522461
81.76002502441406
87.3695068359375
89.79664611816406
66.0738525390625
90.75428009033203
88.50643157958984
84.8193588256836
92.86296081542969
84.67963409423828
90.97164916992188
93.81929779052734
70.21976470947266
94.57952880859375
93.1854476928711
87.29550170898438
96.09814453125
88.7752685546875
92.34944152832031
96.0628433227539
79.29544067382812
95.87433624267578
94.45904541015625
88.47172546386719
95.81647491455078
85.45362091064453
91.33283233642578
91.93694305419922
61.42681121826172
89.94409942626953
86.71119689941406
78.8869400024414
87.16676330566406
79.3827133178711
81.11674499511719
83.34626770019531
62.81375503540039
81.28944396972656
77.98285675048828
73.9019546508789
80.24666595458984
69.49765014648438
76.57154846191406
77.7398681640625
53.945960998535156
77.04943084716797
73.50596618652344
68.15594482421875
76.01627349853516
68.51296997070312
74.0699462890625
78.05990600585938
64.25601959228516
80.34186553955078
79.739501953125
75.49861145019531
82.60493469238281
71.67192840576172
79.26619720458984
79.9151611328125
54.712520599365234
79.49434661865234
77.11203002929688
70.28759765625
78.67992401123047
70.65242767333984
74.38975524902344
77.40385437011719
51.813419342041016
76.99125671386719
73.77970886230469
69.84716033935547
76.96560668945312
68.6717300415039
73.61317443847656
76.51002502441406
52.07936096191406
75.51312255859375
74.44611358642578
66.1826171875
76.44644165039062
67.38863372802734
73.3759536743164
75.18289184570312
56.559974670410156
76.50611114501953
75.25489807128906
68.15374755859375
79.12482452392578
72.79563903808594
77.25651550292969
80.64563751220703
60.92315673828125
81.85147857666016
80.73165130615234
76.9327621459961
85.15066528320312
77.00053405761719
84.87566375732422
86.78009796142578
67.05628967285156
88.71161651611328
86.41741943359375
82.32951354980469
90.96709442138672
84.8287582397461
88.64015197753906
92.82530212402344
73.96605682373047
93.44810485839844
92.52484130859375
86.496826171875
95.44693756103516
86.26006317138672
92.45342254638672
93.3563461303711
73.00027465820312
92.7615966796875
89.14869689941406
84.31863403320312
91.55797576904297
83.44139862060547
87.20453643798828
89.47736358642578
67.66756439208984
87.65435028076172
85.94169616699219
77.74706268310547
87.45598602294922
78.97290802001953
84.13335418701172
86.41515350341797
64.39501953125
87.15486907958984
84.24437713623047
81.52900695800781
88.5159912109375
79.43339538574219
86.61698150634766
88.74808502197266
68.47952270507812
89.42481231689453
88.25582122802734
80.3974838256836
91.36752319335938
85.47015380859375
88.10955810546875
92.11954498291016
76.60724639892578
92.08882904052734
88.93075561523438
85.32555389404297
90.53919982910156
77.06092071533203
86.38812255859375
85.80876159667969
68.59716796875
83.45260620117188
80.10568237304688
70.37080383300781
78.87492370605469
71.8698959350586
66.75052642822266
69.73284912109375
65.98429107666016
62.669471740722656
55.19710159301758
66.45418548583984
69.00977325439453
59.892311096191406
71.07563781738281
73.64521026611328
58.686622619628906
75.53251647949219
75.64794921875
67.6034164428711
81.20128631591797
76.50159454345703
79.81739807128906
84.93118286132812
70.2685546875
86.41546630859375
84.41326904296875
82.29307556152344
86.9684829711914
72.21743774414062
84.00308990478516
83.36888885498047
70.66909790039062
81.80294799804688
79.09967041015625
69.9226303100586
77.33464050292969
72.5467758178711
33.143310546875
65.99717712402344
68.2857437133789
73.4078598022461
68.35116577148438
74.11551666259766
80.32872009277344
75.10963439941406
79.85633087158203
83.94718933105469
72.46488189697266
84.1864013671875
85.64306640625
76.38172912597656
88.34046173095703
80.7613296508789
85.58457946777344
86.09211730957031
69.44429779052734
85.14923858642578
81.32495880126953
76.88233947753906
85.01973724365234
79.59867858886719
82.47838592529297
86.3265380859375
63.4964485168457
86.22862243652344
83.46807861328125
78.41891479492188
86.03739166259766
77.54547119140625
82.63837432861328
84.86434936523438
54.39020538330078
84.07261657714844
81.47794342041016
75.58812713623047
84.12097930908203
75.27272033691406
81.33045959472656
82.92570495605469
55.15566635131836
83.7343521118164
81.38742065429688
76.72431182861328
84.64568328857422
76.48605346679688
81.41651153564453
84.28160095214844
55.50416564941406
84.06771850585938
81.78012084960938
76.16290283203125
84.9759292602539
76.2855224609375
82.4106674194336
84.8267822265625
59.947086334228516
85.75556945800781
83.32404327392578
78.93168640136719
87.37316131591797
79.77735900878906
84.74402618408203
87.84178924560547
66.27930450439453
87.74632263183594
86.21869659423828
79.89794158935547
88.73242950439453
78.55290985107422
85.01657104492188
84.9276351928711
65.85234069824219
83.08411407470703
79.87748718261719
71.95198822021484
80.63729858398438
74.37559509277344
76.54627227783203
80.34005737304688
64.60504150390625
82.36397552490234
80.32952117919922
78.010009765625
85.81161499023438
77.23092651367188
85.3520278930664
87.88463592529297
62.05079650878906
89.52259826660156
88.55107116699219
82.29248046875
92.49552917480469
85.8447494506836
90.17424011230469
93.248291015625
70.6300277709961
93.55158233642578
90.5145492553711
86.50706481933594
93.41927337646484
84.45984649658203
90.14700317382812
92.5660400390625
59.961368560791016
92.33917999267578
90.07317352294922
84.40660858154297
92.7366943359375
84.15455627441406
89.24256896972656
91.53102111816406
62.15776062011719
91.01094055175781
89.35160827636719
81.77655792236328
91.540283203125
83.68184661865234
87.8513412475586
89.31498718261719
72.11043548583984
87.46687316894531
81.19649505615234
78.3514633178711
81.59074401855469
73.61780548095703
70.72088623046875
75.2291259765625
68.72555541992188
72.9275894165039
71.39691162109375
72.00526428222656
77.30677032470703
58.385643005371094
76.76414489746094
76.43307495117188
66.98273468017578
76.92352294921875
75.84456634521484
66.1339340209961
77.68547058105469
73.27373504638672
73.59083557128906
78.36274719238281
65.40838623046875
79.99845123291016
75.57916259765625
75.90361785888672
80.6219482421875
69.5945816040039
79.12460327148438
81.310302734375
66.90745544433594
82.19132995605469
81.66132354736328
71.83739471435547
84.54206848144531
78.5462417602539
80.9931640625
83.83806610107422
67.7125473022461
82.27442169189453
77.79563903808594
74.02973175048828
78.7557373046875
65.11717224121094
74.55217742919922
75.22288513183594
61.5676155090332
74.70575714111328
75.23985290527344
63.614715576171875
78.57451629638672
72.95211029052734
77.06977844238281
77.50028228759766
63.170936584472656
76.45783233642578
70.52816009521484
68.08963012695312
73.04750061035156
64.03211212158203
70.06825256347656
71.04009246826172
50.171295166015625
71.42072296142578
69.28433227539062
67.41764831542969
74.6761703491211
68.45623016357422
73.47905731201172
78.09719848632812
50.00053405761719
78.92959594726562
77.18192291259766
74.1672592163086
80.59385681152344
