69.40078735351562
71.90158081054688
75.46235656738281
62.32342529296875
77.05281066894531
75.86486053466797
73.4014663696289
82.1474380493164
75.71772766113281
80.22051239013672
84.57925415039062
63.90391159057617
83.01587677001953
78.50005340576172
70.85962677001953
74.39830780029297
64.45574188232422
71.80581665039062
71.08519744873047
57.52033996582031
53.678985595703125
58.50652313232422
62.1981086730957
63.15764236450195
64.65459442138672
68.21442413330078
73.17952728271484
62.46522903442383
78.2809066772461
77.68224334716797
74.32334899902344
79.97012329101562
71.23030090332031
72.98051452636719
73.1222915649414
56.858707427978516
69.94386291503906
65.5465087890625
66.03453826904297
69.23239135742188
61.48851776123047
53.19108200073242
62.849369049072266
55.01169967651367
60.67143630981445
60.01115798950195
64.49958801269531
65.41600799560547
52.693965911865234
59.58921432495117
62.56765365600586
50.51899719238281
64.14881896972656
63.454833984375
63.76410675048828
69.83772277832031
59.42746353149414
61.35512924194336
62.14262008666992
58.623836517333984
70.0781021118164
67.5860366821289
64.49208068847656
68.85842895507812
63.75094985961914
67.30612182617188
69.49649810791016
57.28213882446289
71.57115173339844
73.06094360351562
62.389793395996094
72.32640075683594
57.56203842163086
72.61559295654297
76.49746704101562
61.30070114135742
77.86837768554688
75.86426544189453
70.41136932373047
80.5971450805664
73.69911193847656
82.07467651367188
86.09478759765625
53.410221099853516
89.09581756591797
87.74478912353516
83.21092224121094
91.33589935302734
83.2874984741211
86.86559295654297
88.65064239501953
53.01804733276367
88.62948608398438
85.96076965332031
80.8951644897461
89.22624969482422
81.50938415527344
86.94417572021484
89.6383285522461
60.70392990112305
90.68817138671875
89.134765625
82.72734832763672
91.7000732421875
82.77391052246094
87.54393005371094
88.71588897705078
58.22444152832031
86.12161254882812
82.54356384277344
75.96066284179688
81.31024932861328
72.59040832519531
71.71476745605469
74.64860534667969
58.87149429321289
75.45000457763672
74.0843734741211
63.69917297363281
73.12356567382812
64.72119903564453
72.27639770507812
74.31346893310547
54.322113037109375
74.13003540039062
73.44097137451172
66.99119567871094
76.4084243774414
67.85770416259766
74.75325012207031
76.06248474121094
62.78294372558594
76.27694702148438
74.06485748291016
71.09195709228516
80.00334930419922
72.8255386352539
76.48767852783203
79.38360595703125
61.855079650878906
82.40880584716797
80.9680404663086
76.37488555908203
86.5493392944336
80.4146957397461
87.67493438720703
91.60147094726562
66.21202087402344
91.63617706298828
88.81194305419922
82.671142578125
90.34461975097656
81.78929138183594
86.9931640625
89.24725341796875
59.8044548034668
90.00312805175781
88.20297241210938
83.69772338867188
92.94374084472656
86.19316101074219
91.6502914428711
95.0223617553711
53.16930389404297
96.82391357421875
95.06903839111328
89.73765563964844
98.24234008789062
89.72826385498047
94.93267822265625
97.04916381835938
62.92928695678711
96.2645263671875
93.6283950805664
88.35539245605469
96.1973648071289
87.29135131835938
92.50637817382812
94.54056549072266
56.40077209472656
94.3166275024414
92.19685363769531
86.98143768310547
95.44937133789062
87.04296875
92.1212387084961
94.31749725341797
62.94100570678711
94.64655303955078
92.38176727294922
86.72496795654297
95.5725326538086
87.46637725830078
92.94263458251953
95.32735443115234
55.85846710205078
95.8022689819336
93.98087310791016
88.53872680664062
97.69722747802734
90.09210968017578
95.9148941040039
98.98737335205078
59.350276947021484
99.94499969482422
98.139404296875
92.40438842773438
101.01258087158203
92.67825317382812
96.03909301757812
97.55461120605469
65.25505828857422
94.9355697631836
91.43915557861328
84.78931427001953
91.92268371582031
83.0828628540039
86.96151733398438
88.32606506347656
61.07533645629883
86.78654479980469
83.7421646118164
77.25200653076172
85.67282104492188
77.7652359008789
83.46708679199219
86.98548889160156
60.52445602416992
86.35140228271484
83.53936767578125
76.20045471191406
84.16722869873047
74.31941986083984
80.31382751464844
81.58023071289062
58.47100067138672
79.70075988769531
75.83405303955078
70.72308349609375
78.26749420166016
69.21475219726562
76.17098236083984
78.17658233642578
56.462833404541016
79.31521606445312
78.39543914794922
74.64004516601562
85.4658203125
78.75628662109375
83.32738494873047
86.11980438232422
46.166324615478516
84.85298156738281
81.70895385742188
77.04496002197266
83.76466369628906
74.65667724609375
79.26860046386719
81.7278823852539
47.10908508300781
82.19419860839844
79.64108276367188
74.0381851196289
81.56672668457031
73.0108413696289
77.66909790039062
79.8917007446289
55.956634521484375
79.84732055664062
77.9841537475586
66.98197174072266
76.16072845458984
63.220123291015625
75.66807556152344
80.89547729492188
46.268672943115234
83.511962890625
81.66954803466797
75.38455200195312
84.08480072021484
74.66895294189453
81.94232940673828
84.31300354003906
48.105106353759766
84.96041870117188
83.83685302734375
79.14482879638672
89.05879974365234
82.12831115722656
88.09403228759766
91.32453918457031
55.17588424682617
92.96266174316406
90.87034606933594
85.74190521240234
93.27851867675781
84.45723724365234
88.08712005615234
89.48402404785156
61.73394775390625
87.80062866210938
83.8515396118164
78.50435638427734
85.25371551513672
76.84371948242188
82.47431945800781
85.28661346435547
59.142601013183594
84.64326477050781
81.78961181640625
76.76302337646484
84.53211975097656
75.63426971435547
81.25567626953125
83.34001922607422
51.304134368896484
82.75515747070312
80.50198364257812
76.01301574707031
83.86395263671875
75.13471221923828
79.44403076171875
80.6992416381836
62.85342025756836
82.02626037597656
80.91651916503906
75.44103240966797
85.41539764404297
77.93643951416016
83.34475708007812
86.56925964355469
56.391014099121094
85.2880859375
81.49821472167969
73.01327514648438
80.0443344116211
67.03340148925781
74.10942077636719
74.50814819335938
59.209922790527344
71.41210174560547
66.62057495117188
63.675010681152344
67.52889251708984
52.633243560791016
66.46395874023438
69.26402282714844
58.256446838378906
68.87762451171875
66.25239562988281
65.10652923583984
71.68852996826172
65.9815902709961
72.56819915771484
75.62144470214844
54.5283317565918
75.46663665771484
72.0515365600586
68.7188949584961
77.1387939453125
70.71070861816406
74.20691680908203
77.52354431152344
54.324371337890625
80.7501220703125
79.61968994140625
73.72578430175781
82.78701782226562
73.89671325683594
76.89844512939453
77.50794219970703
57.55401611328125
75.8012466430664
72.66950225830078
60.63387680053711
70.90133666992188
62.43698501586914
67.69258880615234
69.408203125
51.50166320800781
68.5908203125
67.56233215332031
44.43590545654297
70.66780853271484
64.9424819946289
72.7933578491211
75.6912612915039
56.78882598876953
78.21360778808594
75.61325073242188
70.24040985107422
79.78001403808594
73.02274322509766
80.35786437988281
83.62244415283203
58.034175872802734
84.70710754394531
82.75608825683594
77.76789855957031
85.93302154541016
77.44091033935547
81.74783325195312
83.58859252929688
53.25077819824219
82.91246795654297
79.70792388916016
74.32071685791016
81.82018280029297
73.68960571289062
77.04903411865234
79.36775207519531
44.532413482666016
79.9670639038086
77.26150512695312
70.96659088134766
80.51056671142578
72.77490997314453
80.29341888427734
82.66069793701172
55.47056579589844
83.515380859375
81.04928588867188
74.92168426513672
83.49266815185547
74.3333969116211
80.8431625366211
83.1748275756836
50.654083251953125
82.89451599121094
80.95023345947266
75.67083740234375
84.37893676757812
75.62973022460938
81.09041595458984
82.79112243652344
47.27560806274414
81.1391830444336
78.38116455078125
74.9909439086914
82.3424301147461
74.61434173583984
79.43934631347656
82.19855499267578
51.02640151977539
82.97698211669922
81.26446533203125
76.86573791503906
85.46878814697266
77.53748321533203
82.99444580078125
85.4726791381836
51.70191955566406
84.04254913330078
80.26337432861328
72.54216766357422
80.67862701416016
72.05078887939453
78.0788803100586
80.80377960205078
51.29533386230469
82.3911361694336
80.71974182128906
74.56787109375
84.44181060791016
75.50675201416016
82.66878509521484
85.53522491455078
48.61659240722656
86.68108367919922
85.05878448486328
79.62552642822266
89.03878021240234
81.01211547851562
86.70271301269531
88.9032211303711
40.297035217285156
88.17108917236328
85.74739074707031
81.11004638671875
89.76702117919922
82.25959014892578
87.77545928955078
90.37655639648438
52.38084030151367
89.88384246826172
87.44062042236328
82.41677856445312
91.29399871826172
83.97107696533203
88.93163299560547
91.45539093017578
47.91155242919922
91.311279296875
88.7154312133789
82.50506591796875
90.65510559082031
81.79071807861328
87.01560974121094
89.02590942382812
47.215335845947266
88.03244018554688
85.41748809814453
79.0440444946289
86.88314819335938
77.86627960205078
82.97445678710938
86.00294494628906
62.75949478149414
87.2847671508789
86.02680969238281
80.8839111328125
89.6460189819336
81.9515609741211
86.87171936035156
89.2173843383789
53.97377014160156
87.43475341796875
83.54981231689453
77.32805633544922
85.41436767578125
77.84237670898438
82.95567321777344
86.32943725585938
52.17749786376953
87.87019348144531
85.44441223144531
78.88611602783203
86.27325439453125
77.72208404541016
81.43476867675781
84.31260681152344
55.690040588378906
86.37782287597656
85.00129699707031
79.58049011230469
89.34920501708984
81.6309814453125
86.99629211425781
89.3347396850586
57.96744918823242
86.79496002197266
82.83097076416016
76.64087677001953
82.22969055175781
72.5545883178711
79.4445571899414
82.31004333496094
53.95014190673828
84.35635375976562
83.28114318847656
78.84198760986328
88.72918701171875
81.193359375
86.8995132446289
89.52031707763672
48.472808837890625
88.23796844482422
85.18031311035156
79.04057312011719
86.70014190673828
77.60609436035156
81.37977600097656
82.95184326171875
48.683597564697266
81.87986755371094
78.60797882080078
72.54381561279297
79.67021179199219
71.19564819335938
75.2949447631836
75.14736938476562
60.88222122192383
75.68822479248047
74.75717163085938
70.3975830078125
79.89385986328125
