66.05548095703125
71.27728271484375
73.86763763427734
54.96189498901367
75.94635009765625
74.09971618652344
73.4419937133789
81.4066390991211
75.38629913330078
80.02218627929688
83.88725280761719
67.49662017822266
82.5426025390625
79.0601577758789
74.0071029663086
78.12763977050781
66.31768798828125
71.3783187866211
71.42707824707031
51.745948791503906
64.11703491210938
57.01580810546875
45.47565460205078
56.2698860168457
53.64509201049805
68.38294982910156
74.26502227783203
58.96485900878906
76.69942474365234
77.90367889404297
71.35063171386719
79.89028930664062
68.88921356201172
74.33142852783203
75.59195709228516
54.773746490478516
72.42764282226562
67.48255920410156
63.49260711669922
70.95620727539062
60.94770431518555
61.79352569580078
60.6524658203125
47.720027923583984
66.45184326171875
60.22533416748047
59.417659759521484
61.79808044433594
46.007869720458984
58.48858642578125
63.236488342285156
46.828208923339844
59.76231002807617
58.589237213134766
59.53865432739258
66.33202362060547
57.20113754272461
65.73934173583984
67.004638671875
60.50751876831055
67.20175170898438
60.0990104675293
62.84872817993164
69.13848876953125
62.821441650390625
67.68111419677734
69.8246841430664
57.33401870727539
65.47731018066406
67.2680892944336
65.19815826416016
71.79251861572266
62.32493591308594
71.35034942626953
74.88280487060547
55.17533493041992
75.53504943847656
74.90470886230469
70.70858001708984
79.88607788085938
71.63257598876953
81.52971649169922
84.93647766113281
64.04661560058594
87.96865844726562
87.37335968017578
82.06134796142578
91.01708221435547
81.79056549072266
87.79521942138672
89.67990112304688
55.64567184448242
89.53277587890625
87.09616088867188
82.2741928100586
90.9235610961914
83.3092269897461
88.50208282470703
91.63621520996094
60.644187927246094
91.92039489746094
89.65018463134766
83.9161376953125
91.2379150390625
82.54061126708984
86.01538848876953
87.72003936767578
61.662452697753906
84.65301513671875
79.58953857421875
71.93125915527344
78.12088775634766
70.3197250366211
72.59580993652344
73.56836700439453
61.75033950805664
75.12639617919922
72.30201721191406
68.68083953857422
75.7169418334961
67.81912231445312
72.98761749267578
74.91613006591797
56.98884201049805
73.6121597290039
72.89907836914062
67.17573547363281
74.75203704833984
66.27899169921875
74.9238052368164
76.62581634521484
58.154991149902344
76.92073822021484
74.82877349853516
66.48204803466797
76.8182373046875
70.38217163085938
74.97823333740234
76.43978118896484
64.79275512695312
80.04878234863281
78.5047378540039
75.52308654785156
84.73343658447266
80.16043090820312
83.52837371826172
89.08753204345703
74.32817840576172
90.71223449707031
87.82698822021484
84.87313842773438
91.67549133300781
82.45117950439453
89.18900299072266
91.77128601074219
67.29701232910156
92.71656036376953
91.64847564697266
86.12002563476562
96.17786407470703
89.31773376464844
94.60700225830078
97.81885528564453
55.861473083496094
98.39491271972656
96.06338500976562
90.35393524169922
98.60554504394531
90.47489929199219
94.45952606201172
96.6483383178711
68.9405288696289
95.83330535888672
93.3322982788086
88.17388916015625
96.13641357421875
87.4793701171875
92.9024658203125
95.18663024902344
65.43329620361328
94.66957092285156
92.82987976074219
87.07670593261719
96.03690338134766
87.34709167480469
93.76673889160156
96.14405059814453
68.93411254882812
96.23249053955078
94.45714569091797
88.19212341308594
97.38717651367188
89.52470397949219
94.99381256103516
97.7903823852539
67.6799545288086
99.13917541503906
97.63414764404297
91.73162841796875
101.53876495361328
95.0657958984375
98.40082550048828
101.63229370117188
75.85643768310547
100.29024505615234
97.17977905273438
90.04167175292969
97.51338195800781
88.70193481445312
91.22411346435547
92.72135925292969
68.5106430053711
90.36308288574219
87.15476989746094
81.6205062866211
88.85371398925781
79.51477813720703
84.48811340332031
86.08629608154297
56.290279388427734
84.59048461914062
81.97566986083984
76.88494110107422
85.02747344970703
76.4474105834961
81.71515655517578
82.88874816894531
54.44929504394531
81.25423431396484
78.90330505371094
71.6504898071289
79.55209350585938
68.86970520019531
76.06101989746094
77.86531829833984
53.08542251586914
76.53472900390625
74.18826293945312
69.24346923828125
76.11434173583984
68.35823822021484
76.44648742675781
80.17218017578125
62.582332611083984
82.92940521240234
82.32545471191406
75.8200912475586
85.01782989501953
76.23644256591797
80.36890411376953
82.25308990478516
40.94704818725586
80.68838500976562
77.94859313964844
72.1249008178711
80.51465606689453
72.81661224365234
77.99974060058594
79.98977661132812
45.74528503417969
79.49647521972656
77.59794616699219
71.33496856689453
79.99189758300781
72.33841705322266
77.10054779052734
78.7087631225586
53.24224853515625
76.78077697753906
74.02653503417969
68.70848846435547
71.38678741455078
66.20193481445312
73.44351196289062
80.23408508300781
67.01950073242188
82.51275634765625
79.34490966796875
75.92450714111328
83.64991760253906
76.2719955444336
79.87627410888672
83.10157775878906
59.44048309326172
83.73438262939453
82.18779754638672
79.74292755126953
87.94857025146484
80.60655975341797
87.07221221923828
90.55111694335938
67.08809661865234
91.65869903564453
90.03837585449219
85.33739471435547
92.26130676269531
81.51085662841797
87.7132797241211
88.42088317871094
58.5341796875
86.17449951171875
82.76618957519531
77.20687866210938
84.73582458496094
75.75755310058594
82.66447448730469
84.91624450683594
58.32748031616211
85.83131408691406
83.54003143310547
78.47720336914062
86.00370025634766
77.77532196044922
81.90090942382812
84.51464080810547
53.659812927246094
84.32827758789062
81.84869384765625
77.63081359863281
85.93783569335938
78.00047302246094
84.09845733642578
87.16376495361328
67.80944061279297
87.37263488769531
86.4687728881836
79.4066162109375
88.6788558959961
77.90841674804688
83.67261505126953
83.78407287597656
61.1240119934082
80.00121307373047
76.36559295654297
63.3329963684082
72.83578491210938
65.88179016113281
69.46163177490234
69.4309310913086
57.028446197509766
68.86105346679688
67.18240356445312
53.27937316894531
68.72754669189453
61.023075103759766
67.52739715576172
68.82828521728516
54.634193420410156
74.2045669555664
72.26741790771484
66.38717651367188
76.53704071044922
69.73814392089844
73.12442016601562
75.659423828125
57.989742279052734
77.18852233886719
73.86255645751953
71.4857406616211
80.30658721923828
73.33814239501953
78.54861450195312
82.8724365234375
63.4689826965332
84.11300659179688
81.89371490478516
77.1932144165039
83.32301330566406
73.16793823242188
78.2308578491211
79.20812225341797
60.89212417602539
76.13297271728516
72.69142150878906
66.87890625
72.69635772705078
57.221458435058594
69.6935043334961
71.43778228759766
57.97063446044922
69.55086517333984
67.33018493652344
59.428855895996094
71.1615219116211
64.36886596679688
71.70449829101562
74.9911117553711
45.47037887573242
77.467529296875
75.72480010986328
71.2873764038086
80.07174682617188
73.9184799194336
79.15849304199219
82.41154479980469
57.07465744018555
83.01854705810547
80.26627349853516
74.87593841552734
83.19627380371094
76.61248016357422
79.56090545654297
82.59546661376953
42.42873764038086
82.0197982788086
79.39376831054688
74.69403839111328
82.2685775756836
73.60018920898438
78.01885986328125
79.6573257446289
48.82107162475586
78.88494873046875
76.03468322753906
72.33943939208984
79.48796081542969
71.51353454589844
78.17752838134766
81.51850891113281
58.76091766357422
82.19165802001953
80.0300521850586
75.20315551757812
83.17710876464844
74.91288757324219
80.40430450439453
82.86595916748047
55.97024154663086
83.04146575927734
80.88420867919922
74.63257598876953
83.51586151123047
74.34757995605469
80.0838623046875
81.96318817138672
56.328399658203125
81.28561401367188
79.43782043457031
73.23326873779297
81.72454071044922
74.06253051757812
79.31477355957031
82.29254150390625
52.68507766723633
83.83251953125
81.94447326660156
76.3462905883789
85.81690216064453
78.23272705078125
82.25546264648438
83.50016784667969
56.50495529174805
80.5248031616211
77.2900619506836
69.84587097167969
79.29277038574219
70.6366195678711
77.8354721069336
80.42167663574219
49.82482147216797
81.25530242919922
79.51853942871094
74.70402526855469
83.15689849853516
75.14482116699219
82.20621490478516
84.89414978027344
56.71015167236328
86.23497772216797
84.58049011230469
79.3438949584961
88.80571746826172
81.1007308959961
86.79534149169922
89.26416015625
59.433685302734375
90.12094116210938
88.27031707763672
82.14908599853516
91.94327545166016
84.52793884277344
88.83976745605469
90.87836456298828
60.35695266723633
90.20159912109375
87.38447570800781
81.95614624023438
90.86676788330078
83.56977081298828
88.50746154785156
91.04837036132812
51.76968002319336
91.00605773925781
88.61286926269531
82.41656494140625
90.84993743896484
82.74171447753906
87.1344223022461
89.4395751953125
61.54487991333008
88.32257843017578
85.66275787353516
78.62080383300781
85.9806900024414
76.78025817871094
79.61116790771484
82.91815185546875
64.7802963256836
84.7809829711914
83.0661849975586
78.70832061767578
87.20510864257812
79.8535385131836
83.54745483398438
86.36589813232422
62.07497024536133
83.79579162597656
80.31169891357422
75.80413818359375
84.05037689208984
77.06636810302734
82.7278060913086
86.51197052001953
65.62217712402344
86.5924301147461
82.96990203857422
77.22050476074219
82.8521499633789
73.84053802490234
77.79971313476562
81.02034759521484
56.10276412963867
83.7415542602539
82.22257232666016
77.28863525390625
86.6520004272461
79.2396240234375
83.79354095458984
85.37730407714844
55.258941650390625
82.44934844970703
78.10189819335938
70.78695678710938
79.32815551757812
71.76029968261719
77.72020721435547
81.76808166503906
53.97991180419922
83.89810943603516
82.250732421875
76.56717681884766
86.3863296508789
78.65005493164062
83.86408996582031
85.50917053222656
57.37718963623047
84.15756225585938
80.75537872314453
73.38391876220703
80.9061050415039
71.69538879394531
75.9692611694336
77.41697692871094
53.492759704589844
75.55088806152344
72.95711517333984
65.84707641601562
74.35417938232422
63.35638427734375
72.4189682006836
73.66693878173828
53.96669006347656
77.68218231201172
77.39025115966797
71.76246643066406
82.04203796386719
