77.75271606445312
81.35326385498047
85.41923522949219
66.26077270507812
84.63790130615234
77.43917083740234
76.60834503173828
78.842041015625
44.3722038269043
76.2343978881836
72.18055725097656
69.10413360595703
74.65481567382812
69.08845520019531
69.49935150146484
71.96473693847656
70.09366607666016
70.43810272216797
72.66055297851562
68.85872650146484
73.66024017333984
76.18748474121094
64.59114074707031
77.91049194335938
76.29460144042969
76.8904037475586
82.50457763671875
68.59941101074219
79.05068969726562
74.05743408203125
73.25494384765625
71.82255554199219
65.85700225830078
71.51334381103516
60.32969284057617
67.81095123291016
69.66197204589844
64.78099822998047
68.41848754882812
66.09525299072266
69.5445327758789
67.4384765625
69.32901763916016
69.44525909423828
69.6750717163086
71.41008758544922
66.78465270996094
73.08821105957031
72.72291564941406
69.67272186279297
76.0519027709961
70.00071716308594
74.4742660522461
76.80554962158203
65.93425750732422
77.94620513916016
75.16886901855469
74.74546813964844
80.5455093383789
68.96868896484375
80.68389129638672
82.12281036376953
71.62126922607422
85.22518920898438
81.02925872802734
83.37145233154297
87.11475372314453
69.99006652832031
84.78612518310547
82.39518737792969
73.4039306640625
81.96455383300781
75.42498016357422
76.18601989746094
79.40058898925781
70.33256530761719
77.857666015625
77.33296966552734
69.98051452636719
77.91490936279297
73.59464263916016
73.87879180908203
78.49211120605469
69.13099670410156
76.54694366455078
77.63937377929688
69.57766723632812
78.35225677490234
74.676025390625
74.38731384277344
79.6272201538086
68.27651977539062
78.71701049804688
79.05065155029297
70.47927856445312
80.65737915039062
76.070556640625
77.54818725585938
81.48894500732422
69.92920684814453
80.75165557861328
80.43712615966797
73.91090393066406
82.94163513183594
76.64300537109375
80.8729248046875
84.11225128173828
70.06163024902344
85.40093231201172
84.32443237304688
79.57696533203125
89.30615234375
81.91093444824219
88.77999877929688
91.89783477783203
66.97824096679688
94.18621063232422
91.7354736328125
88.21170806884766
95.56510925292969
86.04570770263672
92.3058853149414
94.06437683105469
72.2532958984375
93.97887420654297
91.92986297607422
86.7845230102539
95.93222045898438
88.33238220214844
92.88081359863281
95.08457946777344
69.44692993164062
92.50645446777344
89.77143096923828
81.2791519165039
90.3973159790039
82.91925048828125
85.51403045654297
88.56616973876953
68.25218963623047
88.0224609375
86.3234634399414
81.57669067382812
88.77198028564453
74.1976089477539
82.04471588134766
80.46456146240234
68.99998474121094
76.96753692626953
77.89332580566406
55.82305145263672
76.56774139404297
74.08197784423828
67.72826385498047
76.97392272949219
69.9428482055664
75.37478637695312
77.76962280273438
64.88725280761719
79.62855529785156
76.25418853759766
78.76590728759766
83.9534683227539
69.03483581542969
86.45616912841797
86.7236328125
81.14485931396484
92.6070327758789
86.91645050048828
92.2657241821289
96.48363494873047
68.40408325195312
97.87630462646484
96.11122131347656
89.63506317138672
97.78597259521484
89.20712280273438
93.30513000488281
96.14293670654297
69.8777084350586
96.22893524169922
94.2519302368164
88.35010528564453
97.22174835205078
89.04380798339844
94.05838012695312
96.58161163330078
68.58316040039062
96.7808837890625
94.63969421386719
89.39733123779297
98.06624603271484
89.80866241455078
95.63213348388672
98.1761245727539
69.04057312011719
99.1465835571289
97.28398132324219
92.84998321533203
101.33784484863281
93.2247085571289
99.4753189086914
101.71369171142578
70.91714477539062
101.20882415771484
97.41190338134766
91.89263916015625
97.96431732177734
87.23257446289062
92.89155578613281
94.10128021240234
70.02819061279297
94.65223693847656
91.86141204833984
87.86964416503906
94.9500732421875
85.09185791015625
91.43115234375
92.45609283447266
70.26909637451172
91.5317153930664
87.98542785644531
83.73422241210938
90.20990753173828
80.04168701171875
86.74858856201172
87.72241973876953
70.78015899658203
87.23318481445312
83.34249114990234
79.73728942871094
86.44580078125
75.95232391357422
83.60601043701172
84.33507537841797
73.10427856445312
84.49800109863281
81.00489044189453
78.75508880615234
84.28842163085938
73.76374816894531
81.92389678955078
82.6210708618164
70.5023193359375
82.69637298583984
78.90675354003906
76.2618179321289
80.39209747314453
71.57099914550781
78.51431274414062
78.7905502319336
70.80640411376953
79.89507293701172
75.31147003173828
76.33853149414062
79.26696014404297
70.30467224121094
78.15642547607422
77.7135009765625
71.3839340209961
77.87801361083984
71.44853210449219
74.73077392578125
78.08940887451172
68.65633392333984
80.74461364746094
80.33877563476562
71.6356201171875
79.17491912841797
73.69368743896484
74.55245208740234
75.11285400390625
67.85002136230469
76.49848175048828
74.83509826660156
71.89496612548828
79.29273223876953
72.61268615722656
77.44915008544922
81.07464599609375
63.052974700927734
81.73419952392578
81.86483764648438
72.04683685302734
85.18179321289062
81.333984375
81.7579345703125
88.26544952392578
78.05755615234375
88.22046661376953
90.58084106445312
72.00342559814453
93.51133728027344
91.50308227539062
88.16495513916016
96.43037414550781
88.45526885986328
93.72330474853516
95.6677474975586
71.03885650634766
94.0404052734375
91.5782241821289
83.67740631103516
92.29885864257812
84.70292663574219
86.81118774414062
89.56352233886719
72.26941680908203
87.51933288574219
86.1834945678711
75.6830062866211
86.98711395263672
81.50150299072266
81.33702087402344
85.95083618164062
72.21609497070312
84.14090728759766
83.806396484375
72.72073364257812
84.93264770507812
80.46888732910156
80.04354095458984
85.09446716308594
72.57286071777344
83.44486236572266
83.9911880493164
70.71342468261719
84.94388580322266
80.04862213134766
77.59822082519531
82.36715698242188
73.05026245117188
79.38238525390625
80.9060287475586
67.87760162353516
82.94025421142578
79.14066314697266
78.41434478759766
84.44046020507812
71.58920288085938
84.0724868774414
84.53651428222656
74.0022201538086
87.27738189697266
82.50196075439453
84.28727722167969
89.32898712158203
71.85275268554688
89.21839141845703
87.53229522705078
78.3577880859375
85.55419158935547
77.06188201904297
76.3750228881836
76.68866729736328
72.71170043945312
70.28882598876953
77.5782470703125
58.73201370239258
79.13429260253906
77.82914733886719
75.42337036132812
82.24613189697266
73.11186218261719
79.56090545654297
79.8181381225586
60.7173957824707
78.16819763183594
76.421142578125
70.11759185791016
80.2261734008789
71.63948059082031
79.7593002319336
82.22616577148438
68.83047485351562
84.41365051269531
80.00776672363281
79.56993865966797
85.16541290283203
72.66063690185547
82.99513244628906
83.48075866699219
70.39842224121094
85.76164245605469
81.38936614990234
84.11949157714844
89.57501220703125
72.8785400390625
91.59214782714844
91.55908966064453
84.6529769897461
95.20304870605469
87.83998107910156
90.9670639038086
93.1248550415039
71.33232879638672
91.0513916015625
88.50466918945312
81.19505310058594
89.59532165527344
81.88016510009766
85.05585479736328
87.36872100830078
72.53536987304688
86.16858673095703
84.26961517333984
77.98943328857422
86.0389404296875
78.30463409423828
81.9050064086914
84.6418685913086
71.8025894165039
83.7020263671875
82.32282257080078
75.76292419433594
84.34514617919922
78.1034927368164
80.61639404296875
83.80648040771484
72.2858657836914
83.43085479736328
82.42800903320312
75.93553161621094
84.82707214355469
78.60409545898438
81.9286117553711
84.83003997802734
71.5145034790039
85.19880676269531
83.6150131225586
78.79710388183594
86.46798706054688
77.69597625732422
83.09014129638672
81.58162689208984
72.56733703613281
78.25291442871094
74.68753051757812
72.26152801513672
76.87731170654297
74.44647216796875
74.4646224975586
78.51524353027344
72.33985137939453
78.7992935180664
79.41915893554688
71.05732727050781
81.84651184082031
78.02499389648438
78.92730712890625
83.23408508300781
70.70171356201172
83.10160827636719
81.22750854492188
76.4191665649414
81.38728332519531
73.03797912597656
75.15071105957031
75.82567596435547
71.47000885009766
74.25257110595703
77.36995697021484
68.42308044433594
79.51578521728516
77.07518768310547
76.12944793701172
82.21137237548828
71.83287048339844
82.34789276123047
82.60154724121094
73.45892333984375
85.64733123779297
80.4562759399414
83.37638092041016
87.33721923828125
70.82244873046875
88.35118103027344
87.0965347290039
81.51680755615234
89.93439483642578
80.9114761352539
86.02156829833984
86.40367889404297
70.90036010742188
83.73117065429688
78.17066955566406
75.88899230957031
78.18325805664062
71.45096588134766
71.70753479003906
77.333984375
70.27896118164062
79.23129272460938
80.93695831298828
70.53486633300781
85.79682159423828
81.21151733398438
84.98208618164062
89.77587890625
70.38825988769531
91.9994888305664
91.42086029052734
86.2892837524414
96.15608215332031
88.7230224609375
93.78993225097656
95.97833251953125
70.73426055908203
95.21626281738281
92.02139282226562
87.0738296508789
94.20034790039062
84.32643127441406
90.61296081542969
91.763427734375
71.00186157226562
91.42874908447266
88.0689468383789
84.09713745117188
90.76630401611328
80.77561950683594
88.68998718261719
91.09493255615234
69.54049682617188
92.02301788330078
88.68449401855469
85.2135009765625
91.51437377929688
80.58074951171875
87.5462875366211
86.96688079833984
69.9422607421875
85.4510726928711
80.94285583496094
79.66876983642578
85.03841400146484
72.55225372314453
83.87997436523438
84.78475952148438
69.21517944335938
86.14671325683594
81.7087631225586
78.87354278564453
83.72483825683594
71.87947845458984
78.35369110107422
77.7684326171875
68.36383819580078
69.81624603271484
70.99832916259766
67.39605712890625
71.95651245117188
67.30476379394531
74.38520812988281
76.0660629272461
67.29875183105469
78.44039916992188
75.24588775634766
75.29499053955078
80.63707733154297
67.897216796875
80.13663482666016
80.82411193847656
66.20372009277344
81.89085388183594
76.81916046142578
76.45268249511719
80.55613708496094
64.32518768310547
77.9651870727539
75.74056243896484
66.42791748046875
75.88693237304688
64.5776596069336
71.05864715576172
70.53816223144531
