77.53421020507812
70.33824920654297
80.03445434570312
76.93309783935547
81.6421890258789
82.21405029296875
80.25953674316406
81.96953582763672
73.23597717285156
78.93097686767578
73.36593627929688
72.1095962524414
74.55208587646484
61.232093811035156
73.20767211914062
70.1591567993164
70.60755920410156
70.95643615722656
69.13054656982422
72.15951538085938
65.84600830078125
71.55838012695312
70.4539566040039
72.0833740234375
76.06356048583984
63.96731185913086
78.4913330078125
74.71730041503906
79.45015716552734
79.37847900390625
75.53609466552734
78.63227081298828
63.93276596069336
75.78569793701172
73.0613021850586
69.25933837890625
74.03565216064453
68.51313781738281
70.5846176147461
72.4071273803711
69.77654266357422
71.78172302246094
71.05260467529297
68.86907958984375
69.08760070800781
71.93780517578125
69.2232437133789
70.59243774414062
71.55852508544922
66.1884994506836
73.30895233154297
71.6131362915039
65.91613006591797
73.36308288574219
68.49962615966797
69.48212432861328
75.07587432861328
61.55585861206055
74.6491928100586
74.47525024414062
67.60688018798828
76.1429214477539
71.96945190429688
73.63008117675781
78.1292953491211
66.82767486572266
77.3226547241211
78.48535919189453
72.21812438964844
81.1147232055664
77.18901824951172
79.41909790039062
83.1849594116211
81.20614624023438
86.47570037841797
85.3067398071289
86.0802230834961
86.34086608886719
82.38837432861328
85.22057342529297
81.00926971435547
80.91738891601562
82.88981628417969
76.07598876953125
81.36847686767578
80.35507202148438
75.29193115234375
82.10372161865234
77.927978515625
78.52581024169922
81.96070861816406
75.08833312988281
81.2281723022461
79.89708709716797
75.78506469726562
81.67778778076172
77.76065826416016
79.05783081054688
82.27290344238281
75.62706756591797
81.99346160888672
81.63359069824219
78.25331115722656
83.84687805175781
80.09236907958984
82.97222137451172
85.08210754394531
81.68954467773438
86.56047821044922
85.35504150390625
86.43972778320312
88.50675201416016
87.48530578613281
90.02488708496094
89.31144714355469
89.97149658203125
90.47718811035156
88.9659652709961
90.4743423461914
87.81301879882812
90.024169921875
88.42378234863281
88.7731704711914
87.87934112548828
84.85778045654297
86.04792022705078
80.5596923828125
82.79066467285156
81.67512512207031
76.00897216796875
81.66725158691406
76.43836975097656
79.034423828125
80.71382141113281
72.18011474609375
80.64279174804688
79.27843475341797
77.13890075683594
81.73304748535156
77.97200775146484
82.2661361694336
82.36329650878906
81.13529205322266
85.4849853515625
80.48178100585938
84.44147491455078
76.41426086425781
81.1324462890625
76.68315887451172
76.75720977783203
80.18881225585938
70.73377990722656
81.45435333251953
79.30755615234375
79.57925415039062
84.00288391113281
81.07621002197266
85.9594955444336
86.49946594238281
86.66130065917969
90.42341613769531
89.76242065429688
92.15072631835938
92.77033233642578
92.77177429199219
93.9009017944336
92.18818664550781
93.15753936767578
92.25919342041016
91.2149887084961
92.00125885009766
89.98294830322266
90.43978881835938
90.02197265625
87.62101745605469
88.99267578125
88.18892669677734
88.78569030761719
91.3650131225586
90.4141616821289
91.92511749267578
92.31455993652344
91.59637451171875
93.07569122314453
92.19486999511719
92.76622772216797
93.55856323242188
92.6531753540039
94.13040161132812
93.97976684570312
93.84957885742188
95.39319610595703
94.7845458984375
95.98802185058594
96.40756225585938
96.33064270019531
97.62544250488281
97.24604034423828
97.6954345703125
97.45855712890625
96.0611572265625
95.87519836425781
93.42572021484375
92.67534637451172
92.06421661376953
90.0765380859375
91.90071868896484
90.79631805419922
90.41632080078125
90.97832489013672
88.31702423095703
89.34461212158203
88.04912567138672
86.15198516845703
87.80810546875
84.62882232666016
85.31741333007812
85.66541290283203
81.31156921386719
84.6877670288086
82.87954711914062
80.31822204589844
83.71636199951172
78.48100280761719
81.401123046875
81.75691986083984
75.01972198486328
81.74232482910156
78.79186248779297
75.86447143554688
81.36507415771484
73.53013610839844
78.41272735595703
79.54277038574219
68.42611694335938
79.32256317138672
76.46752166748047
72.37776184082031
80.03726959228516
71.30937194824219
76.78897094726562
78.30330657958984
61.82318115234375
78.9669418334961
72.95674896240234
72.11966705322266
78.10796356201172
68.89375305175781
74.26374053955078
75.94076538085938
62.6252326965332
76.1806869506836
74.22600555419922
68.85566711425781
76.75172424316406
70.83503723144531
74.06641387939453
77.1270980834961
48.732177734375
76.6228256225586
74.02352905273438
73.17726135253906
78.26309204101562
58.0666389465332
78.26801300048828
70.08528900146484
78.761474609375
74.69269561767578
79.29479217529297
78.51014709472656
76.24254608154297
80.6208724975586
69.30635833740234
80.43702697753906
76.17985534667969
75.93417358398438
80.79195404052734
69.58808898925781
79.86882019042969
79.55380249023438
73.54048156738281
81.85006713867188
78.66680145263672
79.98695373535156
83.483642578125
78.63275146484375
85.01502227783203
84.82709503173828
84.34877014160156
88.23125457763672
86.36849975585938
89.47990417480469
89.58600616455078
89.8835220336914
91.88320922851562
89.86701202392578
91.6928482055664
89.70550537109375
88.76473999023438
89.22809600830078
84.95530700683594
87.34266662597656
85.69606018066406
83.9429931640625
86.87510681152344
81.64168548583984
84.74800109863281
84.07813262939453
79.17475891113281
84.47501373291016
79.85700988769531
81.06623840332031
83.68492126464844
75.0904541015625
82.66600799560547
81.15941619873047
75.81625366210938
83.1763687133789
78.06310272216797
79.52938842773438
82.535888671875
73.42350769042969
81.97264862060547
80.64926147460938
77.17080688476562
83.36534118652344
75.56985473632812
79.61090850830078
81.22625732421875
68.83174133300781
81.23529815673828
80.4700927734375
75.90601348876953
82.7071533203125
78.77873992919922
81.07298278808594
83.77019500732422
77.22962188720703
84.83486938476562
83.85047912597656
82.66536712646484
87.13453674316406
84.42735290527344
87.99016571044922
88.19949340820312
86.841796875
87.97746276855469
82.01970672607422
84.44146728515625
81.49432373046875
76.04398345947266
80.79351043701172
71.68318176269531
75.37230682373047
77.8983383178711
68.94935607910156
74.90140533447266
77.70447540283203
67.13800811767578
76.63618469238281
78.79984283447266
57.514705657958984
79.91294860839844
78.40835571289062
74.06688690185547
82.65351104736328
76.95307159423828
81.98419189453125
83.519775390625
78.18099975585938
84.55715942382812
79.89226531982422
81.20255279541016
81.85043334960938
69.02700805664062
80.25933837890625
78.69123077392578
68.81155395507812
80.57743072509766
77.7687759399414
73.79901885986328
82.43386840820312
78.43600463867188
81.52337646484375
85.35021209716797
82.12157440185547
87.7588882446289
87.74681091308594
88.38162231445312
90.17739868164062
87.06788635253906
89.57179260253906
87.11278533935547
86.07147216796875
87.80890655517578
82.65924835205078
86.0478744506836
84.97039794921875
80.93940734863281
85.59618377685547
81.12496948242188
82.25450897216797
84.39427185058594
76.64599609375
83.32734680175781
81.96265411376953
76.26866912841797
83.2037353515625
78.13444519042969
78.94178771972656
82.23115539550781
72.88510131835938
80.92391204833984
81.03202056884766
71.43375396728516
82.34681701660156
80.94709014892578
78.69439697265625
84.94606018066406
80.2413101196289
83.78215026855469
84.69778442382812
80.09214782714844
85.2137680053711
81.431640625
81.44532012939453
84.16055297851562
76.22650909423828
82.84748077392578
82.5368881225586
76.90058898925781
83.74485778808594
80.4938735961914
80.5257339477539
83.99836730957031
77.99879455566406
83.0628890991211
83.03621673583984
76.93805694580078
84.17735290527344
81.10256958007812
80.99590301513672
85.09961700439453
81.01316833496094
85.0315170288086
85.67652893066406
82.28780364990234
87.3114242553711
84.78738403320312
85.84554290771484
87.84101104736328
84.3081283569336
87.99769592285156
85.60401153564453
84.70140075683594
85.51704406738281
77.2264404296875
82.35142517089844
79.67874145507812
67.69559478759766
79.74057006835938
77.5052490234375
69.42442321777344
80.86293029785156
77.90278625488281
77.0948715209961
83.29886627197266
77.89353942871094
82.9364013671875
84.23472595214844
80.25886535644531
86.20989227294922
84.92005157470703
85.4174575805664
88.1371078491211
85.4248275756836
88.76832580566406
87.38688659667969
86.35508728027344
87.87044525146484
83.06388092041016
85.42959594726562
83.41911315917969
78.82234191894531
83.4863510131836
77.07083129882812
76.65023040771484
80.11528778076172
72.50535583496094
76.30361938476562
80.18389892578125
73.21521759033203
80.38436126708984
83.50484466552734
79.67578887939453
86.15313720703125
86.41653442382812
87.05937957763672
90.34098052978516
89.3455581665039
91.62478637695312
91.5489273071289
90.81145477294922
92.03770446777344
89.6029281616211
90.73800659179688
89.70356750488281
88.16805267333984
89.85369873046875
86.88237762451172
87.88614654541016
88.08665466308594
84.57913970947266
87.4651870727539
85.36363983154297
83.97187805175781
86.27517700195312
83.08697509765625
85.2435073852539
87.1993408203125
84.69807434082031
88.290771484375
86.68937683105469
86.8488540649414
88.27933502197266
84.94096374511719
87.41374969482422
85.88228607177734
84.05721282958984
85.94998168945312
80.36083221435547
82.97050476074219
81.9393310546875
75.09361267089844
81.8686294555664
78.6305160522461
76.81964111328125
82.26806640625
75.58406066894531
81.61141967773438
80.24481964111328
75.28865814208984
80.11354064941406
68.69251251220703
76.82083892822266
74.67865753173828
71.89277648925781
75.11209869384766
69.12741088867188
76.08438873291016
67.45563507080078
79.10468292236328
70.49678802490234
78.19551086425781
78.60148620605469
73.15918731689453
80.11868286132812
73.87718963623047
79.42237091064453
78.31346893310547
70.57363891601562
78.82623291015625
72.29558563232422
73.45407104492188
77.73389434814453
63.73099899291992
76.45622253417969
74.73106384277344
65.6873550415039
75.32950592041016
70.66944885253906
70.77198791503906
73.36863708496094
67.15945434570312
70.48442840576172
74.34378051757812
