75.898193359375
78.92257690429688
83.93604278564453
63.2071418762207
85.8990478515625
82.92994689941406
76.93211364746094
83.00574493408203
71.55286407470703
77.967041015625
74.2876968383789
61.8866081237793
73.81721496582031
60.64655685424805
67.31855010986328
70.14424133300781
62.2645149230957
69.03621673583984
66.15502166748047
63.75141906738281
71.21796417236328
71.67122650146484
65.2738037109375
76.58209228515625
73.46795654296875
75.57061767578125
81.39522552490234
59.25374221801758
82.67749786376953
78.07464599609375
70.83061981201172
76.66395568847656
65.53488159179688
70.7898178100586
68.50517272949219
66.72332763671875
67.68465423583984
56.893821716308594
64.01197052001953
63.88827896118164
61.711814880371094
66.33975982666016
63.47282409667969
62.65980529785156
63.871246337890625
68.70679473876953
61.07903289794922
70.15535736083984
68.1463851928711
65.15682983398438
69.81180572509766
61.065921783447266
69.75273895263672
73.56729888916016
60.25539779663086
75.22172546386719
70.50304412841797
71.09927368164062
75.9892807006836
66.74286651611328
76.29888153076172
76.87321472167969
65.9427261352539
80.16029357910156
76.59423065185547
77.80181884765625
82.50749206542969
69.32923889160156
83.90111541748047
83.89917755126953
76.96111297607422
88.64047241210938
82.77888488769531
86.97502136230469
89.00212097167969
68.7695541381836
86.48406982421875
83.19296264648438
77.34464263916016
84.05992126464844
75.1761474609375
79.9802474975586
81.40520477294922
67.19802856445312
81.29439544677734
79.27883911132812
73.87356567382812
81.3223648071289
73.56420135498047
78.46744537353516
81.33052825927734
65.63654327392578
81.08147430419922
79.46343994140625
75.19877624511719
82.57384490966797
75.36437225341797
80.04507446289062
82.13066101074219
67.98758697509766
83.04531860351562
80.6842041015625
76.49014282226562
85.03326416015625
75.85113525390625
83.73690032958984
86.13253784179688
69.51189422607422
88.01429748535156
85.93373107910156
83.63057708740234
91.5888442993164
82.92145538330078
91.54029846191406
93.97252655029297
72.10787200927734
95.5453109741211
92.65481567382812
88.33735656738281
95.75588989257812
87.21927642822266
92.4749984741211
94.72351837158203
69.57300567626953
93.75204467773438
91.18856811523438
82.55521392822266
90.68522644042969
82.58924865722656
84.0400161743164
86.98827362060547
70.0672607421875
84.43687438964844
83.05756378173828
74.99091339111328
84.52084350585938
78.15718078613281
81.79972076416016
84.8294906616211
71.49955749511719
86.3871841430664
85.21432495117188
82.34701538085938
89.98066711425781
78.72782897949219
86.52599334716797
85.5042495727539
69.29253387451172
81.61543273925781
78.91160583496094
74.37298583984375
81.0295639038086
76.2451400756836
78.08212280273438
82.4210433959961
71.1519775390625
82.90296173095703
83.1451187133789
75.64569091796875
87.53241729736328
82.62763214111328
86.6587905883789
91.43926239013672
73.0282974243164
93.91775512695312
93.72716522216797
87.9111099243164
98.30551147460938
91.223876953125
95.48313903808594
98.00164031982422
69.10094451904297
96.52606201171875
93.53870391845703
86.77708435058594
94.38321685791016
86.59247589111328
91.74447631835938
95.2988052368164
70.83634948730469
96.02926635742188
94.11133575439453
88.71068572998047
97.25922393798828
89.10356903076172
94.45346069335938
96.92219543457031
70.97390747070312
97.40459442138672
95.10877990722656
90.73224639892578
98.89328002929688
90.50721740722656
96.9853515625
99.46721649169922
72.07244873046875
100.8163070678711
98.72267150878906
94.74903869628906
102.86688995361328
93.87545776367188
99.80848693847656
100.85196685791016
74.85625457763672
98.63678741455078
94.17384338378906
89.27827453613281
95.54203796386719
85.5489273071289
93.187255859375
94.92716979980469
73.8790283203125
94.92472839355469
91.44635772705078
87.57920837402344
93.8709945678711
83.42015075683594
90.28926849365234
91.13843536376953
73.64472198486328
90.33792877197266
86.42025756835938
83.15692901611328
89.33960723876953
79.02848052978516
86.08143615722656
86.6910171508789
73.64785766601562
86.6804428100586
83.20462799072266
81.00814056396484
85.9896011352539
77.04393768310547
83.7879638671875
83.8993911743164
74.38307189941406
84.43386840820312
80.12401580810547
79.0478286743164
84.25763702392578
74.98445892333984
82.20135498046875
82.5831527709961
74.05819702148438
83.09095764160156
78.79808044433594
77.35353088378906
80.8328857421875
74.093505859375
79.8582763671875
79.22997283935547
74.38695526123047
80.43923950195312
75.7739486694336
77.59319305419922
80.2828598022461
73.43270111083984
79.43667602539062
79.1512451171875
73.9884033203125
81.05487060546875
77.12483978271484
76.92456817626953
81.00421905517578
75.64208984375
77.41529846191406
78.38357543945312
73.11125946044922
71.8325424194336
67.50203704833984
76.63074493408203
77.16289520263672
64.32371520996094
79.53419494628906
76.3922348022461
74.11843872070312
81.07984924316406
71.27215576171875
79.05426025390625
81.64789581298828
60.64512252807617
82.73477172851562
81.90558624267578
74.63909149169922
86.0551528930664
81.32649993896484
83.1288070678711
88.90158081054688
78.30903625488281
89.7290267944336
91.70967864990234
74.39520263671875
94.62462615966797
92.34677124023438
89.25802612304688
97.121826171875
88.79309844970703
93.83342742919922
95.61962127685547
75.62862396240234
93.61135864257812
91.01981353759766
82.8281021118164
91.82048797607422
85.04708099365234
86.15140533447266
89.48930358886719
74.22272491455078
87.31794738769531
86.3990478515625
75.49361419677734
87.39448547363281
82.17025756835938
81.79637908935547
86.457763671875
74.65648651123047
84.6944351196289
84.93984985351562
71.97714233398438
85.77488708496094
81.36156463623047
80.72665405273438
85.78759002685547
73.4620590209961
84.341064453125
84.63423919677734
71.11140441894531
84.89653015136719
80.5934829711914
77.38845825195312
84.06658935546875
73.50653076171875
82.8399658203125
83.62812042236328
72.99264526367188
85.71292877197266
81.53068542480469
81.63263702392578
87.17786407470703
74.92344665527344
87.3602066040039
87.59075164794922
78.09780883789062
90.96466064453125
85.69426727294922
87.94306182861328
91.92314147949219
73.0325927734375
87.80001831054688
84.20616149902344
75.86287689208984
79.64128875732422
75.09040832519531
69.90713500976562
73.80826568603516
73.80462646484375
69.04547882080078
77.53568267822266
68.49015808105469
79.40076446533203
78.07254028320312
74.98410034179688
82.07347106933594
73.62065124511719
80.50852966308594
82.19991302490234
69.42237854003906
84.15499877929688
81.09516143798828
80.45926666259766
86.15422058105469
73.04965209960938
84.8767318725586
84.56655883789062
68.63414001464844
83.94180297851562
79.51519775390625
75.22097778320312
82.54737091064453
74.19569396972656
81.56373596191406
83.47930145263672
72.76830291748047
86.98773193359375
83.08677673339844
85.6621322631836
91.14572143554688
73.0692367553711
92.79945373535156
92.19648742675781
84.36078643798828
94.28204345703125
86.64777374267578
89.2095718383789
91.65485382080078
72.09638977050781
89.37557983398438
87.30667877197266
79.50021362304688
88.55378723144531
81.8163070678711
83.95152282714844
86.79676055908203
72.55062103271484
85.4578628540039
83.68013763427734
76.10076141357422
84.8455581665039
79.08802032470703
80.32730865478516
83.66223907470703
72.1120376586914
82.0273666381836
81.35971069335938
72.29546356201172
82.96241760253906
78.52057647705078
77.96495819091797
83.5674819946289
72.30017852783203
84.03156280517578
83.68830108642578
74.63490295410156
85.47538757324219
79.84280395507812
80.97683715820312
84.69197082519531
71.32324981689453
83.17282104492188
82.36821746826172
73.96483612060547
83.90452575683594
78.49757385253906
79.86417388916016
84.47384643554688
72.21404266357422
83.36492919921875
82.94221496582031
73.25167846679688
84.9869384765625
79.83892822265625
81.26551818847656
85.4099349975586
71.2486572265625
85.94925689697266
85.38923645019531
77.90704345703125
88.47026062011719
82.08155059814453
85.84405517578125
89.02220916748047
71.3122329711914
89.07225799560547
86.25944519042969
81.19044494628906
87.03269958496094
75.42066955566406
80.78269958496094
78.52751922607422
71.27774047851562
75.03877258300781
76.16328430175781
68.60871124267578
79.8550033569336
77.42859649658203
77.80438995361328
83.63721466064453
70.30345916748047
84.0888900756836
84.5893325805664
76.76009368896484
88.18399810791016
82.52410125732422
86.35816955566406
90.28797149658203
70.52384185791016
90.90827178955078
88.8918685913086
83.43170928955078
90.85176849365234
80.79965209960938
86.3250503540039
86.11357116699219
70.24050903320312
83.51705932617188
78.37227630615234
75.52379608154297
78.1147689819336
72.25057983398438
72.26448822021484
79.23622131347656
69.7560806274414
81.5052261352539
83.21562957763672
75.66557312011719
88.57286071777344
83.3339614868164
88.03270721435547
92.7747573852539
67.72373962402344
94.8840103149414
93.4266586303711
88.19867706298828
96.59606170654297
87.78980255126953
92.9828109741211
94.49019622802734
67.74790954589844
93.64948272705078
90.3816146850586
85.87974548339844
92.67398834228516
83.08558654785156
89.56856536865234
90.63023376464844
68.69686889648438
90.29190826416016
86.55486297607422
83.27144622802734
90.13322448730469
80.8222427368164
89.04702758789062
91.3116226196289
68.48979949951172
92.08082580566406
88.56857299804688
84.7367172241211
90.9158935546875
79.69453430175781
87.48399353027344
87.76914978027344
68.91321563720703
86.6923828125
82.23485565185547
79.47984313964844
85.16393280029297
72.56456756591797
83.52320861816406
84.54013061523438
69.35328674316406
85.69416046142578
81.10647583007812
77.80928039550781
82.81431579589844
73.0943832397461
77.31739807128906
77.52476501464844
67.57023620605469
71.00003814697266
73.94465637207031
67.17861938476562
75.68109893798828
70.25848388671875
76.67362976074219
77.94593811035156
68.86698913574219
80.70066833496094
76.8602523803711
76.33584594726562
82.10454559326172
68.97947692871094
80.43539428710938
79.7034912109375
67.2601318359375
80.08544158935547
74.09846496582031
75.35161590576172
77.74038696289062
60.984859466552734
75.2343978881836
72.34821319580078
67.3009033203125
73.02229309082031
58.12367630004883
70.27259063720703
68.15406036376953
