80.23343658447266
79.08154296875
83.8359146118164
78.81614685058594
82.48638153076172
76.59648132324219
77.3233871459961
76.98936462402344
65.18274688720703
76.6552963256836
65.4080581665039
72.33821868896484
72.10371398925781
63.270790100097656
72.74880981445312
67.70796203613281
72.61609649658203
71.39559173583984
70.57176208496094
73.09789276123047
61.0644645690918
75.1388931274414
70.0872573852539
74.27014923095703
78.13533020019531
70.69448852539062
81.70172882080078
73.33472442626953
79.5340347290039
75.36882019042969
73.06149291992188
76.60795593261719
51.74827575683594
72.77780151367188
73.29376220703125
65.91136169433594
72.9075927734375
69.39418029785156
69.54869842529297
71.78977966308594
72.04524993896484
67.84855651855469
71.6307373046875
70.21659088134766
70.40444946289062
73.62562561035156
69.8044204711914
69.29561614990234
73.22635650634766
65.10653686523438
73.80242156982422
73.333740234375
64.31440734863281
75.97900390625
71.42716217041016
70.31539154052734
77.00464630126953
65.83538055419922
77.62190246582031
78.11500549316406
71.47599029541016
80.30107879638672
77.52316284179688
80.82843780517578
83.1564712524414
79.19884490966797
84.04202270507812
80.36839294433594
81.42062377929688
81.23139190673828
75.27081298828125
80.73743438720703
76.59319305419922
75.5672378540039
79.7679672241211
70.85800170898438
77.74536895751953
78.35054016113281
66.69488525390625
79.09741973876953
73.95879364013672
74.02774810791016
78.82431030273438
69.90380096435547
77.11959075927734
78.23155975341797
67.5963363647461
79.11547088623047
75.9144058227539
75.21256256103516
79.69309997558594
72.86808013916016
78.97857666015625
79.16580963134766
70.90892791748047
79.55184936523438
77.12687683105469
75.97076416015625
80.10655212402344
73.56598663330078
79.59659576416016
79.50305938720703
74.83159637451172
81.51580047607422
78.32376861572266
79.04552459716797
82.83287811279297
78.09053802490234
83.05452728271484
82.73744201660156
81.52055358886719
85.69403839111328
83.53534698486328
86.19871520996094
87.74211120605469
87.0653076171875
90.08185577392578
88.92804718017578
90.46208953857422
90.36609649658203
89.60346984863281
90.34049987792969
88.63115692138672
89.9436264038086
88.71653747558594
89.36148071289062
90.25241088867188
89.35633850097656
91.2439193725586
89.26403045654297
89.94116973876953
88.09989166259766
86.6471176147461
87.30001831054688
83.97126770019531
85.6971435546875
84.65511322021484
82.83082580566406
85.80762481689453
82.3035659790039
85.08212280273438
85.20510864257812
84.39460754394531
85.83057403564453
80.39076232910156
82.34245300292969
69.1528091430664
77.27598571777344
45.39010238647461
75.18541717529297
68.27140045166016
72.00706481933594
74.59002685546875
58.42481994628906
74.78652954101562
75.29692840576172
64.21175384521484
76.70779418945312
74.28631591796875
70.51102447509766
78.69544219970703
75.20872497558594
79.08805084228516
82.36943817138672
80.08030700683594
85.16925048828125
85.81371307373047
86.7027587890625
90.0429916381836
90.05658721923828
92.48297119140625
93.13752746582031
93.46156311035156
94.58448791503906
93.26618957519531
93.77713012695312
92.50846099853516
91.48408508300781
92.59577941894531
91.38153076171875
92.2514419555664
92.55889129638672
91.60649108886719
92.78291320800781
92.05008697509766
92.17557525634766
92.83422088623047
91.78998565673828
92.79997253417969
92.61969757080078
92.35475158691406
93.58680725097656
92.67234802246094
93.61848449707031
94.1596450805664
93.69861602783203
95.19184875488281
94.95612335205078
95.48335266113281
96.56780242919922
96.37260437011719
97.41337585449219
97.21611022949219
96.97718048095703
96.86544799804688
95.0266342163086
94.61790466308594
92.55646514892578
90.90068817138672
91.04524230957031
89.02748107910156
89.91045379638672
90.63533020019531
89.1600341796875
90.8013916015625
89.251220703125
88.87342071533203
89.4870376586914
86.49563598632812
88.06938171386719
86.67472076416016
84.49089813232422
86.41390228271484
83.24185180664062
84.18577575683594
84.67800903320312
80.01582336425781
83.69384002685547
81.52570343017578
79.57843780517578
83.11399841308594
77.58963012695312
80.2328109741211
81.14742279052734
73.5519027709961
81.2965316772461
78.52628326416016
75.74633026123047
80.54926300048828
74.50436401367188
78.64989471435547
79.92097473144531
70.94676208496094
79.7138671875
76.1888656616211
73.75614929199219
78.0240478515625
66.75718688964844
74.89632415771484
76.35994720458984
32.24979019165039
76.30134582519531
74.96125030517578
67.13532257080078
77.18080139160156
70.8369140625
73.30982971191406
76.24687194824219
58.5206184387207
75.87245178222656
74.71609497070312
61.3745002746582
76.7650375366211
74.899169921875
73.2492904663086
79.44567108154297
65.68877410888672
78.00972747802734
73.66786193847656
70.27365112304688
74.82551574707031
72.89077758789062
69.05787658691406
76.966064453125
70.24797821044922
75.00807189941406
78.71971130371094
60.41246032714844
78.88172912597656
77.71991729736328
73.8939437866211
81.16812896728516
75.56453704833984
79.6451416015625
81.99444580078125
76.2998046875
83.49828338623047
82.90623474121094
82.69281005859375
86.8145980834961
84.4193115234375
88.11185455322266
88.88055419921875
88.45416259765625
91.08014678955078
89.90437316894531
91.7644271850586
90.89908599853516
90.1429672241211
90.90177917480469
87.72587585449219
89.04107666015625
87.17408752441406
85.54840850830078
87.21257019042969
82.55233001708984
85.42627716064453
84.35254669189453
80.23027801513672
84.59902954101562
80.7708511352539
81.3818588256836
83.64680480957031
76.25074768066406
82.44644927978516
80.9105453491211
76.57430267333984
82.54969024658203
78.03715515136719
79.80339050292969
81.85552215576172
73.7313461303711
81.85963439941406
80.24954986572266
77.03973388671875
82.884765625
76.6446762084961
80.95852661132812
81.702880859375
73.52758026123047
81.22846221923828
76.58126831054688
73.49998474121094
80.4286880493164
72.44793701171875
77.82889556884766
80.59710693359375
69.87747192382812
80.82234191894531
80.3230209350586
75.62826538085938
82.9774398803711
78.86193084716797
81.67701721191406
84.23831176757812
79.5472412109375
85.48217010498047
84.29753875732422
84.70965576171875
86.62611389160156
81.4428939819336
84.80885314941406
79.25804901123047
78.14618682861328
79.67041015625
66.42562103271484
76.23578643798828
78.01213836669922
62.232120513916016
78.13533782958984
78.81696319580078
69.93505859375
81.63551330566406
76.15351867675781
78.20091247558594
80.41079711914062
61.15332794189453
78.8323974609375
77.36115264892578
59.50788497924805
79.04313659667969
76.78121185302734
71.83971405029297
80.70194244384766
74.65068054199219
79.08431243896484
81.6639404296875
73.08833312988281
82.58708953857422
80.09152221679688
76.48428344726562
82.82600402832031
76.83304595947266
80.19830322265625
83.69561767578125
79.88159942626953
85.40323638916016
86.33135223388672
85.79115295410156
89.88330841064453
88.56360626220703
90.78614807128906
90.3733901977539
89.16541290283203
90.45592498779297
86.99821472167969
88.38478088378906
87.66999053955078
84.84214782714844
87.42369842529297
84.2326889038086
84.65961456298828
86.11404418945312
80.81946563720703
85.21995544433594
83.91047668457031
80.32754516601562
85.0150146484375
80.69326782226562
82.28839874267578
83.89288330078125
77.59732055664062
83.38441467285156
82.33792114257812
77.84762573242188
83.9458236694336
79.3810043334961
80.80763244628906
83.80949401855469
76.59842681884766
82.8590087890625
82.41749572753906
78.52399444580078
83.98873138427734
80.59171295166016
81.42581939697266
84.22943115234375
78.59257507324219
84.04537963867188
82.93946075439453
81.06356048583984
85.33541870117188
80.75971984863281
84.02328491210938
82.18317413330078
75.92139434814453
80.64139556884766
74.44703674316406
73.73091888427734
79.59245300292969
72.26150512695312
76.62757110595703
79.52962493896484
65.28795623779297
79.04048919677734
79.14753723144531
70.59819793701172
80.92135620117188
77.33728790283203
77.86077880859375
82.20248413085938
74.79741668701172
82.21792602539062
80.70425415039062
76.0523910522461
81.86360168457031
73.0080795288086
76.90771484375
78.6269760131836
66.7306137084961
78.2615966796875
78.64693450927734
68.5253677368164
80.29034423828125
78.38723754882812
74.95140075683594
81.83726501464844
76.55744934082031
79.97087860107422
82.44354248046875
77.02242279052734
83.6014404296875
82.59868621826172
81.69053649902344
85.4853744506836
82.49144744873047
85.7787857055664
86.31932067871094
84.38990020751953
87.02769470214844
83.77580261230469
85.06006622314453
84.40119171142578
79.22089385986328
82.92412567138672
78.1882553100586
76.12730407714844
79.50511932373047
71.83106994628906
74.9891128540039
78.76359558105469
71.62834167480469
77.72264862060547
81.29461669921875
75.92393493652344
82.77938842773438
83.28704071044922
82.2850341796875
87.0482406616211
86.06248474121094
88.25305938720703
90.1051025390625
89.13958740234375
91.94486999511719
91.28665161132812
91.91020202636719
92.28314971923828
90.64519500732422
91.7616195678711
89.9058609008789
89.78701782226562
90.18338012695312
87.57014465332031
89.38651275634766
87.9786376953125
86.67195892333984
88.44133758544922
85.64566040039062
86.528076171875
86.96160125732422
84.13341522216797
87.32392120361328
86.65743255615234
86.3514175415039
88.378173828125
85.94176483154297
87.56810760498047
86.46183776855469
84.17485809326172
85.54534912109375
80.3468017578125
81.71591186523438
81.97076416015625
76.40843200683594
81.63200378417969
80.5650863647461
76.6693344116211
82.41542053222656
79.00364685058594
81.25528717041016
81.88330078125
76.93035125732422
81.16091918945312
74.71098327636719
76.3179702758789
76.9015884399414
64.3283462524414
73.32489776611328
67.30632019042969
72.07947540283203
65.99697875976562
76.56280517578125
67.76808166503906
75.97842407226562
76.64564514160156
69.40835571289062
78.6523208618164
74.60997009277344
76.67408752441406
79.61763763427734
73.327880859375
80.35860443115234
77.8202133178711
76.89634704589844
79.94316101074219
72.94325256347656
78.55511474609375
76.76564025878906
71.40043640136719
77.08926391601562
68.8606948852539
71.94947814941406
73.92139434814453
57.46539306640625
71.89137268066406
71.62112426757812
