78.51856994628906
79.81231689453125
85.71881866455078
73.26478576660156
86.97162628173828
82.02046203613281
79.8646240234375
82.48841094970703
63.59988784790039
79.97642517089844
75.09872436523438
72.5450210571289
77.32940673828125
71.3948974609375
74.80659484863281
75.05756378173828
71.72718048095703
72.44893646240234
76.04092407226562
71.25032043457031
76.19351196289062
76.28516387939453
69.04855346679688
79.47127532958984
79.18444061279297
75.51351165771484
83.5478515625
72.5283203125
80.75668334960938
76.37403869628906
74.9369125366211
76.05590057373047
63.17131042480469
74.932373046875
66.27901458740234
72.83094024658203
72.97634887695312
68.99140167236328
74.72505187988281
73.81497955322266
70.1913070678711
72.9062728881836
73.57898712158203
74.42284393310547
72.46345520019531
75.31387329101562
70.75682830810547
76.46007537841797
73.99713897705078
71.8592300415039
77.5351333618164
69.73369598388672
76.34884643554688
78.33252716064453
70.05404663085938
79.787353515625
77.51907348632812
75.00604248046875
81.53008270263672
72.43112182617188
80.0553207397461
81.34622192382812
71.408203125
83.60059356689453
79.0350570678711
79.7049331665039
86.15689086914062
74.3761978149414
87.2430191040039
87.8701171875
80.40583038330078
92.00532531738281
85.39079284667969
88.52198028564453
90.44865417480469
71.84376525878906
87.50119018554688
84.83151245117188
77.9006576538086
85.07475280761719
78.82999420166016
80.12769317626953
83.4336929321289
73.07504272460938
82.43567657470703
82.24974060058594
74.06824493408203
83.34512329101562
78.8197250366211
79.66395568847656
83.13159942626953
71.8751449584961
82.67955780029297
81.86600494384766
75.5774154663086
84.2320556640625
79.34596252441406
80.43262481689453
84.58601379394531
73.42718505859375
85.04512023925781
84.0215835571289
78.12462615966797
87.56723022460938
81.08902740478516
85.55349731445312
88.84443664550781
73.04986572265625
90.49079132080078
88.941650390625
85.1884765625
94.01573944091797
86.08553314208984
93.39836883544922
95.52901458740234
72.9122543334961
96.13542175292969
92.69898986816406
88.69994354248047
95.5457534790039
85.7755355834961
92.1570816040039
94.01771545410156
72.99307250976562
94.19989776611328
92.16060638427734
87.40921020507812
96.20767974853516
88.89813232421875
93.62025451660156
96.32742309570312
71.91389465332031
93.91509246826172
91.05901336669922
81.9394302368164
91.39015197753906
84.26138305664062
86.03884887695312
89.6693344116211
71.91328430175781
88.8301773071289
87.71424102783203
80.91939544677734
89.60143280029297
76.66014862060547
84.42828369140625
82.57160949707031
72.95156860351562
80.77677917480469
80.56005096435547
67.47228240966797
79.99923706054688
77.53626251220703
74.2465591430664
82.02494812011719
72.01530456542969
82.30941772460938
82.9946517944336
76.37067413330078
87.28018188476562
82.18524169921875
87.27711486816406
91.96200561523438
72.56932830810547
94.82547760009766
94.51482391357422
88.46186065673828
98.95918273925781
91.94378662109375
95.84236145019531
98.55179595947266
72.33984375
97.23835754394531
94.59154510498047
87.59873962402344
96.04743957519531
88.90982055664062
93.79788970947266
97.3653564453125
72.9029769897461
97.78126525878906
96.02534484863281
90.17625427246094
99.07151794433594
91.29654693603516
96.30589294433594
98.91521453857422
70.20037841796875
99.25459289550781
97.29414367675781
92.35134887695312
100.89672088623047
92.83621978759766
98.66846466064453
101.44121551513672
72.95081329345703
102.64398193359375
100.83206939697266
96.101318359375
104.75067138671875
96.21328735351562
101.7924575805664
103.22704315185547
73.88169860839844
101.21220397949219
96.99883270263672
91.71607971191406
98.1006851196289
88.29550170898438
94.58511352539062
96.37266540527344
70.88788604736328
95.83383178710938
92.3462905883789
88.05681610107422
94.52812194824219
84.0257568359375
90.72704315185547
91.82027435302734
71.17769622802734
91.20475769042969
87.54817962646484
83.94007110595703
90.12483978271484
79.4637222290039
86.91407775878906
87.58123016357422
72.45924377441406
87.82988739013672
83.99282836914062
80.98243713378906
86.90567779541016
76.37110137939453
84.08060455322266
84.86444854736328
72.41525268554688
85.28227996826172
82.12662506103516
79.64826202392578
84.64973449707031
74.41910552978516
82.63729858398438
83.52472686767578
71.05949401855469
83.5947036743164
79.32574462890625
77.10185241699219
81.18042755126953
73.31536865234375
79.64031982421875
79.36622619628906
72.97089385986328
80.46279907226562
75.2614517211914
76.49750518798828
80.13172149658203
71.98741149902344
79.62327575683594
80.17570495605469
71.37825775146484
81.54583740234375
78.97660827636719
76.73320770263672
81.70604705810547
77.8571548461914
72.30858612060547
78.27555084228516
71.94088745117188
77.64030456542969
72.46735382080078
77.05085754394531
80.10377502441406
57.44121551513672
79.89972686767578
78.74048614501953
72.8285140991211
82.49220275878906
75.29448699951172
79.21040344238281
83.63955688476562
66.93199920654297
83.7875747680664
84.29041290283203
72.86585998535156
87.40734100341797
84.0425796508789
83.7403335571289
90.83108520507812
80.98539733886719
90.97480010986328
93.51304626464844
73.2056884765625
96.04993438720703
94.05884552001953
90.74935913085938
98.96263122558594
91.0108871459961
96.06290435791016
97.89620208740234
73.20149230957031
95.79112243652344
93.097412109375
84.42147827148438
93.85691833496094
86.51481628417969
88.39966583251953
91.31158447265625
72.70384979248047
89.12445831298828
87.80884552001953
76.83661651611328
88.51878356933594
82.552734375
82.77395629882812
87.08138275146484
73.71817779541016
85.34133911132812
85.40009307861328
72.90242004394531
86.46123504638672
81.78862762451172
81.41157531738281
86.59278106689453
73.59494018554688
84.8924560546875
84.88764953613281
68.93618774414062
84.40432739257812
80.64396667480469
79.25706481933594
85.23210906982422
72.6676025390625
84.46612548828125
85.30123901367188
73.95503234863281
87.34996795654297
82.54448699951172
83.33317565917969
88.4493637084961
73.05692291259766
88.47412109375
88.38046264648438
78.98492431640625
91.91912078857422
86.67938995361328
89.41320037841797
93.14878845214844
72.41140747070312
90.65912628173828
86.77289581298828
79.60600280761719
84.0638427734375
76.13245391845703
76.92803955078125
75.21418762207031
74.00370788574219
70.46003723144531
77.83387756347656
62.96868133544922
78.27999877929688
78.914306640625
73.20519256591797
81.64724731445312
74.39872741699219
77.40505981445312
79.30224609375
54.99661636352539
80.75570678710938
79.16790008544922
76.396240234375
84.07768249511719
74.44633483886719
83.91358947753906
85.44491577148438
72.04124450683594
86.60802459716797
81.35942077636719
79.05635070800781
84.25777435302734
74.06562042236328
82.18682098388672
84.4526138305664
70.02075958251953
87.78097534179688
84.03021240234375
86.34349822998047
91.853515625
74.78960418701172
93.75132751464844
93.261962890625
86.04003143310547
95.31856536865234
87.34205627441406
90.31851959228516
92.1977767944336
74.6463623046875
90.09004974365234
87.14958953857422
81.24288940429688
88.43103790283203
81.02381134033203
84.32901000976562
85.7421875
75.49765014648438
84.21460723876953
82.54320526123047
76.09648895263672
83.3902816772461
78.83317565917969
79.6434326171875
82.35926055908203
74.41236114501953
80.14232635498047
81.22013092041016
70.95809936523438
83.84963989257812
81.9029312133789
82.58746337890625
88.15289306640625
73.81559753417969
87.3807373046875
86.0447998046875
78.33973693847656
86.8933334350586
80.80419158935547
81.95174407958984
85.86201477050781
74.5414047241211
85.87887573242188
87.08688354492188
79.12112426757812
90.25074005126953
84.26414489746094
86.65514373779297
89.8425064086914
75.76535034179688
89.41714477539062
87.99854278564453
81.89338684082031
90.57128143310547
83.1561279296875
87.52105712890625
90.49324035644531
74.965576171875
90.9360122680664
89.40156555175781
84.10726165771484
93.25272369384766
85.83502960205078
91.15470886230469
93.58325958251953
73.65364074707031
93.49087524414062
89.20628356933594
85.76203155517578
90.21924591064453
74.50255584716797
85.48639678955078
82.01338195800781
74.0172119140625
79.98602294921875
68.85621643066406
76.11275482177734
74.86735534667969
74.67394256591797
76.12007904052734
79.05348205566406
73.82542419433594
79.81365203857422
81.30347442626953
73.26355743408203
84.44059753417969
81.0300521850586
83.1156005859375
87.91812133789062
73.07559967041016
89.18879699707031
87.93960571289062
83.59774017333984
91.05435180664062
81.53044891357422
87.63224029541016
87.61355590820312
74.53643035888672
85.96075439453125
78.70124816894531
79.10711669921875
79.0361099243164
70.53001403808594
75.99518585205078
75.03968048095703
74.04674530029297
76.74014282226562
81.31773376464844
69.08065032958984
85.7848129272461
82.55199432373047
84.86262512207031
90.53411865234375
73.05735778808594
92.8282470703125
92.56861877441406
87.61316680908203
97.44114685058594
89.97181701660156
95.32048034667969
97.43519592285156
73.8623046875
96.6520767211914
92.9004898071289
88.65497589111328
95.06495666503906
84.43619537353516
91.35035705566406
91.77637481689453
73.80754852294922
91.57390594482422
88.8212890625
86.46430206298828
93.98521423339844
84.30393981933594
92.04964447021484
93.56179809570312
73.41357421875
94.09368896484375
90.51770782470703
87.49507141113281
93.30193328857422
81.28085327148438
89.0083999633789
88.21488189697266
73.2635498046875
87.93086242675781
83.42049407958984
82.96527862548828
88.13412475585938
75.76404571533203
86.75299072265625
87.4587631225586
73.14414978027344
87.51968383789062
83.31307983398438
80.26945495605469
84.5682601928711
74.9762954711914
79.70684814453125
78.8238296508789
72.84769439697266
69.30049896240234
72.78573608398438
72.95486450195312
71.54916381835938
69.98320007324219
77.81777954101562
75.47651672363281
71.56807708740234
79.81294250488281
74.04904174804688
77.47933197021484
80.62865447998047
63.34108352661133
80.21037292480469
78.73282623291016
71.28376770019531
82.9619369506836
76.92723846435547
79.6295394897461
82.6265640258789
62.46403503417969
80.41485595703125
77.32929992675781
71.75283813476562
77.1527099609375
61.94626235961914
73.91346740722656
70.84343719482422
