61.44116973876953
68.4307861328125
70.89386749267578
55.225406646728516
74.02467346191406
73.17621612548828
68.27970886230469
78.04411315917969
72.18153381347656
75.35928344726562
78.56133270263672
52.61790466308594
76.9197998046875
73.16141510009766
67.34577941894531
72.62368774414062
60.21261215209961
65.8870849609375
65.93937683105469
41.765811920166016
59.75829315185547
57.463321685791016
49.05109786987305
60.06597900390625
55.86216354370117
61.26026916503906
66.8898696899414
53.267120361328125
69.93646240234375
70.76298522949219
63.90547180175781
73.0837631225586
61.50724411010742
68.62944030761719
68.42743682861328
51.68156433105469
66.4347152709961
61.11268997192383
54.09929656982422
61.63270568847656
53.56481170654297
55.04678726196289
59.00647735595703
33.97140121459961
57.18386459350586
51.266170501708984
52.2398567199707
58.83203125
50.87382888793945
58.45503616333008
62.64573669433594
29.133785247802734
64.88175201416016
62.32765197753906
57.26675796508789
64.25009155273438
56.398311614990234
62.920448303222656
64.05650329589844
50.74711990356445
66.94556427001953
62.853946685791016
61.026336669921875
67.58464050292969
59.14290237426758
64.8602066040039
67.00666046142578
47.6139030456543
67.947265625
65.79499053955078
62.54904556274414
71.79405212402344
64.4315185546875
68.88695526123047
72.54232025146484
47.55189514160156
73.66010284423828
71.79852294921875
67.62959289550781
76.7879409790039
68.8041763305664
76.50827026367188
79.86722564697266
55.15642547607422
81.83399963378906
81.08722686767578
75.45767974853516
84.47289276123047
75.16532897949219
81.07251739501953
81.9453125
52.48509979248047
80.18659973144531
77.680419921875
70.1391372680664
78.7060775756836
69.64598083496094
75.0696792602539
76.56871032714844
50.50448226928711
77.06563568115234
74.74620056152344
68.86314392089844
77.52928161621094
70.37760925292969
73.48966979980469
76.06587982177734
48.79873275756836
74.36753845214844
68.8508071899414
65.1722183227539
66.47264862060547
37.476226806640625
62.651180267333984
66.1363525390625
53.61621856689453
72.00234985351562
69.65913391113281
66.80040740966797
74.2911376953125
67.6266098022461
70.64623260498047
72.91163635253906
51.800045013427734
70.18807983398438
63.42589569091797
61.48080062866211
68.15120697021484
64.49773406982422
68.49827575683594
73.37418365478516
52.19760513305664
75.42208862304688
73.79987335205078
70.21916198730469
79.10984802246094
70.95967864990234
78.5255355834961
81.826904296875
61.20904541015625
83.03406524658203
82.33531951904297
75.0254135131836
85.48087310791016
76.48432159423828
82.27486419677734
82.0410385131836
64.20220184326172
79.39484405517578
76.08952331542969
67.44227600097656
76.82250213623047
69.90327453613281
71.37472534179688
73.35060119628906
54.141666412353516
73.6302490234375
71.04840850830078
68.42903137207031
75.62200164794922
67.31280517578125
73.18340301513672
76.23271179199219
54.97122573852539
76.36788940429688
74.75114440917969
70.29251098632812
79.39717864990234
71.18569946289062
79.22058868408203
82.56519317626953
54.26630783081055
85.11678314208984
84.13739013671875
79.26101684570312
88.51348114013672
80.63568115234375
86.47311401367188
88.45181274414062
58.64591979980469
88.1887435913086
85.45586395263672
79.79485321044922
87.75981903076172
79.26810455322266
84.00923156738281
86.16546630859375
55.618003845214844
85.81382751464844
83.38165283203125
78.36898803710938
86.49076843261719
78.14215087890625
83.11882781982422
85.546630859375
53.15594482421875
85.23033905029297
82.93695068359375
78.11996459960938
86.0394287109375
77.58277893066406
83.48251342773438
85.77196502685547
48.77107620239258
85.9066390991211
83.62966918945312
78.3420639038086
86.93289184570312
78.54171752929688
84.62362670898438
87.11541748046875
45.415855407714844
87.67670440673828
85.80496215820312
80.79830169677734
89.44956970214844
81.52542877197266
87.56033325195312
90.30431365966797
56.25968551635742
91.4684829711914
89.49447631835938
84.8267593383789
93.09278106689453
84.36653900146484
90.18077087402344
91.71234893798828
59.6978759765625
90.53490447998047
87.22120666503906
81.34390258789062
88.45854949951172
79.08836364746094
83.77538299560547
85.05571746826172
52.78082275390625
83.61029052734375
80.62308502197266
74.80146789550781
82.26412963867188
73.27068328857422
77.98571014404297
79.66175842285156
32.88887405395508
78.79315948486328
76.11614990234375
70.69175720214844
78.7895278930664
70.33304595947266
74.88326263427734
76.90766143798828
46.095191955566406
76.05750274658203
73.30237579345703
67.76583099365234
75.92798614501953
68.18629455566406
72.34165954589844
74.00951385498047
46.58527374267578
73.56379699707031
71.07896423339844
66.78034210205078
74.41297149658203
66.17701721191406
72.05964660644531
74.84248352050781
46.67357635498047
76.77568817138672
75.4735336303711
71.2179946899414
80.26121520996094
71.76126861572266
78.44824981689453
80.73271179199219
45.71818923950195
81.3196792602539
79.10233306884766
73.7837142944336
82.40704345703125
73.6611099243164
79.9632339477539
81.17338562011719
56.6104850769043
80.46522521972656
78.17765045166016
71.0598373413086
81.04733276367188
73.54609680175781
79.50355529785156
82.61315155029297
50.469478607177734
84.80615997314453
83.39460754394531
78.37785339355469
87.73296356201172
80.19367218017578
84.99980163574219
87.30977630615234
50.33740997314453
86.41572570800781
83.1628189086914
77.12108612060547
84.86063385009766
76.12405395507812
80.03642272949219
82.07373809814453
42.3717041015625
80.72565460205078
77.71643829345703
72.47032165527344
79.77542114257812
70.47674560546875
75.73246765136719
77.6911392211914
20.455244064331055
76.72897338867188
73.9229965209961
68.2812728881836
76.5582504272461
68.70942687988281
73.12326049804688
75.48875427246094
49.049312591552734
75.25043487548828
72.90283203125
67.7887191772461
76.23102569580078
67.18843078613281
72.32317352294922
73.70211791992188
42.122100830078125
71.20828247070312
68.84483337402344
60.97586441040039
69.15264892578125
60.3111457824707
67.4040298461914
70.36390686035156
46.43123245239258
70.56097412109375
68.77440643310547
62.256534576416016
70.63560485839844
62.62871170043945
68.87184143066406
71.70254516601562
38.167301177978516
72.74151611328125
70.31246948242188
64.25465393066406
73.42467498779297
66.19062805175781
71.225341796875
74.79884338378906
54.41704559326172
77.13639831542969
75.40772247314453
70.82498168945312
79.39825439453125
71.56758880615234
77.25982666015625
79.11412048339844
51.18199920654297
78.70913696289062
75.78125
71.28839874267578
80.2130126953125
73.05992126464844
78.8201904296875
82.59815979003906
58.201602935791016
83.55616760253906
80.31352996826172
76.4625473022461
82.96179962158203
73.7256851196289
78.8499984741211
80.67086029052734
44.64274978637695
79.289794921875
76.76118469238281
71.38922882080078
78.23617553710938
67.26011657714844
73.30192565917969
74.13825988769531
52.33914566040039
71.296875
68.80096435546875
61.16026306152344
70.26495361328125
61.886512756347656
68.49494171142578
72.44540405273438
47.6666259765625
74.57755279541016
73.33064270019531
67.93063354492188
76.85833740234375
68.43678283691406
73.64986419677734
75.78582763671875
50.06383514404297
75.33873748779297
73.76637268066406
67.37373352050781
76.79080200195312
67.80289459228516
73.4791259765625
75.4761734008789
34.231510162353516
74.78401947021484
72.91499328613281
66.54399108886719
74.95440673828125
66.8174057006836
71.42326354980469
73.77525329589844
32.94702911376953
74.47843170166016
73.21810150146484
68.0815658569336
76.92849731445312
68.31897735595703
74.51535034179688
76.4267578125
44.951087951660156
76.16622161865234
73.62940216064453
68.55944061279297
77.02650451660156
68.13563537597656
73.8668212890625
76.20809173583984
39.90321731567383
76.22148132324219
74.32093048095703
69.26683807373047
77.03153228759766
69.14164733886719
74.87358093261719
76.969970703125
38.81589126586914
77.8403549194336
75.57444763183594
70.37710571289062
79.00995635986328
70.55191040039062
76.36917877197266
78.96316528320312
43.97941970825195
79.57965087890625
77.55937957763672
72.6210708618164
81.23701477050781
73.12812805175781
78.94120025634766
81.63780975341797
33.72185134887695
82.51766204833984
80.75836944580078
75.88723754882812
84.68682098388672
76.72379302978516
81.99420928955078
84.57404327392578
54.92586898803711
84.26777648925781
81.25570678710938
75.4714584350586
83.7481460571289
75.35942840576172
80.25981903076172
82.63533782958984
48.21875
82.67432403564453
80.58268737792969
75.54773712158203
84.58949279785156
77.4561996459961
82.82316589355469
85.70603942871094
57.575172424316406
86.05821228027344
83.28003692626953
78.4542236328125
85.71510314941406
76.36235046386719
81.29400634765625
82.96686553955078
45.210243225097656
81.35023498535156
78.35350036621094
72.62994384765625
80.57444763183594
71.62261962890625
76.8254165649414
78.87200164794922
49.44131088256836
77.69392395019531
75.06829071044922
68.97677612304688
76.43440246582031
67.4719467163086
72.19709777832031
73.39176940917969
51.90963363647461
74.03179168701172
73.18988800048828
68.89862823486328
79.37505340576172
72.26239013671875
78.20185852050781
80.27529907226562
54.923065185546875
80.36894989013672
77.81898498535156
71.9097671508789
79.45349884033203
70.99269104003906
74.93013763427734
76.94200134277344
47.93974304199219
77.4556655883789
74.79978942871094
70.28411865234375
78.04021453857422
69.84747314453125
74.92616271972656
76.88050079345703
47.108863830566406
76.23570251464844
74.09807586669922
68.92350006103516
76.848388671875
67.31473541259766
74.09676361083984
76.53904724121094
49.274085998535156
77.53453826904297
75.59870147705078
71.8601303100586
79.46033477783203
71.1300277709961
77.38784790039062
79.85437774658203
36.570030212402344
80.28712463378906
78.44216918945312
72.93840789794922
81.37476348876953
72.53057861328125
78.79537200927734
80.97139739990234
48.65914535522461
81.75180053710938
79.64013671875
74.3443374633789
83.13700103759766
74.97329711914062
81.00028991699219
83.59891510009766
52.4328498840332
84.59268188476562
82.39364624023438
77.96277618408203
85.8405532836914
77.35160064697266
82.58777618408203
84.20140075683594
57.22187805175781
82.41951751708984
78.6297836303711
72.24930572509766
79.37933349609375
