62.10103225708008
71.11065673828125
73.9128646850586
51.411258697509766
74.7630844116211
73.97532653808594
70.9894027709961
80.17908477783203
73.88836669921875
77.46338653564453
79.55517578125
45.46739959716797
77.09827423095703
73.96157836914062
65.41319274902344
71.51419067382812
59.9576416015625
65.5715103149414
65.57599639892578
44.19478225708008
61.668392181396484
49.02735900878906
58.1467170715332
63.23176193237305
57.055973052978516
61.50132751464844
67.98307037353516
45.57490539550781
74.02203369140625
72.69910430908203
63.372310638427734
72.51602935791016
62.53178024291992
67.88543701171875
67.95152282714844
39.675865173339844
62.80205535888672
59.130130767822266
59.18345260620117
64.0240707397461
59.94947814941406
47.95060348510742
60.23698806762695
48.87885284423828
60.32719039916992
61.422882080078125
51.56718444824219
59.63780975341797
54.13095474243164
64.27906036376953
65.22213745117188
28.891759872436523
65.1677474975586
64.40440368652344
59.07957458496094
67.52110290527344
62.62967300415039
66.39634704589844
69.1820297241211
50.356971740722656
66.9944839477539
66.35541534423828
63.35435104370117
70.73902130126953
63.78583908081055
67.45465850830078
69.65034484863281
47.072898864746094
71.3071517944336
69.66316986083984
65.22217559814453
73.58968353271484
67.19193267822266
71.24031066894531
74.64392852783203
54.29915237426758
76.38020324707031
74.99771118164062
69.84024047851562
79.6921157836914
73.01985168457031
79.10421752929688
82.85791015625
44.409305572509766
85.23680114746094
83.68640899658203
77.95551300048828
86.08578491210938
76.67279815673828
81.21994018554688
82.62601470947266
48.25208282470703
80.58393096923828
77.53807830810547
72.11788940429688
79.55377197265625
71.23664093017578
75.6260757446289
77.62391662597656
37.54788589477539
77.56803894042969
75.02963256835938
69.81025695800781
78.3785400390625
69.49686431884766
75.51866149902344
77.77609252929688
46.58708190917969
78.04561614990234
74.84645080566406
67.19503021240234
73.54782104492188
58.772621154785156
62.50720977783203
65.05607604980469
47.79926300048828
71.90473937988281
71.30435943603516
64.85399627685547
74.70330810546875
66.13983154296875
72.90851593017578
75.78176879882812
56.19208526611328
76.51541137695312
73.22093200683594
66.85069274902344
74.9670181274414
65.10797119140625
71.3541488647461
74.731689453125
53.52303695678711
77.12328338623047
76.1739730834961
71.98157501220703
81.2233657836914
73.72953796386719
80.251708984375
83.40560150146484
42.6131706237793
85.43655395507812
84.20654296875
79.47467803955078
88.42293548583984
80.17842102050781
84.30923461914062
85.04607391357422
52.95634078979492
81.59676361083984
78.14917755126953
72.1629867553711
79.71257019042969
69.76554870605469
75.74412536621094
77.49909210205078
46.3736572265625
76.46721649169922
73.73320007324219
69.48474884033203
77.88591766357422
69.94235229492188
74.9855728149414
77.50975036621094
51.37561798095703
78.67449951171875
76.92910766601562
72.26445007324219
81.53218841552734
74.42877197265625
80.65534210205078
84.07362365722656
54.82392501831055
87.03028106689453
85.91419219970703
81.88656616210938
90.97889709472656
82.848388671875
88.85093688964844
90.83908081054688
51.79536437988281
89.91233825683594
87.07730865478516
81.93971252441406
89.66545867919922
81.09009552001953
86.20172119140625
88.34809875488281
33.177284240722656
87.9512710571289
85.38585662841797
80.1290283203125
88.26812744140625
80.01677703857422
84.86236572265625
87.33646392822266
53.497962951660156
87.54463958740234
85.0783920288086
79.44192504882812
88.12982177734375
79.54107666015625
85.34121704101562
87.6727523803711
56.028499603271484
88.15109252929688
85.99868774414062
80.59400939941406
89.22083282470703
80.97027587890625
87.07030487060547
89.54618835449219
56.94007110595703
90.1864013671875
88.21375274658203
83.52226257324219
92.14881134033203
84.14189147949219
90.28697204589844
92.99748229980469
57.60247802734375
94.07360076904297
91.8024673461914
87.26829528808594
95.13346099853516
86.06260681152344
91.2667465209961
92.68206024169922
55.385841369628906
91.08224487304688
87.74874877929688
81.5376968383789
88.90553283691406
79.69261932373047
84.49833679199219
85.78670501708984
50.548980712890625
84.41020202636719
81.2944107055664
75.39266204833984
83.05996704101562
73.40162658691406
78.91106414794922
80.85552978515625
48.25082778930664
79.6161880493164
76.6465072631836
71.61154174804688
79.21858978271484
70.7059555053711
76.30425262451172
78.20254516601562
49.2808837890625
76.99662017822266
74.18219757080078
68.6623306274414
76.83721160888672
68.19293212890625
73.25251007080078
75.38531494140625
42.967281341552734
75.560302734375
72.89366912841797
68.11489868164062
75.61503601074219
68.48102569580078
72.9586410522461
75.42908477783203
43.4722900390625
77.06060028076172
75.31932830810547
71.07759857177734
79.75743103027344
72.31019592285156
77.28307342529297
79.89099884033203
49.38079833984375
80.80735778808594
78.41749572753906
72.91242980957031
81.73297119140625
73.306884765625
79.28269958496094
81.68065643310547
50.18375778198242
81.90496826171875
80.1161880493164
75.28279113769531
84.41199493408203
76.53143310546875
82.9390869140625
85.7655258178711
47.6962776184082
85.90385437011719
83.74555969238281
79.10272216796875
88.20012664794922
80.48422241210938
86.02643585205078
88.37042999267578
53.9994010925293
87.24969482421875
84.08564758300781
77.87754821777344
85.74821472167969
76.4148178100586
81.10289764404297
82.79154205322266
55.70674514770508
81.58187866210938
78.6618881225586
72.30323791503906
80.20094299316406
70.63224792480469
76.59060668945312
78.22409057617188
51.6650276184082
77.19107055664062
74.3920669555664
70.11642456054688
77.4739990234375
68.02021026611328
73.52650451660156
76.10051727294922
44.68562316894531
75.26083374023438
72.81710815429688
68.74041748046875
76.21601104736328
68.929443359375
72.12640380859375
73.43875885009766
47.16720199584961
72.3681869506836
68.55538940429688
63.980953216552734
71.60787963867188
64.07697296142578
66.92884826660156
69.50235748291016
43.92269515991211
70.57324981689453
68.88875579833984
61.30672073364258
71.0002212524414
63.06498718261719
68.79559326171875
71.01788330078125
41.668792724609375
71.65922546386719
69.9670181274414
65.05693054199219
73.0947494506836
63.719581604003906
71.83985900878906
74.24981689453125
48.22633361816406
74.95979309082031
73.32328796386719
69.00914764404297
77.34300994873047
69.38224029541016
76.07441711425781
79.0384750366211
50.263336181640625
80.20790100097656
78.40550994873047
75.1109848022461
83.53372955322266
75.36798858642578
82.2138671875
84.9211196899414
51.51129150390625
86.030517578125
83.27936553955078
78.21714782714844
85.23084259033203
75.97437286376953
81.12089538574219
82.91152954101562
55.004112243652344
82.92167663574219
80.5177230834961
74.9886703491211
82.96205139160156
73.62796020507812
79.06333923339844
80.48347473144531
44.842254638671875
78.75174713134766
75.12342071533203
69.07830810546875
76.57112884521484
66.32717895507812
72.84351348876953
74.3143310546875
50.29685592651367
73.27088928222656
70.9213638305664
65.51780700683594
74.68415069580078
67.90621185302734
73.8871078491211
76.95804595947266
43.851924896240234
76.84164428710938
74.84769439697266
69.91429138183594
78.16693115234375
70.35944366455078
73.93856811523438
76.34513092041016
49.89207458496094
76.35347747802734
73.43658447265625
68.40752410888672
76.22457885742188
67.00712585449219
72.43486785888672
74.69779205322266
50.528526306152344
75.97579193115234
74.29972076416016
68.52951049804688
78.07207489013672
69.12046813964844
75.14125061035156
77.23162841796875
52.79692459106445
77.15253448486328
75.0496597290039
69.04320526123047
77.28145599365234
69.81817626953125
74.81617736816406
77.20693969726562
45.71401596069336
76.68208312988281
74.49665069580078
69.7663345336914
77.88780212402344
69.0809097290039
75.93370056152344
78.29916381835938
52.022666931152344
78.30541229248047
76.19429779052734
72.03144836425781
79.8868408203125
71.93558502197266
76.86581420898438
79.49642181396484
46.635501861572266
80.07969665527344
77.77323913574219
73.5727310180664
81.79166412353516
74.5080337524414
79.24752044677734
81.76895904541016
46.419307708740234
82.88164520263672
81.05485534667969
76.16423797607422
84.75613403320312
76.575439453125
82.49522399902344
85.07803344726562
53.14708709716797
85.3664321899414
82.94305419921875
76.78636932373047
84.83924865722656
75.71736145019531
80.79069519042969
83.07878112792969
55.16544723510742
83.74402618408203
82.03691864013672
77.61692810058594
86.73529052734375
79.01177978515625
85.51453399658203
88.18795776367188
52.75278854370117
88.20774841308594
85.31209564208984
79.97105407714844
87.34166717529297
78.2236328125
82.73848724365234
84.40281677246094
46.42576599121094
83.10559844970703
80.22962951660156
74.33561706542969
81.93863677978516
72.7901382446289
77.72198486328125
79.52571105957031
47.820919036865234
78.78157806396484
75.67732238769531
69.88628387451172
77.5064697265625
67.9817123413086
73.14024353027344
74.5590591430664
45.22755432128906
73.83148956298828
72.82252502441406
69.01923370361328
79.56391906738281
72.83080291748047
79.96227264404297
82.79790496826172
45.16520690917969
82.64743041992188
79.5711441040039
73.912353515625
81.04650115966797
72.22967529296875
76.99752807617188
78.74385833740234
47.07366180419922
78.35641479492188
75.73709869384766
71.30535125732422
78.85540008544922
70.23255920410156
75.38507080078125
77.72054290771484
48.077308654785156
77.69361877441406
74.95420837402344
69.88275909423828
77.83805847167969
69.16607666015625
74.03700256347656
76.18280792236328
41.575469970703125
76.95118713378906
75.51454162597656
70.27239990234375
79.21178436279297
71.4324722290039
76.16411590576172
78.67676544189453
53.29327392578125
79.06768798828125
77.05059814453125
72.30493927001953
80.7105712890625
72.23979187011719
78.60784912109375
80.7054443359375
54.206871032714844
81.1062240600586
78.6526107788086
73.77054595947266
82.43943786621094
74.23357391357422
80.23692321777344
82.81871795654297
50.557708740234375
83.30778503417969
81.0904312133789
76.81016540527344
85.23504638671875
77.38911437988281
82.90192413330078
85.09310913085938
51.97880935668945
84.5328369140625
81.23074340820312
75.31907653808594
82.10658264160156
