65.19258880615234
70.54849243164062
73.3351058959961
52.597965240478516
74.97618865966797
73.65522766113281
69.6680679321289
79.8895263671875
73.7205810546875
78.4110336303711
81.14258575439453
52.52017593383789
79.70401000976562
74.72705078125
64.72969818115234
73.42146301269531
61.72550582885742
67.17528533935547
68.583251953125
50.01287841796875
62.95457077026367
57.701759338378906
58.09519577026367
63.202701568603516
59.7794075012207
62.85133743286133
67.64028930664062
49.884521484375
73.55504608154297
71.95818328857422
61.64045333862305
70.55546569824219
58.732357025146484
66.21038818359375
65.85782623291016
47.28770446777344
60.11559295654297
59.583099365234375
59.863643646240234
64.0908432006836
58.23919677734375
55.00233840942383
61.4688606262207
28.760366439819336
63.42494201660156
63.30488586425781
60.88917541503906
67.7574234008789
61.75605773925781
64.55025482177734
66.66895294189453
49.85129928588867
70.10276794433594
67.94552612304688
59.69941711425781
70.29279327392578
62.6083984375
68.28697967529297
70.96904754638672
49.93213653564453
72.0277099609375
70.03015899658203
61.265228271484375
72.59831237792969
62.2878303527832
71.56575775146484
74.13626861572266
51.179012298583984
74.97213745117188
73.72056579589844
67.73759460449219
77.79659271240234
70.1047592163086
77.05123138427734
80.51371765136719
58.710670471191406
82.1412582397461
81.6029052734375
74.93714904785156
84.2337646484375
76.30510711669922
77.99020385742188
79.57080078125
50.82077407836914
77.6035385131836
73.9041519165039
69.43415069580078
76.90686798095703
68.44121551513672
72.54884338378906
73.93331146240234
50.670841217041016
74.56160736083984
70.67464447021484
67.08686828613281
74.19255828857422
65.51976776123047
71.7117919921875
73.65480041503906
50.8818473815918
75.44336700439453
72.9043197631836
69.85041046142578
76.83531951904297
69.39420318603516
73.69231414794922
76.42658996582031
52.68168258666992
77.8494873046875
74.75003814697266
69.71784210205078
78.80941009521484
70.68870544433594
76.53162384033203
78.98123931884766
57.76624298095703
80.02635192871094
78.09314727783203
72.66661071777344
81.52249908447266
73.10547637939453
80.67398071289062
83.36009979248047
58.97303771972656
84.75146484375
82.12017822265625
79.21469116210938
86.38976287841797
75.55030822753906
83.79109191894531
83.44363403320312
66.1137466430664
80.14544677734375
72.91736602783203
66.54113006591797
69.67716217041016
55.48298263549805
67.5372543334961
73.89677429199219
53.944515228271484
77.98805236816406
77.7613754272461
74.44664764404297
84.45960235595703
78.50440216064453
83.80294036865234
86.77669525146484
57.70463180541992
86.16294860839844
82.90576171875
76.61470794677734
84.54386138916016
75.46187591552734
81.92442321777344
83.88399505615234
56.35494613647461
84.60646057128906
82.6376724243164
78.0786361694336
86.91915893554688
79.00732421875
85.98904418945312
89.1836929321289
62.87874221801758
91.58251953125
90.0217514038086
87.32164764404297
95.75328826904297
86.88084411621094
94.35326385498047
95.9869155883789
70.72727966308594
95.79181671142578
92.5972900390625
87.68693542480469
95.05872344970703
85.90423583984375
91.43265533447266
93.16609191894531
58.59664535522461
91.85894012451172
88.40544891357422
82.26494598388672
90.03713989257812
81.421142578125
86.84126281738281
89.05355072021484
59.02228546142578
89.29364776611328
87.11894226074219
81.79862213134766
90.31858825683594
81.94084930419922
87.78459930419922
90.29448699951172
57.16490936279297
90.82341766357422
88.71012878417969
83.9260482788086
92.47647857666016
84.29916381835938
90.65973663330078
93.22587585449219
64.90216827392578
94.41384887695312
92.17076873779297
88.51300811767578
96.38291931152344
87.16383361816406
93.59188842773438
94.83963012695312
67.61691284179688
93.31819915771484
89.57286834716797
83.8913345336914
90.6424331665039
81.5525894165039
85.39640045166016
86.79449462890625
58.56951904296875
85.04582214355469
81.63829803466797
75.27332305908203
83.04105377197266
74.37165832519531
78.64640808105469
80.14456939697266
53.30253601074219
79.63607788085938
76.6130599975586
70.49618530273438
78.29019927978516
69.57941436767578
74.21284484863281
76.17494201660156
51.15888214111328
75.63286590576172
73.3907699584961
65.62464904785156
74.9300765991211
64.20292663574219
71.98808288574219
73.56324768066406
46.6239013671875
73.6240005493164
70.49010467529297
62.70655822753906
72.37812805175781
61.598228454589844
69.58517456054688
71.14218139648438
41.03882598876953
71.00357818603516
67.80232238769531
63.512420654296875
69.11934661865234
60.14910125732422
68.28372955322266
69.95909118652344
50.0390510559082
67.22393798828125
64.56610870361328
59.52411651611328
67.19023895263672
60.05426025390625
63.22813034057617
64.5342788696289
43.00185012817383
64.58724212646484
66.39039611816406
63.860862731933594
75.84021759033203
70.81597900390625
76.55950164794922
79.4378890991211
55.202239990234375
77.92610168457031
75.38697814941406
70.9218978881836
78.82534790039062
71.24481964111328
75.97494506835938
78.9265365600586
53.0572509765625
79.31192016601562
77.26824188232422
73.41986846923828
81.95153045654297
74.25303649902344
79.89593505859375
82.8792495727539
44.248443603515625
84.39192199707031
82.98667907714844
78.49576568603516
87.605712890625
80.19679260253906
86.1630859375
89.14818572998047
53.60906982421875
89.55253601074219
86.87694549560547
80.67608642578125
88.16028594970703
78.8036117553711
83.69673156738281
85.00355529785156
51.26814270019531
83.20294189453125
80.46485900878906
74.27194213867188
82.46812438964844
74.16808319091797
78.69387817382812
80.7164535522461
36.71282958984375
79.68769836425781
76.67774200439453
72.5791015625
80.18395233154297
71.67400360107422
76.24668884277344
77.8753890991211
52.055816650390625
77.12468719482422
75.16454315185547
70.52538299560547
78.27906799316406
71.08306884765625
75.17411804199219
77.72727966308594
46.00736999511719
78.72218322753906
77.0442123413086
72.38723754882812
81.46243286132812
73.42559051513672
79.65625
82.8178482055664
46.168914794921875
85.49642181396484
84.2811050415039
79.2364273071289
87.52413940429688
77.93848419189453
82.24260711669922
82.89664459228516
53.15497970581055
79.71219635009766
76.0204086303711
69.12633514404297
76.20934295654297
65.67927551269531
71.5286636352539
72.79597473144531
47.82429122924805
70.76176452636719
65.12225341796875
61.714088439941406
67.72418212890625
59.517120361328125
65.37464141845703
67.01905059814453
46.73747634887695
64.8805923461914
62.77177810668945
59.28011703491211
68.9811019897461
55.56611251831055
67.1781234741211
70.57167053222656
47.898956298828125
70.62549591064453
66.73125457763672
63.552947998046875
70.71435546875
60.18291091918945
65.61656188964844
66.41976165771484
49.05534362792969
61.641563415527344
60.31418991088867
57.97683334350586
65.44084930419922
60.81271743774414
65.53443145751953
69.98692321777344
54.256004333496094
71.91876220703125
70.58649444580078
67.33689880371094
77.20599365234375
69.97236633300781
77.71578216552734
81.51508331298828
58.29679489135742
84.59728240966797
82.31314086914062
79.6728744506836
86.48036193847656
76.88565063476562
82.69878387451172
83.8662338256836
61.50801086425781
83.03237915039062
79.03321075439453
73.3342056274414
79.79920959472656
71.47631072998047
74.2343521118164
76.64432525634766
46.81536102294922
76.60469818115234
74.39501953125
67.54608917236328
76.44612884521484
67.31320190429688
73.38361358642578
75.54322052001953
49.801109313964844
75.3810806274414
74.05198669433594
68.10946655273438
77.29439544677734
68.89446258544922
74.74435424804688
77.3948974609375
50.963871002197266
77.28841400146484
75.00765991210938
68.3398208618164
77.21756744384766
69.28140258789062
74.58847045898438
76.8588638305664
49.371891021728516
76.5800552368164
74.40452575683594
69.42013549804688
77.64175415039062
69.14471435546875
75.1430892944336
77.65351104736328
52.290096282958984
77.33206176757812
75.76063537597656
71.2862548828125
79.22074890136719
70.3709716796875
76.79759979248047
79.38854217529297
48.752445220947266
80.14618682861328
77.30909729003906
73.26290130615234
80.6227035522461
71.40823364257812
74.88902282714844
76.02923583984375
58.364498138427734
71.34065246582031
68.02847290039062
58.4852294921875
67.03781127929688
64.4123764038086
66.37107849121094
74.89224243164062
60.08377456665039
78.58580780029297
77.64344024658203
73.06118774414062
82.39336395263672
75.77420806884766
80.34769439697266
84.12277221679688
65.1606216430664
85.3270263671875
83.12062072753906
78.26586151123047
85.46382904052734
75.94841003417969
81.2563705444336
82.12806701660156
57.95032501220703
80.25650024414062
76.68307495117188
70.4780502319336
77.01303100585938
67.1552505493164
72.88809204101562
73.27188110351562
54.31501388549805
72.38563537597656
70.032470703125
64.88717651367188
73.35575866699219
65.57324981689453
73.406982421875
76.72430419921875
58.28471374511719
79.34152221679688
78.11397552490234
74.66535949707031
83.47045135498047
75.79365539550781
83.86006927490234
86.35606384277344
65.69872283935547
88.0878677368164
85.01274871826172
81.51461029052734
88.41210174560547
78.52571105957031
84.57221221923828
85.77725219726562
58.59872055053711
84.59043884277344
81.87537384033203
76.59183502197266
84.52896881103516
76.4538345336914
81.1294174194336
82.85400390625
34.01641082763672
82.11450958251953
79.74240112304688
75.44977569580078
83.74925994873047
75.3101577758789
81.19082641601562
83.47498321533203
47.45541000366211
83.57615661621094
81.02884674072266
76.20246124267578
84.4971694946289
75.79042053222656
81.73799896240234
83.61504364013672
55.610965728759766
84.58351135253906
82.18367004394531
78.01019287109375
86.11473846435547
76.30693054199219
83.02364349365234
83.8775634765625
53.37825012207031
80.91581726074219
76.25542449951172
69.40654754638672
76.52494812011719
67.47509765625
73.83517456054688
77.17276000976562
48.97355270385742
79.2884521484375
77.74545288085938
73.52973175048828
82.1125717163086
74.06352996826172
80.03263092041016
81.8497085571289
49.973323822021484
80.15345764160156
76.67298126220703
70.507080078125
77.32293701171875
69.41064453125
71.57261657714844
73.87845611572266
54.920570373535156
70.74063110351562
67.7681655883789
62.466796875
68.98075103759766
