62.86677551269531
70.064453125
74.04878234863281
46.468040466308594
75.56549835205078
75.04513549804688
69.46157836914062
79.74456024169922
72.65572357177734
77.47234344482422
78.96886444091797
57.95575714111328
76.6976089477539
72.33988189697266
63.664947509765625
72.26676177978516
62.163482666015625
66.93155670166016
68.32523345947266
41.780189514160156
65.63268280029297
64.65135192871094
56.62553024291992
65.1102294921875
59.061580657958984
59.87925720214844
65.63251495361328
53.99831008911133
67.10236358642578
66.36390686035156
61.57693099975586
71.42747497558594
63.25453186035156
67.44454956054688
66.83748626708984
31.826086044311523
58.83033752441406
55.17069625854492
45.9080696105957
48.750099182128906
50.54850769042969
58.01152420043945
59.54258346557617
34.559268951416016
63.469730377197266
61.26504898071289
56.616397857666016
67.34817504882812
60.381874084472656
62.54869842529297
66.19182586669922
50.858612060546875
68.66976928710938
66.2190170288086
61.999446868896484
70.41645812988281
62.11823272705078
66.86345672607422
70.13565063476562
46.766639709472656
69.5689468383789
69.21538543701172
62.7615852355957
70.70410919189453
63.798831939697266
69.5835189819336
71.78128814697266
55.138668060302734
72.24478912353516
70.84224700927734
66.41053771972656
74.70455932617188
66.7748031616211
71.2294921875
74.51103973388672
50.107505798339844
75.47599792480469
74.27351379394531
68.75436401367188
78.16780853271484
70.44326782226562
76.59469604492188
80.0941390991211
50.482276916503906
82.21755981445312
81.33190155029297
77.19586181640625
87.2002182006836
80.2596206665039
85.47163391113281
87.15477752685547
58.699676513671875
84.87728118896484
81.87833404541016
75.54219818115234
83.36517333984375
74.39849853515625
79.71116638183594
81.67345428466797
47.24742126464844
82.3105239868164
80.13790130615234
75.44384765625
83.84983825683594
75.60488891601562
81.94830322265625
84.76508331298828
51.91861343383789
85.2171630859375
82.53800964355469
77.388427734375
83.5969009399414
73.29295349121094
77.01939392089844
76.93505859375
47.087547302246094
72.45722961425781
68.73120880126953
65.89401245117188
73.14539337158203
66.50691986083984
73.06644439697266
76.27528381347656
55.475624084472656
76.30281066894531
70.30563354492188
66.89958190917969
73.00373077392578
64.03368377685547
67.86022186279297
69.43894958496094
51.48383712768555
68.4654312133789
66.43131256103516
63.74611282348633
70.74473571777344
62.269142150878906
67.68785858154297
71.27299499511719
47.714508056640625
69.79808807373047
68.56239318847656
59.027164459228516
69.80595397949219
60.514835357666016
65.18038940429688
72.85355377197266
52.468685150146484
79.24119567871094
76.81230926513672
70.57142639160156
77.58383178710938
69.11241912841797
75.07624053955078
78.88768768310547
48.02315902709961
83.16305541992188
82.4790267944336
80.5797119140625
89.96913146972656
81.64288330078125
88.69720458984375
90.21803283691406
57.099788665771484
89.05809020996094
85.88804626464844
80.16675567626953
87.92713165283203
78.9725341796875
84.25289916992188
86.39950561523438
42.812660217285156
86.13175964355469
83.49966430664062
78.01699829101562
86.41596984863281
78.00843811035156
83.48967742919922
85.7179183959961
45.10807800292969
85.83612823486328
83.689208984375
78.3103256225586
86.7149658203125
78.80899810791016
83.80001831054688
86.266357421875
46.82441711425781
86.54151153564453
84.46602630615234
79.46092987060547
88.24364471435547
80.56210327148438
86.29801940917969
88.9896011352539
54.7091064453125
90.10258483886719
87.85804748535156
83.3207015991211
91.23310852050781
82.18614959716797
87.928466796875
89.2457504272461
58.236595153808594
87.82965850830078
84.38667297363281
78.89814758300781
85.71212005615234
75.84320831298828
81.1346206665039
82.36386108398438
50.87652587890625
81.11581420898438
77.76207733154297
72.89933776855469
79.95954895019531
70.93781280517578
75.76653289794922
77.729248046875
48.43836212158203
76.79176330566406
73.88634490966797
69.16720581054688
76.88557434082031
67.66293334960938
73.37435150146484
75.35061645507812
45.72505187988281
75.70025634765625
72.79496765136719
67.94334411621094
74.0882339477539
63.58458709716797
69.53910827636719
69.85761260986328
32.85054397583008
69.80550384521484
66.81095886230469
61.14045333862305
70.72591400146484
61.86505889892578
68.17096710205078
71.72614288330078
46.71244812011719
74.9634780883789
72.94364166259766
69.89051055908203
78.57276153564453
69.96994018554688
74.98562622070312
76.70339965820312
50.47053527832031
74.82029724121094
71.48987579345703
65.41413879394531
73.69913482666016
63.830291748046875
69.11846923828125
70.69219207763672
48.91305923461914
66.69633483886719
62.305294036865234
54.116695404052734
63.199066162109375
55.8074951171875
58.347557067871094
57.45903778076172
49.924827575683594
54.872230529785156
50.467445373535156
28.562339782714844
64.17191314697266
63.249595642089844
69.79633331298828
75.17169189453125
55.90633010864258
77.05175018310547
75.41360473632812
69.23176574707031
77.89179229736328
70.36947631835938
74.94628143310547
77.5576171875
48.90190887451172
78.61560821533203
76.70872497558594
71.23389434814453
80.45252227783203
72.74771118164062
78.94175720214844
81.97489929199219
46.38325881958008
83.27513885498047
81.5709228515625
76.22824096679688
84.46907043457031
76.08502197265625
79.79146575927734
82.140625
49.80963134765625
82.11695861816406
80.55902862548828
75.43128204345703
84.3537826538086
76.57194519042969
81.40493774414062
83.3282699584961
44.16761016845703
82.39766693115234
79.30155181884766
73.1772232055664
81.54435729980469
72.519287109375
77.49613952636719
79.47937774658203
44.17970657348633
78.79003143310547
76.53257751464844
70.21504211425781
78.927490234375
70.5543212890625
76.01443481445312
78.26358795166016
40.36637878417969
78.90210723876953
76.47462463378906
71.41111755371094
80.26507568359375
71.88329315185547
78.10321044921875
81.02055358886719
44.766971588134766
81.74656677246094
79.12318420410156
73.60588073730469
80.64299011230469
71.21302032470703
75.28677368164062
76.55030059814453
54.16316223144531
75.90591430664062
74.40605926513672
68.88819885253906
77.75250244140625
68.15921020507812
73.89970397949219
73.4908447265625
39.13923263549805
71.78567504882812
68.52886962890625
61.63881301879883
68.32322692871094
61.180721282958984
64.26904296875
67.59878540039062
37.59257888793945
68.15107727050781
67.54065704345703
62.859378814697266
72.85771942138672
65.53677368164062
71.42555236816406
74.95166778564453
51.9407844543457
76.244873046875
73.57337188720703
67.8620376586914
76.68794250488281
68.25640869140625
73.51986694335938
76.39675903320312
46.51493835449219
77.36783599853516
75.15998077392578
69.95600128173828
78.01378631591797
68.79279327392578
71.0367202758789
71.40087127685547
45.41044616699219
66.29332733154297
64.06049346923828
55.94642639160156
68.00848388671875
63.22488021850586
67.97676849365234
73.26091766357422
40.77494430541992
76.17121124267578
75.1562728881836
71.52062225341797
79.86012268066406
71.1440658569336
76.42157745361328
78.36315155029297
46.45088577270508
77.19033813476562
73.65869903564453
68.01382446289062
75.06485748291016
65.90534210205078
71.76033020019531
74.69316101074219
42.62506866455078
76.99783325195312
75.7042236328125
69.79151153564453
79.02883911132812
70.32508087158203
75.74267578125
77.77201080322266
49.56630325317383
77.60822296142578
75.29283142089844
69.62450408935547
77.54037475585938
69.3302230834961
74.36125183105469
76.67350769042969
28.813243865966797
76.50189971923828
74.24604797363281
68.99288177490234
76.82166290283203
68.09136962890625
73.4228286743164
75.81207275390625
38.98371505737305
76.00057983398438
73.7513427734375
68.03829956054688
76.8860092163086
68.98155975341797
74.27325439453125
76.45902252197266
38.01357650756836
77.23522186279297
74.97816467285156
69.7333984375
78.62628173828125
70.28582763671875
75.97480010986328
78.9163589477539
40.88594055175781
79.85965728759766
78.3669204711914
73.55931091308594
82.42656707763672
74.67909240722656
80.3673324584961
82.55352783203125
46.749122619628906
79.80226135253906
74.87044525146484
67.00647735595703
73.65318298339844
64.45365142822266
69.986328125
73.22844696044922
46.6920051574707
74.3315200805664
73.78125
69.61798095703125
78.03855895996094
70.42317199707031
76.92239379882812
80.0788803100586
52.49586868286133
81.66978454589844
80.1622085571289
75.77408599853516
84.75704956054688
77.39425659179688
83.45092010498047
86.52717590332031
54.265743255615234
88.04768371582031
86.22095489501953
81.62129974365234
90.06449127197266
81.55865478515625
87.03247833251953
88.87753295898438
48.135215759277344
87.76240539550781
84.63367462158203
78.71926879882812
86.42044067382812
77.51130676269531
82.7630615234375
85.20112609863281
36.06037521362305
86.32374572753906
84.84710693359375
80.4710693359375
89.12437438964844
80.58854675292969
86.31029510498047
88.60401916503906
49.952613830566406
88.50367736816406
86.03124237060547
80.91851806640625
89.13823699951172
80.14485931396484
85.36119079589844
86.20642852783203
53.155391693115234
81.76092529296875
76.65105438232422
69.21519470214844
76.96102142333984
69.18531799316406
75.54791259765625
78.6846923828125
44.64076614379883
80.43889617919922
78.83998107910156
74.34480285644531
82.81779479980469
73.91718292236328
79.1519775390625
80.7066879272461
46.13431930541992
79.44708251953125
75.91290283203125
69.22420501708984
76.05520629882812
66.373779296875
70.70621490478516
71.3321304321289
37.50769805908203
68.94231414794922
66.86347198486328
61.88481521606445
71.46852111816406
64.8678207397461
69.73363494873047
73.60367584228516
49.485015869140625
73.53858184814453
70.54293823242188
64.85176086425781
69.16262817382812
58.735206604003906
62.305206298828125
66.53237915039062
46.29436111450195
72.13438415527344
72.15321350097656
68.37926483154297
76.71450805664062
69.24283599853516
74.91546630859375
77.54364776611328
46.224159240722656
77.33981323242188
74.64582824707031
68.05985260009766
74.76618194580078
65.16236877441406
70.01294708251953
72.3432388305664
44.51931381225586
72.84381866455078
70.92117309570312
66.09700775146484
75.17523193359375
66.8472900390625
73.23168182373047
76.20878601074219
50.773067474365234
76.1219711303711
74.37539672851562
70.27667236328125
78.12551879882812
