65.06300354003906
63.11632537841797
70.45752716064453
66.41034698486328
71.26881408691406
70.64400482177734
64.33197784423828
73.77664947509766
70.93714141845703
73.17913055419922
75.51010131835938
72.87847137451172
77.64283752441406
75.51911163330078
76.28813934326172
76.56812286376953
72.2633285522461
74.51229095458984
66.91007995605469
70.73241424560547
69.16139221191406
61.60501480102539
68.64488983154297
60.96817398071289
66.21401977539062
66.45958709716797
58.26675033569336
67.41461181640625
57.20939636230469
66.0799789428711
59.914371490478516
64.81632995605469
59.68411636352539
60.87437438964844
60.94978332519531
59.43998336791992
62.84634017944336
38.258453369140625
65.21371459960938
61.664085388183594
60.76180648803711
62.6666259765625
61.87708282470703
61.6356086730957
66.31631469726562
62.91505813598633
67.92159271240234
70.2567138671875
52.41189956665039
70.80647277832031
70.32711791992188
63.40125274658203
73.3648910522461
66.88700866699219
69.71892547607422
74.0530014038086
60.22482681274414
73.16416931152344
74.53585815429688
64.24820709228516
76.1786880493164
71.50506591796875
71.76541900634766
77.62106323242188
67.9110107421875
76.21961212158203
77.79912567138672
65.33390045166016
78.72570037841797
77.08433532714844
72.6289291381836
80.30989074707031
74.37346649169922
76.88408660888672
80.3936538696289
67.01634216308594
80.58367156982422
80.00294494628906
69.74967956542969
82.3965072631836
78.42506408691406
77.62744903564453
83.72269439697266
73.04671478271484
82.30321502685547
84.44520568847656
73.7079849243164
86.78038787841797
83.31954193115234
84.88301086425781
87.37466430664062
77.20342254638672
86.75953674316406
82.49311065673828
80.89288330078125
85.91056060791016
73.72250366210938
83.4435806274414
84.01246643066406
64.93852996826172
84.70841217041016
81.3351821899414
78.01055145263672
84.99755859375
76.14094543457031
83.10257720947266
84.49415588378906
73.96310424804688
85.8944320678711
81.99951934814453
82.8240966796875
85.89737701416016
76.66692352294922
85.24347686767578
80.6064682006836
80.16970825195312
83.23688507080078
70.22118377685547
81.754150390625
80.7001724243164
72.24207305908203
82.29227447509766
76.33566284179688
77.91004943847656
82.2295913696289
64.8369140625
80.9639892578125
81.0816421508789
69.70726013183594
82.76419830322266
78.71259307861328
77.88492584228516
83.6727523803711
74.49459838867188
82.25325775146484
83.94525909423828
72.16249084472656
84.65096282958984
82.70469665527344
79.24584197998047
86.1548843383789
79.50540161132812
84.29283905029297
85.73309326171875
80.10981750488281
86.04983520507812
83.60667419433594
84.9107894897461
83.7294692993164
87.47608947753906
84.39449310302734
87.55485534667969
90.63859558105469
75.8685073852539
93.20404052734375
88.50177001953125
91.72044372558594
95.08338928222656
86.4843521118164
96.55982208251953
91.9878921508789
93.53099060058594
95.79228210449219
83.19107818603516
95.31153869628906
92.20567321777344
88.66773223876953
95.28778076171875
85.51310729980469
92.53643798828125
94.11494445800781
68.64495086669922
94.3947525024414
91.68355560302734
86.93560028076172
94.96429443359375
86.66349792480469
91.9296646118164
94.48526000976562
64.80694580078125
94.44496154785156
92.58448791503906
86.25521087646484
95.4821548461914
87.5892562866211
92.17120361328125
94.72444152832031
66.41204071044922
94.29659271240234
92.8666000366211
85.02491760253906
95.61327362060547
89.4416732788086
92.39229583740234
95.86151885986328
83.2296371459961
96.0455551147461
93.8283920288086
91.236572265625
96.58174896240234
86.33583068847656
94.7104263305664
93.31500244140625
85.33956909179688
94.17787170410156
86.2902603149414
89.7630386352539
91.80603790283203
71.04467010498047
90.39820098876953
88.38811492919922
81.2054443359375
89.896484375
83.8476333618164
84.90457916259766
88.34893035888672
79.18689727783203
86.10233306884766
86.0953369140625
78.4797134399414
86.11576843261719
83.13140106201172
80.26378631591797
85.12874603271484
79.43449401855469
81.26075744628906
83.01836395263672
76.85211181640625
81.12499237060547
81.21031188964844
74.9343490600586
80.1061782836914
78.72046661376953
73.6286849975586
78.93978881835938
75.34984588623047
72.71160888671875
77.48257446289062
71.40675354003906
71.2874984741211
75.50090026855469
66.30958557128906
70.83460235595703
74.04981994628906
65.0126724243164
70.7154541015625
74.41620635986328
63.50069046020508
71.73159790039062
74.32656860351562
61.34012222290039
74.91847229003906
74.26410675048828
63.96223831176758
76.42644500732422
74.4188461303711
70.68647003173828
77.54084777832031
73.69027709960938
74.4224853515625
77.95610046386719
72.01475524902344
77.3165512084961
77.83897399902344
72.63561248779297
78.54428100585938
76.46212005615234
76.4588623046875
78.45414733886719
76.5465087890625
77.3694839477539
77.70295715332031
77.74252319335938
76.60938262939453
79.0550537109375
79.46356964111328
73.23319244384766
83.59486389160156
71.50157928466797
82.84146881103516
81.5919189453125
74.7509765625
83.81114959716797
76.1856918334961
80.91624450683594
83.46672058105469
51.80466079711914
83.55318450927734
81.86736297607422
76.24433898925781
85.22586822509766
78.41787719726562
83.2591781616211
85.61284637451172
77.22725677490234
86.81050872802734
83.8129653930664
83.88347625732422
87.37359619140625
79.20378875732422
86.51356506347656
84.05933380126953
81.09906005859375
86.21926879882812
76.98970031738281
83.56581115722656
83.51055145263672
70.7961196899414
83.93018341064453
78.94679260253906
77.88504791259766
83.16722869873047
70.23798370361328
80.44092559814453
81.00057220458984
64.34839630126953
81.44573974609375
77.79796600341797
74.52589416503906
81.07817077636719
72.9210205078125
77.81810760498047
80.33837890625
63.95748519897461
79.6255111694336
78.7048568725586
69.52857971191406
80.5832290649414
75.38436126708984
75.86766815185547
81.12393951416016
69.47269439697266
80.22376251220703
80.37678527832031
72.53360748291016
83.09400177001953
78.13419342041016
81.41517639160156
82.47261047363281
75.38269805908203
81.8141860961914
75.0675277709961
77.2786865234375
77.98805236816406
48.92168045043945
76.58509826660156
72.78335571289062
69.76783752441406
74.32150268554688
67.75483703613281
70.34801483154297
73.105224609375
64.04228973388672
70.66041564941406
71.2466812133789
65.7298812866211
69.43112182617188
69.78801727294922
63.21883010864258
71.80459594726562
69.85067749023438
66.37811279296875
74.6390609741211
63.97213363647461
73.84102630615234
75.20738220214844
68.92389678955078
77.5882568359375
70.40550994873047
75.65474700927734
77.07938385009766
67.1417236328125
77.84844207763672
72.0090103149414
73.30673217773438
76.67166900634766
57.94597625732422
75.73301696777344
74.11766052246094
66.17059326171875
75.41114807128906
72.35856628417969
69.993896484375
75.04914855957031
72.76126861572266
71.3955078125
77.80633544921875
69.00627899169922
76.79557037353516
78.73625183105469
61.08518600463867
80.65036010742188
77.21209716796875
77.76464080810547
82.21110534667969
69.5702896118164
81.32514953613281
78.82369232177734
74.56195068359375
81.38127899169922
70.78451538085938
78.52632141113281
79.66924285888672
57.89409255981445
80.41344451904297
77.11152648925781
74.13512420654297
80.9097671508789
70.16596984863281
78.5382308959961
79.49352264404297
60.25565719604492
79.6388168334961
76.05503845214844
73.73400115966797
79.96871948242188
70.22205352783203
77.57066345214844
79.08810424804688
57.60060119628906
79.10734558105469
76.72782897949219
71.13638305664062
80.09871673583984
72.472900390625
76.74179077148438
79.78217315673828
45.621883392333984
79.66463470458984
77.79488372802734
72.2477798461914
80.67466735839844
72.00852966308594
77.70755767822266
80.0046615600586
55.252864837646484
80.06319427490234
78.36592864990234
71.74891662597656
81.1685791015625
73.5848388671875
78.1110610961914
81.42900848388672
58.7781982421875
81.14041900634766
79.66682434082031
72.97532653808594
82.92546844482422
76.31233215332031
80.21935272216797
83.49627685546875
66.2635498046875
84.17066955566406
81.49018859863281
79.77140808105469
84.53707122802734
63.413421630859375
81.81103515625
80.76749420166016
71.24809265136719
81.62256622314453
79.63179779052734
74.57610321044922
82.81834411621094
78.05086517333984
78.90035247802734
83.81611633300781
71.01663208007812
82.91541290283203
83.5855941772461
70.7985610961914
85.9163818359375
81.85697174072266
82.26932525634766
87.29706573486328
75.78223419189453
87.26128387451172
85.93820190429688
81.89533233642578
88.64837646484375
79.48128509521484
86.48175811767578
86.18971252441406
75.75994873046875
86.84615325927734
81.06375885009766
81.32875061035156
85.68486785888672
73.65776062011719
83.41578674316406
84.8807601928711
63.64232635498047
85.72563934326172
83.1130599975586
79.6347885131836
86.66304016113281
75.48907470703125
84.44805145263672
84.9216079711914
71.78518676757812
85.46505737304688
80.83221435546875
79.927978515625
84.49592590332031
77.2264404296875
81.20591735839844
83.24298095703125
76.96465301513672
81.17747497558594
85.05150604248047
65.26937103271484
86.8263168334961
84.83450317382812
83.68646240234375
88.55233001708984
77.93900299072266
87.65267944335938
85.85394287109375
81.45398712158203
88.03820037841797
78.45177459716797
85.42562866210938
85.33180236816406
72.29655456542969
85.99348449707031
81.15499114990234
81.51569366455078
84.52583312988281
60.92958450317383
82.37535858154297
79.88015747070312
73.30711364746094
80.84781646728516
78.20913696289062
74.08494567871094
81.20917510986328
76.28872680664062
76.22273254394531
81.42221069335938
67.86943817138672
80.48822784423828
79.79105377197266
70.69417572021484
81.15313720703125
74.45817565917969
76.09103393554688
79.86174011230469
65.02774810791016
79.49101257324219
78.03411865234375
70.16238403320312
79.0818099975586
73.17041778564453
75.50682067871094
79.06351470947266
67.14695739746094
79.32110595703125
77.03498077392578
74.56031036376953
78.59091186523438
64.69479370117188
76.06729125976562
74.64451599121094
63.27314376831055
75.32826232910156
69.7787857055664
69.01502990722656
74.96512603759766
65.69206237792969
72.26080322265625
75.06645965576172
58.57924270629883
75.5899887084961
73.60581970214844
69.06707763671875
77.00444030761719
