62.62876510620117
68.92141723632812
72.30765533447266
54.447513580322266
75.14547729492188
73.35851287841797
69.6801986694336
78.40042877197266
71.46827697753906
75.89044189453125
77.26717376708984
51.55781555175781
73.94072723388672
68.32376098632812
63.728092193603516
70.01780700683594
59.17417526245117
63.50825500488281
63.668487548828125
49.4544792175293
63.592201232910156
60.977298736572266
52.91777420043945
62.54727554321289
57.970436096191406
62.58700942993164
65.27657318115234
34.0082893371582
68.868408203125
68.89875030517578
60.92758560180664
71.79036712646484
62.3685417175293
68.00656127929688
67.48175811767578
45.6267204284668
61.94722366333008
58.54479217529297
37.01836013793945
33.832847595214844
41.9417839050293
56.082366943359375
55.016014099121094
39.569427490234375
61.98377227783203
59.96319580078125
52.78128433227539
63.46780014038086
54.52814865112305
63.6933708190918
65.24671173095703
43.518516540527344
65.982421875
64.96034240722656
58.2875862121582
68.84160614013672
61.55337905883789
66.7308349609375
68.68766021728516
57.26791000366211
68.7923355102539
65.86690521240234
61.97856521606445
71.07554626464844
63.584686279296875
67.21223449707031
71.01342010498047
44.888160705566406
71.82540893554688
70.3129653930664
64.22217559814453
73.48397064208984
65.67388153076172
71.16801452636719
73.5906753540039
47.1369514465332
74.72645568847656
73.25895690917969
68.12103271484375
77.21521759033203
69.0982437133789
75.9855728149414
79.07677459716797
48.29158020019531
80.99555969238281
79.87162780761719
76.68566131591797
86.2743148803711
79.10932159423828
84.71366119384766
86.45880126953125
54.25321578979492
84.54823303222656
81.29375457763672
74.61246490478516
82.7435073852539
73.60194396972656
79.80243682861328
81.3629379272461
42.400760650634766
81.70154571533203
79.58238220214844
74.3852310180664
83.31674194335938
75.21876525878906
81.44440460205078
84.28045654296875
50.76665496826172
84.98604583740234
82.0196533203125
76.74258422851562
83.61824035644531
73.26966857910156
76.83186340332031
77.72415924072266
51.31785583496094
73.7112808227539
69.0854263305664
63.22624969482422
70.63734436035156
64.82444763183594
70.17694091796875
73.96449279785156
40.218284606933594
75.23963928222656
73.09455871582031
66.45618438720703
74.17980194091797
65.67040252685547
67.12403106689453
70.14080810546875
48.681453704833984
67.64338684082031
65.03234100341797
62.559078216552734
68.96292877197266
61.533836364746094
65.99604034423828
68.31086730957031
41.76717758178711
68.64550018310547
66.37731170654297
57.45388412475586
65.03717803955078
47.10651397705078
61.849308013916016
72.80746459960938
53.71704864501953
76.30819702148438
73.01849365234375
67.73419189453125
75.48918151855469
68.0020980834961
74.1900863647461
78.98453521728516
44.84019088745117
82.93679809570312
82.776123046875
78.96971130371094
89.44898223876953
82.06185150146484
87.56890106201172
89.62698364257812
43.29386901855469
88.08101654052734
85.17195129394531
79.1408462524414
87.29269409179688
78.7165298461914
83.76071166992188
85.6600570678711
53.59120178222656
85.4859390258789
83.14201354980469
78.11151123046875
86.18852996826172
77.88748931884766
83.03990173339844
85.47085571289062
42.86703109741211
85.92736053466797
83.64862823486328
78.39340209960938
86.86670684814453
78.56400299072266
84.26509857177734
86.4495620727539
42.47509765625
85.66810607910156
82.97879791259766
77.29875946044922
85.40294647216797
77.2369613647461
82.43678283691406
85.21861267089844
50.75289535522461
86.2145004272461
84.32391357421875
79.68756866455078
88.35551452636719
80.53377532958984
85.73808288574219
87.9788818359375
47.4282112121582
87.44629669189453
84.81084442138672
78.49002838134766
86.27290344238281
77.13847351074219
81.97271728515625
83.5423583984375
48.98826217651367
82.04904174804688
78.99542999267578
73.35884857177734
81.0629653930664
72.13983917236328
77.23838806152344
79.28075408935547
45.21683120727539
78.3249282836914
75.78337097167969
70.01057434082031
78.49699401855469
71.01656341552734
74.85801696777344
77.82661437988281
52.75564193725586
78.07142639160156
76.224365234375
71.13780975341797
79.3515625
71.5138168334961
75.96712493896484
78.11143493652344
51.040733337402344
77.06647491455078
73.1971206665039
67.11041259765625
74.89030456542969
66.11660766601562
72.33747100830078
74.41084289550781
38.989723205566406
75.71575164794922
73.50804901123047
67.32323455810547
74.65467071533203
64.94158172607422
69.44409942626953
69.36505889892578
39.30697250366211
67.91090393066406
63.82910919189453
58.613712310791016
64.71701049804688
57.63743591308594
61.226505279541016
63.896610260009766
42.302711486816406
58.279815673828125
53.25056838989258
54.15610885620117
57.353065490722656
31.359012603759766
41.99805450439453
56.328983306884766
49.71006393432617
60.21501922607422
60.40558624267578
61.33988571166992
68.6867446899414
64.2145767211914
71.696533203125
75.9262466430664
51.10200500488281
76.43897247314453
74.37820434570312
68.67671966552734
77.1492919921875
69.50328826904297
74.03682708740234
76.91883850097656
49.30321502685547
77.40866088867188
75.97940063476562
71.1173324584961
79.5627212524414
72.26604461669922
77.87279510498047
80.94425201416016
40.69504928588867
81.6805648803711
79.1742172241211
73.2794418334961
80.62599182128906
71.07611083984375
75.31465911865234
76.66712951660156
43.94774627685547
75.72976684570312
74.30107879638672
69.72310638427734
79.66680908203125
72.53271484375
78.3553466796875
81.19664764404297
42.74540328979492
81.21456909179688
78.7658462524414
72.96073913574219
80.82019805908203
71.83612060546875
76.58100128173828
78.51390075683594
42.10179901123047
78.47611999511719
76.53437805175781
70.80867004394531
78.69930267333984
69.9002456665039
75.34973907470703
77.7331314086914
47.941829681396484
78.44795227050781
76.44384002685547
70.81551361083984
79.70977783203125
71.66201782226562
77.92345428466797
81.046630859375
38.72452163696289
81.753662109375
79.6622543334961
73.79864501953125
81.06464385986328
70.97747802734375
74.67584991455078
75.37972259521484
52.23955535888672
72.70653533935547
70.27009582519531
65.67617797851562
73.42762756347656
65.32808685302734
69.92708587646484
71.93539428710938
43.58702087402344
69.838134765625
65.8329086303711
58.7300910949707
66.85882568359375
59.45133590698242
64.85704040527344
67.32716369628906
20.542560577392578
68.55658721923828
67.982421875
64.14939880371094
72.97270965576172
65.87358856201172
71.41451263427734
74.44248962402344
46.482730865478516
75.10356140136719
72.34676361083984
66.05442810058594
74.2811050415039
66.5877456665039
71.5155029296875
73.67642211914062
46.53390121459961
75.738037109375
74.11956024169922
69.23084259033203
77.09806823730469
66.7021713256836
71.57547760009766
70.12796020507812
48.54705047607422
66.53475952148438
64.55330657958984
55.44450759887695
69.40290069580078
62.93383026123047
70.09809875488281
74.77006530761719
47.25429916381836
78.02828216552734
76.67684936523438
71.39278411865234
80.11302185058594
70.92364501953125
76.39769744873047
77.9202880859375
46.83281707763672
76.42707061767578
73.35601806640625
67.82522583007812
75.20578002929688
65.86734008789062
70.56283569335938
73.24956512451172
53.43170166015625
74.84192657470703
74.10862731933594
68.09125518798828
77.99236297607422
69.5908203125
75.12789916992188
77.43473052978516
39.468658447265625
76.90314483642578
74.59046936035156
68.53705596923828
76.99024963378906
69.2582778930664
73.75879669189453
75.97146606445312
52.01908493041992
75.81257629394531
73.35127258300781
68.96280670166016
76.640380859375
68.24722290039062
73.21891784667969
75.45805358886719
35.453857421875
75.70076751708984
73.63665008544922
67.49954986572266
76.43939971923828
67.93399047851562
74.09677124023438
76.16996765136719
46.62367630004883
76.91879272460938
74.6823959350586
69.10459899902344
78.30846405029297
70.22928619384766
75.84782409667969
78.79229736328125
43.593414306640625
79.52300262451172
77.68212127685547
72.95250701904297
82.05445098876953
74.08155059814453
78.89340209960938
80.58888244628906
50.132789611816406
77.69271850585938
73.20743560791016
65.96495056152344
73.03404235839844
65.1712417602539
69.41895294189453
73.18173217773438
40.658424377441406
74.44947814941406
73.22724151611328
68.1079330444336
77.7442398071289
70.99768829345703
76.4279556274414
79.33834075927734
43.23415756225586
80.78167724609375
79.51062774658203
75.06697845458984
83.91267395019531
76.52122497558594
82.82518768310547
85.8651351928711
48.778778076171875
87.25532531738281
85.51861572265625
80.59297943115234
89.18141174316406
80.84126281738281
86.29070281982422
88.13597869873047
45.15913009643555
86.98275756835938
83.96797943115234
78.24140167236328
85.8858642578125
77.25761413574219
82.29356384277344
85.10871124267578
46.373722076416016
86.30751037597656
84.834228515625
79.89029693603516
88.64442443847656
80.58173370361328
85.58870697021484
87.77936553955078
46.15728759765625
87.65264129638672
85.28730773925781
79.75726318359375
87.90860748291016
79.37416076660156
83.31511688232422
83.74388122558594
46.81321334838867
78.99482727050781
74.85232543945312
68.64034271240234
77.30865478515625
70.32276916503906
75.88539123535156
78.9591293334961
46.924598693847656
80.69048309326172
78.87366485595703
74.26683044433594
82.65372467041016
73.7316665649414
78.837158203125
80.87606048583984
46.45964431762695
79.06563568115234
75.61833953857422
68.2779541015625
75.7263412475586
64.2990493774414
69.7989730834961
70.93148803710938
37.52730941772461
68.83089447021484
65.89256286621094
61.521820068359375
69.48451232910156
63.56389236450195
68.60123443603516
71.43448638916016
48.983829498291016
72.42302703857422
70.27498626708984
63.593448638916016
70.14642333984375
60.25873565673828
62.11280822753906
67.07708740234375
47.80393600463867
72.818359375
71.58511352539062
67.86361694335938
76.6246109008789
68.42769622802734
73.89448547363281
76.72067260742188
46.96712112426758
76.05799865722656
72.97688293457031
66.69486236572266
74.10829162597656
64.28514099121094
70.28360748291016
71.993896484375
34.28289794921875
73.07701110839844
71.56787872314453
67.2392578125
75.15521240234375
68.11994171142578
74.15387725830078
76.7717514038086
50.95792007446289
77.08084106445312
74.6264419555664
70.15275573730469
78.62419128417969
