62.90416717529297
67.67709350585938
64.49369049072266
69.13818359375
68.00769805908203
71.8498306274414
69.99539947509766
73.08393096923828
73.90558624267578
75.34615325927734
75.69277954101562
73.81258392333984
74.45892333984375
69.32129669189453
72.25582885742188
61.08063507080078
69.56057739257812
55.39657974243164
66.14990234375
55.45881652832031
64.24211120605469
58.19697189331055
60.72689437866211
60.14158630371094
50.80866241455078
63.768001556396484
59.348426818847656
66.13935089111328
66.95828247070312
65.05160522460938
69.64208221435547
61.09029769897461
66.10142517089844
58.912620544433594
62.571022033691406
59.25996398925781
62.08406066894531
61.597267150878906
53.231529235839844
63.09224319458008
52.01188659667969
63.94029998779297
47.5174446105957
62.47069549560547
55.1458854675293
61.99916458129883
59.572261810302734
61.11766052246094
63.313053131103516
60.97545623779297
63.52027130126953
62.28753662109375
66.91389465332031
57.515419006347656
66.57318878173828
59.30278015136719
67.00100708007812
60.727256774902344
67.822998046875
63.17856979370117
66.50165557861328
63.1827278137207
67.91655731201172
63.70897674560547
68.0062255859375
64.84127807617188
68.73553466796875
66.76058959960938
69.54723358154297
67.4354248046875
70.21794128417969
70.87867736816406
71.19430541992188
71.93545532226562
72.81939697265625
74.37570190429688
74.12738037109375
77.07127380371094
76.50666046142578
79.0738754272461
77.50000762939453
79.17576599121094
75.75352478027344
77.10843658447266
73.29669952392578
74.49015045166016
71.5198974609375
72.681640625
69.05188751220703
71.57257843017578
68.2918930053711
69.85386657714844
67.56462097167969
69.04484558105469
67.43067932128906
69.2973861694336
67.66646575927734
68.93734741210938
68.2308120727539
69.3377456665039
69.00808715820312
69.11956787109375
69.7506103515625
69.85427856445312
70.32110595703125
70.42292785644531
71.67961883544922
70.31383514404297
72.04763793945312
70.75311279296875
72.20891571044922
71.44526672363281
73.1646499633789
71.53882598876953
73.53467559814453
72.48191833496094
74.68810272216797
73.39095306396484
75.1732406616211
74.84165954589844
76.28060150146484
76.8851318359375
77.09587860107422
77.7238540649414
78.09443664550781
79.1635971069336
78.68907165527344
80.14449310302734
78.86830139160156
79.6873550415039
76.641357421875
76.06072998046875
72.8936538696289
69.37493896484375
68.0666732788086
58.18612289428711
66.3517837524414
65.46849060058594
67.6070785522461
71.9433822631836
70.7359848022461
75.70457458496094
74.99224853515625
78.36003875732422
79.3736572265625
80.64141845703125
81.78743743896484
80.44007873535156
82.17899322509766
78.30191802978516
81.18167877197266
77.26690673828125
80.40198516845703
78.01012420654297
80.33737182617188
78.52056121826172
80.343994140625
80.164794921875
80.90638732910156
82.00590515136719
82.30220794677734
83.71205139160156
83.98098754882812
86.25108337402344
86.21156311035156
88.64657592773438
88.3165512084961
90.3530044555664
89.46743774414062
90.72544860839844
89.25042724609375
89.80191802978516
88.60543060302734
88.72083282470703
87.86470794677734
87.76738739013672
87.42991638183594
86.88037109375
86.86759185791016
85.62103271484375
85.32189178466797
84.14707946777344
84.23262023925781
83.06464385986328
83.90299987792969
83.08184814453125
84.11758422851562
83.12767028808594
84.17961883544922
83.22942352294922
84.4959945678711
83.68905639648438
84.87596893310547
83.93445587158203
85.1557846069336
84.58847045898438
85.65692901611328
85.45752716064453
86.42849731445312
86.32872009277344
87.08673858642578
87.46452331542969
88.05216217041016
88.56571197509766
88.8212661743164
89.75587463378906
89.5101547241211
90.3445053100586
89.4045181274414
89.83092498779297
87.99115753173828
88.1747817993164
86.03834533691406
86.15415954589844
83.90333557128906
83.93148040771484
81.64886474609375
81.89856719970703
79.90139770507812
79.74708557128906
78.29242706298828
78.01942443847656
76.80310821533203
76.42282104492188
75.66356658935547
74.48397064208984
74.32107543945312
72.73429107666016
73.80915069580078
71.33938598632812
73.33850860595703
69.79041290283203
72.349853515625
69.09689331054688
71.78805541992188
68.63050079345703
71.27910614013672
65.9026870727539
70.52349853515625
64.8114013671875
70.7325439453125
62.535186767578125
70.69197845458984
61.004425048828125
69.69005584716797
61.28656768798828
69.13536834716797
59.99360275268555
69.42657470703125
61.706199645996094
68.43557739257812
58.432987213134766
67.95213317871094
58.8447151184082
68.41657257080078
62.79494857788086
67.1176986694336
57.93747329711914
67.34953308105469
60.85835647583008
65.15718078613281
62.25851058959961
65.93390655517578
61.54901123046875
64.56459045410156
62.37614440917969
62.830326080322266
59.029048919677734
61.94979476928711
56.281333923339844
65.17655181884766
57.89987564086914
72.29835510253906
68.931396484375
74.23102569580078
72.4073715209961
73.78822326660156
72.49191284179688
72.61308288574219
72.894287109375
71.48477935791016
73.500244140625
72.12086486816406
74.12431335449219
72.80741882324219
75.00228118896484
73.59394836425781
75.7298812866211
75.30062103271484
77.05034637451172
76.58333587646484
78.14102172851562
78.24685668945312
79.37386322021484
80.15708923339844
80.98200225830078
82.2219467163086
82.25782012939453
83.66477966308594
82.80339813232422
84.07188415527344
82.10822296142578
83.03608703613281
80.53955078125
81.20069122314453
79.01502990722656
79.48869323730469
77.79153442382812
78.16264343261719
76.66758728027344
77.04045867919922
76.0914306640625
75.42655181884766
75.1851577758789
74.68618774414062
75.11585235595703
73.62788391113281
74.6523666381836
72.77957153320312
75.44751739501953
71.99354553222656
74.49432373046875
70.76958465576172
73.91507720947266
68.43226623535156
72.96905517578125
66.35787963867188
72.90620422363281
68.57041931152344
72.5436019897461
68.69535827636719
73.72736358642578
70.29719543457031
74.38976287841797
71.38567352294922
75.85182189941406
73.1158447265625
76.46844482421875
75.17021942138672
77.70468139648438
76.8361587524414
79.04198455810547
78.45944213867188
80.39405822753906
79.65074157714844
79.25897216796875
77.98845672607422
76.06558990478516
74.94154357910156
72.81407165527344
72.86185455322266
69.39879608154297
70.99052429199219
67.25188446044922
68.80571746826172
65.50884246826172
65.58230590820312
63.88373565673828
65.52769470214844
61.382850646972656
64.02460479736328
60.46744918823242
63.882057189941406
58.05216598510742
64.02908325195312
58.582374572753906
63.68107223510742
62.272457122802734
65.2165298461914
62.419620513916016
65.85592651367188
63.67063903808594
65.4689712524414
65.01522064208984
64.28959655761719
64.3555679321289
62.93379211425781
65.11004638671875
59.15711975097656
62.61319351196289
56.16573715209961
60.33084487915039
58.56082534790039
61.347618103027344
62.81688690185547
60.26896286010742
63.8668212890625
63.72636032104492
66.8348388671875
66.86138916015625
70.05724334716797
70.78053283691406
73.15519714355469
74.5153579711914
76.22575378417969
77.93553924560547
78.60581970214844
78.96026611328125
78.19526672363281
78.18476104736328
76.48661041259766
75.75521087646484
74.00714874267578
72.92386627197266
70.67837524414062
71.62173461914062
70.86478424072266
70.76466369628906
70.686279296875
70.61830139160156
70.74840545654297
69.62416076660156
71.1756820678711
69.03372955322266
69.4690170288086
68.36241149902344
69.81689453125
67.82666015625
69.44483947753906
67.62570190429688
70.03084564208984
69.02059936523438
71.33063507080078
70.48281860351562
72.15151977539062
70.64313507080078
71.74581909179688
69.84324645996094
72.17163848876953
68.89795684814453
70.73157501220703
69.52320861816406
70.76005554199219
68.64352416992188
70.97587585449219
69.6285400390625
70.79733276367188
68.85614776611328
70.98783874511719
69.73827362060547
70.81918334960938
70.3691177368164
70.19694519042969
70.74298095703125
70.43456268310547
71.07965087890625
71.31964874267578
71.31407928466797
71.22126770019531
71.7960205078125
71.32209014892578
71.86310577392578
71.90325164794922
73.47389221191406
71.30120849609375
72.68533325195312
70.09423828125
71.8243637084961
67.77629852294922
69.4512710571289
65.9161605834961
68.24451446533203
64.81674194335938
66.61131286621094
69.01166534423828
71.46316528320312
73.62523651123047
75.06999969482422
75.96852111816406
76.93154907226562
77.05140686035156
77.95966339111328
77.81575012207031
78.94407653808594
79.22998809814453
80.1782455444336
80.68987274169922
80.70394897460938
80.68086242675781
79.72430419921875
79.6720199584961
77.83348083496094
77.49407196044922
75.61216735839844
75.73052215576172
73.36498260498047
73.24515533447266
70.63679504394531
71.65474700927734
68.77059936523438
69.42253112792969
66.09834289550781
67.56468963623047
64.44428253173828
66.95443725585938
61.64958190917969
66.48950958251953
63.1615104675293
67.97012329101562
64.7356948852539
70.21669006347656
68.51116180419922
72.44766235351562
72.04313659667969
75.31258392333984
75.11090850830078
77.24767303466797
78.22667694091797
79.48712921142578
80.13518524169922
80.31593322753906
80.88594055175781
80.26079559326172
80.55191802978516
78.7436294555664
79.85680389404297
78.0417251586914
79.92279815673828
78.2717514038086
79.39946746826172
76.89915466308594
78.23810577392578
75.75255584716797
77.81852722167969
75.56888580322266
78.7101058959961
77.35990905761719
79.12001037597656
77.31975555419922
79.03939056396484
77.00640869140625
78.60147857666016
77.02625274658203
78.3602523803711
77.13343811035156
78.25171661376953
76.93316650390625
77.74186706542969
77.06865692138672
77.8625259399414
77.33784484863281
78.54627227783203
78.85581970214844
79.33502197265625
78.99718475341797
78.71199035644531
78.23529052734375
75.76969146728516
74.77682495117188
71.8674545288086
71.52306365966797
70.23339080810547
71.84976959228516
70.26888275146484
72.46013641357422
71.65210723876953
74.44291687011719
73.66889953613281
75.31302642822266
75.00570678710938
76.80856323242188
76.20886993408203
77.3984603881836
76.44482421875
76.02539825439453
75.0006103515625
74.20684814453125
73.13323211669922
71.72735595703125
70.5374526977539
68.52885437011719
66.95774841308594
66.67716217041016
66.93974304199219
64.0206298828125
65.2122802734375
