69.95191955566406
65.36215209960938
74.75698852539062
65.25325775146484
74.05223846435547
75.72461700439453
66.15718078613281
78.58090209960938
73.58422088623047
77.45573425292969
80.6253662109375
64.92134094238281
80.37942504882812
74.70514678955078
73.89925384521484
76.3011474609375
55.73301315307617
73.62013244628906
70.30245971679688
66.85826110839844
71.41020202636719
67.4744873046875
68.28845977783203
70.57197570800781
68.59175872802734
66.23108673095703
71.23432159423828
67.24311828613281
69.61024475097656
73.69509887695312
64.8841323852539
73.35855102539062
64.86920166015625
71.81358337402344
66.87046813964844
65.99828338623047
70.39297485351562
60.75838851928711
69.23307037353516
68.53549194335938
66.01600646972656
69.16548919677734
68.78167724609375
66.8231430053711
70.43580627441406
69.08445739746094
67.11842346191406
71.183349609375
68.89683532714844
68.30074310302734
72.02676391601562
66.69540405273438
70.81285858154297
71.95389556884766
64.81807708740234
72.74698638916016
70.43891143798828
67.984130859375
73.69770812988281
66.57443237304688
71.25687408447266
73.75382232666016
63.367427825927734
74.21260070800781
71.58956909179688
68.93672180175781
75.62735748291016
67.9350357055664
74.44744110107422
75.93385314941406
63.84775924682617
78.15800476074219
74.20027160644531
74.55493927001953
80.41483306884766
67.67718505859375
80.26337432861328
81.1894760131836
71.27780151367188
84.90385437011719
79.927490234375
82.28581237792969
86.12638854980469
66.86334228515625
83.66252136230469
81.07557678222656
73.1572494506836
81.09298706054688
72.88899230957031
75.64962768554688
77.72955322265625
67.2080307006836
75.59066009521484
74.12561798095703
67.29344177246094
75.31874084472656
71.06070709228516
71.13688659667969
75.55427551269531
67.01886749267578
73.96929168701172
75.10801696777344
64.52029418945312
77.03165435791016
73.4609375
73.65747833251953
78.50432586669922
66.58454132080078
78.43022918701172
78.206298828125
71.26323699951172
81.1395492553711
74.37793731689453
79.122802734375
80.80125427246094
67.30787658691406
79.9232177734375
77.50729370117188
75.54605102539062
82.16278076171875
70.88497161865234
80.36854553222656
78.99229431152344
68.11070251464844
78.10020446777344
68.98210906982422
72.83198547363281
71.92353820800781
66.0844497680664
69.8907699584961
70.06612396240234
67.8708724975586
66.7471923828125
72.76555633544922
58.5477294921875
73.59113311767578
72.86548614501953
68.44718170166016
77.56107330322266
68.00946807861328
78.53691864013672
79.29249572753906
72.28963470458984
82.8776626586914
74.73362731933594
79.79737854003906
81.16828155517578
66.58633422851562
82.41937255859375
78.14452362060547
76.45350646972656
80.46739196777344
68.89315032958984
77.09770965576172
77.02934265136719
68.03165435791016
76.79827880859375
75.18929290771484
70.21934509277344
77.10771942138672
72.9671630859375
73.80742645263672
78.12996673583984
68.50541687011719
78.62728118896484
78.6904525756836
71.73877716064453
82.3984603881836
77.81594848632812
81.54127502441406
86.16819763183594
69.10140991210938
88.7710952758789
88.38087463378906
82.77989196777344
92.40227508544922
84.62501525878906
88.65138244628906
90.62740325927734
66.60736083984375
88.24461364746094
84.52084350585938
77.0091323852539
83.71883392333984
75.93925476074219
79.05729675292969
82.50355529785156
66.12712860107422
82.33790588378906
81.26696014404297
74.52652740478516
84.1617202758789
77.2759017944336
81.01811218261719
84.17611694335938
66.54145050048828
84.28424835205078
82.6373291015625
76.83195495605469
85.77884674072266
78.24284362792969
83.17866516113281
85.98336029052734
64.32405090332031
86.47167205810547
84.75959777832031
79.87262725830078
88.44346618652344
80.57186126708984
86.65374755859375
89.39356231689453
64.87952423095703
90.70337677001953
88.36670684814453
85.07462310791016
92.64136505126953
82.72098541259766
90.3950424194336
91.3875961303711
71.5949935913086
90.79427337646484
86.59825134277344
83.15019226074219
88.58174896240234
76.59436798095703
84.84894561767578
84.75579071044922
68.80530548095703
84.10824584960938
78.90276336669922
77.28718566894531
82.04977416992188
67.67192077636719
79.01241302490234
78.86906433105469
67.38526153564453
79.4415512084961
73.25448608398438
74.14309692382812
77.74166107177734
61.465152740478516
76.28607940673828
74.61241149902344
66.61343383789062
76.82186889648438
68.57862854003906
73.52192687988281
76.33663177490234
56.607818603515625
75.01931762695312
72.90694427490234
66.71656036376953
75.16325378417969
66.56969451904297
71.98023223876953
73.13066864013672
56.99000549316406
73.22256469726562
68.40137481689453
67.70185089111328
71.47501373291016
59.97621536254883
70.58140563964844
67.34898376464844
63.12999725341797
67.32785034179688
62.43595504760742
67.41109466552734
71.54219055175781
74.07292938232422
72.11894226074219
81.15753936767578
72.03536224365234
80.43236541748047
81.47227478027344
66.17170715332031
82.10159301757812
77.4698257446289
77.01331329345703
82.15192413330078
67.80239868164062
80.29999542236328
80.06031036376953
68.17521667480469
81.14549255371094
75.70437622070312
76.04308319091797
81.48749542236328
69.53199005126953
80.82685852050781
81.98860931396484
66.99728393554688
84.22343444824219
80.85042572021484
79.67926788330078
86.69043731689453
77.4273452758789
86.08177185058594
88.53462219238281
67.96885681152344
89.91329193115234
87.31553649902344
82.23273468017578
89.75994110107422
81.07716369628906
84.96841430664062
86.90823364257812
67.92980194091797
85.11940002441406
82.84397888183594
74.9734115600586
84.15202331542969
77.3093490600586
79.6966552734375
82.55736541748047
66.88338470458984
81.2505874633789
80.21615600585938
70.9748764038086
81.53246307373047
75.83745574951172
77.0868911743164
81.1702651977539
67.84648132324219
80.0413818359375
79.65326690673828
70.17080688476562
81.40684509277344
76.19798278808594
77.64555358886719
82.51347351074219
67.24908447265625
82.4884033203125
81.95993041992188
74.0926513671875
85.37946319580078
79.79398345947266
83.19412994384766
87.44351959228516
63.823089599609375
87.02950286865234
84.28843688964844
75.85337829589844
83.11892700195312
73.69754791259766
76.75293731689453
77.05486297607422
65.3759536743164
73.8734130859375
70.46094512939453
67.24007415771484
69.18215942382812
67.40863037109375
64.762451171875
63.80066680908203
66.48006439208984
51.51675796508789
66.71387481689453
63.29024124145508
63.86375427246094
67.39112854003906
57.86240768432617
68.8917236328125
66.81500244140625
65.81034851074219
70.80842590332031
62.74160385131836
70.76250457763672
69.76683807373047
66.29729461669922
73.24166870117188
64.55813598632812
71.49629211425781
73.11378479003906
63.88633346557617
75.50113677978516
72.58963012695312
71.91487884521484
77.59587860107422
66.33963012695312
76.35394287109375
76.49742889404297
64.04047393798828
78.4936752319336
74.18155670166016
75.96483612060547
80.98112487792969
66.50435638427734
82.46940612792969
82.09968566894531
74.19459533691406
84.98739624023438
78.29544067382812
80.63829040527344
83.32068634033203
64.21524047851562
81.41931915283203
80.01710510253906
69.96981048583984
80.71881103515625
74.6952896118164
75.5563735961914
79.15449523925781
66.24760437011719
78.12386322021484
77.80288696289062
67.04741668701172
79.35152435302734
74.07604217529297
74.62432098388672
78.83245849609375
64.375732421875
77.54618835449219
77.07845306396484
67.053466796875
78.44245910644531
73.26415252685547
73.68629455566406
78.03418731689453
64.70333099365234
76.92940521240234
76.86558532714844
66.81946563720703
80.11163330078125
74.67960357666016
76.4326400756836
80.6888198852539
62.88912582397461
80.3271255493164
79.0262451171875
72.661865234375
81.19667053222656
73.35887908935547
76.3801498413086
76.88131713867188
66.28055572509766
73.10648345947266
74.2615966796875
61.44558334350586
76.5604476928711
72.64379119873047
73.27349090576172
78.64409637451172
63.358707427978516
78.451416015625
78.52385711669922
69.69731140136719
81.8469467163086
76.04956817626953
79.21089172363281
82.9690933227539
64.48258972167969
82.94343566894531
80.18866729736328
73.56873321533203
79.2044448852539
70.3152847290039
71.7564468383789
74.48841094970703
64.3965835571289
74.55337524414062
75.47808074951172
66.21875762939453
79.39143371582031
75.03060150146484
77.5302734375
82.05868530273438
62.500633239746094
82.3995361328125
81.1658935546875
74.49151611328125
83.49159240722656
75.99385833740234
80.11967468261719
83.77070617675781
63.75531768798828
85.11292266845703
83.64139556884766
78.38756561279297
86.89311981201172
78.3634033203125
83.10713195800781
84.44258880615234
62.19681167602539
82.75956726074219
78.89718627929688
73.7049789428711
79.82731628417969
70.66513061523438
75.99434661865234
78.33308410644531
62.01774215698242
79.83650970458984
79.84346771240234
74.64248657226562
85.46131134033203
78.20520782470703
84.5647201538086
87.22061157226562
61.432186126708984
87.4532241821289
84.396484375
79.83362579345703
86.96182250976562
77.50982666015625
83.61627197265625
85.1158447265625
63.24646759033203
84.97309875488281
81.83060455322266
78.1440200805664
85.13282012939453
75.21749114990234
82.71865844726562
84.22428131103516
64.4052963256836
84.82255554199219
81.06504821777344
77.54203033447266
83.08589935302734
71.49689483642578
79.57966613769531
80.58518981933594
62.354713439941406
82.08682250976562
78.82353210449219
76.4807357788086
82.99785614013672
71.28443908691406
80.30632019042969
80.45669555664062
61.869319915771484
78.86152648925781
73.58763885498047
71.27403259277344
75.6456527709961
58.47531509399414
73.17411804199219
72.8214340209961
60.68313980102539
72.45118713378906
63.65919494628906
65.22738647460938
65.24869537353516
57.87592315673828
60.39590072631836
62.93223571777344
62.494815826416016
72.42344665527344
73.04094696044922
69.9014663696289
78.5880126953125
69.41746520996094
77.14619445800781
78.04624938964844
62.11821365356445
77.33183288574219
71.30838775634766
70.01061248779297
73.69969940185547
59.69152069091797
71.84503936767578
72.36427307128906
61.1619873046875
74.4095230102539
71.28743743896484
70.57168579101562
76.51509094238281
64.67082977294922
74.04875183105469
73.20172882080078
59.43583297729492
72.2840347290039
66.79905700683594
65.8041763305664
71.12850952148438
