59.68320846557617
67.23538970947266
69.38639068603516
50.34030532836914
70.73697662353516
69.44156646728516
64.56769561767578
73.6241455078125
66.73513793945312
72.67402648925781
75.92974853515625
47.9459114074707
77.76549530029297
75.06615447998047
68.72225952148438
76.36177062988281
66.44184875488281
70.3354721069336
71.18756866455078
46.848350524902344
66.37142944335938
61.77874755859375
57.25225830078125
56.967315673828125
44.020999908447266
44.451499938964844
52.1937255859375
50.00783157348633
63.8327522277832
61.22285842895508
51.80753707885742
61.532779693603516
54.51386642456055
58.51213455200195
61.0999870300293
48.768516540527344
62.46495819091797
60.523033142089844
50.49600601196289
63.66765213012695
46.126953125
62.55482482910156
65.69502258300781
51.1383171081543
66.88557434082031
64.53840637207031
57.89169692993164
67.84354400634766
58.14374923706055
66.80272674560547
69.024169921875
43.300872802734375
69.20116424560547
67.86963653564453
61.16596984863281
70.98008728027344
64.14208984375
68.29647064208984
70.16681671142578
52.06740951538086
71.88510131835938
69.4953842163086
63.81387710571289
72.46002960205078
64.09978485107422
70.06039428710938
72.79884338378906
53.09820556640625
73.80364227294922
71.44300079345703
66.67131805419922
75.45320129394531
67.8035659790039
72.27318572998047
75.37876892089844
42.548011779785156
76.77245330810547
74.7755355834961
69.84469604492188
78.63616943359375
71.77389526367188
77.10993957519531
80.26142120361328
41.746864318847656
82.4111557006836
81.4425048828125
77.21330261230469
86.50532531738281
78.59239959716797
83.65873718261719
85.35298156738281
46.80998229980469
83.77973937988281
80.41153717041016
74.41008758544922
82.16149139404297
73.60118865966797
78.46699523925781
80.3876953125
49.63877487182617
80.1888656616211
77.9841079711914
72.66658020019531
81.05179595947266
72.6776123046875
78.65662384033203
81.33641815185547
43.84195327758789
81.92037200927734
80.09905242919922
75.1347427368164
83.83051300048828
75.5743179321289
80.85490417480469
82.72913360595703
47.77436065673828
79.79826354980469
75.40198516845703
68.36346435546875
75.35809326171875
67.62440490722656
74.4141616821289
78.0757827758789
45.86830520629883
79.42484283447266
76.76249694824219
71.14029693603516
79.0063705444336
70.31859588623047
75.71144104003906
77.94352722167969
51.304466247558594
77.86659240722656
75.47361755371094
69.78237915039062
78.68878173828125
69.9612045288086
75.02757263183594
77.33550262451172
55.684356689453125
76.7294692993164
74.0685806274414
67.4802017211914
72.7569808959961
58.73405838012695
59.236576080322266
64.86154174804688
50.823307037353516
76.51582336425781
78.7088851928711
75.98697662353516
86.39938354492188
79.42831420898438
85.8519058227539
89.383056640625
51.21257400512695
91.48346710205078
90.4884262084961
86.1233139038086
95.45467376708984
87.82842254638672
93.38925170898438
95.54090881347656
48.383487701416016
94.52908325195312
91.58512878417969
85.69449615478516
93.56781005859375
84.7645263671875
89.80152130126953
91.85909271240234
44.327308654785156
91.33758544921875
88.89353942871094
83.3918685913086
91.72762298583984
83.42168426513672
88.69342041015625
91.1330337524414
42.82699966430664
91.2784194946289
89.05486297607422
83.90001678466797
92.3484878540039
84.03274536132812
89.33753204345703
91.33224487304688
47.3209342956543
90.49443817138672
88.17111206054688
82.96795654296875
91.440185546875
83.58354949951172
89.34037017822266
92.13150787353516
49.30010986328125
93.16128540039062
91.3630142211914
86.31249237060547
94.89049530029297
86.53719329833984
91.71817779541016
93.67893981933594
53.10725021362305
92.1643295288086
88.94091033935547
82.51608276367188
90.01510620117188
80.53092193603516
85.30329132080078
86.62499237060547
46.73759841918945
85.02815246582031
81.96795654296875
75.8139877319336
83.40007781982422
74.02368927001953
78.97309875488281
80.78282928466797
42.31715393066406
79.78578186035156
76.7275161743164
70.88875579833984
78.51808166503906
69.96397399902344
74.35259246826172
76.42137908935547
42.19404983520508
74.7584228515625
72.61825561523438
65.70968627929688
72.64408111572266
62.886558532714844
66.59004211425781
67.79744720458984
48.26300811767578
66.53873443603516
63.51778793334961
59.483360290527344
67.25511169433594
60.16563034057617
63.72743606567383
65.92997741699219
35.5516242980957
68.12348937988281
66.5591049194336
62.21559524536133
70.03468322753906
61.07781219482422
67.10466766357422
68.57733154296875
36.62853240966797
67.37291717529297
65.10587310791016
61.62955093383789
67.85639953613281
61.8891716003418
65.73040008544922
67.79705810546875
40.87612533569336
67.83431243896484
64.47634887695312
55.83588409423828
66.92417907714844
58.58256530761719
63.85258865356445
66.83358764648438
47.5599250793457
68.52189636230469
68.55950927734375
61.727359771728516
69.75431060791016
62.24043655395508
65.3991928100586
67.97924041748047
41.239444732666016
73.51809692382812
73.46184539794922
70.473388671875
79.36028289794922
71.7566146850586
76.91958618164062
79.3557357788086
46.829803466796875
79.97156524658203
78.08309936523438
72.96951293945312
81.85626983642578
74.06105041503906
79.61394500732422
82.69591522216797
44.54265213012695
83.99628448486328
82.27750396728516
77.9021987915039
86.44039154052734
78.77629089355469
83.92134094238281
86.13328552246094
43.43641662597656
85.48013305664062
82.44286346435547
76.63656616210938
83.76101684570312
74.39630889892578
79.04556274414062
80.5289535522461
42.529361724853516
79.12629699707031
76.0600814819336
69.79557800292969
77.83645629882812
69.3625259399414
74.01183319091797
75.54325866699219
48.76156234741211
74.78923797607422
72.13668060302734
66.05037689208984
74.75865173339844
66.32022857666016
71.2892074584961
73.5516357421875
47.672279357910156
73.5166015625
71.48075103759766
67.60665130615234
74.86880493164062
67.12960052490234
72.44419860839844
75.10542297363281
44.20774459838867
75.41388702392578
73.90680694580078
70.02173614501953
78.59114837646484
70.91728210449219
77.34063720703125
80.35050201416016
45.0220832824707
81.33393096923828
78.69387817382812
71.99090576171875
79.1159439086914
69.40516662597656
73.12052917480469
73.84632873535156
41.22431182861328
71.36422729492188
66.6287612915039
61.42947769165039
67.29817962646484
55.785736083984375
61.28883743286133
63.2866325378418
47.27774429321289
62.439231872558594
57.967369079589844
55.83935546875
62.37691879272461
57.658966064453125
63.71644592285156
67.03388214111328
44.91205978393555
69.36935424804688
67.83216857910156
64.13296508789062
74.08318328857422
67.89288330078125
73.8198471069336
76.96633911132812
50.00929260253906
77.2749252319336
74.84576416015625
68.0906982421875
74.94149017333984
64.67898559570312
68.90270233154297
68.46621704101562
39.12847900390625
67.19573974609375
63.99065399169922
57.9071159362793
66.79277801513672
59.40275192260742
63.51393127441406
67.6722640991211
49.547935485839844
70.8450927734375
69.78556823730469
65.79611206054688
75.84600830078125
68.84210205078125
74.80050659179688
78.41458129882812
36.017276763916016
78.9091567993164
76.47900390625
71.10107421875
78.79345703125
69.90351867675781
75.02619934082031
77.41144561767578
44.88615036010742
77.086669921875
75.19117736816406
69.66693115234375
77.78092956542969
69.83551025390625
74.27593231201172
76.21851348876953
42.198387145996094
75.3812255859375
73.25192260742188
67.52423095703125
75.76879119873047
67.86103820800781
72.21226501464844
74.5029067993164
50.43278121948242
74.3321533203125
71.85001373291016
66.72445678710938
75.30265808105469
67.09492492675781
72.8136978149414
75.13302612304688
30.81859588623047
75.49312591552734
73.00536346435547
67.5853500366211
75.9351806640625
66.9549331665039
72.40926361083984
75.20640563964844
48.785823822021484
75.4903335571289
74.00052642822266
68.57508087158203
77.09784698486328
69.59803009033203
75.09748077392578
77.63706970214844
41.99843215942383
78.02288818359375
75.65928649902344
71.12422180175781
79.25791931152344
71.26163482666016
77.14399719238281
79.86103820800781
48.830257415771484
80.88347625732422
79.11164855957031
74.38566589355469
83.21273803710938
75.20142364501953
80.06149291992188
80.89112854003906
41.869266510009766
77.39849853515625
73.64965057373047
68.95462036132812
77.1339340209961
70.1507797241211
75.3798828125
78.43833923339844
36.5871696472168
80.06523132324219
78.50639343261719
74.06301879882812
82.92269897460938
75.43560791015625
81.31232452392578
84.23287200927734
46.298221588134766
84.95991516113281
82.89724731445312
76.8974838256836
85.44378662109375
76.562744140625
81.58466339111328
83.71208190917969
40.2506217956543
82.8913803100586
80.2383804321289
74.2352294921875
82.23289489746094
73.4474105834961
78.20014190673828
79.7289810180664
43.25797653198242
79.07443237304688
77.014892578125
71.88363647460938
80.68011474609375
72.76812744140625
78.84479522705078
81.13712310791016
45.805625915527344
80.52837371826172
77.73696899414062
71.68016052246094
79.14865112304688
70.31082153320312
74.00374603271484
75.40166473388672
49.144020080566406
76.39042663574219
76.89665222167969
73.78036499023438
84.93566131591797
78.63255310058594
84.97238159179688
87.78910064697266
46.618507385253906
87.77764129638672
85.26123046875
79.72254943847656
87.89118957519531
79.32365417480469
84.3896484375
86.39643859863281
41.269386291503906
85.4864730834961
82.82208251953125
76.84426879882812
84.40750885009766
74.85826873779297
78.32648468017578
78.38993835449219
45.907100677490234
75.45734405517578
71.74436950683594
66.5308609008789
74.87894439697266
67.36056518554688
72.96078491210938
76.46073913574219
35.60588455200195
77.27324676513672
75.4216079711914
70.7032241821289
78.53453826904297
69.90392303466797
75.8033447265625
77.96839141845703
52.94196319580078
77.53851318359375
74.30950164794922
68.51912689208984
76.45930480957031
67.49528503417969
74.30313873291016
77.16925048828125
36.0015983581543
78.5140151977539
76.9058837890625
70.94985961914062
78.5651626586914
68.37313842773438
73.24987030029297
74.39840698242188
49.428504943847656
71.64604949951172
67.61002349853516
62.247047424316406
69.4958724975586
59.449180603027344
65.64631652832031
69.3065185546875
49.43260955810547
70.7010498046875
69.03152465820312
64.08939361572266
72.74996185302734
