62.82343292236328
58.6533317565918
67.4752197265625
56.41707229614258
66.44239044189453
67.83883666992188
56.94868087768555
71.17940521240234
64.76094818115234
67.8409194946289
73.757568359375
59.92448425292969
74.8506088256836
73.20833587646484
69.22209167480469
75.52651977539062
63.12908172607422
71.69501495361328
69.36348724365234
54.56965637207031
69.01351165771484
62.273643493652344
62.417171478271484
63.413917541503906
55.8553466796875
56.88646697998047
57.733604431152344
54.912418365478516
53.46328353881836
56.115821838378906
59.44294738769531
59.39006423950195
35.421875
60.77686309814453
59.31325912475586
53.44087219238281
60.510780334472656
57.26803970336914
58.431087493896484
61.90129089355469
52.218894958496094
61.02082443237305
62.157249450683594
53.549285888671875
64.9312515258789
56.69367599487305
60.06804275512695
64.31300354003906
55.65633773803711
65.00910949707031
60.646995544433594
61.29302978515625
65.62944793701172
59.11553955078125
65.80364990234375
66.10799407958984
60.7917366027832
67.3393325805664
62.02662658691406
65.80274963378906
65.58206939697266
60.322669982910156
67.92330169677734
63.383087158203125
66.78958129882812
67.41221618652344
63.02229690551758
69.69031524658203
65.38020324707031
67.85691833496094
70.15178680419922
64.08023834228516
70.67820739746094
65.60326385498047
68.19379425048828
71.83721160888672
63.269073486328125
72.66751098632812
69.4885025024414
70.74372863769531
73.9294662475586
65.85029602050781
76.30272674560547
72.90858459472656
75.64309692382812
79.30193328857422
71.38533020019531
82.22456359863281
77.50931549072266
80.526611328125
81.5547866821289
73.8220443725586
80.61347198486328
75.18931579589844
76.4760971069336
77.29438018798828
71.15388488769531
76.2510757446289
73.68378448486328
73.63219451904297
75.49201202392578
72.57770538330078
74.74714660644531
75.20006561279297
72.15850830078125
75.89524841308594
76.36305236816406
72.768310546875
78.76421356201172
75.56810760498047
76.43685150146484
80.73323059082031
68.27693176269531
80.45594024658203
78.41679382324219
71.37815856933594
79.30075073242188
68.96504211425781
75.11009979248047
76.81130981445312
43.77553939819336
77.62966918945312
75.39874267578125
70.22183227539062
78.23835754394531
69.11812591552734
75.61583709716797
77.16665649414062
62.4542121887207
77.71778869628906
73.38764190673828
73.28791809082031
77.89751434326172
63.6290283203125
77.26162719726562
76.67332458496094
68.8646240234375
78.88175964355469
71.87235260009766
76.34283447265625
79.01956939697266
69.55229187011719
79.55016326904297
78.1623764038086
77.0241470336914
79.28470611572266
78.01311492919922
79.4296875
80.14582824707031
83.36337280273438
76.66720581054688
85.49141693115234
84.91401672363281
78.5957260131836
88.76041412353516
81.57938385009766
87.88397979736328
90.33735656738281
79.1838607788086
92.1457748413086
87.31241607666016
88.48670196533203
90.49911499023438
82.41419219970703
88.98819732666016
85.62255096435547
84.84712219238281
86.80514526367188
82.57740783691406
85.4846420288086
84.25550842285156
83.481201171875
84.7847671508789
83.19554138183594
84.03315734863281
83.6942138671875
83.848876953125
83.7038345336914
84.17423248291016
83.83187866210938
84.1266098022461
84.78675079345703
83.68354034423828
85.28668212890625
84.42170715332031
84.33486938476562
84.83954620361328
83.87672424316406
83.68981170654297
84.96845245361328
82.64787292480469
85.82394409179688
85.49339294433594
84.35767364501953
88.50180053710938
83.35935974121094
89.09766387939453
88.28494262695312
85.66436767578125
90.89677429199219
82.9611587524414
89.25249481201172
87.88549041748047
81.8919448852539
88.37397003173828
78.64541625976562
84.93707275390625
84.15185546875
75.31682586669922
84.37523651123047
75.16879272460938
80.55411529541016
80.9599609375
68.5300521850586
80.9898910522461
73.3896255493164
76.69715881347656
78.58232116699219
58.35802459716797
78.19322967529297
73.29070281982422
73.01630401611328
76.59170532226562
56.46760559082031
75.7906723022461
72.65750885009766
69.49444580078125
74.94742584228516
65.1676025390625
73.39520263671875
71.70468139648438
68.79698944091797
73.31632232666016
66.35417175292969
72.70625305175781
70.1148681640625
68.73091125488281
72.56282043457031
65.3759765625
71.42147827148438
69.6725845336914
68.32300567626953
71.94738006591797
64.03929901123047
71.27132415771484
69.1005859375
68.17225646972656
72.42626190185547
64.025390625
71.67931365966797
70.3280029296875
65.82910919189453
72.40028381347656
64.76239013671875
70.6142349243164
70.28407287597656
65.35641479492188
72.06324005126953
66.98848724365234
69.43467712402344
71.36580657958984
63.383975982666016
71.4151611328125
67.67684173583984
69.08629608154297
71.15626525878906
65.25676727294922
71.64752197265625
70.16671752929688
69.80243682861328
71.67910766601562
70.53923034667969
72.19959259033203
70.63166809082031
74.86854553222656
72.19535064697266
74.79368591308594
78.4407958984375
61.079410552978516
77.57550048828125
76.1361083984375
65.30728912353516
77.6000747680664
72.62916564941406
73.17366790771484
77.64531707763672
62.457801818847656
77.65557861328125
76.6417007446289
71.53323364257812
79.96054077148438
72.00025177001953
78.92800903320312
80.62153625488281
70.89153289794922
82.6524887084961
77.44502258300781
79.5235824584961
82.54501342773438
71.46233367919922
81.76513671875
78.28727722167969
75.88236999511719
79.74446868896484
70.87918853759766
77.10503387451172
75.31561279296875
71.05042266845703
75.89048767089844
68.91470336914062
72.94335174560547
72.08606719970703
68.25261688232422
72.17977142333984
67.18435668945312
70.29373931884766
69.21762084960938
66.03414154052734
70.52977752685547
64.74253845214844
69.5062484741211
67.10407257080078
66.69876098632812
69.8455810546875
64.00885772705078
69.8502197265625
66.70242309570312
67.50556182861328
70.8213119506836
64.44631958007812
72.15998840332031
69.3563232421875
70.5512466430664
74.11209869384766
66.33295440673828
76.12696838378906
72.51509857177734
75.0426254272461
77.88539123535156
66.1277847290039
77.6336898803711
71.41455841064453
71.55973815917969
72.89875793457031
58.025272369384766
71.10899353027344
65.40763092041016
64.5233383178711
67.65286254882812
53.5816535949707
65.32357788085938
58.58710861206055
62.34172821044922
62.344200134277344
55.14152145385742
63.23112869262695
52.52545166015625
62.93289566040039
61.28231430053711
60.01150894165039
64.98184967041016
55.730804443359375
67.09806823730469
62.52402114868164
65.9788818359375
69.97702026367188
63.101219177246094
71.89175415039062
68.10897064208984
70.94730377197266
72.20956420898438
63.4274787902832
72.0928726196289
64.60106658935547
68.94000244140625
68.57569122314453
60.150550842285156
69.19330596923828
56.66667556762695
65.9663314819336
64.42823028564453
61.21957015991211
65.72261810302734
55.21387481689453
67.0654525756836
57.90236282348633
66.22652435302734
67.40641021728516
63.76408004760742
71.7342758178711
60.6912841796875
72.41173553466797
71.7109375
70.3697509765625
75.15290832519531
67.88117218017578
74.33338928222656
72.68392944335938
70.1810531616211
73.66162109375
67.7337646484375
71.44806671142578
71.17012023925781
68.08517456054688
72.15186309814453
69.7817153930664
70.65719604492188
71.78956604003906
67.98367309570312
70.49047088623047
68.88432312011719
68.6658935546875
70.23641967773438
66.63839721679688
69.40914154052734
68.103271484375
66.21084594726562
69.34980773925781
65.2735366821289
68.54210662841797
67.55477142333984
67.5333251953125
68.3440170288086
66.59040069580078
68.26331329345703
68.67400360107422
68.340087890625
69.2581787109375
68.41931915283203
68.36873626708984
68.99375915527344
67.59335327148438
69.71965026855469
68.66293334960938
67.6156234741211
69.98175048828125
67.78207397460938
70.08572387695312
69.593505859375
69.66390991210938
71.4053726196289
68.99109649658203
71.44233703613281
70.39398956298828
69.76837921142578
72.40032958984375
70.34993743896484
72.72264099121094
72.94985961914062
71.39189147949219
74.65192413330078
72.1807632446289
75.41663360595703
75.20323181152344
74.19819641113281
77.54862976074219
69.76557159423828
76.16712188720703
66.98953247070312
72.95178985595703
68.19486236572266
69.96926879882812
72.3118667602539
65.8533935546875
74.193359375
67.17001342773438
74.32999420166016
73.97796630859375
71.35501861572266
77.29317474365234
71.65308380126953
78.113525390625
77.16368865966797
75.74435424804688
80.83572387695312
74.58927917480469
81.14395904541016
79.99442291259766
77.3044662475586
82.11495971679688
74.8490219116211
80.48978424072266
78.9010009765625
75.0848617553711
79.7800064086914
71.55072784423828
77.43012237548828
75.26654052734375
72.04917907714844
76.56380462646484
68.71334075927734
75.34086608886719
72.45873260498047
73.2272720336914
75.488525390625
73.6611099243164
74.53015899658203
76.03564453125
72.65351867675781
75.43595886230469
74.49777221679688
70.42623901367188
76.06625366210938
66.3702163696289
74.47167205810547
72.50397491455078
70.19601440429688
75.09564208984375
67.84485626220703
79.14271545410156
63.894676208496094
81.89529418945312
80.26612091064453
78.57911682128906
83.70156860351562
74.79149627685547
82.39969635009766
81.18742370605469
77.27336883544922
82.58035278320312
75.58393859863281
80.1820297241211
79.31578826904297
73.92941284179688
79.86859893798828
74.73252868652344
77.45991516113281
78.5189437866211
65.23699188232422
76.89022827148438
66.878173828125
72.8563461303711
69.97753143310547
68.33756256103516
71.46113586425781
58.7746696472168
72.17839813232422
63.387908935546875
71.26435089111328
71.13314056396484
66.49935913085938
72.5162124633789
67.48085021972656
70.22152709960938
71.86393737792969
66.88948059082031
73.67910766601562
69.7207260131836
71.12191772460938
72.0548095703125
68.2128677368164
70.9582290649414
69.97229766845703
67.92535400390625
72.97758483886719
66.83154296875
73.90513610839844
71.60591888427734
69.65119934082031
72.69771575927734
63.30033874511719
70.6194076538086
66.20746612548828
64.642333984375
67.18866729736328
53.378265380859375
66.21428680419922
57.780479431152344
64.5262680053711
64.03346252441406
59.16368865966797
63.65342330932617
61.10639572143555
64.98701477050781
65.64703369140625
63.816680908203125
