64.62010192871094
68.56053924560547
66.37684631347656
68.47987365722656
68.12653350830078
72.3817138671875
71.84234619140625
74.0031967163086
73.67416381835938
75.109375
74.22787475585938
71.71019744873047
72.69188690185547
68.19304656982422
69.306640625
62.0823974609375
66.94581604003906
56.201759338378906
63.378910064697266
46.88188171386719
57.75077819824219
53.33523941040039
55.53020095825195
59.34638977050781
58.81454086303711
62.53834915161133
65.78782653808594
66.37904357910156
69.91795349121094
65.02006530761719
66.6405258178711
61.03914260864258
63.56412887573242
56.01816177368164
61.99330520629883
60.33966064453125
57.874412536621094
59.57410430908203
54.550209045410156
59.1175537109375
48.66967010498047
60.54734802246094
49.35596466064453
58.490413665771484
52.500701904296875
61.710479736328125
60.14637756347656
61.069129943847656
58.913055419921875
63.09944534301758
61.81603240966797
61.4925422668457
63.10366439819336
62.39385223388672
64.93428802490234
61.79066467285156
65.68153381347656
61.43476867675781
66.40079498291016
61.855674743652344
66.5903091430664
62.60537338256836
68.67761993408203
64.19313049316406
69.10401153564453
65.94161987304688
69.4489974975586
67.84444427490234
71.99706268310547
70.71526336669922
74.1944808959961
72.7646713256836
75.23269653320312
74.24854278564453
75.03575134277344
73.14289093017578
73.25833129882812
70.2747573852539
69.2591552734375
68.08180236816406
67.91876220703125
66.38337707519531
66.662841796875
66.42208099365234
65.34134674072266
66.27471923828125
65.8587875366211
66.62794494628906
64.18396759033203
65.7099609375
63.827640533447266
65.61511993408203
63.429630279541016
65.03484344482422
64.19715118408203
66.21515655517578
65.64201354980469
67.6346206665039
66.4417495727539
68.00812530517578
66.2057876586914
69.13835906982422
67.75242614746094
69.46025085449219
68.92115020751953
69.87274932861328
69.9931411743164
70.081787109375
69.863525390625
71.55611419677734
70.40644836425781
72.13311004638672
71.0916748046875
72.12543487548828
71.95191192626953
72.87396240234375
72.93578338623047
74.07582092285156
74.01580047607422
75.4170913696289
75.7210922241211
76.48311614990234
76.6722183227539
76.95547485351562
76.95613098144531
76.90570068359375
77.6068115234375
77.86123657226562
78.80488586425781
78.07884979248047
79.46336364746094
77.26445770263672
78.24313354492188
73.24220275878906
73.35062408447266
58.6639289855957
63.40962600708008
66.21680450439453
67.42675018310547
72.80381774902344
73.64517974853516
76.28695678710938
77.70875549316406
79.01795959472656
81.48157501220703
80.90444946289062
82.85564422607422
80.42939758300781
81.40640258789062
78.41014862060547
79.77532196044922
77.98356628417969
79.33802795410156
77.84539031982422
78.61077117919922
77.85391235351562
78.21735382080078
78.34500122070312
78.9329605102539
79.6287841796875
79.93352508544922
80.7447509765625
81.19684600830078
82.45415496826172
83.0945816040039
84.47911834716797
85.28294372558594
86.67914581298828
87.58741760253906
88.44888305664062
88.90583038330078
89.02619934082031
89.04044342041016
88.5338363647461
88.43612670898438
87.53227233886719
87.62313842773438
86.75782012939453
87.08406066894531
86.00679016113281
86.16783905029297
84.75090026855469
84.85076141357422
83.88138580322266
84.02460479736328
83.3375015258789
83.91967010498047
83.13111877441406
83.4012222290039
82.9350814819336
83.39283752441406
83.15203857421875
83.49109649658203
83.23416137695312
83.83766174316406
83.61078643798828
84.07575225830078
84.01055145263672
84.44956970214844
84.5066909790039
85.09442138671875
85.23754119873047
85.72805786132812
86.1613540649414
86.59477233886719
87.13916778564453
87.56687927246094
88.21862030029297
88.56839752197266
89.1535415649414
89.13525390625
89.08042907714844
88.63803100585938
87.9668197631836
87.14631652832031
85.94712829589844
85.0985336303711
83.88076782226562
83.0236587524414
81.409423828125
81.01536560058594
79.63027954101562
79.21086120605469
77.79727172851562
77.80747985839844
75.73458099365234
76.6448974609375
74.1326675415039
75.01021575927734
72.55474090576172
73.74455261230469
71.5251235961914
73.0872573852539
70.40662384033203
72.49939727783203
69.4306640625
70.84288024902344
67.84759521484375
70.22157287597656
66.813232421875
70.6568603515625
67.96968841552734
69.0862808227539
66.69477081298828
69.37877655029297
66.3305892944336
68.94438934326172
65.18207550048828
67.80748748779297
64.96854400634766
66.97699737548828
63.93852233886719
66.57293701171875
61.96175765991211
65.34412384033203
65.11341857910156
65.34405517578125
63.1362419128418
65.64164733886719
62.98973846435547
62.59820556640625
62.47262954711914
62.598575592041016
61.38386535644531
61.09171676635742
59.23057556152344
63.080814361572266
56.95433044433594
62.08730697631836
66.13835144042969
69.62446594238281
72.0042953491211
72.10285949707031
72.913330078125
71.88426971435547
72.33956146240234
70.7113037109375
72.13982391357422
69.757568359375
71.39395904541016
70.43079376220703
72.49349212646484
71.46332550048828
72.94861602783203
72.72178649902344
74.2507095336914
73.63794708251953
75.17491912841797
74.84825897216797
76.27068328857422
76.61856079101562
77.4266586303711
78.27107238769531
78.62145233154297
80.25923919677734
80.29423522949219
81.98321533203125
81.74589538574219
83.2295913696289
82.49393463134766
83.69580078125
82.17057800292969
82.44114685058594
80.84978485107422
80.99947357177734
79.42981719970703
79.0576171875
77.8446044921875
77.84282684326172
76.72209167480469
76.57664489746094
75.88272857666016
74.9573745727539
74.92323303222656
73.9616928100586
74.67184448242188
73.32852935791016
74.29342651367188
73.26300048828125
73.98170471191406
72.18020629882812
73.58482360839844
72.2071304321289
72.83914184570312
70.56292724609375
71.94319152832031
70.32720947265625
71.64067840576172
70.24649047851562
72.51002502441406
71.21112823486328
73.28886413574219
71.65335845947266
73.52731323242188
72.93077087402344
74.65528869628906
74.1832504272461
76.14907836914062
76.70123291015625
78.34308624267578
78.65859985351562
80.39049530029297
79.86750030517578
80.25098419189453
78.25970458984375
77.51206970214844
75.2104721069336
74.61385345458984
72.33272552490234
72.24500274658203
69.82257080078125
69.38903045654297
67.07427215576172
68.28115844726562
65.05918884277344
65.08079528808594
63.4920768737793
64.5331039428711
59.07984924316406
63.478309631347656
57.80671310424805
61.497093200683594
57.15666198730469
60.591888427734375
58.40596389770508
62.24543762207031
59.51368713378906
62.21086883544922
61.207374572753906
62.6060905456543
61.70026779174805
62.61700439453125
61.58334732055664
65.66757202148438
60.21099090576172
64.41583251953125
58.86585998535156
61.34925842285156
57.04448318481445
59.28044891357422
56.647857666015625
59.616546630859375
57.21355438232422
59.38682174682617
57.94454574584961
63.181053161621094
63.15065002441406
63.864688873291016
64.36437225341797
66.24225616455078
67.9181137084961
70.48777770996094
70.90381622314453
73.45835876464844
73.9730453491211
76.38430786132812
76.98335266113281
78.40103149414062
78.06803131103516
78.8273696899414
77.68145751953125
77.92125701904297
77.15038299560547
76.60541534423828
76.15984344482422
76.05288696289062
75.10128784179688
75.46604919433594
74.72369384765625
74.48760223388672
73.46400451660156
72.27458953857422
70.95159912109375
69.98765563964844
70.74737548828125
69.1393814086914
69.96082305908203
70.02674865722656
69.45256042480469
68.93028259277344
69.80368041992188
69.62987518310547
70.2872543334961
70.58726501464844
70.5129165649414
70.08779907226562
71.73892974853516
70.7187271118164
71.01985168457031
70.77734375
70.4322280883789
70.21022033691406
70.75802612304688
70.4021987915039
70.56867218017578
71.09489440917969
70.1577377319336
70.55435943603516
69.41682434082031
71.15956115722656
70.91522216796875
71.58126068115234
70.92408752441406
71.97991943359375
71.22595977783203
71.97382354736328
71.60587310791016
72.86115264892578
72.00535583496094
73.22444915771484
72.58785247802734
74.07405853271484
73.73745727539062
74.81868743896484
74.43323516845703
75.2621078491211
74.90508270263672
75.7533187866211
75.08390045166016
74.82194519042969
72.9810562133789
72.9182357788086
70.55162048339844
72.26216888427734
71.47529602050781
72.87918853759766
72.37545776367188
73.83870697021484
74.2851333618164
75.38350677490234
76.38507843017578
77.62226867675781
78.88919067382812
79.26702880859375
80.7375259399414
81.00186157226562
82.1406478881836
81.85157012939453
82.25506591796875
81.31924438476562
81.51258850097656
80.56018829345703
80.5139389038086
79.74737548828125
79.47724914550781
78.92728424072266
78.28240966796875
78.28129577636719
77.10375213623047
77.24624633789062
74.98969268798828
75.49454498291016
73.13433837890625
73.8045654296875
72.6082992553711
71.93718719482422
72.6125717163086
72.27706909179688
73.57815551757812
73.19487762451172
74.8475570678711
74.58538055419922
76.60462951660156
76.46109008789062
78.42493438720703
78.22293853759766
79.9295654296875
79.6639633178711
80.7695541381836
80.01338195800781
80.21710968017578
79.43535614013672
79.05438232421875
78.47683715820312
77.77783966064453
77.24669647216797
76.28426361083984
76.01306915283203
74.9619140625
75.26229095458984
73.72550201416016
73.73995971679688
72.89229583740234
73.26719665527344
71.69852447509766
72.38143157958984
70.46222686767578
71.96646118164062
71.00867462158203
72.47985076904297
72.2936019897461
73.4999008178711
73.73149108886719
73.92320251464844
74.02786254882812
74.32756805419922
74.76168823242188
74.60665893554688
75.21990966796875
75.219482421875
75.66226959228516
74.41110229492188
75.46885681152344
72.83560943603516
73.96844482421875
71.47380828857422
73.05789947509766
71.36648559570312
73.49559783935547
71.03009033203125
72.75958251953125
70.14307403564453
72.26132202148438
70.77764892578125
72.20487213134766
71.18653869628906
73.51519775390625
72.87543487548828
75.07129669189453
74.52073669433594
76.1558837890625
75.61791229248047
76.65059661865234
76.00164794921875
76.0533218383789
75.16675567626953
74.74671936035156
73.38306427001953
71.90423583984375
71.13758850097656
68.8796615600586
68.45339965820312
66.51055908203125
65.7522201538086
63.916465759277344
63.86101531982422
