61.14142608642578
64.28068542480469
68.16117858886719
39.26871871948242
71.2175521850586
69.88587951660156
66.10032653808594
76.13285064697266
69.65696716308594
73.86193084716797
76.50021362304688
50.0659294128418
73.8255386352539
70.54034423828125
65.26590728759766
71.33431243896484
62.60511016845703
65.87113189697266
66.99069213867188
47.510955810546875
64.09516143798828
59.251861572265625
58.559791564941406
64.64261627197266
56.89966583251953
58.68021011352539
62.60274124145508
41.32285690307617
57.8105354309082
57.31336975097656
54.80479049682617
59.97121047973633
48.125614166259766
58.64478302001953
59.95515823364258
49.69756317138672
48.9041633605957
46.38452911376953
48.88487243652344
54.94849395751953
53.567020416259766
51.138553619384766
56.194183349609375
46.20341110229492
59.413536071777344
55.4744873046875
57.29895782470703
63.62165832519531
58.33776092529297
61.306880950927734
63.58262252807617
32.908050537109375
63.36674499511719
60.64271926879883
59.15995788574219
66.28618621826172
51.5206298828125
63.638004302978516
65.96561431884766
37.48020935058594
66.4899673461914
63.01137161254883
53.480003356933594
66.681396484375
58.73330307006836
65.06109619140625
65.83837127685547
43.6446647644043
69.77153015136719
67.58041381835938
63.326778411865234
70.5852279663086
63.74407196044922
68.25695037841797
70.8187026977539
40.701866149902344
71.24925231933594
69.132080078125
65.95391845703125
74.08413696289062
66.40497589111328
71.80736541748047
74.91346740722656
51.22562026977539
76.08887481689453
74.61793518066406
69.99141693115234
79.41110229492188
72.03192901611328
78.1482925415039
80.46543884277344
41.12187576293945
78.78274536132812
75.80242156982422
68.66609954833984
76.76742553710938
67.23746490478516
73.06779479980469
74.26753997802734
48.20602035522461
73.29203033447266
69.41236114501953
58.53150939941406
62.347442626953125
56.74299621582031
64.49515533447266
67.0156021118164
47.59912872314453
68.83126068115234
67.40308380126953
62.646209716796875
71.23633575439453
63.21174240112305
70.06902313232422
72.52554321289062
44.71823501586914
73.12126159667969
71.11643981933594
64.54576110839844
74.09579467773438
66.98905944824219
71.23422241210938
74.27737426757812
46.272796630859375
76.46109771728516
74.82368469238281
71.53504180908203
81.04840087890625
73.80760192871094
78.65743255615234
81.26909637451172
50.85360336303711
80.76423645019531
78.29386138916016
73.58836364746094
81.61351776123047
73.84930419921875
79.24371337890625
82.05587768554688
45.43760681152344
82.75872802734375
80.80599212646484
74.99899291992188
82.22106170654297
70.58892059326172
73.29972076416016
71.15342712402344
34.964290618896484
72.13933563232422
70.98297119140625
66.50391387939453
75.246337890625
65.02281188964844
70.4913330078125
70.34009552001953
51.08279037475586
69.07633209228516
67.92766571044922
64.43204498291016
73.40545654296875
66.08014678955078
72.5660629272461
75.76644134521484
48.944915771484375
77.09817504882812
75.61712646484375
70.21077728271484
79.43350982666016
71.60205078125
77.67806243896484
80.18477630615234
48.95375442504883
80.13133239746094
77.28518676757812
71.517822265625
80.05215454101562
72.8888931274414
79.5284423828125
84.26214599609375
47.24443817138672
87.30463409423828
85.45506286621094
80.6825942993164
88.49983215332031
79.64540100097656
84.94097137451172
87.16900634765625
48.711978912353516
86.79266357421875
84.4443359375
79.23946380615234
87.4709243774414
79.08990478515625
84.84832763671875
87.29402923583984
48.911258697509766
87.71061706542969
85.79299926757812
80.72252655029297
89.33769989013672
81.13398742675781
87.27642059326172
89.97904205322266
52.08183288574219
91.14456176757812
89.1849594116211
84.48297119140625
92.86767578125
84.17813110351562
89.54541015625
90.86221313476562
59.17509078979492
88.81394958496094
85.09613800048828
78.58757019042969
85.60668182373047
75.94834899902344
80.19725799560547
81.38835906982422
52.498111724853516
79.41875457763672
76.47972106933594
70.91509246826172
78.75892639160156
70.30486297607422
76.34444427490234
78.66590118408203
51.14750671386719
79.56185913085938
77.66690826416016
72.39851379394531
80.21245574951172
71.36836242675781
76.66124725341797
78.22958374023438
48.468936920166016
77.1266860961914
74.43911743164062
68.57682800292969
76.31626892089844
67.41705322265625
71.95331573486328
74.16846466064453
38.17591857910156
74.35462951660156
71.98188781738281
67.12891387939453
74.7945327758789
66.25690460205078
71.62307739257812
73.56095886230469
49.41911697387695
72.95936584472656
70.80844116210938
65.7720947265625
72.87421417236328
63.696075439453125
70.05705261230469
72.20440673828125
48.29922866821289
73.26224517822266
70.3662109375
65.76937103271484
73.67693328857422
66.1769027709961
70.90331268310547
72.93406677246094
49.741798400878906
70.05272674560547
66.31735229492188
60.7580451965332
66.9658432006836
56.61508560180664
58.97505187988281
60.31422424316406
48.741878509521484
70.8194808959961
72.02552032470703
66.78998565673828
76.11883544921875
67.8267822265625
73.74751281738281
76.03060150146484
43.37733840942383
77.30457305908203
75.24575805664062
70.92506408691406
79.61488342285156
72.16780853271484
77.777099609375
81.03685760498047
51.73820495605469
82.85256958007812
81.5076675415039
77.39559173583984
86.37129974365234
78.65705108642578
84.3514175415039
86.84103393554688
44.31062316894531
85.91746520996094
82.81182098388672
77.24602508544922
84.51033782958984
75.42338562011719
80.1070556640625
81.8254623413086
37.934852600097656
80.42786407470703
77.55616760253906
72.65302276611328
79.84784698486328
71.03620910644531
75.84562683105469
77.25300598144531
46.29375457763672
75.38882446289062
72.74757385253906
65.72042083740234
73.89486694335938
65.52899932861328
70.33702850341797
72.33384704589844
29.35954475402832
72.74510955810547
70.79481506347656
66.19937133789062
73.59928131103516
64.8182601928711
69.8161392211914
72.2059555053711
34.989994049072266
72.68533325195312
70.36769104003906
65.72076416015625
74.73723602294922
65.99864196777344
72.62934875488281
75.82836151123047
43.8057861328125
77.27688598632812
75.93400573730469
70.8763656616211
79.99472045898438
70.75084686279297
76.66172790527344
77.79834747314453
45.694862365722656
75.0650863647461
70.91828918457031
61.78110122680664
71.21488189697266
62.812782287597656
66.35716247558594
69.4544906616211
44.37904739379883
70.20635223388672
69.56587982177734
66.77869415283203
75.87400817871094
69.2354736328125
75.53228759765625
78.36357116699219
24.965784072875977
77.32687377929688
73.9743881225586
68.19414520263672
75.6099624633789
64.59661102294922
71.0890121459961
72.7574234008789
39.100242614746094
71.45276641845703
68.18515014648438
58.88481903076172
69.57653045654297
59.540836334228516
66.17257690429688
68.65636444091797
42.90726852416992
70.22295379638672
67.67952728271484
62.88521194458008
71.07905578613281
62.584774017333984
64.92230224609375
66.30711364746094
51.81841278076172
63.97515869140625
61.45857238769531
54.89687728881836
63.547706604003906
56.41434097290039
62.610870361328125
65.18705749511719
40.52170181274414
68.86184692382812
69.01385498046875
64.11485290527344
72.70418548583984
64.60614013671875
68.42447662353516
71.50655364990234
50.46320724487305
73.38994598388672
72.09261322021484
68.5536880493164
77.68047332763672
69.22760009765625
75.56463623046875
77.85626220703125
31.429073333740234
77.44768524169922
74.78508758544922
69.91917419433594
77.5644302368164
68.37325286865234
74.52093505859375
76.58889770507812
36.18622970581055
76.0289306640625
73.5836410522461
67.91572570800781
76.04768371582031
67.8051986694336
73.11254119873047
75.20281219482422
48.10636520385742
75.48531341552734
73.04389953613281
68.36280822753906
76.07218170166016
67.96576690673828
73.18280792236328
75.45454406738281
46.229217529296875
75.7086181640625
73.54306030273438
69.21084594726562
77.43678283691406
69.07611083984375
75.29402923583984
77.65763092041016
46.071311950683594
77.84600830078125
75.98033142089844
70.95207977294922
79.19987487792969
71.20085144042969
76.8427734375
79.39241790771484
46.65687561035156
80.49899291992188
78.37982177734375
73.37635040283203
82.30014038085938
74.63945770263672
80.1810073852539
82.84518432617188
46.53840637207031
83.8279037475586
81.49653625488281
76.46621704101562
84.65945434570312
75.67420196533203
80.77130126953125
82.54214477539062
51.37784194946289
82.05126953125
79.8197250366211
74.68262481689453
84.27008056640625
76.67382049560547
83.37181091308594
86.6949462890625
44.46661376953125
88.35205841064453
86.38917541503906
80.85118103027344
89.0169906616211
79.99095916748047
84.8155517578125
86.36856079101562
49.5334587097168
85.31216430664062
82.3189468383789
76.63304901123047
84.30721282958984
75.6257095336914
80.37289428710938
82.23384094238281
44.02695083618164
81.19834899902344
78.68411254882812
73.10531616210938
81.09934997558594
72.27725982666016
77.54373168945312
79.69364166259766
49.675174713134766
79.12911224365234
76.43824005126953
70.92343139648438
78.54295349121094
69.78376007080078
76.64757537841797
79.76313018798828
41.66019058227539
82.17019653320312
80.47411346435547
75.29959869384766
83.74047088623047
75.47320556640625
80.79862976074219
83.04463958740234
47.53196716308594
82.32308197021484
78.96281433105469
72.36006927490234
79.3446044921875
70.76888275146484
75.7693862915039
78.80342102050781
40.084251403808594
80.41378021240234
78.69041442871094
74.09160614013672
83.12247467041016
74.68794250488281
80.31743621826172
81.60234832763672
46.666507720947266
78.70101165771484
75.34553527832031
69.64588928222656
77.9866943359375
70.44220733642578
76.69965362548828
79.89867401123047
38.284969329833984
80.59153747558594
77.55973815917969
71.135498046875
77.44381713867188
67.938232421875
70.54834747314453
69.72537231445312
46.59786605834961
65.11685180664062
64.66411590576172
63.25723648071289
72.28753662109375
65.85714721679688
73.20862579345703
77.25382232666016
38.27753448486328
79.2509765625
77.81669616699219
72.77008056640625
80.7099838256836
71.74944305419922
76.5171127319336
77.42921447753906
42.39927673339844
75.21029663085938
71.88617706298828
65.3600845336914
72.45021057128906
62.134368896484375
64.39244842529297
66.01303100585938
31.367015838623047
63.51224136352539
64.66299438476562
62.398773193359375
71.2181167602539
