59.427146911621094
67.6068115234375
69.0686264038086
46.87689971923828
71.92039489746094
69.4177017211914
67.12898254394531
75.52284240722656
65.1627426147461
75.73408508300781
78.39173889160156
58.6134147644043
79.18578338623047
74.85521697998047
70.44512939453125
76.59452056884766
65.87081146240234
71.884521484375
71.9571533203125
60.691551208496094
71.50933837890625
67.34595489501953
64.31694793701172
69.5472412109375
62.570247650146484
65.01303100585938
66.65947723388672
61.48333740234375
63.04310607910156
61.01372146606445
62.106937408447266
65.03458404541016
59.5457649230957
62.56507110595703
65.83584594726562
58.1881217956543
65.56713104248047
62.64739227294922
60.03200149536133
67.08901977539062
59.901031494140625
65.161865234375
67.34165954589844
52.39311599731445
68.08702087402344
64.60298919677734
63.66457748413086
69.03765106201172
53.27555465698242
67.95797729492188
67.8164291381836
58.16659927368164
69.5484619140625
63.86491012573242
66.66214752197266
69.69969940185547
49.85176086425781
69.9206314086914
66.98517608642578
65.71927642822266
70.08171844482422
57.85917282104492
69.73075103759766
68.65087890625
63.860774993896484
70.25776672363281
63.95980453491211
69.52998352050781
69.67278289794922
66.1513442993164
71.12370300292969
67.95500946044922
69.93412017822266
71.90560913085938
71.70670318603516
72.38980102539062
74.21067810058594
74.46897888183594
73.7573471069336
79.09883880615234
73.45223236083984
80.2429428100586
79.67256927490234
73.63700866699219
81.12515258789062
68.47515869140625
78.01785278320312
76.70154571533203
69.62672424316406
77.79483795166016
66.1176528930664
75.62456512451172
74.4537353515625
68.7197036743164
76.07733154296875
64.9494400024414
74.47245788574219
73.53199768066406
70.0491943359375
75.99332427978516
62.15088653564453
75.19839477539062
73.82300567626953
67.07634735107422
76.29563903808594
68.70145416259766
72.96355438232422
75.56753540039062
54.16240692138672
74.53438568115234
72.40188598632812
70.1939926147461
76.80362701416016
61.441200256347656
76.86611938476562
74.66285705566406
73.18927001953125
78.92613983154297
65.43656158447266
78.3157958984375
77.68991088867188
69.87488555908203
80.88143920898438
72.55199432373047
79.03136444091797
80.7119140625
67.751708984375
82.8431625366211
78.29303741455078
79.22199249267578
82.26986694335938
68.15645599365234
75.56368255615234
67.89556121826172
54.47505187988281
76.15202331542969
74.0642318725586
78.07984161376953
83.31680297851562
54.02132797241211
83.21086120605469
80.49603271484375
73.77197265625
81.87031555175781
73.97616577148438
80.5479736328125
83.36609649658203
66.77658081054688
83.0786361694336
80.4144515991211
72.30620574951172
80.46424102783203
75.73152923583984
73.04541015625
78.6870346069336
72.41151428222656
75.24481201171875
77.91480255126953
69.38145446777344
77.65523529052734
77.64636993408203
69.3630599975586
80.37492370605469
75.93701171875
77.90006256103516
82.37078857421875
64.59806823730469
83.73091125488281
82.5222396850586
78.99954986572266
87.56346893310547
78.08079528808594
86.95618438720703
87.69300079345703
77.79165649414062
88.37265014648438
82.99005126953125
83.8883285522461
86.5444107055664
78.60228729248047
84.96563720703125
83.69647979736328
80.22535705566406
84.66075134277344
80.93254089355469
82.33902740478516
83.73373413085938
79.61859893798828
82.72443389892578
82.85411834716797
80.03644561767578
83.89379119873047
81.69154357910156
81.69535827636719
84.96202850341797
79.81591796875
84.9719009399414
85.10256958007812
80.7684555053711
87.60293579101562
82.70310974121094
86.17195892333984
88.57510375976562
79.452880859375
89.65631103515625
85.9958267211914
85.14286041259766
89.0107192993164
74.68677520751953
86.95320892333984
84.07543182373047
78.91866302490234
85.2213363647461
72.50827026367188
82.0363998413086
80.8229751586914
72.00812530517578
81.39961242675781
71.61225891113281
77.52503204345703
77.76348876953125
66.52948760986328
77.77234649658203
69.97795867919922
74.36618041992188
75.0466079711914
64.93315124511719
75.16866302490234
68.24463653564453
72.77372741699219
72.90260314941406
65.17582702636719
74.08183288574219
63.146175384521484
72.84320831298828
72.18729400634766
63.878807067871094
73.72256469726562
66.06471252441406
70.88562774658203
71.21411895751953
60.27734375
71.70020294189453
66.28844451904297
66.91786193847656
71.05252075195312
59.01340103149414
68.52415466308594
65.07929992675781
63.75384521484375
68.58281707763672
59.6554069519043
67.9420394897461
64.10907745361328
63.27561950683594
65.39720153808594
56.58871078491211
66.27043151855469
62.41546630859375
62.76285934448242
64.20326232910156
58.51676559448242
66.07213592529297
57.92250442504883
65.42276763916016
63.57954788208008
65.59284210205078
67.73855590820312
64.70306396484375
70.0937728881836
67.11923217773438
69.58928680419922
69.42249298095703
68.07609558105469
67.85818481445312
69.32503509521484
64.17027282714844
70.1862564086914
68.18614959716797
67.76973724365234
71.67262268066406
61.040191650390625
74.46696472167969
70.09878540039062
72.49786376953125
76.38232421875
65.42266845703125
76.96739959716797
75.33263397216797
73.4202880859375
79.39804077148438
69.92245483398438
79.46437072753906
79.80718994140625
72.49042510986328
82.84776306152344
77.06761932373047
80.48457336425781
82.927978515625
70.75120544433594
82.88526916503906
79.1989517211914
76.58177947998047
81.42031860351562
70.71427154541016
78.89469146728516
77.78404235839844
69.90803527832031
78.61336517333984
71.36726379394531
74.62968444824219
75.9161605834961
65.77256774902344
75.42977142333984
71.44046783447266
70.73358917236328
74.03772735595703
66.94600677490234
72.2499771118164
71.82897186279297
69.09813690185547
72.89739227294922
71.09423065185547
71.00142669677734
72.51231384277344
71.98912811279297
71.3516845703125
74.93669128417969
72.26842498779297
75.27943420410156
77.19620513916016
70.86883544921875
79.60296630859375
74.37408447265625
75.42716217041016
76.73676300048828
67.80622863769531
75.72027587890625
73.65528106689453
71.21728515625
77.84512329101562
70.65535736083984
75.1351089477539
75.67191314697266
61.822410583496094
74.95771789550781
68.5759506225586
70.61196899414062
72.42387390136719
54.676727294921875
71.66340637207031
65.44376373291016
67.0519027709961
69.56095886230469
51.36722183227539
68.75757598876953
64.45626831054688
63.94599914550781
67.57972717285156
49.5838623046875
65.54470825195312
63.10406494140625
59.87652587890625
65.58257293701172
52.373741149902344
62.14177703857422
60.971771240234375
56.90938186645508
61.73332977294922
52.616065979003906
57.66568374633789
57.565826416015625
52.47053527832031
57.15259552001953
54.29599380493164
48.79713439941406
47.49305725097656
53.572174072265625
61.738651275634766
52.13645553588867
62.28462219238281
64.52296447753906
58.210636138916016
65.72988891601562
65.9338607788086
64.5608901977539
70.71504211425781
63.2220573425293
71.1492919921875
72.80673217773438
65.52545928955078
76.61721801757812
72.32296752929688
75.20414733886719
78.25626373291016
67.79764556884766
78.41397094726562
74.89144134521484
73.51165008544922
77.49003601074219
67.17505645751953
76.29022216796875
74.66278076171875
70.66793823242188
76.29963684082031
69.6083755493164
73.80818939208984
74.3434829711914
66.75717163085938
74.9224853515625
71.5921630859375
71.80575561523438
74.66436004638672
68.5155258178711
73.5190658569336
74.21475219726562
69.17636108398438
76.46585083007812
74.3402099609375
71.24272155761719
77.82315063476562
66.23859405517578
74.33152770996094
71.9190902709961
70.6121597290039
70.23482513427734
68.76055145263672
71.7743148803711
59.3354377746582
72.3105697631836
68.16836547851562
66.46830749511719
72.12598419189453
62.03217697143555
71.2890625
70.85478210449219
64.61981201171875
73.02056121826172
65.46919250488281
71.19393920898438
72.69723510742188
65.7271728515625
73.46967315673828
70.37714385986328
71.14423370361328
73.97786712646484
67.89534759521484
74.87549591064453
73.06108856201172
71.12256622314453
76.48990631103516
70.13008117675781
76.74822998046875
76.62639617919922
73.4774169921875
80.27641296386719
73.40048217773438
80.22804260253906
80.14361572265625
72.57023620605469
79.8137435913086
65.01883697509766
75.91631317138672
70.72317504882812
71.47808837890625
72.89837646484375
65.67920684814453
74.40947723388672
59.54826354980469
74.73755645751953
72.9605484008789
70.54100799560547
76.81881713867188
64.515380859375
77.96095275878906
76.14031219482422
74.59854888916016
80.63204193115234
71.39242553710938
81.44633483886719
80.37187957763672
78.04461669921875
84.30384063720703
76.68882751464844
83.76658630371094
83.2303695678711
78.6201171875
84.44371032714844
78.4343032836914
81.91848754882812
83.28742218017578
76.83395385742188
84.24760437011719
80.52488708496094
80.61872863769531
83.17866516113281
75.32373809814453
82.11808013916016
79.93545532226562
77.4298095703125
81.61241149902344
75.63330841064453
79.62944030761719
80.22354125976562
74.67288208007812
81.2904052734375
78.63026428222656
77.04481506347656
82.23458099365234
73.20807647705078
80.95819091796875
80.89228057861328
70.3835678100586
79.90408325195312
70.79295349121094
76.51394653320312
73.08045196533203
72.50907897949219
75.17073059082031
62.26932144165039
75.60418701171875
70.05500030517578
72.15152740478516
74.93827056884766
51.93488693237305
74.8625259399414
71.41663360595703
69.13377380371094
74.51995849609375
67.66437530517578
70.02278900146484
71.6739730834961
39.31843948364258
71.90020751953125
67.49639129638672
68.39839172363281
72.46245574951172
62.172828674316406
75.06982421875
67.8995590209961
74.38259887695312
76.24325561523438
60.684635162353516
76.71380615234375
70.9766845703125
71.4908676147461
72.25772094726562
60.5295524597168
65.04112243652344
61.8895149230957
39.482025146484375
65.15797424316406
60.43520736694336
65.51266479492188
66.99421691894531
53.57835388183594
69.2608642578125
65.05667114257812
67.1413345336914
71.00004577636719
51.28205108642578
71.10235595703125
66.6082992553711
65.40862274169922
71.34019470214844
60.75291061401367
71.05259704589844
72.11275482177734
61.16584014892578
73.73683166503906
69.08734893798828
70.01998901367188
73.63155364990234
53.45970153808594
72.87989044189453
67.81477355957031
