56.192440032958984
68.58683776855469
71.06505584716797
49.04613494873047
71.84358215332031
70.1034164428711
64.51077270507812
74.38664245605469
68.0289535522461
73.57319641113281
76.8983383178711
55.210411071777344
78.25537872314453
76.30860137939453
70.64517974853516
78.11419677734375
68.10328674316406
71.38626098632812
72.97125244140625
44.19054412841797
67.20411682128906
65.86935424804688
58.32780456542969
63.55939865112305
51.08818817138672
50.91230392456055
49.802738189697266
42.59798049926758
61.77698516845703
61.22349548339844
57.22760009765625
65.31219482421875
57.248077392578125
60.0301399230957
62.442378997802734
50.494972229003906
62.60962677001953
62.0254020690918
56.0648078918457
64.53812408447266
55.59291076660156
63.80641555786133
67.42586517333984
46.957435607910156
68.64836120605469
65.99203491210938
61.09031295776367
70.7785873413086
61.74348068237305
67.87333679199219
70.11193084716797
51.26631546020508
70.7446517944336
69.2608642578125
64.6123046875
72.37911987304688
62.30767059326172
68.9161605834961
72.33589172363281
41.0447998046875
71.52760314941406
70.63774871826172
65.47911071777344
74.21415710449219
65.11270141601562
71.28001403808594
74.3685073852539
44.11354446411133
74.78160095214844
71.95419311523438
67.2795181274414
76.26604461669922
68.54658508300781
73.6202621459961
76.52301788330078
31.98009490966797
76.75077819824219
75.10286712646484
70.95793151855469
79.46581268310547
72.09317779541016
77.541259765625
80.5934829711914
50.40519332885742
82.923095703125
81.85297393798828
77.7044448852539
87.03511810302734
79.559326171875
84.82294464111328
86.83651733398438
52.11720657348633
85.49518585205078
82.51847076416016
76.34003448486328
83.88346099853516
75.17707824707031
80.50837707519531
82.27980041503906
50.10179901123047
82.15155029296875
80.01139831542969
74.83252716064453
83.10035705566406
75.26284790039062
80.9343490600586
83.70393371582031
37.908660888671875
84.48176574707031
82.57051849365234
77.51725769042969
85.85621643066406
77.12769317626953
81.96852111816406
83.25748443603516
45.10460662841797
80.01201629638672
75.92829895019531
69.50009155273438
76.91463470458984
70.04702758789062
76.54851531982422
79.604736328125
55.0389518737793
80.39342498779297
77.59727478027344
72.20260620117188
80.60033416748047
71.05035400390625
77.24579620361328
79.52029418945312
53.5951042175293
79.5444564819336
77.16617584228516
71.8643798828125
80.21038055419922
71.6319808959961
77.60699462890625
79.77760314941406
54.97039794921875
79.31031799316406
76.15324401855469
69.70349884033203
75.3231430053711
59.297325134277344
54.86006546020508
66.54212188720703
57.02791213989258
76.31800842285156
78.7811279296875
75.5935287475586
87.23096466064453
80.70895385742188
88.10871887207031
91.81946563720703
57.9263916015625
94.26004028320312
93.00688934326172
87.92698669433594
96.7436752319336
87.88219451904297
93.26200103759766
94.97845458984375
53.7745361328125
93.6327133178711
90.84638977050781
85.06165313720703
93.0999755859375
84.28641510009766
89.60843658447266
91.83738708496094
44.699283599853516
91.45531463623047
89.04718780517578
84.1086654663086
92.24235534667969
83.95030212402344
89.35780334472656
91.86691284179688
34.76713562011719
91.98223114013672
89.80457305908203
84.85336303710938
93.22685241699219
84.98899841308594
90.14799499511719
92.1251449584961
46.50251770019531
91.5439453125
89.11882019042969
83.97045135498047
92.69182586669922
84.82879638671875
90.59236907958984
93.54036712646484
46.6251335144043
94.5447006225586
92.5831069946289
87.47907257080078
95.69612884521484
87.0151596069336
91.76542663574219
93.31492614746094
44.82394027709961
91.35552978515625
88.00594329833984
81.9872055053711
89.10533905029297
79.63025665283203
84.40312957763672
85.68836212158203
45.22578430175781
84.12814331054688
81.02079010009766
75.59037780761719
83.11669921875
73.9271011352539
78.62071228027344
80.41574096679688
46.416873931884766
79.18516540527344
76.01422882080078
71.18169403076172
78.78073120117188
69.37926483154297
73.6858901977539
75.7350845336914
43.25390625
74.31292724609375
70.26251983642578
63.14550018310547
70.61848449707031
61.733985900878906
65.57392120361328
66.95276641845703
36.49483871459961
68.29862976074219
65.40150451660156
56.720577239990234
67.38155364990234
58.15565872192383
65.81897735595703
67.94276428222656
49.75061798095703
68.0954818725586
66.07638549804688
61.81474304199219
69.54395294189453
59.96278381347656
67.18226623535156
68.8158950805664
45.907020568847656
67.52147674560547
65.2333984375
59.81221008300781
68.21714782714844
57.67861557006836
65.17621612548828
68.23055267333984
45.2881965637207
66.65091705322266
64.8485336303711
61.57493591308594
68.41313171386719
60.3143310546875
63.78032302856445
65.8747329711914
30.315208435058594
63.50121307373047
60.79146194458008
54.96088409423828
61.32387161254883
58.775482177734375
65.70185089111328
70.38890838623047
42.173248291015625
76.93217468261719
76.65775299072266
71.97537231445312
80.84428405761719
72.42185974121094
78.26132202148438
80.90943908691406
46.000579833984375
81.17716979980469
78.90670013427734
73.88426208496094
82.52877044677734
74.38980865478516
80.524658203125
83.316650390625
48.14693832397461
84.44121551513672
82.67955017089844
77.89750671386719
86.94830322265625
78.84843444824219
84.90985870361328
87.25762939453125
46.5659065246582
86.7656021118164
83.8189468383789
77.7027359008789
85.25643920898438
76.49320220947266
80.5320816040039
82.01837158203125
49.5715446472168
80.65238952636719
77.84870910644531
71.55280303955078
79.22824096679688
71.33738708496094
75.99384307861328
77.22293090820312
45.39833068847656
76.51651763916016
74.27618408203125
67.28227233886719
76.34530639648438
67.74018859863281
73.28981018066406
75.91239166259766
41.19248962402344
75.98110961914062
73.63452911376953
68.51985931396484
76.69133758544922
68.23033142089844
75.04609680175781
77.30244445800781
46.61122512817383
78.10698699951172
76.02246856689453
71.47879791259766
80.85418701171875
73.27132415771484
79.5590591430664
82.21095275878906
52.462974548339844
82.04246520996094
78.80011749267578
72.06849670410156
78.8072509765625
68.83763122558594
72.76187133789062
72.95996856689453
44.7334098815918
70.259765625
66.23738861083984
57.833251953125
67.04312133789062
52.13957595825195
61.75046920776367
62.69906997680664
39.01485824584961
61.88031768798828
60.70454025268555
60.12458038330078
67.18091583251953
61.10314178466797
66.92963409423828
70.25811004638672
44.80536651611328
73.37483978271484
72.99615478515625
67.23568725585938
77.45394897460938
70.66136932373047
75.13402557373047
77.73117065429688
40.17977523803711
77.8733901977539
74.57237243652344
69.15347290039062
76.02586364746094
66.5564193725586
69.91401672363281
70.63523864746094
51.636837005615234
69.14791107177734
64.49549102783203
61.223594665527344
67.37234497070312
59.36338424682617
66.21235656738281
69.31201934814453
48.576412200927734
73.55418395996094
72.74092102050781
68.96043395996094
78.38264465332031
71.11377716064453
77.31989288330078
80.23016357421875
38.669925689697266
80.32536315917969
77.28045654296875
71.84483337402344
79.15975952148438
69.71309661865234
75.30436706542969
77.45081329345703
53.677921295166016
78.00659942626953
75.81365966796875
70.41593170166016
78.73844146728516
69.56843566894531
75.60391998291016
77.26531982421875
39.98055648803711
76.60139465332031
74.67322540283203
69.18824005126953
76.8837890625
68.5988998413086
73.58560943603516
75.60990142822266
41.84571075439453
75.32929229736328
72.28538513183594
67.98731231689453
76.05778503417969
68.2574691772461
73.41810607910156
76.20381164550781
44.97296142578125
76.26649475097656
74.02784729003906
68.97013854980469
77.34078216552734
68.1639175415039
73.36510467529297
75.77600860595703
40.13739013671875
76.19841003417969
74.26451873779297
69.67206573486328
78.47399139404297
70.41011810302734
75.95060729980469
78.8935546875
47.82766342163086
79.66363525390625
77.38721466064453
72.02146911621094
80.71076202392578
72.60598754882812
78.5140380859375
81.21711730957031
31.93933868408203
82.65390014648438
81.12047576904297
75.2177505493164
84.30052185058594
75.38142395019531
79.82746124267578
80.2829818725586
53.68559646606445
77.27108764648438
74.4866943359375
69.78815460205078
78.86978149414062
70.80467987060547
77.18840789794922
80.24363708496094
44.21418762207031
81.66268157958984
80.0916976928711
74.64542388916016
84.565673828125
76.42790985107422
82.59640502929688
85.33548736572266
29.45487403869629
85.64793395996094
83.1917953491211
78.04595184326172
86.15644073486328
77.80298614501953
82.84413146972656
85.24269104003906
46.94722366333008
84.61810302734375
81.81026458740234
76.31465911865234
83.70310974121094
74.80406951904297
79.26673889160156
81.47650909423828
31.73439598083496
81.26126098632812
79.25851440429688
74.60377502441406
83.3429946899414
75.44015502929688
80.60086822509766
82.76243591308594
49.29993438720703
81.58506774902344
78.56063842773438
73.19132232666016
79.95843505859375
69.90665435791016
74.08016967773438
75.48770904541016
46.50130081176758
78.27566528320312
79.16869354248047
75.5483169555664
86.37773895263672
79.05047607421875
85.3754653930664
87.82124328613281
53.31471633911133
87.89057922363281
85.42267608642578
79.66168212890625
87.97856903076172
79.2450942993164
84.31047821044922
86.05838775634766
49.826358795166016
85.01602172851562
82.01436614990234
75.57735443115234
82.86569213867188
72.39379119873047
76.27954864501953
76.44111633300781
49.1717414855957
73.54681396484375
71.4636001586914
66.30013275146484
75.05376434326172
67.37779998779297
74.09638977050781
77.0055160522461
39.50959396362305
78.18863677978516
75.9146728515625
70.8690185546875
78.56988525390625
69.2247314453125
73.9214859008789
75.81938171386719
45.682003021240234
74.4557876586914
71.40438079833984
65.73723602294922
74.32806396484375
67.06584167480469
73.4743423461914
76.70317840576172
32.29220199584961
77.70264434814453
75.77836608886719
69.7817153930664
77.1275405883789
67.73976135253906
71.27287292480469
72.66912841796875
44.08815002441406
69.46472930908203
67.75521087646484
61.259647369384766
70.23057556152344
63.8309326171875
68.95346069335938
71.97674560546875
50.87974166870117
72.92489624023438
71.18556213378906
65.68050384521484
75.4144058227539
