61.43583297729492
67.95171356201172
71.51532745361328
36.203731536865234
74.16765594482422
72.81200408935547
67.38467407226562
77.17945098876953
70.4609146118164
75.0081787109375
77.84100341796875
54.46924591064453
76.1329574584961
72.64646911621094
65.6208267211914
72.5450210571289
65.10600280761719
61.91010284423828
63.816986083984375
51.685768127441406
58.13216018676758
44.90476608276367
53.41638946533203
57.149471282958984
50.498165130615234
64.36425018310547
67.90009307861328
54.97597885131836
71.00312805175781
70.54603576660156
64.6510238647461
72.21607208251953
62.509761810302734
64.79145812988281
67.31475067138672
45.043739318847656
63.70473098754883
60.121665954589844
54.991825103759766
61.16469955444336
53.744075775146484
52.60247802734375
57.520301818847656
49.73910903930664
52.498321533203125
56.197471618652344
51.6611213684082
59.29471969604492
52.31007766723633
60.29206085205078
63.73020553588867
48.99264907836914
63.47894287109375
62.97971725463867
57.164344787597656
65.21507263183594
54.14287185668945
64.56258392333984
67.70701599121094
48.79800033569336
67.45381927490234
66.1378402709961
55.89347457885742
68.64369201660156
60.034027099609375
67.9329605102539
70.53736877441406
50.0433235168457
71.679443359375
70.66742706298828
63.754608154296875
74.2284164428711
65.60635375976562
73.81037139892578
76.96503448486328
50.492923736572266
79.44108581542969
78.71417999267578
72.77417755126953
82.5345458984375
74.05201721191406
79.16825103759766
80.38021850585938
48.31414031982422
78.491455078125
75.45919799804688
67.92503356933594
76.04033660888672
66.8857650756836
72.64620208740234
74.3292236328125
45.890079498291016
73.32929992675781
70.8423843383789
64.5305404663086
72.80626678466797
64.3027572631836
70.23822021484375
73.1721420288086
49.22740173339844
73.60395050048828
71.95929718017578
66.21636962890625
74.94296264648438
67.2642822265625
73.14247131347656
75.74609375
38.452056884765625
76.74784851074219
74.6988296508789
69.82061004638672
78.19602966308594
70.87506866455078
76.12287139892578
78.1251449584961
53.36697769165039
78.25839233398438
76.29334259033203
70.9115219116211
80.28765106201172
72.3027572631836
78.34221649169922
79.68875885009766
53.80211639404297
78.1553726196289
74.07429504394531
66.41593170166016
71.95248413085938
61.43091583251953
61.91862106323242
61.47764205932617
51.89174270629883
62.916622161865234
65.08969116210938
58.340824127197266
69.89094543457031
62.75379180908203
71.07421112060547
74.94699096679688
49.90739440917969
77.37203979492188
76.48038482666016
71.01898956298828
80.65213012695312
71.51937103271484
77.52588653564453
79.91702270507812
35.675785064697266
79.06817626953125
75.8965072631836
69.53654479980469
75.73731994628906
66.28968811035156
68.70062255859375
69.5765151977539
50.155181884765625
67.92138671875
64.71481323242188
60.11353302001953
67.94478607177734
60.78861999511719
65.71292114257812
68.94293212890625
45.82680892944336
69.71446990966797
67.91763305664062
64.9227523803711
73.82420349121094
66.78502655029297
72.47109985351562
76.30606079101562
49.79166030883789
79.46147918701172
78.52119445800781
75.37002563476562
85.11820220947266
78.0170669555664
84.0211181640625
86.37982940673828
54.66535568237305
85.1287841796875
81.11398315429688
73.57148742675781
80.23336791992188
71.58384704589844
75.3512191772461
77.86884307861328
50.54506301879883
79.13372039794922
77.20458221435547
71.26395416259766
79.95980072021484
71.43804168701172
77.68887329101562
80.14905548095703
50.75560760498047
80.58895874023438
78.6087875366211
72.37040710449219
81.45040893554688
73.10466766357422
78.88463592529297
81.35675811767578
45.26102066040039
81.99298095703125
79.97935485839844
74.42327880859375
83.1949462890625
74.95082092285156
81.17472076416016
83.68995666503906
51.39482879638672
84.7286376953125
82.91141510009766
77.93431091308594
86.75029754638672
78.81421661376953
85.08183288574219
87.711181640625
59.63005828857422
88.53968811035156
85.93631744384766
80.8116683959961
88.21644592285156
78.7708740234375
83.57118225097656
84.66632843017578
49.54047393798828
82.92987823486328
79.33518981933594
73.547119140625
81.00035095214844
71.76960754394531
75.72895050048828
77.43865966796875
46.66035842895508
76.32844543457031
73.42737579345703
68.12727355957031
75.3182144165039
67.18163299560547
71.12179565429688
72.4727783203125
43.822731018066406
72.94530487060547
70.7680892944336
64.37423706054688
72.96015930175781
64.20621490478516
68.61922454833984
71.43960571289062
51.627811431884766
70.76849365234375
67.82959747314453
62.695167541503906
70.37772369384766
62.77424621582031
65.55973052978516
66.25337219238281
53.03025436401367
67.86641693115234
65.3787612915039
57.561283111572266
66.10530853271484
58.226497650146484
65.95321655273438
69.21196746826172
52.26301193237305
74.56578826904297
74.99665832519531
68.99653625488281
79.019775390625
70.7720718383789
76.54641723632812
78.4310531616211
37.64120864868164
78.13825225830078
75.62675476074219
69.2881088256836
78.36072540283203
70.09920501708984
75.01824951171875
76.72862243652344
48.148338317871094
77.31426239013672
75.14788055419922
70.09488677978516
79.2480239868164
71.40248107910156
77.1630859375
80.10728454589844
45.56113052368164
81.19640350341797
79.28506469726562
74.7172622680664
83.41506958007812
75.63092803955078
81.57675170898438
84.5523452758789
55.38880920410156
85.40347290039062
82.83905029296875
77.87043762207031
85.38414764404297
76.44561767578125
80.71376037597656
82.50090026855469
55.30786895751953
80.58085632324219
77.5898208618164
72.23805236816406
79.72981262207031
70.70600891113281
75.59977722167969
77.90604400634766
53.660926818847656
76.48391723632812
73.83550262451172
69.25153350830078
77.03683471679688
68.25216674804688
73.60188293457031
75.73444366455078
55.065879821777344
75.1604995727539
72.693115234375
69.29090881347656
76.88977813720703
69.08226776123047
74.45479583740234
77.35668182373047
53.14374542236328
77.5697250366211
75.82850646972656
72.68179321289062
81.26871490478516
73.55133819580078
79.99095916748047
83.24967193603516
55.88700485229492
83.17198181152344
80.04999542236328
74.4277572631836
80.55122375488281
70.92607879638672
74.24082946777344
74.95928192138672
44.19516372680664
72.2557373046875
68.53323364257812
62.02824020385742
69.35262298583984
60.27145004272461
64.37410736083984
65.8328857421875
41.51771545410156
64.08612060546875
61.11299514770508
52.378543853759766
62.91202163696289
48.553096771240234
58.72750473022461
61.18918228149414
40.5601806640625
61.58296203613281
61.72365188598633
57.207305908203125
65.66373443603516
55.88666534423828
65.2693862915039
67.91356658935547
41.40662384033203
67.77610778808594
65.24037170410156
60.9722785949707
68.67233276367188
61.378875732421875
67.53430938720703
71.34685516357422
45.64677810668945
72.572998046875
70.86698913574219
66.15441131591797
74.29170227050781
65.95431518554688
71.5568618774414
74.3810806274414
44.29501724243164
76.1892318725586
75.0958251953125
70.88207244873047
79.99037170410156
72.13987731933594
77.92349243164062
80.13773345947266
47.785400390625
79.35041046142578
76.6488265991211
70.79193115234375
78.68624877929688
69.44500732421875
75.13247680664062
76.90618896484375
46.02082824707031
76.27180480957031
74.0977783203125
69.09164428710938
77.21310424804688
68.56868743896484
74.32606506347656
76.304931640625
45.55461120605469
75.65786743164062
73.5263900756836
67.94107818603516
76.11369323730469
67.09088897705078
73.16475677490234
75.775146484375
43.0482177734375
75.28062438964844
73.81108093261719
68.84217834472656
77.28626251220703
69.46375274658203
74.72744750976562
77.41848754882812
47.03504943847656
77.5011215209961
75.2386245727539
71.07946014404297
79.04035949707031
70.18804931640625
76.49296569824219
78.64127349853516
42.650665283203125
77.35877227783203
72.74168395996094
66.5471420288086
73.63294219970703
64.44236755371094
70.37026977539062
73.01309204101562
40.170780181884766
74.29498291015625
72.64277648925781
67.99170684814453
77.11981964111328
68.62210083007812
75.8151626586914
78.58250427246094
47.0823860168457
78.84207916259766
76.53065490722656
69.66395568847656
77.04434204101562
66.79468536376953
70.55757141113281
72.23890686035156
41.10988235473633
71.97379302978516
71.51721954345703
67.14156341552734
76.38394927978516
68.17979431152344
75.38713836669922
78.4950180053711
43.04817199707031
79.68994140625
77.85496520996094
72.68326568603516
80.7523422241211
72.16889190673828
77.12093353271484
79.41456604003906
37.73433303833008
79.84996032714844
78.3116455078125
73.54634094238281
82.49800109863281
73.9349136352539
79.87419128417969
81.42154693603516
40.46855163574219
79.78817749023438
76.9254150390625
70.11912536621094
77.52116394042969
68.09278106689453
73.40483856201172
75.56840515136719
45.457740783691406
75.22335815429688
73.5578842163086
69.99282836914062
79.1406478881836
71.9246826171875
79.45497131347656
82.72401428222656
47.48971176147461
83.91857147216797
81.60440063476562
76.60433959960938
84.3745346069336
75.78495025634766
80.8321762084961
82.68460083007812
41.376895904541016
82.13125610351562
79.54490661621094
73.7510757446289
82.13621520996094
73.6794662475586
78.91913604736328
81.2586898803711
41.3443603515625
81.24671173095703
78.99981689453125
73.11917877197266
80.53657531738281
70.56478881835938
76.13011932373047
77.86890411376953
44.41445541381836
78.48036193847656
75.8877182006836
70.9900894165039
79.7385025024414
71.115966796875
76.48638916015625
78.15391540527344
48.74494171142578
76.58863067626953
73.18701171875
66.44915771484375
73.71510314941406
64.95320892333984
69.47117614746094
71.32769775390625
49.7127571105957
69.20001983642578
66.00962829589844
58.201473236083984
60.8886604309082
50.835853576660156
52.54069900512695
60.914546966552734
29.893798828125
69.27145385742188
68.8640365600586
65.23458099365234
74.3564453125
66.61224365234375
72.26849365234375
74.4964599609375
47.91768264770508
72.75422668457031
69.70807647705078
62.031070709228516
69.78167724609375
61.202640533447266
67.3770980834961
70.25853729248047
44.37516403198242
70.92098999023438
69.109130859375
63.06773376464844
72.49979400634766
63.61100387573242
69.07109832763672
70.6448974609375
46.00366973876953
68.92131042480469
65.54270935058594
56.614967346191406
63.605995178222656
