66.55191040039062
64.54911041259766
68.52346801757812
67.13621520996094
70.94011688232422
68.55179595947266
72.21162414550781
71.25794982910156
74.77045440673828
73.52435302734375
76.33238220214844
74.29774475097656
74.47647857666016
70.64820861816406
70.23648834228516
67.81134033203125
66.49674224853516
62.99538803100586
64.53182983398438
61.586002349853516
58.96046447753906
54.83191680908203
61.57402420043945
52.5120735168457
57.6312370300293
55.44904708862305
62.757850646972656
61.51032638549805
65.85572814941406
68.85005950927734
65.28041076660156
68.09121704101562
63.17699432373047
63.37944030761719
59.35673522949219
61.35978317260742
51.37522888183594
58.201866149902344
57.25025939941406
57.61507797241211
57.06831741333008
46.42510223388672
60.639801025390625
49.2458610534668
61.64137649536133
55.880859375
57.73528289794922
57.95558166503906
58.713661193847656
60.61539077758789
61.469078063964844
61.553062438964844
58.658935546875
63.705204010009766
61.49813461303711
63.61720657348633
62.23745346069336
64.76238250732422
63.6680908203125
64.63136291503906
62.508480072021484
65.89627075195312
63.05057907104492
65.49533081054688
64.3738021850586
66.63532257080078
65.25132751464844
67.74888610839844
66.2178955078125
68.18345642089844
69.08191680908203
68.85615539550781
70.54261779785156
70.04839324951172
71.27779388427734
71.98948669433594
73.20137786865234
73.3409194946289
75.45574951171875
75.63034057617188
78.03746032714844
77.60558319091797
79.25359344482422
77.46224212646484
78.1978759765625
75.16758728027344
75.84280395507812
72.55493927001953
73.75365447998047
70.41130828857422
72.08560943603516
69.80987548828125
70.03959655761719
68.00452423095703
69.49348449707031
67.65602111816406
69.09923553466797
67.82440948486328
69.18037414550781
69.53858947753906
69.53073120117188
68.84012603759766
70.24958038330078
70.34712219238281
70.08804321289062
70.14893341064453
71.02928161621094
71.54706573486328
70.83621215820312
71.7215347290039
71.58958435058594
72.77992248535156
71.55809783935547
73.1478500366211
70.48847961425781
71.74658966064453
68.7896728515625
72.06871032714844
69.85462188720703
72.95220947265625
71.884521484375
74.9047622680664
73.06883239746094
75.99089813232422
74.82585144042969
77.23778533935547
76.57282257080078
78.20527648925781
78.04390716552734
77.8497543334961
77.81078338623047
74.11167907714844
74.49415588378906
65.42674255371094
70.76708984375
66.70952606201172
67.35690307617188
69.57112884521484
68.71680450439453
73.20064544677734
71.33746337890625
74.8702163696289
75.83332061767578
77.85939025878906
79.41011047363281
79.65584564208984
81.88328552246094
79.43243408203125
81.99801635742188
78.28395080566406
80.66432189941406
77.76606750488281
80.17496490478516
78.51910400390625
80.24998474121094
80.08573913574219
81.22140502929688
81.74420928955078
82.73562622070312
83.6578369140625
84.68182373046875
85.8999252319336
86.90105438232422
88.15338897705078
88.62958526611328
89.51878356933594
89.38599395751953
89.42066955566406
88.82743835449219
88.5094985961914
87.8104476928711
87.6325912475586
86.96082305908203
86.91781616210938
86.30120086669922
86.32328796386719
85.71215057373047
85.66661834716797
85.20096588134766
84.84086608886719
84.39445495605469
84.19197082519531
83.96649169921875
84.00959777832031
83.8313217163086
84.08049774169922
84.19051361083984
84.32195281982422
84.24103546142578
84.46566009521484
84.79676055908203
84.97240447998047
85.09120178222656
85.5294189453125
85.74059295654297
86.02033233642578
86.4393539428711
86.89080047607422
87.32596588134766
87.61351776123047
88.19903564453125
88.64239501953125
89.01408386230469
89.61164093017578
89.80831146240234
90.03657531738281
89.757568359375
89.43743133544922
88.58712005615234
87.91626739501953
86.85984802246094
85.84719848632812
84.73745727539062
83.82048797607422
82.41804504394531
81.96363067626953
80.5450439453125
80.08706665039062
78.79315948486328
78.51179504394531
76.75780487060547
77.09618377685547
75.58234405517578
75.52078247070312
74.26654052734375
74.24083709716797
73.64644622802734
73.10693359375
71.67481231689453
72.22662353515625
70.60648345947266
70.8656005859375
70.11233520507812
70.15228271484375
69.43746948242188
69.39317321777344
68.69515991210938
69.28924560546875
67.40839385986328
67.72782897949219
67.21614074707031
68.19690704345703
67.05360412597656
66.79248809814453
66.36492919921875
65.6369400024414
65.24576568603516
67.59165954589844
63.86908721923828
65.24237823486328
64.80644226074219
65.13446044921875
64.07026672363281
64.6615982055664
64.99270629882812
64.27421569824219
64.3055191040039
65.12355041503906
64.0072021484375
63.63496017456055
64.500732421875
63.23412322998047
62.31787872314453
64.74637603759766
60.07316207885742
61.27989959716797
59.141109466552734
60.96338653564453
55.25752639770508
46.951255798339844
47.40312957763672
56.10694122314453
65.00567626953125
68.41426086425781
72.61555480957031
72.378662109375
74.50352478027344
72.80024719238281
74.3036117553711
72.40902709960938
73.89216613769531
72.3916015625
73.95449829101562
73.1434326171875
74.40096282958984
74.03740692138672
75.73109436035156
74.73298645019531
76.27561950683594
76.3288803100586
77.68328857421875
77.69549560546875
79.00055694580078
79.3264389038086
80.10650634765625
81.17375183105469
82.16758728027344
82.75411224365234
83.64500427246094
83.52439880371094
83.9030990600586
82.92583465576172
82.6635971069336
81.3211898803711
81.24097442626953
79.51048278808594
79.62456512451172
78.10462188720703
78.46881866455078
77.02423858642578
77.2772216796875
75.8882827758789
76.49365234375
75.17536163330078
75.68830108642578
74.82915496826172
74.94265747070312
74.22196197509766
73.83753967285156
72.03925323486328
72.10749053955078
70.6295394897461
71.5884780883789
69.79206085205078
70.68035125732422
70.80206298828125
71.45271301269531
71.65726470947266
71.95542907714844
71.96221923828125
72.68106842041016
73.04794311523438
73.04329681396484
74.31318664550781
74.39491271972656
75.67189025878906
75.55709838867188
77.32769012451172
77.16316223144531
79.55506134033203
78.92042541503906
81.68650817871094
80.17919158935547
82.03559112548828
79.44745635986328
79.85250091552734
75.93975830078125
76.66354370117188
73.38407135009766
74.19373321533203
70.88810729980469
71.5625991821289
68.55900573730469
69.1362533569336
66.36526489257812
67.41911315917969
65.74321746826172
66.1613998413086
63.998294830322266
62.76596450805664
61.29621124267578
60.69746398925781
62.21633529663086
63.83140563964844
59.32971954345703
60.43581008911133
59.83842086791992
62.48313903808594
63.2198600769043
62.11436080932617
61.886898040771484
60.86058044433594
62.361392974853516
59.86030960083008
59.61066818237305
57.52354431152344
60.082115173339844
56.89567184448242
55.06117630004883
58.773719787597656
58.3913459777832
59.87238311767578
62.67149353027344
63.35310363769531
64.98556518554688
68.38150787353516
69.28705596923828
71.00206756591797
72.48566436767578
73.6382064819336
75.8021240234375
76.84231567382812
78.81439971923828
78.90958404541016
79.77699279785156
78.3245849609375
78.262451171875
76.0727310180664
75.70793151855469
72.73428344726562
73.28524780273438
71.16712951660156
72.6261978149414
71.92173767089844
72.86736297607422
71.41243743896484
72.56816864013672
71.69453430175781
71.72114562988281
70.55294036865234
70.92066955566406
70.36922454833984
70.88212585449219
69.95089721679688
70.28719329833984
68.47235107421875
70.08094787597656
69.20596313476562
69.2131576538086
67.90726470947266
69.1640853881836
69.52622985839844
70.11458587646484
71.6222915649414
71.42264556884766
72.41339874267578
71.51731872558594
71.39132690429688
71.42296600341797
71.22871398925781
71.37739562988281
70.89514923095703
70.29484558105469
70.87726593017578
70.85800170898438
70.46929168701172
70.97997283935547
71.01461029052734
70.87194061279297
70.94273376464844
71.40047454833984
71.15338134765625
71.1561050415039
71.28327178955078
71.60811614990234
72.0762939453125
71.73114013671875
71.45547485351562
72.01283264160156
72.34613037109375
71.83311462402344
72.4011459350586
72.34437561035156
71.80831146240234
71.77175903320312
70.99034881591797
71.17349243164062
70.23689270019531
70.9828872680664
71.05767059326172
71.63125610351562
71.7791519165039
72.34443664550781
72.29930877685547
73.55827331542969
73.17481994628906
73.65726470947266
74.93585205078125
76.30113983154297
76.4529800415039
77.7291488647461
77.9794921875
78.40913391113281
79.01422119140625
79.6604232788086
80.096923828125
80.51374816894531
80.72025299072266
80.34767150878906
79.8294677734375
78.87340545654297
78.42876434326172
77.12185668945312
76.32575988769531
74.76622009277344
74.29029083251953
72.21746063232422
71.73575592041016
69.82787322998047
69.27855682373047
68.05001831054688
67.65818786621094
67.44065856933594
68.8595199584961
68.24594116210938
70.5945816040039
71.39625549316406
73.64452362060547
74.78010559082031
76.17723083496094
77.19993591308594
78.48695373535156
78.59777069091797
78.954345703125
78.16557312011719
77.93047332763672
76.19574737548828
76.18370819091797
74.02336120605469
74.31632232666016
72.138916015625
72.4379653930664
71.25469970703125
73.11353302001953
75.45214080810547
77.28926086425781
78.89681243896484
78.64588928222656
78.8088150024414
77.54713439941406
77.21587371826172
76.12732696533203
75.74720001220703
75.72216796875
76.42416381835938
77.82805633544922
78.03527069091797
78.99503326416016
78.44589233398438
79.11121368408203
78.30311584472656
78.58841705322266
78.09048461914062
78.65005493164062
77.59291076660156
77.93894958496094
76.53857421875
77.1049575805664
75.00621795654297
76.85411834716797
76.28477478027344
77.72021484375
76.67742919921875
77.99968719482422
76.24140167236328
76.28651428222656
73.00872039794922
72.80035400390625
68.18719482421875
68.9281234741211
66.06306457519531
67.65643310546875
66.98255157470703
70.02001953125
69.11149597167969
71.7588119506836
71.38077545166016
73.1150131225586
73.5418701171875
74.85465240478516
74.54963684082031
74.95984649658203
74.2551498413086
73.81182861328125
72.38627624511719
71.03388214111328
70.18560028076172
68.46482849121094
68.01799011230469
66.62751770019531
66.80522918701172
65.96000671386719
65.74239349365234
63.72330856323242
64.56278228759766
60.66876220703125
