64.26837921142578
69.09095001220703
72.865966796875
51.27204895019531
74.90894317626953
73.63909912109375
71.35426330566406
80.10135650634766
72.77703094482422
78.15069580078125
79.95429229736328
56.003108978271484
76.72807312011719
73.88333892822266
65.71326446533203
71.12553405761719
61.151248931884766
63.90981674194336
66.58924865722656
39.59638595581055
59.784385681152344
46.915157318115234
49.01057434082031
57.653255462646484
50.78369140625
65.26744842529297
70.97640991210938
54.05733871459961
72.63579559326172
69.6273193359375
62.70176696777344
70.353759765625
58.546329498291016
65.66136932373047
67.71702575683594
46.736392974853516
63.438663482666016
62.60302734375
45.16868591308594
60.4864616394043
48.54947280883789
58.87928771972656
47.16389846801758
54.3202018737793
58.20862579345703
57.876277923583984
33.14200973510742
56.79784393310547
49.014923095703125
56.220455169677734
60.220420837402344
48.00715255737305
65.113525390625
60.157310485839844
59.49729919433594
65.77056884765625
60.267547607421875
62.132999420166016
64.54376220703125
54.52255630493164
62.1508674621582
63.67427062988281
58.66612243652344
64.90044403076172
57.40774917602539
63.61922836303711
66.69801330566406
52.67508316040039
67.22297668457031
67.37010955810547
56.640010833740234
70.5456771850586
63.635406494140625
69.50114440917969
71.36332702636719
52.04345703125
73.13943481445312
71.43006896972656
67.55213165283203
76.34447479248047
70.1582260131836
74.57630920410156
78.79706573486328
52.898597717285156
81.22889709472656
79.87784576416016
75.26481628417969
84.22762298583984
75.07035064697266
80.35553741455078
81.69772338867188
45.49040603637695
79.8021469116211
76.3383560180664
69.8049545288086
77.85124969482422
68.8980484008789
73.55903625488281
75.61985778808594
53.790199279785156
76.05162811279297
73.07569885253906
68.81876373291016
75.88843536376953
67.24030303955078
72.2067642211914
73.24845123291016
46.1989860534668
67.5693130493164
66.17456817626953
61.05792999267578
70.63873291015625
64.36710357666016
69.77216339111328
72.87332153320312
50.82862854003906
73.84888458251953
71.99763488769531
68.45825958251953
76.92211151123047
68.35111999511719
74.88018798828125
77.29766082763672
53.50971984863281
77.62015533447266
75.84129333496094
70.98960876464844
79.67070007324219
71.29109191894531
77.09828186035156
79.7789306640625
42.56460189819336
80.84587860107422
79.04605102539062
73.55022430419922
82.81822204589844
75.60004425048828
81.23815155029297
84.43889617919922
47.42123031616211
86.23739624023438
84.62641906738281
79.61552429199219
87.83438110351562
79.36043548583984
84.41851043701172
86.23637390136719
54.60686111450195
80.99005126953125
72.56131744384766
65.84236145019531
78.1221923828125
73.09307098388672
81.66533660888672
85.6916275024414
51.95721435546875
89.20128631591797
88.24130249023438
84.78062438964844
93.7042236328125
85.34361267089844
90.4478530883789
91.73286437988281
54.93873977661133
88.84164428710938
84.67333221435547
77.24311828613281
83.75548553466797
72.41141510009766
76.53262329101562
76.39393615722656
27.938690185546875
73.89591979980469
71.06696319580078
65.00574493408203
75.61930084228516
68.04317474365234
72.79644775390625
76.18975830078125
45.19899368286133
77.30337524414062
75.75174713134766
72.1416015625
80.85205078125
72.97954559326172
79.67647552490234
82.3601303100586
49.725982666015625
83.31277465820312
81.42040252685547
75.24846649169922
84.57530975341797
76.45458221435547
82.31688690185547
84.96208190917969
45.3206901550293
85.92394256591797
83.87466430664062
78.95219421386719
87.65242004394531
79.95903015136719
85.5278549194336
88.48077392578125
46.36056900024414
89.53043365478516
87.88333129882812
83.51730346679688
92.28331756591797
84.7161636352539
90.49897766113281
92.94620513916016
55.3639030456543
92.64744567871094
89.59628295898438
82.95304107666016
90.41231536865234
81.14747619628906
85.07039642333984
86.21514892578125
46.02117156982422
84.36017608642578
81.02172088623047
75.23565673828125
82.6290512084961
73.274169921875
77.87342834472656
79.70327758789062
47.500465393066406
78.23151397705078
75.3220443725586
70.02655792236328
77.54993438720703
68.35723114013672
73.8556137084961
75.61287689208984
46.234554290771484
75.05847930908203
71.9211196899414
65.6573257446289
74.3219223022461
66.3993911743164
70.11015319824219
72.45905303955078
48.44166946411133
72.26854705810547
69.3410415649414
64.79533386230469
72.52388763427734
63.418704986572266
70.10494232177734
72.51775360107422
31.94095802307129
71.68212127685547
68.63654327392578
63.06174087524414
70.94620513916016
62.74843978881836
67.56490325927734
69.94403076171875
36.329071044921875
70.3700942993164
66.67697143554688
62.494956970214844
69.73709869384766
62.07058334350586
66.82966613769531
66.92517852783203
46.066104888916016
67.15876770019531
64.72935485839844
59.195335388183594
69.38880920410156
61.981719970703125
70.19306182861328
74.1202392578125
53.53835678100586
76.50434875488281
73.9752426147461
69.55797576904297
77.40473175048828
67.42316436767578
72.77246856689453
75.43055725097656
47.90093994140625
75.82952117919922
73.8415756225586
69.80713653564453
79.11187744140625
71.21981048583984
78.1512451171875
80.87484741210938
42.944820404052734
82.42655944824219
80.77581024169922
76.36163330078125
85.13801574707031
76.96185302734375
82.8096923828125
84.92122650146484
49.17394256591797
84.15980529785156
81.64666748046875
76.74195098876953
85.1496353149414
77.04843139648438
81.6696548461914
83.7468032836914
49.529205322265625
82.67321014404297
79.60736846923828
74.43428039550781
81.83268737792969
73.19956970214844
78.08618927001953
80.04510498046875
40.80429458618164
79.38479614257812
76.88209533691406
71.8067626953125
79.57110595703125
72.0187759399414
76.52151489257812
78.7274398803711
48.900203704833984
78.7631607055664
76.77478790283203
71.48316192626953
80.08553314208984
72.36138916015625
77.55511474609375
80.3984603881836
45.41944885253906
80.91329193115234
79.24629974365234
74.42379760742188
83.3966064453125
75.67845916748047
81.71527099609375
84.87700653076172
50.598876953125
86.72276306152344
84.82240295410156
79.36697387695312
86.60844421386719
76.96055603027344
80.8525161743164
81.25843048095703
45.54916000366211
78.73320007324219
74.98235321044922
68.84538269042969
75.50625610351562
65.79490661621094
69.77113342285156
71.80207824707031
37.015201568603516
68.92359924316406
64.07721710205078
61.26514434814453
67.0350112915039
57.09953308105469
63.14996337890625
63.78072738647461
49.01508331298828
62.452392578125
58.223384857177734
59.754756927490234
66.86529541015625
60.08207702636719
66.6400146484375
70.61786651611328
29.256689071655273
72.00513458251953
70.19274139404297
66.08850860595703
74.90541076660156
66.5157699584961
72.71382904052734
74.79051971435547
49.84158706665039
75.58220672607422
74.87808990478516
70.03875732421875
80.24069213867188
72.79027557373047
79.63540649414062
83.31573486328125
45.617156982421875
85.77205657958984
83.69939422607422
78.83345031738281
86.79093170166016
77.9089126586914
82.81605529785156
84.37674713134766
49.11630630493164
83.31829071044922
80.33082580566406
74.97534942626953
82.66946411132812
74.215576171875
78.93211364746094
81.02074432373047
49.72230911254883
80.41226196289062
77.40966033935547
71.7683334350586
79.78663635253906
71.57068634033203
76.14164733886719
78.31832885742188
49.034751892089844
78.51897430419922
76.1105728149414
71.30052185058594
79.29393768310547
70.35343170166016
76.5154800415039
78.49005126953125
37.09776306152344
76.48617553710938
72.7287368774414
64.32664489746094
72.7446060180664
64.71873474121094
69.5835189819336
72.11531829833984
29.617347717285156
74.02885437011719
73.50823211669922
69.91012573242188
78.77299499511719
70.57188415527344
76.88992309570312
79.0384292602539
49.450416564941406
78.82764434814453
77.21022033691406
71.19094848632812
79.77519989013672
71.88841247558594
77.06170654296875
79.45570373535156
42.4846076965332
79.31366729736328
76.64306640625
71.55906677246094
79.55111694335938
71.68634796142578
77.02381896972656
79.591552734375
49.05280685424805
79.8780517578125
78.38880157470703
73.24298858642578
81.72968292236328
73.4941635131836
79.57803344726562
82.29530334472656
42.705074310302734
83.17361450195312
80.9253158569336
75.90159606933594
84.3848876953125
76.16488647460938
81.45169067382812
83.85176086425781
45.92473602294922
84.56403350830078
82.64482116699219
78.13082885742188
87.36056518554688
79.62010192871094
86.0600357055664
89.05545806884766
46.67342758178711
90.07611083984375
87.88850402832031
82.48275756835938
90.55601501464844
81.48683166503906
86.3803939819336
87.93388366699219
46.711055755615234
86.28395080566406
82.94127655029297
76.64176940917969
84.19495391845703
75.09175872802734
79.69886016845703
81.67315673828125
35.46714782714844
81.47990417480469
79.23419189453125
74.44699096679688
82.34406280517578
73.4516830444336
78.85105895996094
80.57270812988281
51.72755432128906
78.99440002441406
76.43341064453125
69.98039245605469
78.25
68.67888641357422
72.72277069091797
75.16133880615234
52.06663131713867
74.492431640625
72.3529052734375
69.75787353515625
79.1019058227539
71.39005279541016
77.64724731445312
79.57872772216797
41.72981262207031
78.72500610351562
76.38531494140625
71.12689208984375
79.71715545654297
71.83419036865234
78.557861328125
81.31932830810547
47.04438400268555
81.62837219238281
79.2447738647461
73.7533950805664
81.59751892089844
73.53617858886719
77.95528411865234
79.8989028930664
35.381614685058594
78.71588897705078
75.4650650024414
69.70855712890625
77.63329315185547
69.70471954345703
76.25211334228516
79.17518615722656
53.12268829345703
80.53022003173828
78.31333923339844
72.53910827636719
78.94673156738281
69.20865631103516
71.0191650390625
70.18492126464844
45.74925231933594
62.00069046020508
61.5086669921875
59.896484375
68.99588775634766
63.96531677246094
72.05609893798828
75.40612030029297
45.24760437011719
76.87139892578125
75.2838363647461
70.12613677978516
78.59930419921875
69.86561584472656
76.29573059082031
78.38720703125
42.096736907958984
77.33472442626953
73.61627197265625
66.28638458251953
73.86328887939453
63.083988189697266
68.67578125
71.32323455810547
54.45332717895508
71.44930267333984
69.38885498046875
63.95438003540039
73.43743133544922
