65.12517547607422
72.12751007080078
75.2550048828125
46.771636962890625
78.16935729980469
76.9273452758789
70.99534606933594
81.80865478515625
73.4480209350586
79.75064086914062
81.50312805175781
44.26533126831055
77.93297576904297
74.10647583007812
66.81633758544922
73.48485565185547
64.40787506103516
64.90673828125
65.78680419921875
51.55369567871094
61.88697052001953
60.90065002441406
55.912841796875
64.75726318359375
53.83897399902344
67.89112854003906
72.55704498291016
55.33982467651367
75.34398651123047
73.37215423583984
68.45893096923828
73.84261322021484
64.62606811523438
66.77823638916016
68.26107025146484
46.313751220703125
66.17207336425781
61.20982360839844
48.56402587890625
57.30437088012695
47.927608489990234
58.529056549072266
62.7796516418457
55.344974517822266
55.10185241699219
57.05706024169922
54.0950813293457
63.639442443847656
56.7157096862793
61.209598541259766
63.90921401977539
50.59986114501953
66.84848022460938
66.05839538574219
60.291812896728516
68.47940063476562
53.783836364746094
67.37232971191406
68.01329040527344
38.4769172668457
71.07872772216797
67.4817886352539
59.607948303222656
70.99166107177734
60.05765914916992
69.5931396484375
71.66267395019531
44.893287658691406
72.40231323242188
70.2237777709961
66.19237518310547
75.35909271240234
66.50244903564453
73.95265197753906
76.8421630859375
51.887542724609375
78.2218017578125
76.02079772949219
72.51290130615234
81.94113159179688
74.98235321044922
81.21221160888672
84.74263763427734
52.003623962402344
86.92456817626953
85.03917694091797
79.09785461425781
86.85922241210938
77.4554214477539
81.65959167480469
83.32894134521484
45.15684127807617
81.69522094726562
79.01139068603516
72.29411315917969
80.83493041992188
71.82618713378906
77.43120574951172
79.5290298461914
46.44436264038086
78.82252502441406
76.36091613769531
70.8504409790039
79.72528076171875
70.82330322265625
77.24916076660156
79.09435272216797
47.40018844604492
78.32278442382812
74.81292724609375
68.401611328125
72.94451904296875
60.87013626098633
64.08720397949219
70.34442138671875
52.16379928588867
73.85315704345703
71.21166229248047
68.62361145019531
76.86767578125
69.70804595947266
74.90252685546875
77.47596740722656
53.07651901245117
78.04998016357422
75.6932373046875
70.62103271484375
78.77997589111328
69.65540313720703
74.8519515991211
78.69761657714844
53.39673614501953
80.73115539550781
79.26668548583984
74.88353729248047
84.11994171142578
77.1790542602539
83.04203033447266
86.3150634765625
43.096927642822266
88.14838409423828
86.68336486816406
81.86372375488281
90.13471984863281
81.14862823486328
84.94343566894531
85.4311294555664
49.33652114868164
82.58109283447266
79.6920166015625
73.80379486083984
80.98596954345703
71.57674407958984
76.0184326171875
77.7540283203125
38.936431884765625
77.7016830444336
75.09255981445312
69.53209686279297
78.03337097167969
68.60935974121094
75.4474105834961
77.77862548828125
49.472618103027344
78.64247131347656
76.98601531982422
71.6186752319336
81.1656265258789
73.59393310546875
80.27650451660156
83.68942260742188
41.9670524597168
86.05316925048828
85.06021118164062
81.0722427368164
90.69866180419922
83.28160858154297
88.96147918701172
91.17674255371094
46.04046630859375
90.59454345703125
87.99308013916016
82.63922119140625
90.69760131835938
82.00257873535156
87.15457916259766
89.2151107788086
55.33861541748047
88.84796142578125
86.41716766357422
81.06155395507812
89.11750793457031
80.4235610961914
86.00276947021484
88.24029541015625
47.0449104309082
88.11170196533203
85.83550262451172
80.59939575195312
88.88284301757812
80.43981170654297
85.94522857666016
88.49308013916016
52.002540588378906
88.496826171875
86.44607543945312
81.50147247314453
89.75494384765625
81.76155090332031
87.12641143798828
89.6496810913086
48.705299377441406
90.31061553955078
88.12256622314453
83.119384765625
91.80609893798828
83.92957305908203
89.531982421875
92.28739166259766
54.66548156738281
93.4523696899414
91.68921661376953
86.91267395019531
95.65550994873047
87.4444351196289
93.22636413574219
95.4031982421875
58.14875411987305
94.49622344970703
91.38570404052734
85.30152130126953
92.84872436523438
83.05966186523438
87.97526550292969
89.37149047851562
46.38167190551758
87.70899200439453
84.67979431152344
78.89289855957031
86.36080169677734
77.2131118774414
81.8111572265625
83.50836181640625
49.98454666137695
82.59772491455078
79.7410659790039
73.68070983886719
82.16878509521484
73.76481628417969
78.96810150146484
80.67259979248047
42.785770416259766
80.50263214111328
77.68696594238281
71.37906646728516
79.38844299316406
70.43093872070312
76.20185852050781
77.89949798583984
40.81365966796875
77.72602844238281
75.57373809814453
69.97735595703125
78.14484405517578
69.85962677001953
75.38044738769531
78.04662322998047
47.674591064453125
79.41883850097656
78.15966033935547
73.4769515991211
82.49098205566406
74.48577880859375
80.13640594482422
82.42793273925781
45.909481048583984
83.03704833984375
80.55110931396484
75.88224029541016
84.553955078125
76.62066650390625
81.78251647949219
84.56764221191406
50.99778747558594
84.79639434814453
82.55318450927734
77.6352767944336
86.71854400634766
78.71935272216797
84.80998229980469
87.73165130615234
52.073848724365234
88.07557678222656
86.23126983642578
81.12486267089844
90.22068786621094
82.09359741210938
87.84754943847656
89.9765625
51.43406295776367
88.54222106933594
85.48005676269531
79.23615264892578
86.83584594726562
78.15338897705078
82.58890533447266
84.20160675048828
37.00270080566406
82.9814682006836
80.18968963623047
74.41680908203125
82.04025268554688
72.76156616210938
77.56378936767578
79.88078308105469
45.73478698730469
78.98211669921875
76.2547607421875
70.06465148925781
78.78343200683594
69.60501098632812
75.02962493896484
77.28459167480469
48.58892822265625
76.68364715576172
74.67273712158203
68.54585266113281
76.87783813476562
68.53678131103516
74.07589721679688
75.46186065673828
45.04138946533203
74.34075164794922
70.10993194580078
63.93671798706055
72.16808319091797
63.453861236572266
68.5534439086914
71.9650650024414
31.061586380004883
71.4540023803711
69.68742370605469
62.786319732666016
72.35016632080078
64.67603302001953
69.69486236572266
72.42792510986328
49.00275802612305
72.14746856689453
70.05016326904297
66.60647583007812
74.55108642578125
66.47038269042969
72.4591064453125
74.51663970947266
42.14603042602539
76.1371841430664
74.03128051757812
69.98564910888672
78.50424194335938
70.77757263183594
76.29817962646484
79.56864929199219
52.69797134399414
80.85334777832031
79.29525756835938
74.69200134277344
83.71363067626953
75.7946548461914
81.94967651367188
85.03018188476562
50.81087112426758
87.3209457397461
85.6251449584961
80.72675323486328
88.44409942626953
79.38475799560547
83.98162841796875
85.38055419921875
45.99989318847656
84.40555572509766
81.73928833007812
76.22904968261719
84.2034683227539
75.57855224609375
80.47111511230469
81.95716857910156
48.75234603881836
80.60086059570312
76.89619445800781
70.40555572509766
78.1821517944336
69.1917495727539
73.2831802368164
75.15406799316406
45.98442840576172
74.5499496459961
72.56869506835938
68.1724853515625
76.49943542480469
69.69125366210938
75.37554931640625
78.3357925415039
51.259822845458984
79.20556640625
76.44842529296875
70.38176727294922
79.43120574951172
70.93972778320312
75.84668731689453
78.27819061279297
45.34550857543945
77.85315704345703
74.62579345703125
69.57246398925781
77.72789764404297
68.82416534423828
74.54119110107422
76.8456039428711
49.614994049072266
77.435791015625
75.73092651367188
71.59878540039062
79.4403305053711
71.96582794189453
76.50213623046875
78.80957794189453
42.79964065551758
78.53203582763672
76.1381607055664
71.4017333984375
79.65807342529297
71.13322448730469
76.56941986083984
78.51242065429688
41.65408706665039
78.63438415527344
76.83148193359375
70.9145278930664
79.96466827392578
71.48593139648438
76.99430084228516
79.67595672607422
49.173099517822266
80.28802490234375
77.76506042480469
72.16830444335938
81.01436614990234
72.66719818115234
78.88267517089844
81.3745346069336
42.61616134643555
81.63433074951172
79.81060791015625
74.75592803955078
83.17960357666016
75.10014343261719
80.91600036621094
83.68194580078125
38.749210357666016
84.2778091430664
82.4405288696289
77.68152618408203
86.48001861572266
78.55924224853516
84.2321548461914
87.03331756591797
46.28055953979492
87.3231201171875
85.02339172363281
79.15764617919922
87.41532135009766
78.49847412109375
82.8191909790039
84.70004272460938
44.642051696777344
84.26897430419922
82.28557586669922
77.31206512451172
86.06910705566406
78.26307678222656
84.56401062011719
87.86956024169922
44.3531608581543
88.97957611083984
86.60790252685547
81.17802429199219
88.98477172851562
79.87828063964844
84.86380767822266
86.46355438232422
36.98710632324219
85.16159057617188
81.89550018310547
76.18718719482422
84.05253601074219
75.0160903930664
79.8088607788086
81.67594909667969
44.16887664794922
80.26414489746094
77.34829711914062
71.73841857910156
79.58984375
70.8830337524414
74.98783111572266
76.64681243896484
37.80919647216797
75.30481719970703
72.76398468017578
68.94074249267578
78.75959014892578
72.01176452636719
79.16441345214844
82.02535247802734
48.445892333984375
82.44020080566406
80.03228759765625
74.45597839355469
82.0842514038086
73.20447540283203
78.32746887207031
80.65413665771484
52.14757537841797
80.19315338134766
77.97306823730469
71.71444702148438
80.3431625366211
72.2877197265625
77.33294677734375
79.72736358642578
36.29169845581055
79.25495910644531
76.00150299072266
70.9683609008789
79.04132080078125
70.09130096435547
75.6623306274414
77.5850830078125
41.831302642822266
78.67444610595703
77.04296875
72.25882720947266
80.870361328125
72.1668930053711
78.13764953613281
80.39556121826172
38.86767578125
80.16716766357422
78.09456634521484
73.41667938232422
81.610107421875
73.5698013305664
78.74922943115234
81.63424682617188
51.249752044677734
82.0936050415039
80.05699920654297
74.65241241455078
83.31867218017578
75.64348602294922
81.01974487304688
83.75428771972656
48.52726745605469
84.65303802490234
82.58806610107422
77.56396484375
86.35893249511719
78.09928894042969
83.97175598144531
86.33866119384766
51.94544982910156
85.74698638916016
82.5551986694336
76.11615753173828
83.35653686523438
