65.6667251586914
71.99417114257812
74.79351043701172
54.79884719848633
77.412109375
76.305419921875
70.3444595336914
80.89112854003906
75.00570678710938
80.10717010498047
83.16703796386719
48.12882614135742
80.79480743408203
77.69745635986328
69.88145446777344
75.67704772949219
65.70962524414062
69.40997314453125
70.16134643554688
41.6748161315918
65.3603515625
59.5087890625
53.90958786010742
56.78235626220703
52.300682067871094
63.259761810302734
69.46206665039062
50.6181526184082
72.91674041748047
72.67872619628906
64.71780395507812
73.50765228271484
64.3065185546875
67.27432250976562
68.4838638305664
55.533538818359375
66.18550872802734
64.69340515136719
53.66192626953125
62.97020721435547
55.71867370605469
57.902156829833984
60.25027847290039
43.49009704589844
62.96760559082031
60.08673095703125
49.45103454589844
63.324405670166016
57.942832946777344
60.353755950927734
64.08783721923828
53.9467887878418
64.74238586425781
62.4879264831543
60.60935974121094
67.9714126586914
59.70903778076172
65.26465606689453
67.65509033203125
50.652645111083984
66.4041748046875
66.62039184570312
63.09740447998047
66.67420959472656
60.01927947998047
67.22164916992188
68.7917251586914
50.5777587890625
70.27750396728516
70.03992462158203
63.86567687988281
70.5093765258789
64.55412292480469
69.83895111083984
73.3537826538086
54.92201614379883
74.86479187011719
72.96481323242188
68.73259735107422
77.43016815185547
70.80066680908203
75.72148895263672
79.85879516601562
51.66872024536133
81.38414764404297
80.04805755615234
75.09837341308594
85.11624908447266
77.89693450927734
82.72173309326172
84.84806060791016
59.49928283691406
83.3233413696289
80.42781066894531
73.40963745117188
81.11865997314453
72.85992431640625
76.53375244140625
78.95052337646484
61.11497497558594
78.70118713378906
75.57266235351562
74.51421356201172
80.83565521240234
72.53215789794922
71.27719116210938
67.30897521972656
66.98381805419922
73.09113311767578
73.30097198486328
51.826534271240234
71.61270904541016
65.57957458496094
74.87940979003906
76.05297088623047
65.67350769042969
77.64045715332031
76.30596923828125
66.78569030761719
77.72480010986328
69.79978942871094
75.44917297363281
78.4690933227539
63.309600830078125
81.48712921142578
79.39905548095703
72.35469055175781
81.90387725830078
75.14937591552734
79.24864196777344
81.94097900390625
57.836875915527344
83.78271484375
81.32564544677734
76.26952362060547
85.53885650634766
78.18020629882812
83.6173324584961
87.19915771484375
56.866458892822266
90.24886322021484
89.16790008544922
83.78912353515625
91.86682891845703
82.92735290527344
88.33963775634766
89.75704956054688
71.89460754394531
86.1181411743164
80.39385223388672
72.44668579101562
81.69645690917969
71.22645568847656
83.97659301757812
85.90645599365234
74.58736419677734
90.43555450439453
87.15919494628906
86.57268524169922
91.85526275634766
81.1024169921875
87.19715118408203
87.06623840332031
70.1113052368164
84.28733825683594
80.97552490234375
71.74964904785156
79.45142364501953
70.52519989013672
71.49530029296875
74.46595764160156
66.70156860351562
66.28338623046875
66.84774780273438
61.30971145629883
72.59737396240234
64.59880828857422
70.91728973388672
72.79105377197266
61.93014144897461
74.91773986816406
75.4718017578125
71.88007354736328
81.64625549316406
75.65995788574219
79.27371978759766
82.97885131835938
63.43319320678711
83.3936767578125
81.19302368164062
76.55474090576172
84.72149658203125
76.85697174072266
82.58744812011719
85.17488861083984
64.656005859375
85.83301544189453
83.58894348144531
79.27827453613281
87.51189422607422
79.28606414794922
85.46238708496094
87.9052505493164
69.24942016601562
89.0726318359375
87.08749389648438
83.6078109741211
91.68778991699219
83.3615493774414
90.72647094726562
92.82368469238281
75.50422668457031
94.2210922241211
90.15701293945312
87.44856262207031
92.89656066894531
82.2275619506836
88.26775360107422
89.00419616699219
60.18242263793945
87.23749542236328
83.55865478515625
78.02593231201172
84.98307800292969
76.11192321777344
80.16114807128906
81.4422607421875
53.2027473449707
80.46663665771484
76.832763671875
71.87151336669922
79.20753479003906
70.83123016357422
74.79657745361328
77.79444122314453
53.21485900878906
76.42427825927734
73.82393646240234
68.81302642822266
76.32190704345703
68.03205871582031
72.87698364257812
74.86772918701172
45.005191802978516
74.4527587890625
71.0530776977539
65.66069793701172
74.8831558227539
66.72991180419922
71.8519287109375
73.62411499023438
52.55830764770508
73.406005859375
71.27139282226562
66.70478057861328
74.1739501953125
65.97473907470703
70.18543243408203
72.86876678466797
48.099037170410156
72.55418395996094
68.48017883300781
61.88596725463867
71.13928985595703
64.00572967529297
68.70677947998047
70.55436706542969
41.73185729980469
68.90376281738281
64.90834045410156
63.58253479003906
71.20865631103516
63.22309875488281
72.91464233398438
75.08574676513672
60.857933044433594
74.1733627319336
67.50445556640625
65.97503662109375
66.8281021118164
61.12932205200195
57.90366744995117
67.54521179199219
51.14381408691406
71.99553680419922
73.2342300415039
68.65776062011719
80.3341293334961
73.25796508789062
79.2561264038086
82.0293960571289
61.84532928466797
83.72217559814453
82.16893768310547
77.83009338378906
87.21651458740234
79.56237030029297
86.34427642822266
89.33140563964844
63.376094818115234
90.48456573486328
87.7953872680664
82.92564392089844
90.21188354492188
80.58143615722656
85.78954315185547
87.15208435058594
52.913818359375
85.56763458251953
82.45279693603516
77.33251190185547
84.58043670654297
75.54852294921875
80.34550476074219
82.25768280029297
47.275516510009766
81.52555847167969
78.50938415527344
74.20050811767578
81.96097564697266
73.0267562866211
78.79975891113281
80.46806335449219
48.519676208496094
80.31544494628906
77.7093734741211
73.56256103515625
82.28692626953125
73.85912322998047
78.93712615966797
81.56910705566406
55.26064682006836
81.90434265136719
79.74188232421875
75.4489517211914
84.59886169433594
76.66239166259766
83.43203735351562
86.03280639648438
57.557674407958984
87.74420166015625
85.0772476196289
80.231689453125
86.44547271728516
76.87937927246094
79.7063980102539
80.61054992675781
52.28795623779297
77.37653350830078
73.86181640625
66.58341979980469
73.61351013183594
64.27584838867188
69.24891662597656
70.49369812011719
48.784908294677734
67.17304229736328
64.3197021484375
54.3614501953125
69.13660430908203
63.13793182373047
66.42546081542969
71.13480377197266
44.31032180786133
73.27224731445312
70.46388244628906
70.0934829711914
75.71192932128906
69.52287292480469
74.44347381591797
76.61769104003906
58.47985076904297
76.73247528076172
74.26822662353516
67.7408218383789
77.07118225097656
69.29844665527344
74.85503387451172
77.7428207397461
57.91632843017578
79.88184356689453
78.68091583251953
74.75840759277344
84.64462280273438
77.16960906982422
84.55144500732422
87.31671142578125
62.97864532470703
88.24921417236328
85.07966613769531
79.69116973876953
87.01191711425781
77.98812103271484
83.2514877319336
84.74088287353516
54.755794525146484
83.84415435791016
80.51167297363281
76.17102813720703
82.82221221923828
73.23600006103516
78.01416778564453
79.39791107177734
41.869380950927734
79.24298858642578
76.70672607421875
70.78559112548828
79.75601959228516
70.88134002685547
76.27754974365234
78.95392608642578
49.96427536010742
78.6216049194336
76.19793701171875
70.83257293701172
79.46910858154297
70.56482696533203
75.84849548339844
76.63087463378906
51.86927032470703
72.92481231689453
71.52870178222656
62.0768928527832
74.11295318603516
70.70970916748047
75.71195220947266
79.5377197265625
59.19000244140625
81.56716918945312
78.64754486083984
73.63346099853516
82.28714752197266
73.51339721679688
79.10547637939453
80.94422912597656
52.08993148803711
81.0662612915039
78.58827209472656
73.30743408203125
81.95457458496094
74.06179809570312
79.33447265625
81.41779327392578
51.92076873779297
81.72329711914062
80.03630065917969
74.48137664794922
83.09028625488281
74.66683959960938
80.73023223876953
83.07232666015625
49.567386627197266
83.88804626464844
81.65982818603516
76.64562225341797
85.6109619140625
77.17906188964844
83.28253936767578
85.90471649169922
56.82123947143555
86.68370819091797
84.11634063720703
79.35044860839844
86.8378677368164
77.21549224853516
83.4854736328125
85.34555053710938
52.92245101928711
86.34178161621094
84.74295806884766
80.42103576660156
89.5618667602539
81.85096740722656
88.17472076416016
90.9467544555664
50.62112808227539
91.82481384277344
89.5999984741211
84.0979995727539
91.9974365234375
83.02287292480469
88.00877380371094
89.57681274414062
53.78036117553711
88.16555786132812
85.12507629394531
79.28717803955078
86.98450469970703
78.16849517822266
83.15352630615234
85.26590728759766
55.18009948730469
85.11544036865234
82.7030258178711
77.0016098022461
84.7024917602539
76.14885711669922
80.94418334960938
82.7056655883789
56.26243591308594
82.02837371826172
79.14305114746094
72.86503601074219
81.32270812988281
72.58284759521484
76.99423217773438
77.5914535522461
54.17856216430664
77.92515563964844
76.67816162109375
71.97085571289062
80.9178695678711
71.81851959228516
78.3091049194336
80.27338409423828
52.82710647583008
79.94339752197266
77.41177368164062
72.48139190673828
81.46588134765625
73.96376037597656
80.33246612548828
83.10086822509766
53.4730339050293
83.6797866821289
81.11012268066406
76.8488540649414
84.0495834350586
74.93728637695312
81.11658477783203
82.13720703125
57.75656509399414
80.01289367675781
76.1004638671875
71.13505554199219
78.7042236328125
70.09072875976562
76.48046875
79.4765625
29.84197998046875
80.08236694335938
76.86431121826172
70.9490966796875
76.86654663085938
65.36842346191406
70.77820587158203
71.5308609008789
43.8360710144043
72.68685150146484
69.98487091064453
65.6711654663086
76.54731750488281
70.23792266845703
77.06684112548828
80.40328216552734
51.65005111694336
81.94002532958984
79.68938446044922
75.2038803100586
82.72608184814453
73.19017028808594
78.09080505371094
78.65705871582031
53.084590911865234
74.72757720947266
71.80000305175781
65.34749603271484
74.4495849609375
65.12403106689453
71.1917953491211
74.1076431274414
51.69733810424805
74.7124252319336
72.83769989013672
67.04694366455078
76.65941619873047
