68.27716064453125
66.09619903564453
69.44744110107422
66.71623992919922
69.7651138305664
71.06658172607422
73.47677612304688
73.95050048828125
75.9072265625
75.60494232177734
74.78785705566406
73.2258071899414
71.88418579101562
69.90121459960938
67.26354217529297
65.34706115722656
65.0855712890625
63.47002410888672
57.67119598388672
61.153465270996094
50.809165954589844
45.641632080078125
52.296661376953125
58.100284576416016
58.384742736816406
61.036136627197266
66.28398895263672
66.79034423828125
68.80632019042969
65.73351287841797
67.9180908203125
64.06819915771484
63.278865814208984
58.90749740600586
61.15361785888672
59.469337463378906
56.421226501464844
60.03574752807617
54.13837432861328
56.837562561035156
40.53398132324219
53.45672607421875
35.95559310913086
59.03165817260742
48.11619567871094
57.0914421081543
52.36702346801758
55.987091064453125
48.69583511352539
57.13093566894531
55.130638122558594
58.736759185791016
58.57326126098633
58.51527786254883
59.281620025634766
58.62838363647461
61.46327590942383
55.10321807861328
62.885623931884766
56.773033142089844
60.434356689453125
57.96147537231445
59.50755310058594
62.882652282714844
60.72673034667969
63.41455078125
59.19930648803711
63.11719512939453
63.39112091064453
64.07088470458984
60.509403228759766
64.99813842773438
65.73139190673828
66.74857330322266
66.94705200195312
67.24919128417969
68.77674102783203
68.78103637695312
70.59870147705078
69.94806671142578
72.11802673339844
73.02033996582031
74.2048568725586
75.58279418945312
75.71598052978516
77.88856506347656
77.92893981933594
78.84486389160156
77.77667999267578
78.01839447021484
76.01625061035156
75.94214630126953
74.12166595458984
74.12421417236328
72.69718170166016
72.93425750732422
72.2503662109375
70.82640075683594
69.72103118896484
70.98355102539062
71.07038116455078
69.73133850097656
70.52574157714844
69.41343688964844
70.09480285644531
68.12129974365234
68.14955139160156
64.7244644165039
64.0782699584961
64.00015258789062
65.43680572509766
64.17046356201172
66.8956298828125
67.39655303955078
68.91966247558594
68.84078979492188
69.61886596679688
69.0572509765625
70.6968765258789
70.72576904296875
70.98367309570312
71.58325958251953
71.96526336669922
72.7702407836914
72.2811508178711
73.10832977294922
73.37271118164062
74.14950561523438
74.43022918701172
74.59334564208984
75.0877685546875
75.41952514648438
75.82503509521484
76.23416900634766
76.97423553466797
76.949951171875
78.05413055419922
78.35942077636719
79.49552154541016
80.39247131347656
81.2904281616211
81.99742126464844
82.35388946533203
81.67198181152344
81.8348159790039
80.8536605834961
81.176025390625
78.4038314819336
76.27052307128906
67.22159576416016
70.64744567871094
72.84785461425781
77.05722045898438
77.88304138183594
81.0743637084961
81.65512084960938
84.54533386230469
85.42730712890625
87.48295593261719
88.58875274658203
89.44068145751953
89.50877380371094
89.09689331054688
88.17068481445312
86.87812042236328
85.3078842163086
83.4670181274414
81.71288299560547
79.60224914550781
77.9918441772461
75.28955078125
73.90190124511719
71.39563751220703
69.92666625976562
68.97180938720703
67.94457244873047
68.88238525390625
68.33049011230469
69.89862060546875
69.39277648925781
71.04444885253906
71.33435821533203
72.73736572265625
73.98367309570312
74.42716979980469
75.9232406616211
75.77581787109375
76.8412857055664
76.87769317626953
77.3923110961914
78.11588287353516
78.28092193603516
78.5872573852539
79.04705810546875
79.54409790039062
79.51293182373047
80.186767578125
80.46917724609375
80.8669204711914
81.13922882080078
81.86077117919922
82.01258850097656
82.66289520263672
83.34772491455078
83.504150390625
84.43264770507812
85.08474731445312
85.84602355957031
86.41159057617188
87.1978530883789
87.53778076171875
87.8795166015625
87.7324447631836
87.33594512939453
86.60371398925781
85.35026550292969
84.2544174194336
83.40554809570312
82.43012237548828
80.9738540649414
80.19847869873047
79.05128479003906
78.33570861816406
77.71436309814453
77.14879608154297
75.82183837890625
75.55139923095703
74.69232177734375
74.6303939819336
73.88603210449219
73.26861572265625
72.0611801147461
71.43595123291016
71.34071350097656
69.85359191894531
70.68334197998047
69.6804428100586
69.31449890136719
70.08883666992188
68.69717407226562
68.994873046875
68.26132202148438
68.90570831298828
67.25052642822266
68.2823257446289
66.75653076171875
66.78837585449219
67.12371063232422
67.09300231933594
67.10149383544922
66.53303527832031
66.25712585449219
66.4522476196289
67.50860595703125
65.89460754394531
66.89640045166016
65.54348754882812
66.0812759399414
66.11011505126953
64.34827423095703
65.87750244140625
64.0938720703125
64.86421203613281
64.34423828125
63.306644439697266
61.791725158691406
63.3905029296875
63.253421783447266
61.15289306640625
62.03057861328125
59.194618225097656
65.08866882324219
65.56315612792969
66.94447326660156
70.22959899902344
70.02015686035156
71.06926727294922
71.76873016357422
72.04702758789062
71.80799865722656
71.19032287597656
70.51302337646484
70.43681335449219
70.75997161865234
72.2922134399414
71.72654724121094
72.9745864868164
73.82035827636719
74.90103912353516
75.8583984375
75.4437484741211
77.07768249511719
77.51605224609375
78.16024780273438
79.00547790527344
79.34220886230469
79.9574203491211
80.42031860351562
80.35700225830078
80.02767181396484
79.69158935546875
79.07190704345703
79.44367218017578
79.39266967773438
79.57662200927734
79.22796630859375
78.91151428222656
77.9068374633789
77.74191284179688
76.98550415039062
76.28688049316406
76.49219512939453
76.2008056640625
75.6297378540039
75.16900634765625
75.17984771728516
74.50926971435547
74.17667388916016
74.17777252197266
74.55435943603516
74.208251953125
74.05974578857422
73.88397216796875
74.0201644897461
73.88932037353516
74.02117156982422
74.26703643798828
74.19561767578125
74.56124114990234
74.7881851196289
75.54804229736328
75.76171875
76.28581237792969
76.45172882080078
76.81439971923828
77.66007995605469
78.02442169189453
78.9830551147461
79.6219253540039
81.15176391601562
81.33028411865234
82.32205963134766
81.83417510986328
81.41521453857422
79.86217498779297
78.31598663330078
76.63551330566406
75.2226333618164
74.09276580810547
71.8544921875
71.85945129394531
70.23782348632812
69.36258697509766
66.97105407714844
66.17339324951172
65.64979553222656
63.374935150146484
63.45083999633789
62.34680938720703
63.20651626586914
56.13064193725586
59.17518997192383
54.20952224731445
57.92973327636719
56.04462432861328
53.30881881713867
62.10490417480469
59.34527587890625
62.50275421142578
62.738525390625
65.04911804199219
66.8176498413086
64.97920989990234
69.14067840576172
67.78337097167969
70.06214904785156
69.51112365722656
69.54116821289062
68.49469757080078
70.35234069824219
71.36893463134766
71.54127502441406
73.37680053710938
74.45430755615234
76.08689880371094
77.20072937011719
78.36589050292969
79.62818908691406
80.51618194580078
81.04914093017578
81.24292755126953
80.93547058105469
80.41439819335938
79.98552703857422
79.18655395507812
78.71177673339844
78.08650970458984
77.78451538085938
77.22393798828125
77.03641510009766
76.65042877197266
76.42274475097656
76.0487289428711
75.55191040039062
75.38860321044922
74.94075775146484
74.30257415771484
74.2071533203125
74.10940551757812
73.02520751953125
73.71260070800781
73.05550384521484
74.24696350097656
73.60809326171875
73.02610778808594
73.40856170654297
73.55238342285156
74.05230712890625
73.01072692871094
73.3003158569336
71.75775909423828
71.0068130493164
69.3356704711914
69.39906311035156
67.46539306640625
67.44174194335938
68.94355010986328
66.60999298095703
69.30133819580078
69.22283172607422
71.96066284179688
73.138671875
73.4050521850586
74.33379364013672
73.98208618164062
74.67031860351562
74.23092651367188
74.9774169921875
74.3562240600586
74.76362609863281
74.70050048828125
75.29113006591797
74.82620239257812
74.8206558227539
75.09455108642578
74.40815734863281
74.16241455078125
74.16155242919922
74.37515258789062
74.30696105957031
74.56745910644531
74.99051666259766
75.12728881835938
75.93563079833984
75.97551727294922
76.44952392578125
76.46117401123047
77.33930969238281
77.00650024414062
77.943359375
78.22209167480469
78.32223510742188
78.6206283569336
78.5499267578125
79.06874084472656
79.04956817626953
79.36993408203125
79.52507781982422
80.01734924316406
80.2294921875
81.29888916015625
81.86620330810547
82.63191223144531
83.67291259765625
84.13557434082031
84.97286224365234
85.32987213134766
85.65594482421875
85.33596801757812
85.0201644897461
84.53245544433594
83.95943450927734
83.0374755859375
82.25572204589844
81.1673583984375
79.97672271728516
79.03866577148438
78.05714416503906
76.96979522705078
76.48271942138672
76.27303314208984
75.75007629394531
76.10884857177734
76.04315948486328
76.47482299804688
76.00470733642578
75.85791778564453
75.26099395751953
74.91083526611328
74.01138305664062
73.62019348144531
72.67884063720703
71.99517822265625
71.67488098144531
70.84982299804688
70.36007690429688
69.56795501708984
67.67227935791016
69.00090026855469
70.50837707519531
72.47008514404297
73.34481048583984
73.8975830078125
74.07384490966797
73.62769317626953
74.10475158691406
72.96353149414062
73.62812042236328
73.49443054199219
73.9804916381836
74.74436950683594
76.13629150390625
75.99980926513672
76.68911743164062
76.52268981933594
75.92433166503906
76.08442687988281
75.48502349853516
75.7398910522461
74.47476959228516
74.76964569091797
74.33023834228516
74.33265686035156
72.99252319335938
73.03971099853516
72.77328491210938
73.31451416015625
74.24229431152344
73.8782730102539
75.6081771850586
75.4677963256836
75.80551147460938
74.47525024414062
73.541015625
70.96084594726562
67.86014556884766
64.26497650146484
62.6782341003418
60.633453369140625
57.315269470214844
62.20645523071289
64.40467834472656
67.69699096679688
69.90524291992188
71.05709075927734
72.01885986328125
71.86337280273438
72.98636627197266
72.52974700927734
73.5204849243164
73.24903869628906
73.54798126220703
73.33981323242188
73.62228393554688
72.7741928100586
71.7646484375
71.11249542236328
69.28563690185547
68.48194885253906
65.8925552368164
66.76866149902344
66.66970825195312
67.02371978759766
66.2333984375
67.59011840820312
68.5263671875
