70.4708023071289
61.52219009399414
72.7413558959961
66.2335433959961
70.99949645996094
74.57203674316406
68.6771469116211
76.27021789550781
74.07449340820312
75.644775390625
77.20223999023438
71.74345397949219
76.19734954833984
70.00636291503906
72.06702423095703
71.36592102050781
61.85041427612305
70.77925109863281
62.079307556152344
66.58660888671875
67.457275390625
63.35873031616211
66.55282592773438
62.867557525634766
67.33802795410156
61.755184173583984
68.7298812866211
66.53034973144531
68.09369659423828
73.05744171142578
65.62193298339844
73.26091003417969
61.55521774291992
71.51387023925781
68.86029052734375
64.18083190917969
70.3332748413086
61.10628890991211
67.53385162353516
66.78137969970703
61.908897399902344
67.96646118164062
63.41511917114258
66.41796112060547
66.5928726196289
65.35316467285156
67.13050842285156
62.042327880859375
67.51333618164062
64.29749298095703
66.4533462524414
68.72871398925781
59.6585578918457
68.3647232055664
66.99230194091797
64.45035552978516
70.60974884033203
58.69221115112305
68.77175903320312
69.46200561523438
56.82354736328125
71.32041931152344
65.72193145751953
66.66950225830078
71.49342346191406
58.786678314208984
70.33673858642578
71.07453155517578
59.18896484375
73.52632904052734
69.44925689697266
70.00991821289062
74.79042053222656
67.76705932617188
74.91203308105469
75.77425384521484
72.65977478027344
78.58235168457031
76.81884002685547
79.63735961914062
80.59447479248047
78.2437973022461
80.8651351928711
76.13087463378906
78.01885223388672
77.36978149414062
71.88643646240234
76.8691635131836
72.49445343017578
72.66024017333984
75.95052337646484
66.03083801269531
73.53712463378906
73.20813751220703
64.3285140991211
74.31322479248047
70.3856430053711
68.67565155029297
74.34219360351562
66.7021484375
72.67982482910156
74.20988464355469
66.42401123046875
75.17023468017578
73.08059692382812
70.18587493896484
76.39107513427734
70.33389282226562
74.88890075683594
76.55233001708984
70.2865982055664
77.68966674804688
75.10993957519531
75.68160247802734
78.36167907714844
72.56375885009766
77.82339477539062
77.20419311523438
75.33847045898438
79.2826156616211
74.81690216064453
78.1574935913086
75.91559600830078
72.27938079833984
75.26428985595703
63.72666549682617
71.51263427734375
68.93103790283203
62.5579833984375
68.3058090209961
67.22572326660156
65.26239013671875
65.8674087524414
71.55257415771484
55.2133903503418
71.94573211669922
72.09757995605469
65.91276550292969
75.61114501953125
70.71995544433594
75.31878662109375
77.41466522216797
74.42140197753906
79.66041564941406
75.33560943603516
77.81624603271484
77.3685531616211
74.46449279785156
78.71717071533203
72.33842468261719
76.65080261230469
72.26742553710938
70.88521575927734
73.36980438232422
52.59131622314453
72.0896224975586
65.9720687866211
68.98566436767578
70.36968994140625
58.678367614746094
72.29534912109375
65.32337951660156
70.39183044433594
72.67244720458984
58.11274337768555
73.50106811523438
71.53221893310547
69.91777801513672
76.4181900024414
72.33599853515625
77.05265045166016
78.71990203857422
77.17608642578125
81.9490966796875
81.7656478881836
83.79838562011719
85.2393798828125
83.96243286132812
85.53273010253906
82.8417739868164
83.39474487304688
81.47709655761719
77.55641174316406
79.65428161621094
75.64747619628906
75.58489990234375
78.84586334228516
74.31790924072266
78.20550537109375
78.39208221435547
75.04279327392578
79.45134735107422
77.5781021118164
77.35488891601562
80.39502716064453
76.34493255615234
79.48897552490234
79.47782135009766
76.33991241455078
80.83876037597656
78.55189514160156
79.01985168457031
81.43266296386719
78.0584487915039
81.10394287109375
80.75149536132812
79.30680847167969
82.56851196289062
80.83429718017578
81.64266204833984
83.318359375
81.42066192626953
84.22278594970703
83.72648620605469
83.9677734375
85.90614318847656
84.55484771728516
86.47163391113281
86.35556030273438
85.53529357910156
86.77823638916016
84.35267639160156
85.0634765625
84.08375549316406
81.77179718017578
83.05528259277344
79.4122085571289
79.96194458007812
80.01734161376953
74.82261657714844
78.9401626586914
76.2410659790039
74.05268859863281
77.65711975097656
71.64586639404297
74.85957336425781
75.49475860595703
66.69456481933594
74.79637145996094
71.70735931396484
68.3017807006836
74.64276885986328
67.19657897949219
70.4676284790039
73.40116119384766
60.7854118347168
73.5289077758789
71.71315002441406
65.0689468383789
73.15611267089844
65.67192077636719
69.57353973388672
72.57420349121094
54.001712799072266
71.62210083007812
70.58443450927734
60.23517608642578
71.96682739257812
66.77699279785156
66.78746795654297
70.81089782714844
60.28293991088867
68.48448944091797
70.02613067626953
59.866859436035156
68.5112533569336
70.62255096435547
56.57858657836914
73.68733215332031
73.61173248291016
73.5622329711914
78.31732177734375
73.42822265625
78.12450408935547
76.23863220214844
74.8751449584961
77.90564727783203
72.63704681396484
76.8436279296875
76.38545989990234
71.8735122680664
76.90939331054688
72.82347106933594
74.31970977783203
76.78791809082031
70.75928497314453
76.54219055175781
76.26559448242188
73.28011322021484
78.7616958618164
75.62742614746094
77.8212890625
79.44664764404297
76.05024719238281
80.59737396240234
79.54875946044922
79.95524597167969
82.49314880371094
80.65961456298828
83.47347259521484
82.67705535888672
82.53825378417969
83.62486267089844
80.88084411621094
82.51329040527344
80.40797424316406
79.23324584960938
80.60075378417969
76.42303466796875
79.04936981201172
77.48802947998047
74.82174682617188
78.33255004882812
73.77326965332031
75.564697265625
76.46223449707031
70.82929229736328
76.66107177734375
73.83349609375
71.7235336303711
76.14286804199219
70.12975311279297
74.50917053222656
75.0396499633789
69.47097778320312
76.07295227050781
73.43535614013672
72.31497955322266
76.7323989868164
71.2876968383789
75.76150512695312
76.47320556640625
72.55909729003906
78.51729583740234
76.41999053955078
77.82343292236328
80.5234603881836
78.35261535644531
82.02224731445312
81.00700378417969
81.43476867675781
81.2661361694336
77.25281524658203
79.40824890136719
74.56885528564453
74.40233612060547
75.07894134521484
64.58367156982422
73.78878021240234
70.55403137207031
65.01348114013672
72.09759521484375
64.21083068847656
66.48063659667969
70.13365173339844
54.19202423095703
66.90003204345703
67.9397964477539
58.21864700317383
68.38452911376953
66.23616790771484
61.689144134521484
68.24813842773438
66.25834655761719
62.51786804199219
67.90402221679688
63.55374526977539
66.040771484375
69.94596862792969
51.98503494262695
69.750732421875
68.53144073486328
59.36021423339844
70.57638549804688
65.91483306884766
66.8382339477539
71.20945739746094
62.24629211425781
71.2426528930664
72.03241729736328
65.01374816894531
73.78263092041016
69.68571472167969
70.70396423339844
74.39556121826172
66.68157958984375
74.087890625
75.08023834228516
72.6738510131836
78.04986572265625
75.69354248046875
77.92495727539062
79.0560531616211
76.21776580810547
79.10108184814453
76.06803131103516
76.49022674560547
77.37451171875
72.81438446044922
76.64247131347656
74.88152313232422
72.96259307861328
75.99342346191406
72.01885223388672
74.16676330566406
75.91167449951172
70.38214874267578
75.74137878417969
74.12068176269531
71.91564178466797
76.15953063964844
71.10171508789062
74.22431182861328
75.26436614990234
69.465576171875
75.08365631103516
73.54827117919922
71.40910339355469
75.28038024902344
71.51446533203125
73.30834197998047
75.52983856201172
70.38911437988281
75.92921447753906
74.97097778320312
73.42062377929688
77.05297088623047
73.53410339355469
76.63768005371094
77.1631851196289
74.12642669677734
77.80133056640625
75.7337646484375
76.37413024902344
77.56122589111328
71.32437133789062
74.65498352050781
72.05244445800781
65.40062713623047
72.59213256835938
69.249267578125
67.99456787109375
73.7957534790039
69.6380844116211
72.78076171875
74.74983215332031
70.135009765625
75.87517547607422
74.80244445800781
74.00123596191406
77.5529556274414
74.6568603515625
77.56871795654297
76.9714126586914
73.81957244873047
76.01746368408203
70.34873962402344
70.45143127441406
72.44617462158203
65.13856506347656
71.47547149658203
73.5368881225586
68.3783187866211
74.75926971435547
74.41673278808594
73.4276351928711
77.43608093261719
75.14918518066406
77.55377960205078
78.32931518554688
75.47807312011719
78.63156127929688
76.02195739746094
76.01162719726562
77.8857192993164
75.06262969970703
77.77483367919922
78.64974212646484
77.73301696777344
80.61944580078125
79.00267791748047
79.2287368774414
79.68417358398438
76.75334930419922
78.48812866210938
75.64522552490234
74.47972869873047
76.65959930419922
71.73979187011719
73.45488739013672
74.93511962890625
70.43617248535156
75.10059356689453
76.03286743164062
75.28871154785156
79.2857894897461
79.196044921875
80.33975219726562
82.11326599121094
80.6872329711914
82.44137573242188
81.3185043334961
80.87052917480469
81.69546508789062
79.25904846191406
80.59749603271484
80.10969543457031
78.38546752929688
80.10906219482422
78.40120697021484
78.6423110961914
79.45146942138672
77.35551452636719
79.50186920166016
78.66817474365234
77.91354370117188
79.87191772460938
77.34550476074219
78.36235046386719
77.36744689941406
74.04778289794922
76.8064956665039
74.8319320678711
74.91979217529297
77.2663345336914
74.48945617675781
76.75975799560547
76.91615295410156
74.70445251464844
77.2928466796875
73.95994567871094
74.48369598388672
73.88347625732422
68.050537109375
72.81143951416016
69.30390167236328
66.98977661132812
71.14724731445312
65.34053039550781
69.62550354003906
69.2416000366211
56.993927001953125
67.21810150146484
63.78908920288086
58.19577407836914
62.978580474853516
65.41677856445312
56.19099807739258
70.104736328125
70.7595443725586
69.8190689086914
73.97187042236328
70.560791015625
73.74868774414062
72.84093475341797
70.24405670166016
72.73867797851562
65.7320556640625
69.02562713623047
70.37996673583984
61.83668899536133
69.25306701660156
68.73129272460938
64.0810317993164
70.82186889648438
66.90220642089844
69.05147552490234
71.1406478881836
65.36328887939453
70.7016830444336
66.55711364746094
63.215858459472656
67.47775268554688
58.68665313720703
59.22260665893555
68.36181640625
