59.453922271728516
69.07876586914062
71.88750457763672
53.14447021484375
72.28946685791016
72.24658966064453
67.72492218017578
77.08552551269531
70.18505096435547
75.73783874511719
78.88813781738281
59.47456741333008
78.79354858398438
74.30123138427734
68.9946060180664
74.76231384277344
67.11361694335938
65.8055191040039
66.6717300415039
55.707603454589844
61.29496383666992
54.93428421020508
58.926849365234375
61.243263244628906
48.60451889038086
62.8261604309082
66.01189422607422
51.494346618652344
70.22168731689453
69.24488067626953
64.08574676513672
72.3187026977539
62.064632415771484
65.34510803222656
66.37239074707031
54.24703598022461
56.90445327758789
58.68668746948242
51.296810150146484
55.31303787231445
46.30532455444336
57.54945755004883
59.680076599121094
50.58303451538086
63.30113220214844
61.0843391418457
54.282867431640625
63.067317962646484
60.062904357910156
56.54320526123047
63.33449172973633
49.3194694519043
66.88201904296875
65.53425598144531
61.86260986328125
69.8573226928711
62.88266372680664
63.37422561645508
67.01802825927734
52.52357864379883
68.2638931274414
65.78961181640625
63.09236526489258
71.04240417480469
64.80413818359375
67.48724365234375
70.52569580078125
49.09806823730469
71.19586181640625
68.86834716796875
67.54157257080078
74.30915069580078
67.60686492919922
72.65812683105469
76.09696960449219
32.770877838134766
77.2006607055664
75.81439208984375
72.35186004638672
81.43325805664062
75.08834075927734
80.08123779296875
83.15858459472656
53.10946273803711
82.4129409790039
79.24805450439453
71.50237274169922
79.505859375
70.67716979980469
73.90665435791016
75.0298080444336
50.924278259277344
75.5970458984375
72.25164794921875
65.8685302734375
74.08773040771484
67.18744659423828
70.13154602050781
72.51318359375
52.68573760986328
74.59146881103516
71.99039459228516
67.62847900390625
75.84751892089844
68.27242279052734
72.05183410644531
75.0440444946289
54.34433364868164
75.62858581542969
73.95145416259766
69.79834747314453
77.92145538330078
71.05207061767578
75.06502532958984
77.75616455078125
50.872867584228516
77.05534362792969
74.87242126464844
71.39974212646484
79.37496185302734
71.18431091308594
77.8101806640625
80.85906219482422
47.016483306884766
81.94984436035156
80.42151641845703
75.51554870605469
83.52457427978516
72.9665756225586
79.79824829101562
79.3980941772461
61.1233024597168
77.09696197509766
72.2912368774414
66.95468139648438
74.25086212158203
67.55638122558594
70.94841766357422
75.04497528076172
51.29228591918945
76.55733489990234
75.84552001953125
70.40404510498047
81.1504898071289
74.99575805664062
80.54830169677734
83.43732452392578
64.65614318847656
84.4225845336914
80.99139404296875
77.78595733642578
84.76142120361328
77.07572937011719
81.05313110351562
84.07379150390625
64.72982025146484
84.60382080078125
82.74344635009766
80.54518127441406
88.86064147949219
81.0844497680664
88.57252502441406
91.81107330322266
59.70895767211914
93.30207824707031
91.35423278808594
86.53407287597656
94.30191040039062
85.06256866455078
90.82411193847656
92.39775848388672
55.531837463378906
91.60086822509766
88.83604431152344
82.86138916015625
91.08122253417969
82.59162139892578
87.45642852783203
89.34390258789062
57.231937408447266
88.65846252441406
86.01573944091797
80.29817962646484
88.76191711425781
80.51083374023438
85.45565032958984
87.98860931396484
58.539306640625
88.4885025024414
86.12750244140625
81.4872055053711
89.86555480957031
81.801513671875
87.16673278808594
89.89209747314453
58.09877014160156
90.4558334350586
88.46015167236328
84.27130126953125
92.631591796875
84.67401123046875
90.74726867675781
93.52716827392578
57.33198928833008
93.98187255859375
91.64790344238281
86.43380737304688
94.02969360351562
84.56631469726562
89.87114715576172
91.01036834716797
55.25849914550781
88.92231750488281
85.62141418457031
78.58467864990234
86.4231948852539
76.8253402709961
81.55049133300781
83.01553344726562
57.03014373779297
81.77515411376953
78.83260345458984
71.75005340576172
80.0544204711914
71.23046875
75.27677917480469
76.70035552978516
52.76180648803711
76.6102066040039
73.7033920288086
67.38639831542969
75.59820556640625
68.11112213134766
70.6836929321289
72.9582748413086
53.14330291748047
72.82809448242188
70.41490173339844
65.66704559326172
73.43336486816406
66.30289459228516
67.99671936035156
70.479248046875
52.73304748535156
70.64299774169922
66.85061645507812
63.105262756347656
71.53055572509766
64.8733139038086
66.2599868774414
69.00420379638672
47.55577087402344
67.35107421875
64.43755340576172
63.2152099609375
70.39191436767578
62.85955810546875
66.24530029296875
68.87333679199219
51.83957290649414
64.8648910522461
63.055904388427734
61.82236862182617
66.94020080566406
58.061729431152344
65.36299896240234
65.98304748535156
52.827110290527344
55.142425537109375
53.16741943359375
59.49717712402344
67.75171661376953
65.9493408203125
70.23567962646484
76.32872009277344
57.45952224731445
77.95877838134766
75.24787902832031
71.0572738647461
78.14820861816406
69.52425384521484
75.37569427490234
77.68759155273438
49.362709045410156
78.07064056396484
76.61845397949219
70.95096588134766
79.88630676269531
72.1882095336914
78.54151153564453
81.29174041748047
47.24617004394531
82.98323059082031
81.42059326171875
76.8178482055664
86.15779876708984
79.00037384033203
84.58381652832031
87.4576416015625
60.109806060791016
87.79049682617188
84.76924896240234
79.8229751586914
86.84494018554688
77.99222564697266
81.8538818359375
83.44959259033203
58.34611892700195
81.63790893554688
78.42139434814453
74.0859375
81.34014892578125
72.09498596191406
77.73622131347656
79.7419662475586
54.31624221801758
78.43274688720703
75.65689849853516
70.19975280761719
77.39474487304688
67.06439208984375
74.15202331542969
75.513671875
52.776214599609375
74.1337661743164
72.60372161865234
66.40667724609375
75.62046813964844
66.08757019042969
74.50019836425781
76.93107604980469
51.70448684692383
77.64698028564453
76.04393768310547
68.98784637451172
79.03547668457031
70.67825317382812
78.51104736328125
81.47869873046875
55.22492218017578
83.73574829101562
82.65902709960938
76.64998626708984
85.85099029541016
76.25224304199219
81.39362335205078
82.01890563964844
48.55603790283203
78.77893829345703
75.14485168457031
68.41999053955078
75.2625961303711
64.8408203125
71.01197814941406
71.79949951171875
49.18111038208008
69.68436431884766
65.78363037109375
60.43996810913086
68.11222839355469
59.43361282348633
63.448673248291016
65.53133392333984
37.21418380737305
64.26139068603516
63.44597625732422
56.55634689331055
67.72000122070312
60.96715545654297
65.4631576538086
68.22196960449219
43.33807373046875
66.11506652832031
62.870811462402344
59.542945861816406
65.45742797851562
52.141563415527344
58.35009765625
61.03734588623047
48.557708740234375
58.288902282714844
60.23588943481445
58.054412841796875
67.2669448852539
61.94672775268555
68.0331039428711
71.4912338256836
43.722164154052734
75.49259948730469
74.65904998779297
71.48101043701172
81.07264709472656
74.14008331298828
80.22325134277344
82.53965759277344
60.07101058959961
81.24916076660156
77.47003173828125
70.12886810302734
77.30584716796875
69.95568084716797
72.95307159423828
75.92420196533203
54.786434173583984
77.2796401977539
74.64139556884766
68.74040222167969
77.26145935058594
69.40583801269531
72.4490737915039
74.5439682006836
49.55007553100586
74.90229797363281
71.44425201416016
67.82368469238281
75.45552825927734
67.43968963623047
70.16820526123047
72.80770874023438
50.699623107910156
73.77594757080078
71.16145324707031
68.39175415039062
76.13617706298828
68.42810821533203
72.77314758300781
75.6567153930664
54.31790542602539
74.94493103027344
72.51898956298828
69.05592346191406
76.17476654052734
67.28755187988281
72.6404037475586
75.21197509765625
50.80227279663086
74.6393814086914
72.36187744140625
69.25157928466797
76.0082778930664
67.5993881225586
73.51756286621094
75.80648803710938
54.829830169677734
74.99788665771484
72.66917419433594
68.44002532958984
76.11152648925781
68.16061401367188
74.30944061279297
76.4368667602539
49.55457305908203
75.23712921142578
72.95514678955078
66.4362564086914
74.97815704345703
66.56626892089844
72.87532043457031
75.49514770507812
51.520816802978516
75.52393341064453
74.50137329101562
68.64053344726562
77.33573913574219
69.08731079101562
76.79571533203125
80.0157699584961
47.04788589477539
81.38191986083984
79.70194244384766
75.0504379272461
83.86127471923828
75.92821502685547
82.14163970947266
85.08124542236328
54.45977020263672
86.09129333496094
83.6141128540039
78.67927551269531
85.97295379638672
76.74922943115234
80.85887908935547
82.23516082763672
53.87148666381836
79.71832275390625
76.39929962158203
71.33702087402344
77.88053131103516
68.31159210205078
72.29496765136719
73.86276245117188
51.77103042602539
71.59547424316406
67.53913116455078
65.56034851074219
73.44336700439453
66.96283721923828
71.66963195800781
75.97802734375
55.760440826416016
78.9684829711914
77.71453094482422
74.70755767822266
83.39643859863281
75.27325439453125
81.36083221435547
83.22168731689453
49.41960906982422
81.54180145263672
78.22846221923828
71.71888732910156
79.46729278564453
70.55452728271484
77.80381774902344
81.9276351928711
59.42464828491211
83.41400146484375
80.86866760253906
75.8403091430664
82.93229675292969
72.7859115600586
79.12765502929688
80.71644592285156
51.64940643310547
81.26219177246094
79.63011169433594
74.54090118408203
83.3562240600586
74.22822570800781
80.83613586425781
83.06864166259766
48.35586929321289
82.97467803955078
80.53015899658203
74.68012237548828
82.85686492919922
73.55007934570312
79.18936157226562
81.00210571289062
46.860435485839844
81.57758331298828
79.55074310302734
74.4030990600586
82.7553939819336
73.76669311523438
78.4486312866211
78.94505310058594
45.81388473510742
74.87035369873047
71.10173797607422
64.52215576171875
73.26130676269531
64.72419738769531
71.8688735961914
75.04207611083984
37.92168426513672
76.72453308105469
75.48975372314453
71.53717041015625
80.1547622680664
72.18379211425781
77.24079895019531
79.31803894042969
41.38652801513672
77.38723754882812
73.83972930908203
66.22840118408203
74.1477279663086
64.36796569824219
69.69747924804688
71.2727279663086
49.908477783203125
70.13478088378906
68.09584045410156
58.76739501953125
67.54387664794922
