64.7899398803711
72.65483093261719
75.49964904785156
57.56474304199219
78.36736297607422
76.64448547363281
71.68988800048828
81.83953857421875
74.45668029785156
79.63362121582031
80.68392944335938
59.53932189941406
76.29235076904297
71.38165283203125
66.66156768798828
70.98690032958984
61.04460906982422
65.13932037353516
64.28853607177734
51.301292419433594
51.19697570800781
51.093650817871094
55.630088806152344
63.29127502441406
60.44390869140625
70.56636810302734
75.00139617919922
55.46628952026367
74.70874786376953
72.05329895019531
65.9265365600586
70.78778839111328
62.58240509033203
67.07130432128906
65.60359191894531
51.05693435668945
63.064666748046875
59.28865051269531
56.20199203491211
64.15408325195312
55.45188903808594
57.83636474609375
54.2775993347168
47.09879684448242
61.202274322509766
51.881446838378906
56.055076599121094
62.26282501220703
59.01628494262695
56.10598373413086
60.16481018066406
44.76982116699219
67.71527862548828
64.5599365234375
57.036014556884766
66.52240753173828
56.247398376464844
67.17164611816406
66.98258209228516
49.977996826171875
67.91366577148438
63.455806732177734
60.2192268371582
68.83267974853516
61.3447380065918
66.0777816772461
69.02339935302734
43.21435546875
70.26923370361328
68.04545593261719
63.475399017333984
73.66963195800781
66.00335693359375
70.88040161132812
74.5001449584961
41.77840805053711
76.16416931152344
74.69403839111328
70.13870239257812
78.7098388671875
71.56591796875
78.79329681396484
82.1611557006836
55.60783386230469
83.87633514404297
82.76971435546875
77.8625717163086
85.9720230102539
77.53736877441406
81.03550720214844
82.71912384033203
55.61805725097656
80.7425537109375
77.36409759521484
72.04487609863281
79.330078125
71.04846954345703
74.40520477294922
76.76814270019531
51.91642761230469
77.10077667236328
74.82117462158203
69.55518341064453
77.46220397949219
68.51079559326172
74.6547622680664
75.0250244140625
55.78326416015625
72.48953247070312
67.85382080078125
61.84287643432617
70.85124206542969
63.78242874145508
72.0355224609375
73.78214263916016
53.804786682128906
76.17643737792969
73.7559814453125
69.97769165039062
78.36758422851562
69.59371948242188
76.01378631591797
78.82638549804688
47.922386169433594
79.23007202148438
76.65103912353516
72.57090759277344
81.3747787475586
73.3328857421875
78.45514678955078
81.07223510742188
59.128231048583984
82.39356231689453
80.67788696289062
74.55130004882812
84.01966094970703
75.69916534423828
82.90750122070312
86.02491760253906
53.96646499633789
87.09895324707031
85.14189147949219
79.80484008789062
87.96907806396484
80.03999328613281
84.24398803710938
86.00750732421875
57.29457473754883
80.27229309082031
74.97242736816406
71.0241928100586
81.69256591796875
74.58357238769531
82.27326202392578
85.77381896972656
61.295257568359375
88.88752746582031
87.74447631835938
84.41551208496094
93.66703033447266
86.00833129882812
93.51094055175781
96.48218536376953
70.75782775878906
97.83726501464844
94.85862731933594
90.59526062011719
97.06108093261719
86.38106536865234
91.4406509399414
91.619140625
66.54881286621094
88.06836700439453
83.7680435180664
76.89960479736328
83.17466735839844
73.52034759521484
76.28372192382812
78.81253814697266
55.660465240478516
76.86642456054688
75.14552307128906
66.9693603515625
77.35304260253906
71.24120330810547
76.5432357788086
79.93729400634766
59.645294189453125
81.55593872070312
79.84029388427734
74.9375228881836
84.00553131103516
76.18148803710938
81.71160125732422
84.54457092285156
45.395721435546875
85.53584289550781
83.71965789794922
78.35005950927734
87.2977066040039
79.51880645751953
85.45716094970703
88.1170654296875
54.899131774902344
89.11994934082031
87.14832305908203
83.107177734375
91.79737091064453
83.75374603271484
90.28475189208984
93.08319091796875
61.84564208984375
94.4790267944336
92.1390380859375
87.60894012451172
94.76764678955078
85.10697174072266
90.00450134277344
90.96971130371094
57.45905303955078
88.75590515136719
85.49044036865234
78.94206237792969
86.39799499511719
76.67280578613281
81.68756866455078
83.55754852294922
44.441768646240234
81.71952819824219
78.85186004638672
72.950439453125
81.05574798583984
72.13502502441406
77.0050048828125
78.12309265136719
42.95948028564453
78.06432342529297
74.99240112304688
69.44112396240234
77.22405242919922
68.51697540283203
73.27476501464844
75.66324615478516
46.77470779418945
75.04967498779297
72.51346588134766
67.04143524169922
75.52091979980469
67.21497344970703
71.26939392089844
74.03379821777344
47.4448127746582
73.83433532714844
70.9511489868164
66.64839172363281
73.81127166748047
66.1136245727539
70.2560043334961
72.8707046508789
34.98179626464844
73.16105651855469
69.75807189941406
63.17518615722656
72.10440826416016
65.27426147460938
69.06513214111328
71.26951599121094
46.607872009277344
68.36422729492188
64.83946228027344
62.6536865234375
70.76505279541016
64.55918884277344
71.1400146484375
75.02459716796875
47.22438049316406
77.67498016357422
76.29266357421875
70.80948638916016
79.69047546386719
70.55950927734375
77.5080795288086
80.09589385986328
47.72980499267578
80.43949890136719
78.86695098876953
74.44693756103516
83.17542266845703
75.39675903320312
81.20011138916016
84.08856201171875
50.64002227783203
85.09442901611328
83.16468048095703
79.03594970703125
87.92562103271484
80.24909973144531
85.98262786865234
88.83631896972656
57.17093276977539
89.2309799194336
86.53985595703125
80.64481353759766
88.02220153808594
79.0956039428711
83.36270904541016
84.97721099853516
58.133644104003906
83.76069641113281
81.67982482910156
75.73683166503906
83.23912811279297
74.0765151977539
79.62389373779297
81.84855651855469
49.25837326049805
81.2181396484375
78.65999603271484
73.47661590576172
81.37850189208984
72.62218475341797
78.10944366455078
80.2466049194336
55.34181213378906
80.63983917236328
78.41047668457031
72.47008514404297
81.69857025146484
73.4124526977539
79.47450256347656
81.75285339355469
47.68328094482422
82.3755874633789
80.14936828613281
76.05697631835938
84.63761901855469
76.87889862060547
83.05516052246094
86.06121063232422
51.175106048583984
88.19963836669922
86.56856536865234
81.88307189941406
89.80831146240234
80.39920043945312
84.45724487304688
85.24673461914062
44.3935546875
82.09918975830078
78.60958099365234
71.70287322998047
79.21565246582031
69.88890838623047
73.59585571289062
75.26947784423828
51.08285903930664
72.92971801757812
69.18228912353516
61.500823974609375
69.913330078125
57.83511734008789
65.40524291992188
68.08866882324219
47.81993865966797
66.5838623046875
65.52982330322266
55.04621124267578
65.90404510498047
56.222434997558594
66.4533920288086
69.68057250976562
45.34434127807617
72.02256774902344
69.50218200683594
68.30908966064453
75.3956298828125
68.23426818847656
72.7589111328125
75.43000030517578
36.13857650756836
77.18671417236328
75.12999725341797
70.00161743164062
80.6802749633789
73.04447174072266
80.50139617919922
83.9593734741211
37.30786895751953
86.41908264160156
84.9323959350586
80.29127502441406
88.31362915039062
79.26642608642578
84.70845794677734
86.17687225341797
48.42024612426758
84.8888168334961
82.17327117919922
76.79817962646484
84.2514419555664
75.54496002197266
80.40716552734375
82.46747589111328
54.8367805480957
82.01374816894531
79.69713592529297
74.16826629638672
81.85917663574219
72.82239532470703
78.29405212402344
80.34722900390625
51.299068450927734
80.03123474121094
77.89840698242188
72.55113983154297
80.70608520507812
71.57219696044922
77.65475463867188
79.6050033569336
47.311031341552734
79.34967041015625
76.54365539550781
70.81145477294922
78.8685073852539
70.38365173339844
74.1433334350586
76.99887084960938
57.74191665649414
77.30818176269531
75.47811126708984
69.51057434082031
77.95246124267578
69.45919036865234
76.02068328857422
79.79154968261719
54.22401809692383
81.30642700195312
79.23737335205078
74.55216979980469
82.72721862792969
74.71157836914062
79.88835906982422
82.45095825195312
52.096092224121094
83.05040740966797
80.76000213623047
74.72271728515625
83.55128479003906
74.46595001220703
79.53225708007812
81.52131652832031
53.378055572509766
81.55488586425781
79.5153579711914
74.56366729736328
83.69867706298828
75.44659423828125
81.2010498046875
84.010009765625
50.438865661621094
84.68082427978516
83.07512664794922
77.72526550292969
86.39866638183594
78.06986236572266
83.91690826416016
86.18106079101562
46.80755615234375
86.90953826904297
85.24976348876953
80.69673156738281
89.80218505859375
81.96371459960938
88.61668395996094
91.53620910644531
52.453346252441406
92.49620819091797
90.29938507080078
85.10282897949219
92.95211029052734
84.1001205444336
88.88849639892578
90.61579132080078
52.085105895996094
89.45867919921875
86.275634765625
80.4011001586914
87.60010528564453
77.88580322265625
80.98516845703125
81.85916137695312
63.35520935058594
78.37284088134766
77.10325622558594
71.89832305908203
80.95884704589844
72.81659698486328
77.88810729980469
79.84660339355469
50.468074798583984
78.65087127685547
75.13076782226562
69.9682846069336
77.115234375
68.8028793334961
71.6749038696289
72.76560974121094
52.71837615966797
73.01361846923828
71.89633178710938
70.39519500732422
78.58399963378906
70.66500854492188
78.02771759033203
79.97274780273438
45.074012756347656
79.14845275878906
76.4948501586914
72.89571380615234
81.70205688476562
74.38214874267578
80.68151092529297
82.88237762451172
53.35669708251953
82.8026351928711
80.21255493164062
73.94049835205078
82.02316284179688
72.63713073730469
78.80542755126953
80.62332153320312
40.50590515136719
79.56256866455078
76.50130462646484
71.85452270507812
80.89385986328125
73.05501556396484
78.97457885742188
82.32965850830078
48.97690200805664
83.42066955566406
80.753173828125
74.66846466064453
81.89208984375
71.4209976196289
72.99993896484375
71.89826965332031
46.9315071105957
66.54923248291016
61.86039733886719
59.47089385986328
70.65721893310547
65.76445007324219
73.85124206542969
77.39215850830078
44.060848236083984
78.28063201904297
76.03864288330078
71.5624771118164
79.89356994628906
71.6211166381836
77.04509735107422
79.47537994384766
59.06882858276367
80.21722412109375
77.74034881591797
72.74173736572266
79.8724136352539
70.59815979003906
74.92970275878906
75.70948791503906
57.43917465209961
73.49253845214844
69.94503021240234
66.6275634765625
75.47113800048828
