65.34942626953125
70.3035659790039
73.8667221069336
58.90029525756836
75.26138305664062
73.42431640625
70.77307891845703
79.76520538330078
71.97782135009766
78.31524658203125
80.31627655029297
49.88731384277344
79.1814956665039
74.79350280761719
68.05712127685547
74.52912139892578
65.58257293701172
67.09506225585938
68.74658203125
40.380218505859375
63.935203552246094
57.212554931640625
54.946739196777344
54.316341400146484
53.0736083984375
63.205753326416016
66.97401428222656
51.15761184692383
72.49958801269531
71.74729919433594
66.61210632324219
75.4085922241211
62.91127395629883
71.3015365600586
71.78507232666016
54.37006378173828
68.13105010986328
64.97830200195312
55.42626953125
62.81761169433594
49.135292053222656
60.21067428588867
59.77078628540039
40.973602294921875
59.08126449584961
57.77714538574219
47.383338928222656
61.81645965576172
57.32846450805664
55.681480407714844
61.55720901489258
54.44615173339844
64.64997100830078
64.09150695800781
56.03816604614258
67.6739501953125
61.719974517822266
64.1867446899414
67.1400375366211
45.955265045166016
69.69721221923828
64.57596588134766
61.37910461425781
70.13789367675781
63.27399444580078
67.39985656738281
70.77268981933594
45.1460075378418
73.24292755126953
71.04885864257812
66.32537841796875
75.81322479248047
68.8729019165039
74.2803726196289
77.15918731689453
55.2203483581543
80.76696014404297
78.92665100097656
74.86863708496094
84.54865264892578
76.63861846923828
82.62176513671875
84.04630279541016
58.2873649597168
82.3098373413086
78.98786163330078
71.88011169433594
79.99105834960938
71.28335571289062
75.21915435791016
77.35099792480469
43.94149398803711
76.4862060546875
73.58992767333984
68.44364166259766
75.85284423828125
67.64143371582031
72.42088317871094
75.49445343017578
45.7700080871582
76.63749694824219
74.0038833618164
68.97986602783203
77.48883819580078
69.7787094116211
75.04014587402344
78.36038208007812
50.63069152832031
78.76607513427734
76.79084014892578
72.2053451538086
81.13961791992188
73.14556884765625
79.26547241210938
82.05266571044922
58.885345458984375
83.12128448486328
81.32439422607422
74.6590805053711
83.6382827758789
75.46977996826172
79.409912109375
80.96534729003906
54.355777740478516
75.72056579589844
73.30039978027344
64.50352478027344
68.69414520263672
58.206626892089844
57.20677947998047
46.49409484863281
52.6744499206543
65.08145904541016
66.20338439941406
64.2086410522461
73.58792114257812
67.07952880859375
72.83401489257812
76.51370239257812
52.162635803222656
79.21311950683594
77.70523071289062
74.39575958251953
82.86682891845703
73.18877410888672
80.00798797607422
82.09134674072266
54.93124008178711
81.16931915283203
77.71502685546875
71.72053527832031
78.0074462890625
66.97325897216797
72.3447494506836
72.81698608398438
53.00114059448242
71.18010711669922
67.92031860351562
61.71501159667969
71.57402038574219
61.6048583984375
68.93002319335938
72.07365417480469
56.237266540527344
74.86471557617188
73.39656829833984
68.68588256835938
77.52485656738281
69.54430389404297
77.3900146484375
81.06537628173828
60.84272384643555
85.13056182861328
84.31006622314453
79.0912094116211
89.6520767211914
82.6673812866211
87.30948638916016
89.45257568359375
51.18019485473633
87.6681137084961
83.77400970458984
76.59856414794922
83.3607406616211
74.624755859375
79.16912841796875
81.64543914794922
55.294952392578125
82.2534408569336
80.26242065429688
74.76830291748047
83.44020080566406
75.4388198852539
80.81375122070312
83.3050308227539
50.72330093383789
83.67521667480469
81.52310180664062
75.98529052734375
84.71753692626953
76.51969146728516
81.94679260253906
84.5296401977539
52.2548942565918
85.17433166503906
83.0854263305664
77.98841857910156
86.88348388671875
79.1061019897461
84.52259063720703
87.28498840332031
55.62400436401367
88.42536926269531
86.81722259521484
81.44171905517578
90.90254974365234
83.88378143310547
88.31318664550781
91.30111694335938
64.69638061523438
90.55345916748047
88.23143005371094
81.06311798095703
89.22052764892578
80.66642761230469
83.80608367919922
85.34173583984375
56.8217887878418
83.46337127685547
80.4084243774414
74.23104858398438
81.72862243652344
72.9180908203125
77.36743927001953
79.02085876464844
54.21147918701172
77.4649429321289
75.1339111328125
69.08780670166016
76.93400573730469
67.27185821533203
72.47437286376953
74.71704864501953
47.9763069152832
74.7758560180664
71.89215850830078
67.0087661743164
75.14160919189453
67.09043884277344
70.96464538574219
72.46730041503906
49.45320129394531
72.18633270263672
69.4620132446289
65.13754272460938
72.45507049560547
64.32818603515625
67.62345886230469
69.18272399902344
48.039485931396484
69.44719696044922
67.09010314941406
60.26200485229492
67.89315795898438
60.88654327392578
64.22981262207031
68.42869567871094
37.866085052490234
75.05228424072266
75.11125183105469
71.34510040283203
81.5335693359375
73.54381561279297
79.62657928466797
81.59983825683594
50.30229949951172
80.71067810058594
77.84506225585938
72.4680404663086
80.22990417480469
71.26325988769531
76.84786987304688
79.01368713378906
49.20659255981445
79.13188171386719
76.98136901855469
71.86526489257812
80.96742248535156
73.42232513427734
78.89875793457031
81.91458129882812
49.736881256103516
82.9946517944336
80.75537872314453
76.52465057373047
85.4631576538086
77.56017303466797
83.91873931884766
86.90487670898438
36.67799758911133
87.7442855834961
85.5069351196289
80.2419204711914
87.80484771728516
79.03983306884766
83.17909240722656
85.03772735595703
46.985347747802734
83.2674560546875
80.35554504394531
74.79601287841797
82.15870666503906
73.76614379882812
78.23355865478516
80.14563751220703
49.6397590637207
79.40838623046875
76.72529602050781
71.43079376220703
79.77452850341797
70.2014389038086
76.10821533203125
78.25642395019531
43.57151412963867
77.86005401611328
75.67328643798828
71.46159362792969
79.20323944091797
71.92816162109375
77.02481842041016
79.84278106689453
49.94970703125
80.77046203613281
78.92754364013672
75.25605010986328
84.26306915283203
76.9752426147461
82.65973663330078
86.02022552490234
57.203189849853516
85.95886993408203
82.59143829345703
76.92069244384766
83.09381103515625
73.87199401855469
76.31309509277344
77.66555786132812
50.872501373291016
74.9771957397461
70.35054016113281
66.4410400390625
73.06693267822266
63.5119514465332
65.85121154785156
67.4345703125
51.557884216308594
66.7274398803711
62.213775634765625
58.03064727783203
64.50341033935547
57.37763977050781
60.847877502441406
63.64164733886719
41.46357727050781
64.11862182617188
62.59442901611328
57.41402816772461
67.52993774414062
60.40922546386719
65.85195922851562
69.68033599853516
39.21535873413086
70.0693588256836
68.37093353271484
62.711830139160156
71.5672378540039
64.6832504272461
70.58495330810547
73.68994140625
49.51390838623047
75.13429260253906
72.65953063964844
67.26995086669922
76.04827880859375
68.22863006591797
74.12576293945312
76.9088134765625
53.086395263671875
79.59967041015625
78.7933578491211
73.57726287841797
83.1199951171875
75.24220275878906
80.14908599853516
82.31378936767578
39.424095153808594
81.51453399658203
78.7615966796875
72.43839263916016
80.7198257446289
71.69239044189453
76.99927520751953
78.77719116210938
47.56418991088867
78.74462127685547
76.39417266845703
71.52674102783203
79.55416870117188
70.52645111083984
76.3854751586914
78.67301940917969
40.137969970703125
78.44775390625
75.79608154296875
70.47737884521484
78.95223999023438
70.3931884765625
75.78276824951172
78.26019287109375
46.48851013183594
78.7376480102539
76.68501281738281
72.37030792236328
80.89228057861328
73.1346435546875
78.65248107910156
81.61965942382812
60.00959777832031
81.7362060546875
80.72187042236328
72.03466033935547
82.2803955078125
74.24620056152344
76.37335968017578
76.99506378173828
56.9498291015625
73.07980346679688
69.41532135009766
67.439208984375
75.28727722167969
67.62385559082031
73.38282012939453
76.43627166748047
42.195472717285156
77.06660461425781
75.35275268554688
71.46223449707031
80.0784912109375
72.08153533935547
78.11251068115234
81.06279754638672
52.35163116455078
81.34556579589844
79.14794158935547
72.87164306640625
79.59398651123047
70.36653900146484
72.71795654296875
74.49836730957031
51.916473388671875
75.21914672851562
73.48114776611328
69.4819564819336
78.91167449951172
71.78409576416016
77.72470092773438
80.82979583740234
40.4945068359375
82.06307220458984
79.92256164550781
75.04179382324219
82.62721252441406
74.19091796875
79.16529083251953
81.4281234741211
51.55006408691406
82.454345703125
80.63758850097656
76.10525512695312
84.814453125
76.94099426269531
81.62447357177734
83.51251983642578
50.22835159301758
81.85626983642578
78.64196014404297
72.43893432617188
80.06717681884766
71.46862030029297
76.18622589111328
78.09459686279297
45.252750396728516
79.52762603759766
78.18578338623047
74.43692779541016
84.44572448730469
77.80876922607422
83.25208282470703
86.39054107666016
57.0648078918457
86.58983612060547
84.10986328125
77.97642517089844
86.27072143554688
78.10736846923828
82.3096694946289
84.44548034667969
51.36714553833008
83.95010375976562
81.39786529541016
75.93870544433594
84.1012191772461
75.76561737060547
81.03425598144531
83.4701919555664
49.93656539916992
83.25757598876953
80.65957641601562
74.56497192382812
82.47966766357422
73.4331283569336
77.54456329345703
80.2904281616211
46.56450271606445
80.48920440673828
78.6343994140625
73.70633697509766
82.13671112060547
73.64507293701172
78.10839080810547
79.98471069335938
47.27154541015625
77.6021728515625
73.57804107666016
68.07969665527344
74.53450012207031
66.334228515625
70.874267578125
72.96569061279297
45.70616149902344
70.26679229736328
65.4065933227539
60.903194427490234
63.95207214355469
51.24602508544922
57.227874755859375
65.72394561767578
39.77056121826172
72.88758850097656
72.7168197631836
68.38227844238281
77.95272827148438
69.3650894165039
74.96270751953125
76.83657836914062
49.8989143371582
74.8787612915039
71.0014419555664
64.35153198242188
72.75273132324219
64.24916076660156
68.86231994628906
71.93988800048828
38.94729232788086
72.50764465332031
70.17035675048828
65.00267028808594
73.61363220214844
62.94939041137695
69.6779556274414
70.64450073242188
53.4217643737793
69.71817016601562
70.18160247802734
62.567115783691406
73.79869079589844
