67.46886444091797
68.2153091430664
68.8631820678711
70.36973571777344
71.22895050048828
72.6726303100586
72.94027709960938
74.09326171875
73.41266632080078
74.03018951416016
72.37457275390625
71.44172668457031
67.94310760498047
66.90228271484375
64.486328125
65.11184692382812
61.873687744140625
61.64705276489258
57.74760818481445
57.51091766357422
55.73975372314453
51.00813674926758
55.45506286621094
48.19059371948242
58.313697814941406
56.410404205322266
62.84471893310547
63.56355285644531
64.55369567871094
64.18475341796875
60.46342468261719
62.165008544921875
59.30203628540039
56.39042282104492
57.987892150878906
55.05261993408203
58.03639602661133
57.04716110229492
55.577171325683594
55.78153991699219
55.822608947753906
50.4299430847168
56.32029342651367
55.45597839355469
57.00758743286133
56.45745086669922
57.6938591003418
51.04005432128906
60.979915618896484
61.280616760253906
62.22618865966797
59.78160095214844
61.37872314453125
62.78459930419922
62.85860061645508
62.368797302246094
59.723331451416016
64.07295989990234
62.305686950683594
63.29767990112305
64.08656311035156
64.06924438476562
64.89527130126953
64.369140625
65.61649322509766
65.4085693359375
63.99763107299805
67.25309753417969
66.86228942871094
67.2152099609375
65.89546966552734
67.54766082763672
65.98860931396484
68.31696319580078
68.32716369628906
69.74809265136719
69.1216812133789
71.76094055175781
70.1909408569336
72.66716003417969
71.69343566894531
74.64974212646484
73.64374542236328
76.51576232910156
76.84293365478516
80.0789794921875
79.7370834350586
82.23799896240234
80.51142120361328
81.29926300048828
78.53463745117188
78.858154296875
76.73291778564453
77.2652587890625
75.0488510131836
75.93336486816406
74.3114242553711
75.17048645019531
73.98193359375
74.87126159667969
73.81295013427734
74.7104721069336
74.14006805419922
74.92271423339844
74.51627349853516
75.34556579589844
75.894287109375
76.56218719482422
77.01013946533203
77.80597686767578
78.37169647216797
78.76837158203125
79.37240600585938
79.10641479492188
79.08332824707031
77.88786315917969
77.39082336425781
75.16262817382812
75.11311340332031
72.6622543334961
72.35769653320312
71.65736389160156
71.91302490234375
70.88917541503906
71.26969909667969
70.01493835449219
71.18730163574219
71.28924560546875
72.2651138305664
71.78264617919922
72.9233169555664
73.4416732788086
74.16053009033203
74.36808013916016
75.60505676269531
75.60143280029297
77.36929321289062
77.20467376708984
79.2810287475586
79.13723754882812
80.89604187011719
80.20148468017578
80.53238677978516
78.8218002319336
77.7918930053711
76.45463562011719
76.31615447998047
75.64241790771484
74.8869400024414
75.70551300048828
74.1230697631836
75.9862060546875
74.9296646118164
77.68761444091797
78.72454071044922
82.13251495361328
82.99256896972656
85.36164093017578
85.71029663085938
87.39573669433594
87.32294464111328
87.99727630615234
86.6478042602539
86.77508544921875
85.602294921875
85.4660873413086
84.40098571777344
84.4012451171875
83.7725830078125
83.73274993896484
83.44120788574219
83.72069549560547
83.32278442382812
83.51480102539062
83.26382446289062
83.6098403930664
83.7306137084961
83.88629150390625
84.02203369140625
84.37763977050781
84.57894134521484
84.90428161621094
85.18994140625
85.29878234863281
85.08531951904297
84.75057983398438
84.04240417480469
83.1949462890625
82.1280517578125
80.9400863647461
79.62943267822266
78.81220245361328
77.79133605957031
76.66094970703125
75.96392059326172
75.22065734863281
74.72907257080078
75.0425796508789
74.3812484741211
74.00689697265625
73.99893188476562
74.09431457519531
74.28866577148438
73.56993865966797
73.52679443359375
74.72972106933594
74.42607879638672
74.09654235839844
74.63119506835938
74.91708374023438
75.1966323852539
74.68572235107422
74.50225067138672
74.69273376464844
73.81478881835938
73.68678283691406
72.40499877929688
71.90296936035156
71.84501647949219
70.8744125366211
70.16500091552734
69.7720947265625
70.0784912109375
70.14224243164062
69.64013671875
69.73382568359375
68.3293685913086
68.33341217041016
67.8538589477539
65.47968292236328
66.83029174804688
65.79090118408203
65.2900161743164
64.16728210449219
64.79358673095703
62.011741638183594
63.66193389892578
63.92257308959961
61.78736877441406
62.331138610839844
61.175960540771484
60.00012969970703
61.6940803527832
61.20082473754883
59.3045654296875
59.868988037109375
62.2807731628418
62.992942810058594
66.33943939208984
66.270751953125
67.12589263916016
67.19448852539062
66.34392547607422
67.09040832519531
66.33799743652344
64.68550109863281
64.97429656982422
64.0772705078125
62.418792724609375
62.481624603271484
61.516395568847656
61.52631378173828
61.26295471191406
61.37242126464844
61.28425979614258
63.12786865234375
59.11524963378906
60.81806182861328
62.42825698852539
62.695743560791016
63.82950210571289
67.03958129882812
69.3369369506836
71.3372802734375
72.68071746826172
74.58458709716797
75.1904525756836
76.14436340332031
76.25987243652344
76.250732421875
75.3031005859375
75.4548110961914
73.93280792236328
73.69760131835938
72.1670913696289
73.11878204345703
72.97887420654297
73.7428207397461
74.41316223144531
74.92901611328125
74.97333526611328
75.7125244140625
75.34458923339844
76.03343963623047
76.13636779785156
76.86042785644531
77.0532455444336
78.14315032958984
78.38710021972656
79.4588623046875
79.7232666015625
80.80696868896484
80.55181121826172
80.85877990722656
80.36001586914062
80.21353912353516
79.37873077392578
78.81307983398438
77.72825622558594
77.478759765625
76.42536926269531
75.91813659667969
75.10939025878906
74.99372863769531
73.53057861328125
73.8407211303711
73.48341369628906
72.41563415527344
72.6362533569336
72.74069213867188
72.04879760742188
72.59905242919922
71.8702392578125
72.011474609375
71.2545166015625
71.33123016357422
72.17401885986328
72.04295349121094
71.73294067382812
72.2236328125
71.41397857666016
72.55066680908203
71.24432373046875
72.4726333618164
71.5732421875
73.15713500976562
72.44225311279297
74.65577697753906
74.41081237792969
76.202880859375
76.26234436035156
78.02754974365234
78.35836791992188
79.86856079101562
78.56317138671875
78.81658172607422
76.253173828125
75.72977447509766
72.24695587158203
72.02356719970703
69.10657501220703
67.57378387451172
66.63504028320312
65.92079162597656
62.09761428833008
61.9664306640625
59.44450759887695
61.52850341796875
59.68865966796875
62.0131721496582
59.168914794921875
61.460105895996094
61.50358963012695
62.68049240112305
61.862186431884766
63.36039733886719
66.0241928100586
64.51609802246094
66.03839111328125
66.16333770751953
67.3763656616211
67.27715301513672
68.26579284667969
69.7776107788086
71.08650970458984
73.47200775146484
75.40094757080078
76.29281616210938
76.84381866455078
76.61064147949219
75.35214233398438
73.7684555053711
72.24857330322266
69.51692962646484
66.98255157470703
62.073970794677734
57.52283477783203
66.85260772705078
68.23111724853516
72.2686996459961
72.67426300048828
74.9071044921875
74.23633575439453
75.24787139892578
74.3810806274414
74.15467834472656
73.88487243652344
73.51409149169922
72.86532592773438
72.03626251220703
72.09437561035156
71.91402435302734
71.20809173583984
70.38209533691406
70.23826599121094
70.05131530761719
70.10477447509766
68.98001861572266
69.125732421875
68.35782623291016
69.01593780517578
67.96548461914062
68.59849548339844
69.04121398925781
69.55152893066406
71.37682342529297
71.93221282958984
73.0508804321289
72.63247680664062
72.8614273071289
72.53794860839844
72.60098266601562
72.20379638671875
72.49929809570312
72.78477478027344
72.48175811767578
72.5545425415039
72.71817016601562
73.19232177734375
72.53999328613281
72.51300048828125
72.83122253417969
73.53701782226562
73.17042541503906
73.03502655029297
73.0387191772461
73.47795104980469
73.49868774414062
74.29248809814453
74.33978271484375
73.94828796386719
74.2793960571289
74.18940734863281
73.91667175292969
73.50830841064453
72.81167602539062
72.44219970703125
72.39263916015625
72.36210632324219
73.74319458007812
73.96438598632812
74.87045288085938
75.00910186767578
75.73889923095703
75.52156066894531
75.80228424072266
73.71851348876953
72.08909606933594
68.77806091308594
67.14057922363281
67.35872650146484
66.01737976074219
68.80509948730469
68.66236877441406
70.22982788085938
70.24423217773438
72.35978698730469
72.23316955566406
73.5754623413086
73.91705322265625
74.78546905517578
75.63148498535156
76.61375427246094
77.37171173095703
78.33082580566406
79.05562591552734
79.49332427978516
80.4625244140625
80.53749084472656
81.1324462890625
80.7843017578125
80.88809204101562
79.8118896484375
79.46263885498047
77.90113067626953
77.47660827636719
75.72225952148438
75.41280364990234
72.87251281738281
72.9989013671875
71.91574096679688
71.92367553710938
71.39019012451172
72.85730743408203
72.8548583984375
74.54181671142578
75.55831909179688
77.69654083251953
78.95629119873047
80.62190246582031
81.68842315673828
83.0684585571289
83.327392578125
83.99385070800781
83.67293548583984
83.93914794921875
83.18124389648438
83.22628784179688
82.44972229003906
82.30302429199219
81.35768127441406
81.21136474609375
79.89582061767578
79.12088012695312
78.46556854248047
78.85655212402344
78.82527923583984
79.05980682373047
78.97127532958984
79.22537231445312
79.57276916503906
79.43864440917969
79.55487823486328
79.44514465332031
79.22683715820312
78.51353454589844
77.780029296875
75.9637451171875
74.92242431640625
72.7873306274414
71.71932220458984
69.88715362548828
70.19647216796875
69.39887237548828
70.66404724121094
70.13436126708984
70.83850860595703
72.2477035522461
73.0067138671875
73.45325469970703
73.63236999511719
74.50609588623047
74.46345520019531
75.04235076904297
73.35700988769531
72.91410064697266
71.21251678466797
70.09800720214844
69.74010467529297
69.47449493408203
69.67566680908203
69.67066192626953
70.36138153076172
71.24524688720703
72.15919494628906
72.73408508300781
73.78548431396484
74.45777893066406
74.6478042602539
74.73926544189453
74.24732208251953
73.683837890625
71.97052001953125
71.8203353881836
69.8803939819336
70.42072296142578
70.67613983154297
70.51602935791016
71.48311614990234
71.04995727539062
71.2112045288086
70.887939453125
69.28243255615234
68.9287338256836
67.94422149658203
66.30595397949219
