64.09378814697266
70.12968444824219
73.86140441894531
45.6245231628418
76.72840118408203
75.36711120605469
69.9944839477539
79.83116149902344
72.15357971191406
76.62469482421875
78.32566833496094
54.904197692871094
75.37320709228516
71.88604736328125
61.21158981323242
69.28355407714844
59.73390579223633
64.4449691772461
65.46829986572266
53.61425018310547
62.97673797607422
59.57073211669922
55.970916748046875
62.96235656738281
54.777320861816406
62.36137008666992
66.43927764892578
53.13706588745117
68.93215942382812
67.04077911376953
60.04008102416992
68.10710906982422
56.07181167602539
61.480228424072266
62.28937530517578
48.27980422973633
60.762115478515625
57.7579460144043
52.46916580200195
59.48256301879883
54.66881561279297
54.47454071044922
53.83863830566406
37.079811096191406
58.570343017578125
59.2430534362793
57.811729431152344
62.80276107788086
56.4930305480957
63.84178924560547
66.06985473632812
46.86723327636719
66.80191802978516
64.8785171508789
61.25373840332031
67.5907211303711
60.224365234375
65.19973754882812
68.9385986328125
52.99301528930664
68.630859375
67.6563720703125
62.05714797973633
70.36944580078125
61.92865753173828
68.91461181640625
72.09495544433594
30.459182739257812
71.91057586669922
69.70252990722656
65.94789123535156
73.58782958984375
65.87608337402344
71.50202178955078
74.78522491455078
48.24334716796875
75.96092987060547
74.37482452392578
67.96761322021484
77.63236236572266
70.37467193603516
77.10348510742188
80.06935119628906
55.9612922668457
82.8289794921875
82.45956420898438
76.50656127929688
87.00155639648438
79.42597198486328
84.80128479003906
85.93840026855469
59.00143051147461
84.26338195800781
81.31333923339844
73.29784393310547
82.1295166015625
73.1540756225586
78.91252899169922
80.61299133300781
56.41284942626953
81.0374755859375
78.84748840332031
72.39592742919922
81.7422866821289
73.47112274169922
79.47132873535156
81.92301940917969
52.414058685302734
83.60360717773438
81.66145324707031
77.14471435546875
85.91773223876953
77.8394546508789
82.50822448730469
83.93199157714844
56.029747009277344
82.2994384765625
78.19275665283203
71.75447845458984
79.26081085205078
69.8978271484375
74.24545288085938
76.51287841796875
42.26240158081055
76.49980163574219
74.37554168701172
69.6060791015625
78.6421127319336
71.00420379638672
75.56536865234375
78.64957427978516
51.753562927246094
79.97696685791016
78.33390045166016
74.90052032470703
83.88861083984375
77.32414245605469
82.09706115722656
85.6784439086914
61.521324157714844
86.71890258789062
83.63938903808594
79.7239761352539
85.56034088134766
75.66555786132812
81.1702880859375
83.13511657714844
62.185787200927734
81.80476379394531
79.8252182006836
76.20685577392578
85.097900390625
78.2467269897461
85.91560363769531
89.6094970703125
45.128143310546875
92.03076171875
90.5730972290039
85.955322265625
94.32989501953125
84.8163833618164
90.99234771728516
92.39697265625
59.13218688964844
91.14006042480469
88.33549499511719
81.95682525634766
90.25289916992188
81.42217254638672
86.99496459960938
89.07744598388672
47.95586013793945
89.02201843261719
86.83002471923828
81.2374267578125
89.8423843383789
81.61162567138672
87.41791534423828
89.81727600097656
47.81343078613281
90.55827331542969
88.58757019042969
83.30582427978516
91.82904052734375
83.54642486572266
88.35106658935547
90.02722930908203
57.01646423339844
88.29186248779297
84.70257568359375
77.83601379394531
84.88154602050781
75.7885971069336
79.33564758300781
80.5191879272461
43.22867965698242
79.57634735107422
76.77894592285156
69.34496307373047
78.86962127685547
71.17408752441406
75.41653442382812
77.73921203613281
45.64032745361328
77.9946517944336
75.87109375
69.87919616699219
78.37381744384766
69.38269805908203
75.76802825927734
78.10450744628906
52.01036071777344
77.8821792602539
75.49593353271484
69.66974639892578
77.3966064453125
68.05447387695312
72.69718933105469
74.23808288574219
40.231056213378906
74.83623504638672
72.45360565185547
67.6780014038086
76.2374267578125
67.11163330078125
72.93860626220703
74.4781265258789
39.861019134521484
74.06858825683594
70.74455261230469
64.9913330078125
72.57438659667969
61.99416732788086
68.3514404296875
69.53435516357422
45.6998176574707
68.91321563720703
65.53814697265625
60.69822311401367
68.60279846191406
60.501914978027344
64.81404113769531
67.0118408203125
46.42454147338867
67.41291809082031
65.43144226074219
61.368370056152344
72.37308502197266
65.72370147705078
70.93489837646484
73.9353256225586
47.56843185424805
73.41462707519531
70.20157623291016
65.09253692626953
71.60797119140625
64.79063415527344
67.6065673828125
69.85640716552734
48.726966857910156
68.58844757080078
66.12760162353516
59.679283142089844
68.3940200805664
56.33568572998047
64.55736541748047
67.08467864990234
51.145469665527344
67.27567291259766
66.40866088867188
64.94588470458984
72.91962432861328
64.33649444580078
73.58328247070312
77.52971649169922
52.00446319580078
79.73475646972656
77.89997100830078
73.0868911743164
80.11283111572266
70.58683776855469
75.83038330078125
78.00467681884766
54.19589614868164
77.99443054199219
76.050537109375
71.64775848388672
80.27417755126953
72.56062316894531
77.91758728027344
80.75894927978516
37.73843765258789
80.88855743408203
78.5946273803711
73.51274108886719
82.40589141845703
74.68771362304688
80.84969329833984
83.87605285644531
36.70368576049805
85.36505889892578
83.67201232910156
78.2201919555664
86.90880584716797
78.2371826171875
83.65294647216797
85.19584655761719
52.542728424072266
84.0273208618164
81.01197814941406
75.12860107421875
82.5557861328125
73.22718811035156
78.43849182128906
80.23551940917969
52.047027587890625
79.619873046875
76.82658386230469
71.33343505859375
79.11742401123047
70.33209991455078
75.78071594238281
77.77130126953125
44.18510437011719
78.05288696289062
75.48283386230469
69.94519805908203
78.53639221191406
69.9537353515625
75.64610290527344
78.43950653076172
45.95439910888672
78.07733917236328
76.29557800292969
69.8384017944336
79.41065979003906
71.41154479980469
78.15160369873047
81.08953094482422
44.99637985229492
83.09828186035156
81.89220428466797
76.58683013916016
84.84043884277344
74.82901763916016
80.26156616210938
80.6689682006836
52.7371940612793
77.02623748779297
73.35480499267578
65.42646789550781
71.97247314453125
58.291542053222656
67.84558868408203
68.08243560791016
44.7280387878418
64.857421875
64.19178771972656
56.61639404296875
65.75947570800781
58.1572265625
64.89855194091797
68.1695556640625
51.27956771850586
68.7391128540039
67.71272277832031
62.507904052734375
72.38928985595703
66.30122375488281
72.23049926757812
75.38397979736328
38.41533279418945
78.439208984375
77.36612701416016
73.17516326904297
82.21488952636719
73.81295776367188
79.94129943847656
80.84300994873047
55.24741744995117
78.49717712402344
73.61775970458984
62.96214294433594
64.71444702148438
49.48857879638672
68.85224914550781
73.892333984375
49.36259078979492
78.21053314208984
77.49803924560547
71.95013427734375
81.45820617675781
72.70023345947266
78.68293762207031
80.38714599609375
49.44338607788086
79.50575256347656
76.89811706542969
71.027587890625
78.69243621826172
69.73778533935547
74.6376953125
76.58187103271484
48.61833190917969
76.68195343017578
73.55451965332031
66.18578338623047
74.98999786376953
67.2487564086914
71.49317932128906
73.2823257446289
28.922075271606445
75.20589447021484
74.53254699707031
69.89775848388672
78.49840545654297
70.02593231201172
75.89881896972656
77.91413879394531
37.046852111816406
77.7044906616211
75.45677947998047
69.06294250488281
78.1402359008789
70.52728271484375
75.67644500732422
77.5357666015625
50.92502212524414
78.37667846679688
75.77143096923828
70.79911804199219
78.71137237548828
70.57902526855469
75.95484161376953
78.5208511352539
31.326467514038086
78.63072204589844
76.89925384521484
71.48968505859375
79.76986694335938
71.60082244873047
76.87601470947266
78.80915832519531
50.422767639160156
78.57275390625
76.69831848144531
71.50324249267578
80.68175506591797
72.89739990234375
78.74749755859375
81.963134765625
51.2089729309082
82.65017700195312
80.10614776611328
75.02826690673828
81.30084991455078
71.04920196533203
73.61265563964844
74.48159790039062
52.19953155517578
72.51525115966797
70.25157165527344
66.4129409790039
76.02375793457031
69.32592010498047
74.38478088378906
77.60118865966797
28.278438568115234
79.59541320800781
77.98109436035156
73.23412322998047
82.6390609741211
75.0054702758789
81.02291870117188
84.18182373046875
48.50637435913086
85.74197387695312
83.99662780761719
79.49677276611328
87.80610656738281
79.25444030761719
84.61762237548828
86.31771850585938
42.72572326660156
84.6376953125
81.20035552978516
74.9111099243164
81.88442993164062
72.66632843017578
77.594970703125
79.11766052246094
51.88094711303711
79.29969024658203
77.64198303222656
74.67992401123047
83.71358489990234
76.79276275634766
83.77379608154297
87.40496063232422
57.60036087036133
88.86271667480469
86.77391815185547
81.9830551147461
89.79296875
81.00712585449219
86.17405700683594
88.05213928222656
45.10715866088867
87.07017517089844
83.5624771118164
78.18524932861328
85.10615539550781
76.07364654541016
81.04246520996094
83.56658172607422
46.09320068359375
84.15441131591797
82.01663208007812
77.37727355957031
85.63346862792969
77.1889419555664
82.71854400634766
85.06673431396484
43.84440231323242
84.35033416748047
80.80070495605469
74.77848052978516
81.31114196777344
71.46829986572266
74.67948913574219
75.58519744873047
39.47359848022461
74.73704528808594
72.53801727294922
68.49076843261719
76.81660461425781
69.48016357421875
75.53196716308594
78.62962341308594
50.10721206665039
79.44625091552734
77.38628387451172
71.96070098876953
79.5159912109375
69.42166137695312
73.73451232910156
74.48246765136719
44.23260498046875
72.49369812011719
70.32968139648438
67.3609390258789
75.65664672851562
67.7774658203125
74.3012466430664
77.48397064208984
47.12709045410156
78.86907958984375
77.06332397460938
72.41265869140625
79.81198120117188
70.39540100097656
75.58009338378906
76.8473129272461
45.825557708740234
75.30667877197266
73.71763610839844
69.416259765625
78.09796142578125
69.51934814453125
75.84489440917969
77.74983215332031
52.79414749145508
75.62063598632812
72.54161834716797
65.61295318603516
73.15259552001953
