67.14112854003906
69.5194091796875
74.15706634521484
62.87704086303711
74.8669204711914
75.24726104736328
70.22982788085938
75.29725646972656
65.61395263671875
70.34662628173828
69.03238677978516
57.133056640625
67.0465316772461
61.63951873779297
60.028202056884766
63.15937423706055
55.42878341674805
53.957942962646484
59.87552261352539
54.014808654785156
64.82945251464844
57.075294494628906
59.13655471801758
66.84959411621094
61.80738067626953
64.40506744384766
70.13585662841797
52.048770904541016
70.82927703857422
71.02288055419922
63.74335479736328
75.55183410644531
67.50235748291016
73.45439910888672
71.69105529785156
60.31774139404297
69.86531066894531
64.78189849853516
63.91585159301758
66.7169189453125
59.69744873046875
53.848148345947266
59.57975769042969
58.47975158691406
58.441410064697266
57.609344482421875
50.87965774536133
62.609737396240234
59.36677932739258
61.94346618652344
65.7886734008789
52.15422439575195
59.91037368774414
61.937503814697266
55.57301330566406
58.07036209106445
50.89534378051758
66.6003189086914
64.58132934570312
57.68515396118164
70.87754821777344
67.66675567626953
66.57482147216797
72.5941162109375
67.3785171508789
69.91028594970703
73.09891510009766
60.19202423095703
71.10885620117188
71.513427734375
65.15736389160156
73.38408660888672
64.44095611572266
74.90852355957031
76.39466094970703
65.27075958251953
80.68408203125
78.44895935058594
76.51000213623047
84.24147033691406
78.88068389892578
82.23181915283203
87.10809326171875
72.49031066894531
88.21312713623047
87.75811767578125
82.3261489868164
90.0577392578125
79.29846954345703
86.80738830566406
87.61646270751953
66.23078918457031
87.4421615600586
84.3257064819336
79.97345733642578
87.61127471923828
79.43737030029297
84.45252227783203
87.06490325927734
63.088783264160156
87.41378021240234
86.03055572509766
78.70467376708984
89.30211639404297
82.9655532836914
86.09175109863281
89.60243225097656
73.18728637695312
89.70103454589844
85.68563842773438
83.43636322021484
87.12850952148438
71.77642822265625
82.12753295898438
81.92874908447266
69.03146362304688
79.20027923583984
78.09607696533203
61.391990661621094
75.9771499633789
70.68706512451172
67.05372619628906
69.32963562011719
63.96272659301758
66.82088470458984
56.981971740722656
64.65116882324219
65.19364929199219
38.93328094482422
66.72574615478516
66.21073913574219
57.409141540527344
69.13658905029297
65.8335189819336
64.32769012451172
70.27046203613281
64.0159683227539
67.06868743896484
70.25142669677734
56.54408645629883
66.68473052978516
66.58301544189453
62.84187316894531
67.8871078491211
66.54068756103516
71.16815948486328
74.13179016113281
65.9654769897461
78.54790496826172
72.77243041992188
74.37591552734375
79.56684112548828
73.554443359375
77.97466278076172
82.61381530761719
70.2778091430664
83.88436889648438
84.6200180053711
78.06610870361328
87.71238708496094
78.96582794189453
85.36842346191406
86.60289764404297
66.40050506591797
86.8293685913086
83.58553314208984
79.5377197265625
86.65159606933594
78.65371704101562
82.71006774902344
84.93168640136719
65.38370513916016
83.12456512451172
81.02083587646484
72.54803466796875
81.62332916259766
70.61157989501953
80.2072982788086
83.03479766845703
62.710567474365234
87.4791488647461
87.53409576416016
83.04896545410156
93.11639404296875
85.28166198730469
91.95442962646484
94.41138458251953
67.96790313720703
95.4022216796875
93.69806671142578
87.91786193847656
97.18109893798828
90.12716674804688
94.1989974975586
97.2208023071289
74.4383316040039
96.88539123535156
93.7514419555664
89.34153747558594
95.58739471435547
84.71245574951172
91.18020629882812
91.6952896118164
69.50172424316406
89.52274322509766
86.48295593261719
77.83030700683594
86.17424011230469
78.66706848144531
78.83766174316406
81.24491882324219
66.23001098632812
78.88744354248047
74.64533233642578
73.62117767333984
78.01915740966797
66.85264587402344
75.76973724365234
76.84829711914062
63.14244842529297
75.62579345703125
74.42115783691406
61.89179611206055
75.66478729248047
69.82807159423828
72.3634262084961
74.6480712890625
59.21856689453125
75.49200439453125
71.08982849121094
70.3898696899414
75.66181945800781
64.62726593017578
71.8446044921875
73.72054290771484
54.93959045410156
71.65898132324219
70.66368103027344
54.59489822387695
70.56854248046875
64.85932922363281
67.05130004882812
71.9837646484375
53.53261184692383
73.45130157470703
69.99949645996094
68.62531280517578
75.39049530029297
64.75633239746094
72.0816650390625
73.47039031982422
52.30885314941406
72.87867736816406
70.67723083496094
59.523033142089844
71.65493774414062
63.98622131347656
67.55521392822266
69.3127670288086
40.92890167236328
68.68229675292969
67.11648559570312
63.56198501586914
72.28112030029297
62.018226623535156
70.77227020263672
70.84833526611328
54.22520446777344
69.00315856933594
67.13111877441406
58.23727798461914
69.24169921875
67.35059356689453
68.92851257324219
73.04183197021484
57.879337310791016
75.17803955078125
70.88485717773438
69.53166198730469
76.746337890625
66.97404479980469
75.9771728515625
78.0535659790039
56.78489685058594
80.09205627441406
78.16007232666016
73.58667755126953
82.8072738647461
76.49689483642578
81.02259826660156
84.80422973632812
63.66730499267578
85.71492767333984
85.00443267822266
78.73208618164062
88.56432342529297
80.9867935180664
86.56278991699219
87.98900604248047
70.89547729492188
87.84357452392578
83.56388854980469
80.74307250976562
86.70957946777344
77.16978454589844
82.171630859375
84.10867309570312
67.1981430053711
82.1302261352539
80.56346130371094
68.55508422851562
80.64701080322266
73.84803771972656
75.99612426757812
78.60169982910156
65.18167877197266
80.19110107421875
76.34663391113281
76.25849151611328
82.08522033691406
73.68379211425781
80.67876434326172
83.20325469970703
67.54389190673828
83.39157104492188
83.13231658935547
72.77528381347656
85.43589782714844
79.14167022705078
82.0604476928711
83.57797241210938
64.57711791992188
81.3084945678711
76.02606201171875
71.2658920288086
76.85924530029297
65.9150161743164
72.1877670288086
73.00707244873047
51.13209533691406
73.60379028320312
72.87751007080078
64.38404083251953
76.83547973632812
71.34941101074219
74.48330688476562
77.52704620361328
57.893375396728516
76.59961700439453
72.65534973144531
68.66661834716797
73.7007064819336
61.434024810791016
70.58564758300781
72.56825256347656
54.04720687866211
74.15087890625
72.76319122314453
65.93527221679688
76.99230194091797
69.6657943725586
73.9382553100586
76.2994155883789
47.74340057373047
75.31652069091797
73.09738159179688
66.33856964111328
74.28341674804688
65.26558685302734
71.28897094726562
72.5692367553711
53.658145904541016
73.9259033203125
71.199951171875
66.5169448852539
75.0487289428711
70.13359832763672
72.30760192871094
76.9675521850586
64.23106384277344
77.89974975585938
76.05200958251953
72.49893951416016
78.12242889404297
62.838809967041016
75.48619842529297
75.57860565185547
63.60964584350586
76.57283020019531
77.46724700927734
69.47972106933594
80.61967468261719
72.4566879272461
78.14702606201172
79.89848327636719
46.41926956176758
79.4701156616211
76.71110534667969
70.42094421386719
78.61014556884766
69.65437316894531
75.30221557617188
77.41899108886719
51.175132751464844
76.92184448242188
74.93473815917969
69.32980346679688
78.12385559082031
70.98739624023438
75.65524291992188
78.09468078613281
44.42213439941406
77.80204772949219
75.5112075805664
69.50358581542969
78.66979217529297
70.78771209716797
75.47240447998047
77.98098754882812
53.220176696777344
77.85774230957031
74.91820526123047
70.86727905273438
78.5531005859375
70.59821319580078
76.24095916748047
78.74219512939453
57.37514114379883
78.58418273925781
76.87918853759766
69.79138946533203
79.49759674072266
71.7879409790039
76.45781707763672
79.12055969238281
58.08687973022461
80.1788101196289
77.25733947753906
74.72200012207031
81.99750518798828
73.49702453613281
80.35405731201172
82.8209457397461
61.83275604248047
83.51042175292969
82.67694854736328
74.2979736328125
85.63092803955078
79.2695083618164
82.94548034667969
84.8991470336914
66.50740051269531
83.90961456298828
78.21822357177734
75.94903564453125
80.28709411621094
70.63923645019531
74.77783966064453
76.14800262451172
59.271297454833984
72.70103454589844
72.23319244384766
66.66090393066406
75.96940612792969
66.29402160644531
76.53582763671875
78.8662109375
60.671016693115234
82.05564880371094
80.38614654541016
76.35739135742188
85.49992370605469
78.75334167480469
83.77826690673828
87.56233215332031
64.55297088623047
88.49347686767578
87.16090393066406
81.56287384033203
90.30371856689453
81.60887145996094
87.65433502197266
89.05595397949219
65.76184844970703
88.9522476196289
85.92192077636719
80.7710952758789
89.19894409179688
82.4313735961914
86.35358428955078
89.90325927734375
64.72671508789062
90.11045837402344
87.56640625
82.9481201171875
90.7569351196289
82.17216491699219
87.70382690429688
89.99700164794922
59.192012786865234
89.54666900634766
87.4285659790039
81.00963592529297
89.26457977294922
79.737060546875
84.70997619628906
85.58726501464844
58.6738166809082
82.5801010131836
78.24820709228516
70.16390228271484
76.84536743164062
68.49051666259766
68.90172576904297
72.74395751953125
51.83098220825195
75.19438171386719
74.31884002685547
69.62620544433594
78.8590316772461
68.67500305175781
76.02584075927734
76.04154205322266
56.26325225830078
74.47622680664062
70.68904113769531
60.57920837402344
69.7799072265625
62.69826126098633
63.28107452392578
64.52153015136719
58.991268157958984
69.23731231689453
65.48339080810547
65.09021759033203
72.18756103515625
65.14634704589844
67.82394409179688
71.98908996582031
54.98735046386719
68.05416870117188
64.74794006347656
53.76460647583008
54.63372802734375
61.463279724121094
62.695064544677734
72.07626342773438
57.014015197753906
75.69125366210938
74.42185974121094
70.97579956054688
78.49034118652344
69.14457702636719
76.73310089111328
77.05743408203125
60.36583709716797
75.8476791381836
72.13407897949219
64.28273010253906
73.6900863647461
68.942626953125
67.49431610107422
72.01802062988281
58.41136932373047
71.4157943725586
66.53014373779297
66.424072265625
71.3944091796875
60.118473052978516
70.2044906616211
72.73045349121094
59.66511917114258
72.15027618408203
71.99073791503906
62.3292121887207
74.4616928100586
