63.46944808959961
74.29256439208984
77.91268157958984
58.75046920776367
80.92655944824219
80.01409912109375
75.69890594482422
81.94529724121094
73.72494506835938
75.69559478759766
74.8924331665039
63.62990188598633
72.54756164550781
66.44552612304688
63.697471618652344
68.85480499267578
59.71257781982422
58.509490966796875
61.824405670166016
62.76133346557617
64.70683288574219
63.476932525634766
66.8843002319336
73.63505554199219
64.44580841064453
72.92852783203125
76.36822509765625
57.99876403808594
78.3457260131836
78.3760986328125
74.30593872070312
83.41226959228516
73.64956665039062
78.6040267944336
78.86253356933594
56.71432113647461
74.20178985595703
70.25179290771484
57.646305084228516
65.30416870117188
63.09196090698242
62.472877502441406
57.09907150268555
60.202537536621094
47.65791702270508
53.60898208618164
53.68400955200195
61.16730499267578
57.878814697265625
63.09170913696289
68.09882354736328
56.018436431884766
69.68606567382812
67.00972747802734
66.10887145996094
72.44355773925781
66.99148559570312
69.46623229980469
73.5526351928711
53.21283721923828
71.99065399169922
71.43620300292969
66.87675476074219
75.42829132080078
65.390625
74.01617431640625
76.07440185546875
55.94280242919922
78.67257690429688
76.53390502929688
72.30950164794922
80.91292572021484
72.26355743408203
78.29796600341797
81.39032745361328
48.0911979675293
82.76600646972656
82.06246185302734
78.2658462524414
87.03520965576172
79.68907165527344
86.9041519165039
91.04826354980469
61.475582122802734
94.4662094116211
93.4538803100586
88.90190124511719
96.82444763183594
87.83538818359375
92.29077911376953
93.88265228271484
58.455936431884766
92.80631256103516
90.26036071777344
84.71223449707031
93.12237548828125
84.84191131591797
90.13282012939453
92.86563110351562
61.11035919189453
93.29068756103516
91.62371826171875
86.15217590332031
95.71163940429688
88.51535034179688
93.5911865234375
96.5599594116211
66.43461608886719
95.8899154663086
93.16549682617188
85.42085266113281
92.65863037109375
83.26617431640625
84.53201293945312
83.06731414794922
42.77271270751953
79.67724609375
77.23514556884766
72.32390594482422
79.99481964111328
70.40638732910156
75.95203399658203
77.03065490722656
48.48002624511719
75.05105590820312
72.99430084228516
66.97605895996094
74.74962615966797
65.77054595947266
73.28173828125
74.65962219238281
45.39554214477539
75.07609558105469
72.91426849365234
67.80355072021484
76.6884536743164
67.5551528930664
73.8572998046875
76.18043518066406
60.9259147644043
77.27668762207031
74.26705932617188
70.65303039550781
75.48184967041016
69.95356750488281
78.6247329711914
84.24966430664062
53.289894104003906
86.3410415649414
83.47398376464844
76.56278228759766
84.37869262695312
77.23932647705078
82.08128356933594
86.76104736328125
64.76141357421875
90.1607666015625
89.49147033691406
84.44234466552734
93.02571105957031
84.7518081665039
89.46369171142578
91.77377319335938
54.90288543701172
91.2160873413086
88.7353515625
82.88056182861328
91.19080352783203
82.5935287475586
87.80614471435547
89.81905364990234
46.96347427368164
89.33978271484375
86.57759857177734
80.49995422363281
88.5238265991211
79.6517105102539
84.60618591308594
87.88706970214844
52.61700439453125
91.91600036621094
91.77107238769531
88.0309829711914
97.86859130859375
90.53243255615234
96.44001007080078
99.35570526123047
60.238441467285156
100.24161529541016
98.54833221435547
93.30537414550781
102.4505844116211
94.94092559814453
100.14261627197266
102.96861267089844
69.77421569824219
102.52813720703125
99.66731262207031
93.06017303466797
100.67395782470703
91.33979797363281
95.15009307861328
96.44816589355469
60.33013153076172
94.11634826660156
90.81781005859375
84.0649642944336
91.87811279296875
82.65055084228516
86.85193634033203
88.48377990722656
56.888851165771484
86.89220428466797
83.94734954833984
77.65597534179688
85.5685806274414
76.80580139160156
80.56916046142578
82.49336242675781
56.62128829956055
81.34199523925781
78.3339614868164
72.36216735839844
79.41380310058594
67.81678771972656
74.2514419555664
74.90803527832031
55.77935791015625
75.11908721923828
72.07115936279297
66.26924133300781
75.23435974121094
67.1827392578125
70.61896514892578
73.87504577636719
54.7192497253418
70.48760223388672
69.55939483642578
64.2306900024414
71.04764556884766
64.9230728149414
72.80194091796875
75.43296813964844
51.681068420410156
76.28880310058594
74.09318542480469
69.35627746582031
76.05868530273438
67.25032806396484
71.90155029296875
75.04965209960938
57.85980224609375
72.54881286621094
70.86769104003906
66.42023468017578
71.83419036865234
64.98866271972656
69.91971588134766
71.93822479248047
51.63243103027344
73.56857299804688
71.2481689453125
67.28715515136719
75.60391998291016
67.9901351928711
72.23526763916016
74.50885009765625
55.82719039916992
70.31503295898438
69.58679962158203
63.05776596069336
75.11805725097656
68.57913970947266
77.39041137695312
80.00357818603516
48.08309555053711
81.64469146728516
79.36080932617188
74.30865478515625
82.2093505859375
74.53327941894531
80.26532745361328
82.98860168457031
57.34965133666992
83.97440338134766
82.13932037353516
78.02912139892578
87.12567901611328
78.79876708984375
85.88758850097656
88.5690689086914
52.71453857421875
88.81413269042969
86.54768371582031
82.56925964355469
91.44156646728516
84.10491180419922
90.71302795410156
93.40904998779297
60.22242736816406
93.20799255371094
89.979248046875
83.88367462158203
91.38653564453125
82.22357940673828
86.74987030029297
88.42994689941406
46.7067756652832
87.19327545166016
84.3324203491211
78.86153411865234
86.79667663574219
78.18785095214844
83.3561019897461
85.65760803222656
48.71432113647461
85.50325775146484
83.05452728271484
77.68628692626953
86.78482055664062
78.55004119873047
84.15641021728516
86.85480499267578
50.9608039855957
88.22786712646484
86.69178771972656
82.38125610351562
91.00384521484375
82.81597900390625
86.79290771484375
87.50802612304688
53.54810333251953
83.51457214355469
79.37490844726562
73.26618194580078
79.86676788330078
70.58241271972656
76.76423645019531
79.47059631347656
59.650699615478516
82.33512115478516
80.89276885986328
77.55455780029297
86.158935546875
78.49352264404297
82.93946075439453
84.31127166748047
55.149532318115234
81.11980438232422
77.92573547363281
71.5431137084961
78.43230438232422
70.88945007324219
76.63935852050781
79.482421875
39.54202651977539
82.50935363769531
80.0531005859375
75.49159240722656
83.4361572265625
74.33155059814453
78.21314239501953
79.65522766113281
54.000213623046875
78.56328582763672
76.12852478027344
70.49119567871094
80.3184814453125
71.72000885009766
78.05895233154297
80.28919219970703
53.83512496948242
79.79563903808594
77.0573959350586
73.83712768554688
81.7557144165039
74.58683776855469
80.72341918945312
84.451171875
60.74886703491211
83.45687866210938
80.2079849243164
72.90190887451172
79.40154266357422
68.886474609375
76.99005126953125
81.06683349609375
58.857215881347656
86.15875244140625
85.14793395996094
79.92668914794922
88.24803924560547
79.97760009765625
84.14955139160156
86.4168701171875
53.25157165527344
85.21732330322266
82.26280975341797
77.01277160644531
84.93232727050781
76.5981216430664
81.4737319946289
83.240966796875
56.95429992675781
83.12495422363281
80.72959899902344
75.51188659667969
83.89143371582031
75.49237823486328
81.34058380126953
83.07939910888672
54.29990005493164
83.25623321533203
81.15315246582031
74.94860076904297
83.72444915771484
75.4858169555664
81.2626724243164
83.58415985107422
55.584861755371094
83.17794799804688
80.81035614013672
75.78272247314453
83.35149383544922
75.71289825439453
80.96342468261719
83.38304138183594
54.7283821105957
83.6154556274414
81.10208892822266
76.97913360595703
84.49142456054688
76.3348617553711
82.39990234375
84.81993865966797
42.408203125
85.07319641113281
83.01670837402344
77.4176254272461
86.47856903076172
78.08744812011719
84.17864227294922
86.95774841308594
50.23519515991211
88.51541900634766
87.19251251220703
82.87020111083984
92.14512634277344
84.50641632080078
89.92045593261719
92.27117919921875
54.91950607299805
90.06559753417969
86.28092956542969
79.18212127685547
85.44495391845703
75.89061737060547
79.12632751464844
80.3390121459961
52.472015380859375
79.24779510498047
76.82595825195312
74.54197692871094
82.63517761230469
75.12753295898438
82.82523345947266
85.87688446044922
56.30937194824219
87.93222045898438
86.67620849609375
82.70426177978516
91.73930358886719
84.50669860839844
90.73238372802734
94.0247802734375
61.95503616333008
95.2640609741211
93.44627380371094
87.45275115966797
95.85089111328125
87.38459777832031
91.50865936279297
93.27193450927734
55.5819091796875
91.72490692138672
89.15106964111328
84.12891387939453
93.20193481445312
86.25359344482422
92.57469940185547
95.96013641357422
59.5704460144043
96.1614761352539
94.08893585205078
88.12191772460938
96.63701629638672
88.35262298583984
93.27091217041016
95.70838165283203
58.45344161987305
94.93624877929688
92.34173583984375
85.23869323730469
92.65658569335938
82.8647232055664
85.38679504394531
85.71643829345703
54.92384338378906
80.20127868652344
75.65970611572266
68.63756561279297
78.32280731201172
70.9024887084961
77.64099884033203
81.39517211914062
54.43240737915039
83.66210174560547
82.07539367675781
77.42595672607422
85.30508422851562
76.9598388671875
81.54264068603516
82.40607452392578
50.98430252075195
79.07364654541016
74.18954467773438
68.71343231201172
74.09941101074219
65.1678695678711
70.10309600830078
70.97785949707031
53.4608268737793
72.37116241455078
69.48261260986328
68.03770446777344
75.49154663085938
68.4546890258789
73.64708709716797
76.88009643554688
53.30343246459961
76.13245391845703
72.98731231689453
60.68387222290039
61.789913177490234
60.6494255065918
71.93859100341797
78.67066955566406
50.59457778930664
82.10305786132812
80.77076721191406
76.84112548828125
84.45758819580078
75.46388244628906
79.48406982421875
80.80096435546875
50.55325698852539
76.83365631103516
73.76130676269531
67.75821685791016
77.16798400878906
70.76660919189453
75.75931549072266
78.53700256347656
47.44739532470703
78.94989013671875
76.6406021118164
71.81201934814453
78.37623596191406
70.62203216552734
74.28756713867188
76.69438934326172
51.463478088378906
77.6810302734375
76.69241333007812
71.99472045898438
81.21267700195312
