70.52781677246094
71.84268188476562
76.79874420166016
63.35465621948242
75.58558654785156
72.47798156738281
69.28804016113281
72.14315795898438
61.445518493652344
69.63052368164062
69.21897888183594
57.137542724609375
66.11128234863281
61.765419006347656
53.51759338378906
64.46556091308594
53.989444732666016
61.51770782470703
64.01954650878906
44.05440139770508
67.12028503417969
64.09687042236328
60.87898254394531
68.59642791748047
65.10679626464844
68.60977935791016
73.49625396728516
61.41154479980469
75.65401458740234
73.94821166992188
71.52733612060547
76.63582611083984
53.2538948059082
73.34976196289062
71.12091827392578
59.66969680786133
70.43427276611328
62.93519973754883
58.907798767089844
62.8442268371582
61.95869064331055
52.55289077758789
55.520179748535156
59.25995635986328
62.49465560913086
59.81706237792969
60.84091567993164
66.34384155273438
62.08552551269531
56.36429977416992
65.80317687988281
61.8839111328125
61.73853302001953
64.76426696777344
59.570556640625
68.35689544677734
52.92985916137695
68.97132110595703
71.04771423339844
63.719783782958984
74.51387023925781
72.07318878173828
67.64277648925781
76.52938079833984
70.48146057128906
70.9338607788086
75.59423065185547
59.32158660888672
74.04924774169922
73.80509948730469
69.95404052734375
77.53872680664062
65.70262145996094
79.05494689941406
80.51490783691406
65.88046264648438
83.8634033203125
82.42581939697266
77.7170181274414
87.92420959472656
82.73233032226562
85.41748046875
90.58195495605469
73.90006256103516
91.36998748779297
88.26762390136719
85.09259796142578
90.8581771850586
80.19794464111328
87.15523529052734
88.36833190917969
62.076107025146484
87.70792388916016
85.07450103759766
78.82150268554688
87.34584045410156
79.49124908447266
84.69974517822266
87.23141479492188
58.0482292175293
87.85002899169922
86.03729248046875
80.36996459960938
89.7177963256836
83.03245544433594
86.58584594726562
90.5757064819336
72.60065460205078
90.41152954101562
88.82660675048828
83.29542541503906
90.41444396972656
79.4271011352539
86.59025573730469
85.47904968261719
71.38140869140625
83.01528930664062
75.84962463378906
73.83676147460938
71.65142822265625
73.24104309082031
64.10069274902344
68.09690856933594
69.32230377197266
65.650146484375
60.31171417236328
65.7833480834961
63.927852630615234
65.72457122802734
62.776790618896484
64.2069091796875
61.070125579833984
61.44270324707031
63.03827667236328
68.95282745361328
71.56268310546875
60.93123245239258
73.51630401611328
75.9791488647461
62.63287353515625
78.66777038574219
73.6009292602539
74.83128356933594
76.1193618774414
64.38267517089844
72.74901580810547
72.25077056884766
62.01557159423828
70.80878448486328
67.33714294433594
67.74214172363281
72.86225891113281
68.8153305053711
74.96343994140625
77.74420928955078
69.68637084960938
79.97972106933594
81.51807403564453
67.8837661743164
85.2869644165039
82.59783172607422
83.5799789428711
88.71437072753906
73.93343353271484
88.7986068725586
85.56244659423828
81.91216278076172
88.34779357910156
78.04907989501953
84.88050842285156
86.68014526367188
60.4059944152832
85.56451416015625
82.67507934570312
75.26850128173828
83.7199478149414
75.71314239501953
79.77803039550781
83.67292022705078
61.4860725402832
86.99372100830078
87.1512451171875
82.93453979492188
92.75896453857422
84.82526397705078
92.14208221435547
94.54686737060547
70.39409637451172
96.00669860839844
93.77262878417969
89.1653060913086
97.82611846923828
90.849365234375
94.82435607910156
98.46959686279297
79.57938385009766
98.28597259521484
97.38530731201172
89.98365020751953
99.63667297363281
91.38314056396484
96.09751892089844
97.13866424560547
74.13713836669922
95.6201171875
91.76678466796875
86.21553802490234
93.08438110351562
84.54488372802734
87.1534423828125
89.15188598632812
69.66869354248047
86.03253936767578
83.66593170166016
75.85015869140625
84.08268737792969
73.97024536132812
80.97958374023438
81.4827651977539
64.36505126953125
82.16084289550781
78.20964050292969
73.6181869506836
81.36409759521484
73.8358383178711
75.6147689819336
78.21326446533203
61.687461853027344
75.48919677734375
74.21051788330078
66.52110290527344
74.5873794555664
63.57159423828125
71.97563934326172
71.0579605102539
61.31956100463867
73.18074035644531
69.84538269042969
64.78314208984375
73.25670623779297
67.49458312988281
67.21968841552734
72.04489135742188
60.64012145996094
71.80194854736328
68.63080596923828
66.4965591430664
73.3318099975586
60.386199951171875
72.19650268554688
72.79705047607422
56.662960052490234
74.17322540283203
70.17867279052734
64.99170684814453
72.81598663330078
67.17487335205078
65.29609680175781
69.18721008300781
61.202877044677734
65.47856903076172
62.52519607543945
64.06348419189453
70.12416076660156
60.24723434448242
71.5140151977539
73.99617767333984
64.27108001708984
76.43802642822266
76.98186492919922
64.01166534423828
81.02156829833984
76.57687377929688
78.5954818725586
81.76314544677734
68.35665130615234
81.76011657714844
79.2684097290039
75.89554595947266
82.12993621826172
70.64276123046875
80.08078002929688
80.85212707519531
62.90248107910156
82.624267578125
81.21311950683594
74.80059051513672
85.31209564208984
80.01234436035156
83.01178741455078
87.64186096191406
73.62102508544922
88.51679229736328
86.37443542480469
83.47673034667969
89.0385513305664
76.06214141845703
86.09253692626953
86.8144760131836
63.84225845336914
87.046142578125
84.80096435546875
79.1283187866211
86.95765686035156
78.49020385742188
83.4913558959961
85.1929702758789
52.8175048828125
84.20368194580078
81.86377716064453
73.72431945800781
83.60150146484375
75.68814849853516
79.34147644042969
81.99757385253906
62.30998611450195
81.72705078125
78.66702270507812
76.43824768066406
83.24515533447266
73.84146881103516
81.82194519042969
84.01513671875
64.72160339355469
85.10694885253906
83.60335540771484
76.6257095336914
87.18104553222656
81.96251678466797
83.82613372802734
88.81839752197266
75.73320007324219
89.02181243896484
87.07884979248047
83.56552124023438
88.24946594238281
74.10970306396484
84.32160186767578
83.3480224609375
66.87841796875
81.90580749511719
77.80892181396484
70.31639099121094
77.7090835571289
71.22772979736328
71.04286193847656
73.97917938232422
61.86460876464844
74.78627014160156
70.84690856933594
71.09661865234375
74.80787658691406
63.31205749511719
74.14520263671875
75.11882781982422
63.03413391113281
75.99401092529297
75.64349365234375
65.81065368652344
78.5508804321289
73.89749908447266
76.35963439941406
79.5704345703125
61.50044631958008
79.40442657470703
75.56439971923828
72.92536163330078
78.66561126708984
70.0478744506836
75.70619201660156
77.64726257324219
54.76268005371094
76.78221893310547
73.80194854736328
66.57575225830078
75.39231872558594
66.17073059082031
72.836669921875
75.10359191894531
51.06426239013672
77.36219787597656
77.23295593261719
69.98682403564453
82.18116760253906
76.63074493408203
80.94196319580078
83.94476318359375
67.57207489013672
84.09877014160156
79.97816467285156
76.65223693847656
82.72599029541016
74.0166244506836
78.40699768066406
81.67172241210938
60.00300979614258
81.11033630371094
78.84413146972656
73.27355194091797
81.24980926513672
72.77432250976562
78.60907745361328
80.22572326660156
58.039554595947266
80.73623657226562
77.74647521972656
73.780029296875
81.34232330322266
74.11505126953125
77.58645629882812
80.33834838867188
57.10511779785156
79.71619415283203
77.95565032958984
71.61507415771484
80.68991088867188
72.13874053955078
78.29454040527344
79.94314575195312
60.38798904418945
80.67073059082031
78.03167724609375
73.80215454101562
81.34620666503906
73.54554748535156
78.55864715576172
80.92184448242188
58.37907028198242
80.42955017089844
79.03329467773438
71.59132385253906
81.69889831542969
73.99488830566406
78.752685546875
81.44416046142578
59.44307327270508
82.60066223144531
79.94754028320312
76.63037109375
84.52159881591797
76.00611114501953
82.21865844726562
84.86575317382812
60.19559860229492
85.39991760253906
84.0994644165039
76.87898254394531
87.2074203491211
80.10186767578125
84.61229705810547
86.4031982421875
68.51697540283203
85.67811584472656
81.56720733642578
77.62257385253906
84.33818817138672
76.01143646240234
80.00415802001953
82.12930297851562
60.05820846557617
79.37776184082031
77.2516860961914
67.32084655761719
77.13987731933594
68.97620391845703
78.00189971923828
80.07968139648438
66.71562194824219
84.12647247314453
81.84561920166016
79.45729064941406
87.50347137451172
81.27986145019531
85.95381927490234
89.76641082763672
70.95333099365234
90.3112564086914
89.50403594970703
82.35074615478516
92.0699462890625
84.24249267578125
88.55227661132812
90.3940200805664
63.89339065551758
89.34071350097656
86.09748840332031
81.0787124633789
88.40693664550781
79.7265396118164
85.20906829833984
88.31877899169922
67.04711151123047
89.71175384521484
88.96646881103516
83.43156433105469
92.38745880126953
83.77055358886719
89.73829650878906
91.81808471679688
59.494354248046875
91.64730072021484
89.65645599365234
82.30290222167969
91.6136474609375
84.6506576538086
87.21710968017578
89.68173217773438
68.75460052490234
87.21715545654297
82.73338317871094
76.75557708740234
82.33796691894531
72.01923370361328
76.22093963623047
78.89990234375
50.63906478881836
80.87982177734375
80.13924407958984
74.505615234375
84.50303649902344
77.45148468017578
82.19245147705078
84.09185791015625
66.64370727539062
83.18831634521484
78.72408294677734
74.42151641845703
79.7389144897461
70.37263488769531
73.38400268554688
74.4834213256836
50.348304748535156
69.95733642578125
67.11459350585938
62.90996551513672
70.36011505126953
60.042179107666016
67.75669860839844
70.4936752319336
46.552734375
69.03699493408203
64.35368347167969
62.895294189453125
57.983154296875
65.43441009521484
64.32061004638672
75.30773162841797
65.72418212890625
78.45628356933594
77.62567901611328
73.79544067382812
81.56269073486328
71.75897216796875
79.51406860351562
79.22920227050781
66.10314178466797
78.65042877197266
74.15376281738281
69.37551879882812
75.7684326171875
71.08423614501953
68.48690032958984
73.9009780883789
62.87400817871094
72.78268432617188
71.39009857177734
70.49032592773438
75.33782196044922
60.519775390625
73.46312713623047
74.64895629882812
62.696922302246094
74.42806243896484
73.73552703857422
61.784568786621094
75.1491470336914
