70.54132843017578
61.513389587402344
72.95938110351562
70.10626983642578
74.75711059570312
75.622314453125
71.51869201660156
74.63772583007812
65.79960632324219
72.32447814941406
66.99661254882812
67.41818237304688
64.60932922363281
59.08089065551758
65.58368682861328
54.20679473876953
62.89550018310547
53.9007682800293
58.82524871826172
58.6342658996582
61.13267135620117
57.50093460083008
61.014095306396484
61.59208297729492
64.97551727294922
59.097206115722656
68.41329956054688
65.94693756103516
68.66233825683594
73.69668579101562
69.29644775390625
76.05787658691406
68.47557067871094
75.41613006591797
66.86952209472656
68.97008514404297
67.88578033447266
63.79304504394531
64.40410614013672
54.86915588378906
64.16427612304688
54.72734451293945
62.26205825805664
54.30304718017578
60.771114349365234
54.63031005859375
61.321224212646484
57.36455154418945
61.73625183105469
56.562076568603516
63.11359405517578
63.039215087890625
61.45384979248047
65.57666778564453
51.93559646606445
66.33837127685547
48.47517013549805
66.12686920166016
62.439849853515625
67.29686737060547
66.91177368164062
64.36278533935547
69.70964813232422
60.79206848144531
70.29064178466797
64.50184631347656
71.33323669433594
69.56392669677734
69.25565338134766
72.20816802978516
68.09104919433594
75.09841918945312
66.71061706542969
75.25360870361328
71.70021057128906
75.6561279296875
75.51567077636719
75.09939575195312
80.09679412841797
74.91985321044922
82.7103042602539
78.13738250732422
84.79145050048828
83.62167358398438
86.47692108154297
88.29878997802734
85.80042266845703
88.67022705078125
83.60616302490234
86.81422424316406
83.90666198730469
84.36146545410156
84.06392669677734
82.25196075439453
84.37077331542969
81.90213012695312
84.03803253173828
82.82286834716797
82.75872039794922
84.4827880859375
82.30288696289062
85.57642364501953
83.93910217285156
86.07788848876953
86.41676330566406
85.3823471069336
88.8463363647461
84.64896392822266
89.06629943847656
85.36455535888672
85.94036102294922
85.94922637939453
78.19871520996094
84.07620239257812
66.19857788085938
79.25861358642578
69.2545394897461
76.27039337158203
70.67770385742188
72.93260192871094
73.38915252685547
67.47972869873047
72.76883697509766
57.518280029296875
71.1652603149414
65.82889556884766
65.58928680419922
68.90048217773438
57.82724380493164
67.45081329345703
62.43586730957031
66.32317352294922
68.11109924316406
61.51884841918945
69.30586242675781
61.94113540649414
70.44702911376953
64.68294525146484
66.79933166503906
68.7739486694336
63.04093551635742
68.01556396484375
62.91120529174805
61.14410400390625
63.48405456542969
68.62992095947266
74.2539291381836
69.33220672607422
77.62264251708984
67.45160675048828
76.82845306396484
69.96372985839844
76.2996826171875
73.9189453125
76.90575408935547
79.80596160888672
78.2819595336914
84.23259735107422
80.15618896484375
85.53099822998047
81.46527099609375
84.33073425292969
82.93672943115234
81.9625015258789
83.39266204833984
80.50898742675781
83.1103286743164
79.98316955566406
81.9594955444336
80.6883544921875
80.49694061279297
80.99505615234375
78.74411010742188
80.64602661132812
77.23456573486328
79.781982421875
76.74947357177734
79.23041534423828
78.871826171875
82.02242279052734
83.57482147216797
85.90228271484375
86.97442626953125
88.76810455322266
88.7614517211914
90.4482192993164
89.59909057617188
91.61469268798828
90.77249908447266
92.17996978759766
92.179443359375
92.463623046875
93.85261535644531
92.66929626464844
95.125244140625
92.9498062133789
95.07736206054688
93.08880615234375
93.10533142089844
92.36034393310547
89.89342498779297
90.77238464355469
86.59461212158203
88.48939514160156
84.50724029541016
85.76713562011719
83.65196228027344
82.45484924316406
82.79896545410156
79.050537109375
81.66755676269531
76.96605682373047
79.80789184570312
76.04087829589844
77.422607421875
76.35503387451172
75.08744812011719
77.13219451904297
71.54879760742188
76.31459045410156
70.72341918945312
74.42123413085938
71.88001251220703
71.55496978759766
72.42996978759766
67.08309936523438
72.68478393554688
65.82966613769531
70.55252075195312
65.6180191040039
69.44442749023438
66.24655151367188
66.2493667602539
68.3559799194336
63.29056930541992
68.11163330078125
61.42313766479492
68.51249694824219
61.910987854003906
65.95120239257812
64.35494232177734
66.35592651367188
69.5897445678711
63.85906219482422
70.52669525146484
63.43008804321289
67.99073028564453
65.16778564453125
66.6219253540039
68.55448150634766
64.34552001953125
68.57012939453125
62.734134674072266
66.56727600097656
60.611148834228516
65.86564636230469
65.0621337890625
63.57753372192383
64.37576293945312
61.972251892089844
65.72942352294922
59.310401916503906
66.3410873413086
66.36772155761719
64.93209838867188
67.29456329345703
61.59524154663086
67.57316589355469
59.294586181640625
68.35082244873047
65.58818817138672
70.27442169189453
71.60813903808594
72.31556701660156
74.8302001953125
71.23788452148438
74.3859634399414
69.65013122558594
73.49903106689453
71.96068572998047
72.8630142211914
74.37715911865234
72.6348648071289
76.15225219726562
74.01317596435547
77.22566223144531
76.45613861083984
78.01750946044922
79.57740020751953
79.56417846679688
81.63358306884766
80.41402435302734
82.0992202758789
80.7168197631836
82.1927261352539
80.60515594482422
83.0849838256836
82.50301361083984
84.59742736816406
83.08714294433594
84.8395004272461
81.78837585449219
83.41218566894531
80.828369140625
81.44683837890625
80.43359375
78.4773941040039
80.37531280517578
76.84636688232422
79.97889709472656
75.70133209228516
78.34351348876953
77.41516876220703
77.13653564453125
78.2947769165039
75.45870971679688
78.9327621459961
74.26113891601562
78.97162628173828
75.98651885986328
78.3315658569336
78.83577728271484
76.9812240600586
80.72764587402344
76.63797760009766
82.23748779296875
78.3527603149414
83.23463439941406
82.07611083984375
82.2825698852539
82.88851928710938
78.14144134521484
80.21805572509766
73.28894805908203
75.87549591064453
70.93403625488281
71.77201080322266
70.6490707397461
69.94808959960938
72.36381530761719
69.0628433227539
74.63045501708984
71.6201171875
76.60977935791016
74.38577270507812
75.80992889404297
74.91458129882812
72.32818603515625
73.095703125
67.77748107910156
71.4115982055664
66.3460922241211
70.36363220214844
67.68385314941406
71.82390594482422
71.20346069335938
72.4763412475586
74.3414306640625
72.8778305053711
75.6689224243164
71.83464050292969
74.15039825439453
70.21060180664062
71.7100830078125
69.32093811035156
71.45427703857422
69.2022933959961
72.12223815917969
69.33818817138672
71.08251190185547
71.20526885986328
67.82520294189453
70.94438171386719
66.59044647216797
72.12449645996094
68.41273498535156
73.22783660888672
70.09893035888672
76.23148345947266
73.00371551513672
77.55187225341797
76.0509262084961
75.9419174194336
75.18836212158203
70.52420043945312
73.90900421142578
67.79932403564453
74.28413391113281
72.97550964355469
79.06256103515625
75.69999694824219
80.02761840820312
76.98184204101562
78.6279296875
77.5162353515625
77.13724517822266
76.35797119140625
75.47357177734375
76.44489288330078
74.68550872802734
75.19205474853516
74.01520538330078
74.6502914428711
73.87809753417969
73.88379669189453
73.94378662109375
73.38133239746094
74.55067443847656
74.43513488769531
74.30254364013672
74.20537567138672
74.69097137451172
74.97967529296875
74.3614730834961
74.68327331542969
74.54418182373047
74.53236389160156
74.50243377685547
74.35413360595703
74.59029388427734
74.90924072265625
73.59733581542969
74.69088745117188
74.39309692382812
74.68120574951172
74.41413116455078
74.59326171875
74.77188873291016
74.84117889404297
75.78158569335938
75.36312103271484
76.3722915649414
75.11767578125
75.56011199951172
76.23206329345703
75.6122055053711
77.15245056152344
76.19649505615234
77.65167999267578
77.03817749023438
78.01725006103516
78.30842590332031
77.7632064819336
79.79315948486328
78.13927459716797
81.4403305053711
79.5931625366211
82.61381530761719
82.30147552490234
82.92723083496094
83.85604095458984
80.50450897216797
83.19623565673828
76.59666442871094
80.40999603271484
74.24949645996094
76.51420593261719
72.22663879394531
73.67203521728516
71.62637329101562
70.38478088378906
73.30976104736328
70.92029571533203
76.31209564208984
70.9722900390625
78.71228790283203
74.84345245361328
80.06807708740234
79.1013412475586
80.77342224121094
82.55123901367188
81.68144989013672
85.387451171875
83.09173583984375
86.84025573730469
85.45996856689453
87.27249908447266
87.45738983154297
86.19517517089844
87.68541717529297
84.46165466308594
86.58078002929688
83.70916748046875
84.44444274902344
83.15424346923828
82.3934326171875
83.71670532226562
81.91172790527344
85.45287322998047
83.79289245605469
87.47087097167969
85.65093994140625
87.76431274414062
86.63016510009766
87.12152099609375
86.88488006591797
86.73855590820312
86.70938873291016
86.611083984375
86.43236541748047
86.51150512695312
85.88558197021484
85.29798889160156
84.57050323486328
81.65254974365234
81.75189971923828
76.45604705810547
78.55343627929688
69.65116882324219
74.92888641357422
63.195953369140625
72.34429168701172
64.96329498291016
72.74391174316406
69.85292053222656
74.6066665649414
74.08539581298828
75.48441314697266
76.06132507324219
76.04263305664062
75.83924865722656
75.79444122314453
72.59439086914062
74.08001708984375
67.11310577392578
70.90301513671875
63.865089416503906
69.44631958007812
64.21966552734375
66.00821685791016
65.76107788085938
64.43316650390625
66.14746856689453
63.86675262451172
68.1270980834961
60.281700134277344
69.31546783447266
60.165916442871094
70.7480697631836
64.56727600097656
69.7850341796875
65.7437973022461
61.63533401489258
63.821258544921875
67.194091796875
57.913089752197266
73.63726043701172
71.07649230957031
74.94693756103516
75.0325698852539
74.54750061035156
77.19905090332031
72.49566650390625
75.75386047363281
68.64598083496094
72.95994567871094
65.85182189941406
70.93264770507812
67.18339538574219
70.4278793334961
70.21106719970703
69.45304107666016
72.45755004882812
68.9631576538086
73.9200210571289
66.4439926147461
72.6756362915039
68.7248306274414
69.70286560058594
69.82691192626953
67.9717025756836
69.22505950927734
64.85704040527344
72.00884246826172
66.73002624511719
73.43294525146484
