65.30003356933594
71.5770034790039
75.32302856445312
46.46809005737305
78.86446380615234
75.88335418701172
71.32083129882812
79.65879821777344
67.03894805908203
73.81002044677734
73.69923400878906
54.48621368408203
70.01031494140625
64.96240997314453
57.288246154785156
64.03976440429688
50.99249267578125
62.52593231201172
61.85747528076172
47.69954299926758
61.39008712768555
60.40176773071289
59.83539581298828
68.10480499267578
59.63243865966797
65.42710876464844
70.09539794921875
52.5720329284668
72.54972076416016
72.20475769042969
69.33529663085938
79.0666275024414
72.05851745605469
74.4575424194336
74.77198791503906
51.765289306640625
70.38273620605469
65.90546417236328
61.10905075073242
64.77567291259766
54.56770324707031
55.7324333190918
60.59893035888672
55.104190826416016
55.02522659301758
50.126930236816406
52.488929748535156
58.011348724365234
51.62788009643555
52.98631286621094
62.40763854980469
52.05540084838867
63.59542465209961
57.95768356323242
62.8116569519043
66.120361328125
61.37484359741211
66.29015350341797
68.55951690673828
50.920989990234375
70.81150817871094
68.94823455810547
63.343475341796875
72.25952911376953
66.91057586669922
69.54303741455078
73.8458480834961
54.675994873046875
74.6834487915039
72.51359558105469
69.1326675415039
76.93663787841797
69.95088195800781
75.40137481689453
78.77412414550781
54.594688415527344
80.23217010498047
79.2715072631836
74.39804077148438
84.33675384521484
77.2933120727539
83.9985122680664
87.88152313232422
46.16547775268555
90.97686004638672
89.76957702636719
85.23941802978516
93.32023620605469
84.2121353149414
88.90563201904297
90.50527954101562
49.010658264160156
89.29644012451172
86.75227355957031
80.99793243408203
89.42500305175781
80.82867431640625
86.54927062988281
89.00579833984375
51.9253044128418
89.72791290283203
87.91085815429688
82.76898193359375
92.05113220214844
84.64078521728516
89.91398620605469
92.83428192138672
60.55690383911133
92.32319641113281
89.0476303100586
81.69731903076172
87.7575454711914
76.50315856933594
78.87970733642578
80.47967529296875
54.218544006347656
78.82785034179688
75.83242797851562
69.45719909667969
77.37447357177734
67.23664855957031
72.80887603759766
73.0365982055664
48.051700592041016
73.37264251708984
69.16412353515625
66.13735961914062
71.22357177734375
62.77684020996094
68.29010772705078
70.76558685302734
51.79912567138672
70.25200653076172
67.2249755859375
63.548492431640625
71.67717742919922
64.4285659790039
70.59432220458984
72.53275299072266
51.402198791503906
72.29469299316406
68.39241790771484
58.064205169677734
60.66248321533203
66.09358215332031
74.97514343261719
80.62208557128906
50.70624923706055
83.14871215820312
80.13844299316406
74.2108383178711
81.29283142089844
73.68864440917969
79.62400817871094
83.84341430664062
52.83428955078125
87.55209350585938
86.69799041748047
81.47341918945312
90.09941864013672
81.41618347167969
86.5083999633789
88.4849853515625
47.952545166015625
87.85604858398438
85.22998046875
79.36408996582031
87.70452880859375
79.33114624023438
84.20664978027344
86.32618713378906
49.25544738769531
85.49242401123047
82.54806518554688
77.07815551757812
84.49213409423828
75.3533706665039
81.15455627441406
84.52093505859375
41.72206497192383
89.2376937866211
89.33917999267578
85.61766815185547
95.32997131347656
88.00975799560547
93.6578598022461
96.45195007324219
54.74650955200195
97.25714874267578
95.42000579833984
90.3772964477539
99.33357238769531
91.50688934326172
96.98303985595703
99.59060668945312
62.33533477783203
98.96675109863281
95.95194244384766
89.2703857421875
96.66121673583984
87.26464080810547
91.12338256835938
92.26012420654297
51.21428298950195
89.85260009765625
86.59602355957031
79.9140396118164
87.38204956054688
78.03348541259766
82.21527862548828
83.50577545166016
42.3527717590332
81.32967376708984
78.14378356933594
71.58483123779297
79.55230712890625
71.55561065673828
75.7791748046875
76.9718017578125
32.09214401245117
77.13420104980469
74.48872375488281
70.31812286376953
78.16627502441406
70.79896545410156
74.88561248779297
76.86537170410156
44.10626983642578
76.37516021728516
73.12906646728516
67.6054458618164
74.7238998413086
65.32655334472656
71.10175323486328
72.52033233642578
46.70597457885742
72.05939483642578
69.89405822753906
64.58238220214844
72.37566375732422
64.04305267333984
70.68073272705078
75.15399932861328
52.39056396484375
74.58134460449219
72.98163604736328
65.92115020751953
75.06486511230469
65.86775207519531
71.8248291015625
73.15306091308594
51.56617736816406
72.60472106933594
70.18028259277344
64.34268188476562
72.76741027832031
63.05723571777344
70.1294174194336
71.82470703125
53.41419982910156
71.06046295166016
70.1415023803711
63.58515167236328
73.32855224609375
64.19895935058594
70.03993225097656
71.53490447998047
50.769718170166016
68.0909194946289
61.25301742553711
55.72728729248047
68.53683471679688
64.74275970458984
73.4415512084961
77.0241470336914
54.39447021484375
77.77558898925781
75.397216796875
70.8461685180664
78.74693298339844
70.47920227050781
76.82061004638672
79.6824722290039
50.129127502441406
81.21286010742188
79.30461120605469
75.3704605102539
83.93846893310547
76.64485168457031
82.25716400146484
85.8287582397461
44.99649429321289
87.31417083740234
85.66785430908203
81.27511596679688
90.53736877441406
82.83504486083984
88.77057647705078
90.79303741455078
41.987613677978516
89.36382293701172
86.14251708984375
79.78104400634766
87.43804168701172
78.41411590576172
82.9341049194336
84.87384796142578
54.77390670776367
83.8012466430664
81.01408386230469
75.41402435302734
83.38114166259766
74.95801544189453
80.16651153564453
82.01927947998047
53.89009094238281
82.09394836425781
79.4361572265625
73.87938690185547
83.2841567993164
74.88101959228516
80.70571899414062
83.64224243164062
42.62373733520508
84.78170776367188
83.2054214477539
78.39485168457031
87.17115783691406
79.2205810546875
83.26555633544922
83.8710708618164
52.5273323059082
80.21710205078125
75.52786254882812
69.46206665039062
76.3342056274414
66.0597915649414
72.2363052368164
73.80708312988281
47.94314956665039
76.86572265625
75.61286926269531
70.9898681640625
81.28816986083984
73.76751708984375
79.27976989746094
81.29741668701172
34.575382232666016
78.90042877197266
74.89429473876953
68.24015045166016
75.47853088378906
66.35599517822266
71.53084564208984
74.36563873291016
42.7578125
76.0270004272461
75.68141174316406
70.45587921142578
78.66148376464844
69.97838592529297
75.44860076904297
76.2987289428711
51.83427810668945
74.7406005859375
71.72535705566406
66.35447692871094
75.7047119140625
67.02037811279297
72.88743591308594
75.01090240478516
45.23381042480469
75.05162048339844
72.68260192871094
69.79695892333984
78.64041900634766
70.49532318115234
77.42423248291016
81.19120788574219
37.42843246459961
81.68283081054688
78.47079467773438
70.52883911132812
77.4249496459961
68.33694458007812
72.94268798828125
76.07511138916016
51.33544921875
80.83673858642578
80.09074401855469
75.28833770751953
83.9549331665039
75.52165222167969
80.42521667480469
82.2657470703125
49.21949005126953
81.20236206054688
78.41630554199219
71.94056701660156
80.51620483398438
72.21095275878906
77.10808563232422
78.80499267578125
51.02651596069336
78.77590942382812
76.44561004638672
71.51216125488281
80.19767761230469
71.61605834960938
77.32221984863281
79.90460205078125
47.75469207763672
79.97854614257812
77.32606506347656
72.13774871826172
80.43790435791016
71.85689544677734
77.61091613769531
79.51802062988281
37.306724548339844
79.63308715820312
77.55921936035156
72.44843292236328
80.75355529785156
72.78923034667969
78.12672424316406
80.16613006591797
55.5496826171875
80.8634033203125
78.303955078125
73.161376953125
81.5671615600586
73.96134185791016
78.94512939453125
81.52802276611328
47.68292999267578
82.05705261230469
79.77825164794922
75.22161102294922
83.40103149414062
75.54344940185547
81.44059753417969
84.05274963378906
50.323997497558594
85.60684967041016
84.09542846679688
79.56068420410156
88.70201110839844
80.6310806274414
86.36312103271484
88.21869659423828
48.49909973144531
85.77790832519531
81.49394989013672
74.53397369384766
80.64340209960938
70.96360778808594
74.8685302734375
76.37814331054688
48.74399948120117
75.1294174194336
73.16693878173828
69.53691864013672
78.47439575195312
70.54767608642578
78.11940002441406
81.48252868652344
45.25014877319336
83.92263793945312
82.54608154296875
78.4566650390625
87.71163940429688
80.20256805419922
86.74495697021484
89.94564056396484
58.01859664916992
91.45555114746094
89.94579315185547
84.2961196899414
93.01531982421875
84.5555191040039
88.95468139648438
90.79615020751953
55.03311538696289
89.68917846679688
87.27818298339844
81.90327453613281
91.00189971923828
83.77200317382812
89.60099792480469
92.51419067382812
54.27387619018555
92.39282989501953
90.08500671386719
84.33959197998047
92.80412292480469
84.54051971435547
89.60933685302734
91.9959487915039
55.81199645996094
91.7331314086914
89.4288330078125
82.85726928710938
90.79473876953125
81.66105651855469
84.56031036376953
85.37710571289062
59.992156982421875
81.03668212890625
76.61070251464844
67.10635375976562
74.94202423095703
65.0667495727539
71.1042709350586
75.1495132446289
47.61762619018555
77.37583923339844
76.19447326660156
70.81586456298828
80.18766021728516
71.7409896850586
75.8939437866211
76.50601959228516
48.60163879394531
73.77455139160156
69.05231475830078
63.72494888305664
70.144287109375
63.37314987182617
65.57196807861328
68.44461822509766
42.07340621948242
68.70848083496094
65.68453216552734
63.47459411621094
71.68214416503906
64.10934448242188
70.19512176513672
72.54500579833984
54.461055755615234
72.40303802490234
67.7453842163086
56.53373336791992
62.99348068237305
57.10455322265625
68.78120422363281
74.6116714477539
52.397705078125
78.70943450927734
77.84358978271484
72.24738311767578
81.24739074707031
72.84603118896484
77.08299255371094
78.08809661865234
41.004520416259766
75.31790924072266
71.35442352294922
66.633056640625
75.29192352294922
66.62706756591797
72.47257995605469
74.95121765136719
50.36004638671875
75.0028076171875
71.84680938720703
65.01673126220703
73.57865905761719
65.64588928222656
70.25760650634766
72.76593780517578
54.43306350708008
74.43595123291016
72.94810485839844
68.72673034667969
77.53751373291016
