67.05584716796875
67.16450500488281
66.50227355957031
71.1165771484375
71.71955108642578
72.29569244384766
71.8905029296875
72.72543334960938
72.32282257080078
70.80330657958984
64.25885009765625
62.12394332885742
63.814117431640625
53.78970718383789
60.60770797729492
56.110897064208984
55.93043518066406
51.453704833984375
52.26584243774414
52.02981185913086
60.23481750488281
58.83915328979492
62.39413833618164
58.47520446777344
63.6815185546875
61.5662727355957
64.7296371459961
68.20111083984375
67.2835693359375
71.38693237304688
72.12482452392578
74.66195678710938
73.12413787841797
72.98149108886719
68.02906036376953
69.4468002319336
65.17874908447266
66.62843322753906
58.40910339355469
59.20868682861328
56.805335998535156
52.905269622802734
58.52605438232422
50.474884033203125
56.61100769042969
48.28779983520508
54.1693229675293
57.05376434326172
52.33199691772461
61.28730010986328
58.725521087646484
57.72303771972656
60.2114143371582
60.85515594482422
59.23464584350586
58.535247802734375
62.2679443359375
61.72638702392578
63.448787689208984
63.37688446044922
63.62233352661133
64.11774444580078
64.64545440673828
64.67665100097656
65.3952407836914
65.62991333007812
66.33856201171875
67.92850494384766
68.6465072631836
69.33526611328125
68.80570220947266
70.0684585571289
71.63025665283203
71.92445373535156
72.93726348876953
71.79058074951172
75.5158920288086
75.1661605834961
76.47025299072266
77.47135925292969
78.27427673339844
80.08131408691406
81.28996276855469
83.34075927734375
84.63118743896484
86.53707885742188
87.02902221679688
87.61839294433594
86.78404235839844
85.84814453125
85.38099670410156
84.53907775878906
84.5524673461914
83.90919494628906
83.94058990478516
83.45182800292969
84.04066467285156
83.82315826416016
84.21284484863281
84.68167877197266
85.24398803710938
85.60668182373047
85.98788452148438
86.66192626953125
87.07982635498047
87.51535034179688
87.29975128173828
86.89397430419922
86.22129821777344
85.35342407226562
83.58031463623047
82.01386260986328
79.39886474609375
76.95264434814453
73.1484146118164
70.66072845458984
69.56534576416016
67.834228515625
69.74409484863281
69.07246398925781
69.10563659667969
67.46131896972656
67.675048828125
68.14039611816406
68.96524047851562
66.86557006835938
64.87934112548828
66.41313171386719
63.9416618347168
68.93952941894531
66.53057098388672
65.62256622314453
64.5821533203125
67.42959594726562
67.6958999633789
67.87841033935547
68.58686065673828
70.46036529541016
72.08638000488281
71.3505859375
73.1681900024414
73.787353515625
74.0458984375
74.47712707519531
74.21321105957031
76.14624786376953
78.66962432861328
79.4818115234375
80.1437759399414
78.91947937011719
78.14234924316406
77.49796295166016
76.38690185546875
77.1634292602539
77.99717712402344
79.41466522216797
80.68048858642578
81.44027709960938
82.19610595703125
82.31444549560547
82.4505615234375
81.6058120727539
82.32577514648438
81.57707214355469
81.57373809814453
81.43563079833984
81.06939697265625
81.55979919433594
80.8073501586914
81.22459411621094
80.82981872558594
81.16885375976562
80.22366333007812
80.29690551757812
79.83619689941406
79.16236877441406
78.9990005493164
78.15189361572266
78.94577026367188
80.1469497680664
82.05583190917969
84.59489440917969
86.1896743774414
87.84477233886719
88.77530670166016
89.58303833007812
90.19828796386719
90.82656860351562
91.40435791015625
91.90283966064453
92.45098114013672
93.01188659667969
93.4603042602539
93.7539291381836
93.99871063232422
93.70100402832031
93.26777648925781
92.35287475585938
91.3947982788086
90.2081069946289
89.16093444824219
87.94803619384766
86.63015747070312
85.84061431884766
84.72604370117188
83.68614959716797
82.5673599243164
81.84131622314453
80.69039916992188
80.01033020019531
79.18055725097656
78.66512298583984
77.88904571533203
77.33489227294922
76.82254028320312
75.87498474121094
75.80935668945312
74.69255065917969
74.41377258300781
74.01433563232422
73.40263366699219
72.92798614501953
71.39018249511719
69.21238708496094
66.3302993774414
66.62224578857422
62.02739715576172
63.294708251953125
59.08164978027344
61.183349609375
60.85441589355469
58.49542999267578
60.834930419921875
59.72832107543945
63.03199768066406
59.09668731689453
61.455142974853516
61.77558517456055
59.92646026611328
63.25505065917969
61.10681915283203
65.53791046142578
64.00983428955078
65.727783203125
64.45729064941406
65.32408905029297
64.65829467773438
62.35905838012695
63.654624938964844
61.42271423339844
62.57272720336914
61.042335510253906
63.083946228027344
62.211273193359375
64.23593139648438
63.2021598815918
61.396636962890625
63.272132873535156
60.41621398925781
63.499847412109375
62.55614471435547
64.39545440673828
64.9100341796875
64.08112335205078
65.7771987915039
59.212158203125
65.02290344238281
60.77762985229492
58.0997200012207
59.66498565673828
61.54444885253906
67.36077117919922
69.26386260986328
70.95790100097656
71.97535705566406
72.91522979736328
73.4175796508789
72.69624328613281
73.1256103515625
72.53570556640625
73.19378662109375
73.44320678710938
73.99366760253906
74.53738403320312
74.90177917480469
75.883544921875
76.27175903320312
77.17919921875
77.6624526977539
78.7441635131836
78.78643035888672
79.01496887207031
78.79732513427734
79.57682037353516
79.943115234375
81.25582122802734
82.40380859375
83.30892944335938
83.83735656738281
83.93817138671875
83.58183288574219
82.69425201416016
82.2804183959961
81.21027374267578
80.71367645263672
79.53240203857422
79.45276641845703
78.26095581054688
77.8110122680664
77.64424896240234
77.17988586425781
76.91458129882812
76.7171630859375
76.80355072021484
75.76510620117188
76.0521240234375
76.3993148803711
76.42498016357422
76.41079711914062
76.92009735107422
76.96900939941406
77.11360931396484
78.20500946044922
78.31835174560547
79.24051666259766
79.65911102294922
80.23751068115234
80.31362915039062
79.65215301513672
78.48616790771484
76.39332580566406
74.42545318603516
72.13754272460938
71.3812484741211
69.4463882446289
70.20321655273438
69.21634674072266
69.83145904541016
70.20600891113281
71.59737396240234
73.61540985107422
73.76931762695312
76.05323791503906
76.25435638427734
76.86762237548828
76.30042266845703
74.88719177246094
73.24175262451172
72.64215850830078
70.24639892578125
70.22601318359375
69.61749267578125
70.36290740966797
71.42552947998047
71.64498901367188
73.10214233398438
73.96601867675781
73.4991455078125
72.91858673095703
72.13162231445312
70.94373321533203
70.36466217041016
69.70552825927734
68.20020294189453
68.23670959472656
69.19619750976562
68.92134094238281
70.80326080322266
71.44683837890625
72.12879943847656
71.88456726074219
72.18897247314453
71.73686981201172
71.32240295410156
72.74884796142578
72.56089782714844
75.03981018066406
74.6543197631836
74.35324096679688
73.40680694580078
71.98847961425781
69.14497375488281
67.85543823242188
67.88461303710938
67.7443618774414
71.957275390625
74.0176010131836
76.47927856445312
78.07251739501953
78.6422119140625
79.20096588134766
78.40471649169922
78.15579223632812
76.99768829345703
77.46823120117188
76.18518829345703
75.67518615722656
75.9271469116211
75.18202209472656
74.66969299316406
74.81375885009766
74.48342895507812
73.72554779052734
74.25949096679688
73.57101440429688
73.76909637451172
72.95429992675781
73.16722869873047
74.08323669433594
73.70956420898438
74.12147521972656
73.84870910644531
73.9350357055664
73.74919128417969
74.19226837158203
73.25407409667969
73.81788635253906
74.2024917602539
73.60494995117188
73.57210540771484
73.44232177734375
74.45056915283203
74.09766387939453
73.79179382324219
74.329345703125
74.71281433105469
74.87301635742188
74.03927612304688
74.91622161865234
74.17288970947266
75.05887603759766
74.96295928955078
75.65340423583984
75.6150894165039
75.52082824707031
75.79035949707031
76.08053588867188
75.86834716796875
76.4449234008789
76.79924774169922
77.24888610839844
77.68292236328125
78.04534149169922
78.56436920166016
79.1617202758789
80.26827239990234
81.22699737548828
82.06097412109375
82.9214859008789
83.24321746826172
83.34513092041016
82.6120376586914
81.52741241455078
80.17138671875
78.55596160888672
77.00770568847656
75.00159454345703
73.48905181884766
71.85697174072266
70.28660583496094
70.22981262207031
68.98219299316406
71.82810974121094
72.28226470947266
73.76539611816406
75.00003814697266
76.38261413574219
77.67161560058594
78.12220764160156
79.44700622558594
80.32616424560547
81.40528869628906
82.49674987792969
83.3726577758789
84.52401733398438
84.99592590332031
85.8357925415039
85.92286682128906
85.98855590820312
85.52420806884766
84.9935073852539
84.16312408447266
83.5689926147461
82.94841003417969
82.62232971191406
82.4496078491211
83.01502990722656
84.06645202636719
85.32701873779297
86.34877014160156
86.92155456542969
87.17677307128906
87.20890808105469
87.26614379882812
86.85778045654297
86.96763610839844
86.77681732177734
86.640869140625
86.4813232421875
86.03439331054688
85.47071075439453
83.82654571533203
82.54051971435547
79.98249816894531
78.27494049072266
74.91242218017578
72.67799377441406
70.13855743408203
66.54214477539062
68.14957427978516
67.4194564819336
69.29707336425781
70.07007598876953
72.01456451416016
73.1095199584961
73.23816680908203
74.72540283203125
75.2974624633789
75.80491638183594
74.92281341552734
74.91099548339844
73.2752456665039
72.66280364990234
71.4180908203125
68.82388305664062
68.02659606933594
65.02590942382812
63.763832092285156
62.68153381347656
63.62815475463867
62.28352355957031
61.88925552368164
63.58514404296875
61.27585983276367
64.5261001586914
63.55180358886719
63.85196304321289
65.48725891113281
64.36923217773438
66.85907745361328
65.45670318603516
66.38169860839844
58.77455520629883
46.28351974487305
57.61542892456055
65.37604522705078
69.6821060180664
72.12517547607422
73.4427490234375
74.04839324951172
74.00303649902344
73.72032165527344
73.17672729492188
71.78620147705078
69.28219604492188
68.23885345458984
67.15808868408203
68.02813720703125
66.85684967041016
68.88800811767578
68.57649230957031
69.05872344970703
70.34111022949219
69.43187713623047
70.13996887207031
69.39094543457031
69.34056091308594
68.54468536376953
68.6531753540039
66.78392791748047
66.55593872070312
65.541015625
68.41709899902344
69.95748138427734
70.23206329345703
71.51453399658203
