74.89849853515625
75.29303741455078
77.33395385742188
77.5123291015625
78.02391815185547
74.80018615722656
73.66255950927734
70.81240844726562
69.71347045898438
67.98837280273438
61.72440719604492
63.26606750488281
53.77579116821289
57.726768493652344
52.73583984375
63.96327590942383
55.437355041503906
59.68539047241211
57.54771041870117
63.60818862915039
64.0469970703125
65.49410247802734
67.14143371582031
68.0164794921875
71.57080841064453
72.35530853271484
74.84090423583984
73.571533203125
72.26313781738281
70.23236083984375
65.10051727294922
66.02375793457031
63.44877624511719
61.22635269165039
60.99162292480469
59.80682373046875
56.066890716552734
57.194061279296875
53.126888275146484
56.23344802856445
39.555564880371094
58.57468032836914
49.85634231567383
48.93744659423828
57.43321228027344
56.10350799560547
58.897377014160156
61.21001434326172
57.60853576660156
59.95063018798828
59.95989227294922
64.13633728027344
63.27155303955078
64.79183197021484
64.85934448242188
66.90167999267578
67.29471588134766
67.35382843017578
67.61222076416016
69.24498748779297
68.2232666015625
70.19921875
68.81565856933594
69.74018096923828
71.65650177001953
71.49022674560547
71.48863220214844
72.19136810302734
72.76789093017578
73.49980163574219
75.2913818359375
76.08538818359375
77.21336364746094
78.1703109741211
79.92675018310547
81.47135925292969
82.93978118896484
84.63258361816406
85.13990020751953
84.84015655517578
84.14054107666016
82.76100158691406
82.12700653076172
81.04158020019531
80.2571029663086
79.95829772949219
79.20159912109375
78.75027465820312
78.31775665283203
78.11570739746094
77.26891326904297
77.26497650146484
77.28076171875
77.27243041992188
76.8597183227539
76.86334991455078
77.47905731201172
76.79240417480469
76.98808288574219
77.09282684326172
76.2217025756836
76.69676971435547
76.92819213867188
77.42766571044922
77.30345153808594
77.81237030029297
78.1639633178711
79.07962036132812
78.58842468261719
79.51372528076172
80.12488555908203
81.0119400024414
81.82556915283203
82.2555923461914
83.19303894042969
82.2327880859375
81.72248077392578
79.23389434814453
78.20108795166016
75.07930755615234
73.2477035522461
72.12980651855469
70.80691528320312
70.84490203857422
69.71588134765625
70.34024047851562
71.28978729248047
73.56330108642578
73.40741729736328
75.15770721435547
77.34973907470703
79.01107025146484
81.1151351928711
83.04325103759766
84.62279510498047
86.2178726196289
86.82576751708984
87.12751770019531
87.1917495727539
87.1614990234375
87.52005004882812
87.25489044189453
87.606201171875
87.46127319335938
87.63319396972656
86.909912109375
85.93524932861328
84.7583999633789
83.3883285522461
82.83738708496094
82.1856689453125
81.72689819335938
81.4410629272461
80.61984252929688
81.0302963256836
80.4260025024414
80.40064239501953
80.69304656982422
81.03327178955078
81.64900207519531
81.90752410888672
82.9246826171875
83.73623657226562
85.15523529052734
85.98977661132812
87.3647232055664
88.80081176757812
90.03488159179688
91.36383819580078
92.30074310302734
93.24242401123047
93.56156158447266
93.49922943115234
93.11107635498047
92.58048248291016
91.9644775390625
91.43949127197266
91.27996063232422
90.83786010742188
90.67140197753906
90.40056610107422
90.35038757324219
90.04096221923828
90.00279998779297
89.99546813964844
89.82635498046875
89.77185821533203
89.85256958007812
89.82131958007812
89.85750579833984
90.16260528564453
90.37129211425781
90.43411254882812
90.71475219726562
90.96410369873047
91.25450134277344
91.55964660644531
92.04215240478516
92.37680053710938
92.86290740966797
93.33934020996094
93.87104034423828
94.33670806884766
94.77810668945312
95.02075958251953
95.00057983398438
94.5232925415039
93.44983673095703
92.3913803100586
91.04289245605469
89.7771224975586
88.5317611694336
87.9753646850586
88.01920318603516
88.21592712402344
88.59709930419922
88.37751007080078
88.08544158935547
87.53311157226562
87.00463104248047
86.08462524414062
85.43081665039062
84.78109741210938
83.73542785644531
83.01036834716797
82.52172088623047
82.04653930664062
81.17996215820312
80.94660949707031
80.1623764038086
79.1126937866211
79.11627960205078
78.22077941894531
78.20973205566406
77.48986053466797
77.12704467773438
76.59523010253906
76.42603302001953
75.99649047851562
75.06739044189453
75.66764831542969
75.1312484741211
75.16577911376953
74.75090789794922
74.29500579833984
73.78804016113281
73.1014175415039
73.15679168701172
72.21182250976562
73.0543212890625
72.8803482055664
72.8764419555664
72.49271392822266
72.02162170410156
72.89982604980469
72.15531921386719
73.36517333984375
72.53854370117188
73.2061538696289
73.53913116455078
73.29362487792969
73.31625366210938
73.41514587402344
74.23301696777344
73.35462951660156
73.64073181152344
71.93456268310547
69.61442565917969
66.61052703857422
62.20505142211914
56.25990295410156
57.40175247192383
58.612327575683594
69.72063446044922
71.38949584960938
75.46912384033203
77.65994262695312
78.92024993896484
79.26914978027344
79.0315170288086
79.2117691040039
79.7177505493164
79.87696838378906
80.31572723388672
81.3006820678711
81.44029235839844
82.44803619384766
83.12608337402344
84.3604965209961
85.34954833984375
85.86770629882812
86.84967803955078
87.31299591064453
87.93163299560547
88.02537536621094
87.94585418701172
87.5575180053711
86.96771240234375
86.32247161865234
85.62513732910156
84.87837219238281
84.34326934814453
83.44346618652344
83.4083023071289
82.57791137695312
81.9061050415039
81.67230224609375
81.07037353515625
80.89962768554688
80.71576690673828
80.56108093261719
80.4864501953125
80.11941528320312
80.08641815185547
79.99517822265625
80.09620666503906
79.94647979736328
80.03498077392578
79.59986114501953
79.52035522460938
78.62635803222656
77.92169952392578
77.10136413574219
76.68146514892578
77.61817169189453
77.03973388671875
78.31493377685547
78.65795135498047
79.527587890625
80.298828125
80.91698455810547
81.94844055175781
82.52317810058594
83.60416412353516
84.42880249023438
85.78507995605469
86.93623352050781
87.96728515625
89.126953125
89.2281723022461
89.2386474609375
87.73392486572266
86.93560028076172
85.19288635253906
83.89106750488281
82.70819091796875
81.11386108398438
79.6987075805664
76.31785583496094
75.56610107421875
73.17068481445312
72.9724349975586
72.33324432373047
70.66260528564453
70.62993621826172
68.6115951538086
68.6153564453125
68.11019134521484
67.25177001953125
67.73682403564453
64.19939422607422
65.5694808959961
65.00370788574219
66.7607650756836
65.51111602783203
65.83200073242188
66.33941650390625
64.95781707763672
66.38551330566406
60.098148345947266
62.4884147644043
61.01698303222656
58.819522857666016
60.34846878051758
55.14395523071289
59.5712776184082
58.86012268066406
61.95631790161133
62.01322555541992
64.04337310791016
64.3914566040039
67.85940551757812
69.07144927978516
69.28091430664062
72.2968978881836
72.95382690429688
74.19357299804688
75.32957458496094
77.22834014892578
78.24787902832031
79.78831481933594
81.3069076538086
82.42514038085938
83.21351623535156
83.98331451416016
83.613037109375
83.09740447998047
82.6251449584961
81.60648345947266
81.08515167236328
80.52116394042969
79.74945831298828
79.33352661132812
78.4919204711914
78.33672332763672
76.99774169921875
77.14104461669922
76.48463439941406
76.00984954833984
76.43710327148438
76.07891845703125
76.52671813964844
76.92790222167969
77.51358795166016
77.1171646118164
77.2890625
77.13260650634766
76.8237533569336
76.86225891113281
76.78644561767578
77.15187072753906
77.07774353027344
77.17869567871094
76.66956329345703
76.41460418701172
75.05301666259766
73.58843994140625
74.15386962890625
72.4581298828125
73.08452606201172
72.4704818725586
72.523681640625
72.27840423583984
71.88262176513672
72.38190460205078
73.70924377441406
71.87493133544922
72.8166732788086
71.68402862548828
71.74285125732422
71.90518951416016
71.63227081298828
70.90587615966797
71.00849914550781
68.0548095703125
68.26763153076172
67.14527893066406
69.86192321777344
71.90309143066406
75.86129760742188
78.18183135986328
79.79105377197266
80.72640228271484
80.97578430175781
81.00868225097656
81.20879364013672
80.96897888183594
81.26359558105469
81.14081573486328
81.26191711425781
81.39921569824219
81.5309066772461
81.70406341552734
81.89261627197266
82.2366714477539
82.6388168334961
83.44549560546875
83.63232421875
83.797119140625
83.57916259765625
83.10073852539062
82.02764129638672
80.51001739501953
79.05416870117188
77.0500717163086
75.53852081298828
73.75310516357422
72.39192962646484
72.64286804199219
73.70135498046875
74.18571472167969
75.7486343383789
76.61283111572266
77.365966796875
78.5116958618164
79.23855590820312
80.62191772460938
81.42479705810547
82.32872009277344
83.29551696777344
84.36973571777344
85.12214660644531
85.83118438720703
86.6612548828125
87.01746368408203
86.76547241210938
86.5115966796875
85.81988525390625
84.80013275146484
83.75865936279297
83.45297241210938
83.44001770019531
84.1653060913086
84.66081237792969
84.55398559570312
84.36080932617188
83.77275848388672
83.23416137695312
82.36956024169922
81.35888671875
80.8431167602539
79.83219909667969
79.03707885742188
77.0805435180664
74.73177337646484
71.06097412109375
69.500732421875
70.9139404296875
72.03289031982422
74.04694366455078
76.32676696777344
78.17466735839844
79.40457916259766
80.63304901123047
81.06820678710938
81.48929595947266
81.521484375
81.59257507324219
81.21226501464844
81.31049346923828
81.4271240234375
80.91048431396484
81.09474182128906
80.62520599365234
80.88843536376953
80.78687286376953
81.3134536743164
80.95453643798828
80.75584411621094
81.4483642578125
80.63152313232422
80.83063507080078
80.0423812866211
78.65595245361328
76.34400939941406
73.29682922363281
71.89881134033203
69.1432113647461
67.99466705322266
70.11751556396484
72.0096664428711
74.12641906738281
76.90290069580078
78.71939849853516
80.34513092041016
81.15916442871094
81.59513092041016
82.24639892578125
82.5521240234375
82.71385955810547
83.17493438720703
83.17666625976562
83.2886734008789
83.45813751220703
83.45060729980469
82.73958587646484
81.94608306884766
80.38285064697266
78.95217895507812
77.65666198730469
75.36966705322266
72.46993255615234
70.37440490722656
65.53694152832031
52.71647644042969
52.717506408691406
