75.5257339477539
72.39647674560547
79.08377075195312
70.91741180419922
79.32298278808594
74.154541015625
75.1567611694336
71.94020080566406
65.05047607421875
68.20773315429688
64.67223358154297
60.74295425415039
56.467708587646484
59.793277740478516
54.455039978027344
48.14760971069336
48.37135314941406
58.737701416015625
56.95654296875
60.85987854003906
64.9639663696289
66.0487289428711
65.005126953125
71.22895050048828
70.51241302490234
73.23831176757812
75.15699005126953
71.59137725830078
74.69847869873047
64.46957397460938
71.31611633300781
56.5787467956543
68.48968505859375
64.19891357421875
64.98888397216797
66.17842102050781
62.270240783691406
65.07576751708984
61.30252456665039
66.19547271728516
58.00728988647461
61.79949951171875
59.043148040771484
63.59217834472656
54.5587158203125
66.0601577758789
51.06196212768555
66.44432067871094
59.38166046142578
63.44855880737305
66.22167205810547
62.89790344238281
69.61553192138672
55.67497253417969
69.04219818115234
61.97673034667969
70.18217468261719
66.52715301513672
67.99758911132812
70.80758666992188
65.77140808105469
72.31655883789062
64.62879943847656
73.33661651611328
64.06290435791016
74.03327178955078
71.67822265625
72.47856903076172
74.9464340209961
72.34406280517578
77.8196792602539
72.32018280029297
80.52865600585938
74.31182098388672
82.60079193115234
79.5356216430664
84.46493530273438
83.69927978515625
84.24031829833984
84.06324768066406
81.46009826660156
82.37321472167969
79.58592987060547
79.79993438720703
78.53042602539062
78.73513793945312
77.42556762695312
77.04440307617188
76.72540283203125
77.14810180664062
75.86344146728516
76.97796630859375
75.85536193847656
76.44247436523438
76.91119384765625
75.91119384765625
76.36795043945312
73.98719787597656
77.50691986083984
74.12904357910156
76.98919677734375
75.38888549804688
76.06116485595703
76.71414184570312
75.57791137695312
78.5497817993164
74.29043579101562
79.27100372314453
75.90326690673828
79.70491027832031
79.00785064697266
78.87062072753906
82.18719482421875
77.43704986572266
84.2172622680664
79.08741760253906
83.79154968261719
81.96436309814453
77.77690124511719
81.0862045288086
59.65277862548828
77.80294799804688
72.40624237060547
71.04487609863281
75.08650970458984
27.131025314331055
75.25575256347656
72.06929779052734
73.54915618896484
77.25491333007812
72.32503509521484
81.3678970336914
74.62418365478516
83.7586898803711
81.52019500732422
85.56279754638672
85.78311920166016
85.80982971191406
87.57327270507812
86.38204193115234
87.70189666748047
87.82835388183594
86.87030029296875
88.92044830322266
86.3020248413086
88.40103149414062
85.5993881225586
85.647705078125
83.97286224365234
82.97959899902344
83.4423599243164
81.45904541015625
82.57122039794922
80.45834350585938
82.33869934082031
80.50985717773438
82.22742462158203
81.044921875
82.34729766845703
82.77189636230469
82.81420135498047
85.09062957763672
83.89557647705078
87.31717681884766
86.09944915771484
89.28331756591797
89.34091186523438
90.80314636230469
92.5149917602539
91.39195251464844
94.18220520019531
91.35771942138672
93.90080261230469
91.34585571289062
92.32141876220703
91.31717681884766
90.48619079589844
91.59062194824219
88.99862670898438
91.21805572509766
88.64710998535156
90.52288055419922
89.3124008178711
89.40625762939453
89.9916763305664
88.55682373046875
90.26158142089844
88.38079833984375
90.22428894042969
88.96459197998047
89.72643280029297
90.1238021850586
89.3018798828125
90.97903442382812
89.31388854980469
91.51946258544922
90.48374938964844
91.64303588867188
92.1522216796875
91.62629699707031
93.78199005126953
92.01627349853516
94.8367691040039
93.34963989257812
94.72175598144531
94.40899658203125
92.42161560058594
94.05500793457031
88.35484313964844
92.23201751708984
84.6026840209961
90.64269256591797
85.0340576171875
90.12004852294922
87.62696838378906
88.98274230957031
88.8480224609375
86.59278869628906
88.22140502929688
84.59174346923828
86.5544204711914
83.70621490478516
84.3980712890625
83.5648193359375
81.67334747314453
83.05278015136719
79.44061279296875
81.77499389648438
78.36531066894531
80.01445770263672
79.06231689453125
77.60269165039062
79.18255615234375
75.50553894042969
78.56243133544922
74.72985076904297
77.56346893310547
74.99337768554688
75.9521255493164
75.88045501708984
73.1680908203125
76.1645736694336
71.25917053222656
75.28514099121094
71.57298278808594
73.96131134033203
72.42921447753906
73.01293182373047
73.97349548339844
69.83626556396484
74.50791931152344
66.88710021972656
73.83839416503906
69.58710479736328
73.2453842163086
72.75881958007812
70.83738708496094
74.46664428710938
68.72797393798828
74.62041473388672
68.37776947021484
74.95243835449219
72.39462280273438
73.51112365722656
75.01378631591797
70.12621307373047
75.32546997070312
63.14787673950195
70.2942886352539
66.83418273925781
56.43581008911133
66.16301727294922
70.72653198242188
46.65195846557617
77.34146881103516
72.14449310302734
79.15263366699219
78.86854553222656
76.96066284179688
80.11346435546875
76.02330017089844
80.37318420410156
77.19237518310547
80.03642272949219
79.83816528320312
79.86808013916016
81.94731903076172
80.64056396484375
84.12545776367188
82.40071868896484
85.6053237915039
85.16613006591797
86.31038665771484
87.31761932373047
86.3749771118164
87.99569702148438
85.6421127319336
87.44683074951172
85.11042022705078
85.74198913574219
84.54845428466797
83.5954360961914
83.84429931640625
81.70805358886719
83.07747650146484
80.18887329101562
82.1655044555664
79.98275756835938
80.73861694335938
80.27478790283203
79.75706481933594
80.36884307861328
78.26847839355469
80.51025390625
78.36636352539062
80.32367706298828
78.70819854736328
80.41532135009766
79.7681884765625
78.7431411743164
79.57079315185547
77.07637786865234
77.96129608154297
76.07274627685547
77.7251968383789
77.3786849975586
77.85545349121094
79.82566833496094
77.35961151123047
81.83598327636719
78.69644165039062
83.76817321777344
80.81333923339844
85.00382995605469
85.02464294433594
85.77529907226562
88.61045837402344
86.06614685058594
91.0545425415039
85.77047729492188
90.19843292236328
85.2120132446289
86.88534545898438
84.54255676269531
82.65127563476562
83.49800109863281
78.36570739746094
81.15693664550781
74.73249816894531
75.87256622314453
73.22315979003906
70.90362548828125
73.43843078613281
65.94270324707031
73.05582427978516
55.788455963134766
72.26293182373047
59.113037109375
70.26891326904297
63.51958084106445
68.37973022460938
67.38685607910156
64.92060852050781
68.96636199951172
61.318763732910156
69.98335266113281
56.501243591308594
69.92478942871094
62.87124252319336
67.25148010253906
64.854248046875
63.3963623046875
64.400634765625
57.461097717285156
65.64887237548828
58.30508804321289
64.92359924316406
56.60520935058594
68.19276428222656
49.502403259277344
68.04359436035156
64.12800598144531
69.59647369384766
70.74172973632812
69.0363540649414
73.41854858398438
69.75437927246094
76.93508911132812
72.52747344970703
79.44287872314453
78.06896209716797
81.16275024414062
82.75580596923828
81.7339859008789
84.90080261230469
81.28608703613281
84.27149200439453
80.394287109375
82.0057144165039
80.54560852050781
79.56640625
80.0306396484375
77.5208969116211
79.44631958007812
76.36736297607422
78.10728454589844
75.1201171875
76.68730163574219
75.70701599121094
75.29483795166016
76.27069091796875
76.00178527832031
77.1137466430664
75.82893371582031
76.8753433227539
76.2101058959961
76.40703582763672
77.03702545166016
75.11531066894531
76.81902313232422
75.90957641601562
77.4559555053711
75.73481750488281
76.39581298828125
76.37030029296875
76.030517578125
75.17964935302734
73.25618743896484
73.860107421875
72.31175994873047
73.2796630859375
72.13928985595703
73.17509460449219
72.37025451660156
72.12357330322266
72.54688262939453
72.645263671875
72.4967041015625
72.16592407226562
73.012939453125
71.86965942382812
72.57119750976562
72.05353546142578
71.08592987060547
71.72080993652344
70.58853149414062
70.26232147216797
70.26851654052734
68.73491668701172
68.61524200439453
66.63706970214844
71.76473999023438
74.02901458740234
77.91167449951172
77.8782730102539
80.03962707519531
79.34659576416016
80.23854064941406
80.56063079833984
80.06354522705078
81.18704223632812
79.460205078125
81.93187713623047
79.51551055908203
82.52323913574219
80.56507110595703
83.26404571533203
82.32215118408203
83.00814819335938
82.91365814208984
81.35662078857422
81.46109771728516
78.087890625
78.71097564697266
74.3756332397461
75.29756927490234
69.57036590576172
72.1158447265625
69.35383605957031
71.24784851074219
70.0127182006836
70.84596252441406
72.69956970214844
74.08573150634766
74.83944702148438
75.46369934082031
76.66486358642578
77.55615234375
78.4564437866211
79.91129302978516
80.7773208618164
81.93397521972656
82.7519760131836
84.2076187133789
84.75083923339844
85.46002960205078
85.54096221923828
85.2202377319336
84.92310333251953
83.73934936523438
83.61001586914062
83.66461944580078
83.84733581542969
84.66879272460938
84.55997467041016
84.2206802368164
83.71742248535156
82.88351440429688
82.22159576416016
80.66036224365234
79.79435729980469
76.76441192626953
76.99871063232422
72.54457092285156
76.35516357421875
71.20360565185547
73.9167251586914
68.31610870361328
74.34862518310547
70.4412841796875
75.47174835205078
75.27289581298828
77.64630126953125
79.11180877685547
78.9185562133789
81.23948669433594
79.79383850097656
81.93171691894531
80.45441436767578
81.05056762695312
80.3681411743164
80.34989929199219
81.00536346435547
79.5681381225586
80.71790313720703
79.33116912841797
80.55510711669922
79.97034454345703
80.65911865234375
80.49603271484375
80.091552734375
80.59224700927734
78.52941131591797
78.81937408447266
74.7426986694336
74.87052154541016
70.49662017822266
69.90223693847656
68.72553253173828
69.02932739257812
72.74276733398438
72.27652740478516
76.59754180908203
77.54463195800781
79.88296508789062
80.12844848632812
81.4083251953125
81.20231628417969
82.224609375
81.568115234375
82.8368148803711
82.28278350830078
83.16240692138672
82.41307830810547
82.8742446899414
81.83086395263672
80.572509765625
80.52472686767578
76.95008087158203
77.92237091064453
73.05671691894531
73.91143035888672
69.2137680053711
65.67693328857422
62.972312927246094
62.35923385620117
