71.21701049804688
79.18828582763672
82.06475830078125
48.2125244140625
83.74829864501953
79.77792358398438
71.11107635498047
78.33576965332031
66.1615982055664
70.52458953857422
71.18179321289062
54.04531478881836
66.93146514892578
63.49046325683594
54.47756576538086
63.8750114440918
61.19675827026367
53.3048210144043
61.1287727355957
54.105194091796875
67.66344451904297
65.5741958618164
66.70289611816406
74.91230773925781
67.89250183105469
76.54981994628906
79.42463684082031
53.74812316894531
77.32921600341797
72.80621337890625
67.1723403930664
72.49645233154297
63.301918029785156
63.838809967041016
64.08465576171875
50.85817337036133
62.86437225341797
61.598392486572266
56.94953155517578
61.93001174926758
52.45184326171875
56.991546630859375
62.15351867675781
51.569881439208984
63.417388916015625
61.69285583496094
52.9920654296875
67.22634887695312
58.92624282836914
65.96587371826172
68.67501831054688
38.18992233276367
70.31769561767578
67.54774475097656
64.82278442382812
72.75391387939453
64.4856948852539
70.59391784667969
73.32542419433594
56.484596252441406
74.72372436523438
72.46783447265625
67.94480895996094
76.63101959228516
69.94723510742188
74.34030151367188
77.20191955566406
53.37459182739258
78.47335052490234
76.30915069580078
72.8994369506836
81.71492767333984
74.399658203125
81.4945068359375
85.3137435913086
52.65370559692383
88.63910675048828
87.51628112792969
83.60567474365234
91.35661315917969
81.71710205078125
86.6592788696289
87.91353607177734
58.05726623535156
86.16468811035156
83.03315734863281
77.71928405761719
85.14820861816406
76.4538803100586
81.54022979736328
83.54889678955078
40.95783615112305
82.99762725830078
80.34968566894531
74.80602264404297
83.19261932373047
74.42193603515625
80.11808013916016
82.5003890991211
55.03120803833008
82.76671600341797
80.70843505859375
75.34150695800781
83.8511734008789
75.7569351196289
81.43282318115234
84.31970977783203
49.598716735839844
84.9417724609375
83.16487884521484
78.20699310302734
87.26895141601562
80.07250213623047
85.5911636352539
88.5048828125
57.214317321777344
87.05597686767578
82.99236297607422
75.6060791015625
81.82354736328125
72.21408081054688
75.16622924804688
75.93470764160156
45.61634063720703
76.25475311279297
74.08930969238281
70.87594604492188
79.2560043334961
73.22637939453125
78.99568176269531
82.69157409667969
48.646873474121094
86.66278076171875
86.18970489501953
82.30818939208984
92.38488006591797
84.9949951171875
90.91834259033203
93.49498748779297
56.94044876098633
93.95243072509766
91.83454895019531
86.55764770507812
94.9332275390625
86.5342788696289
91.25872039794922
92.69804382324219
60.13789749145508
90.41133117675781
87.49513244628906
81.25011444091797
88.88768005371094
80.77224731445312
84.95856475830078
87.25202178955078
56.284393310546875
86.90204620361328
84.90750122070312
79.84481811523438
88.9536361694336
81.31199645996094
87.510009765625
90.89222717285156
61.84001922607422
92.98100280761719
92.07386016845703
87.327880859375
97.5363540649414
90.90740203857422
96.09562683105469
99.30535888671875
69.82117462158203
98.88909149169922
96.33261108398438
90.16497039794922
98.18780517578125
89.680419921875
94.34899139404297
96.51527404785156
57.478553771972656
96.06369018554688
93.64684295654297
88.12051391601562
96.38784790039062
88.05655670166016
93.23375701904297
95.58739471435547
52.88744354248047
95.69088745117188
93.54794311523438
88.19910430908203
96.74800872802734
88.65819549560547
94.06426239013672
96.71953582763672
61.907344818115234
97.36553955078125
95.48860168457031
90.45335388183594
99.40113830566406
91.79206085205078
97.28180694580078
100.23039245605469
68.94426727294922
100.3852767944336
98.0713882446289
91.21859741210938
98.94584655761719
89.3746109008789
93.17424011230469
94.28653717041016
59.20604705810547
93.66698455810547
91.73139953613281
86.42851257324219
95.26625061035156
86.79061126708984
91.33985900878906
93.20161437988281
53.5785026550293
91.47701263427734
88.46723175048828
82.43180084228516
89.99744415283203
80.7711410522461
85.51490020751953
87.30164337158203
50.24468994140625
86.13037109375
83.23809051513672
77.44499969482422
85.05474853515625
76.40220642089844
81.30178833007812
83.20619201660156
46.24366760253906
82.05030059814453
79.94660949707031
73.56822204589844
82.04312133789062
73.4337158203125
78.03026580810547
80.5433120727539
52.46778106689453
79.91006469726562
77.06138610839844
71.47271728515625
79.37812042236328
71.1260986328125
75.71121215820312
78.25704193115234
45.86757278442383
77.81910705566406
76.0098648071289
69.8192138671875
79.2761001586914
71.01486206054688
76.2868423461914
78.55438995361328
48.19503402709961
79.1281509399414
77.07649993896484
71.6574478149414
80.76300048828125
72.92903900146484
76.90644073486328
77.66645812988281
48.92265701293945
73.43531036376953
67.93041229248047
56.857200622558594
64.07274627685547
62.345664978027344
70.0685806274414
76.5820541381836
45.900875091552734
82.97151184082031
81.7770004272461
77.32030487060547
85.5928955078125
77.08707427978516
82.8987045288086
85.28569793701172
49.91109848022461
86.2705307006836
84.82788848876953
80.2775650024414
89.15361022949219
81.62029266357422
88.13545227050781
91.29855346679688
42.61240768432617
92.94353485107422
90.99281311035156
86.22893524169922
94.28950500488281
85.46810150146484
90.51454162597656
92.2236557006836
49.1468391418457
90.89282989501953
87.9330825805664
81.7067642211914
89.5730972290039
80.51861572265625
85.52316284179688
87.49530029296875
46.582218170166016
86.7884521484375
84.06848907470703
77.99987030029297
86.79629516601562
78.21771240234375
83.3573989868164
85.92774963378906
56.90064239501953
86.02685546875
83.74564361572266
78.45813751220703
86.28486633300781
76.78997802734375
81.232666015625
82.42430877685547
53.67158508300781
82.26329803466797
80.5770034790039
76.5947265625
85.16759490966797
77.86771392822266
83.39200592041016
86.72750091552734
55.83053207397461
88.55179595947266
87.27803039550781
82.85411071777344
92.49980926513672
85.82649230957031
91.25869750976562
94.24569702148438
66.84133911132812
92.5440902709961
89.02154541015625
82.03632354736328
89.04350280761719
79.06055450439453
83.37109375
84.37504577636719
58.602413177490234
81.74657440185547
78.13671112060547
73.36544799804688
79.93125915527344
71.0055160522461
75.68859100341797
77.40193176269531
47.85237503051758
75.2697982788086
72.10165405273438
65.96416473388672
74.24166870117188
64.36705780029297
68.55906677246094
72.26396942138672
50.90924835205078
72.54467010498047
69.55219268798828
62.9361572265625
71.8792724609375
62.0623664855957
66.39765930175781
68.23640441894531
42.54450988769531
65.41381072998047
61.123409271240234
56.11066818237305
62.1852912902832
55.21620559692383
64.5478286743164
67.83368682861328
49.52075958251953
69.87983703613281
69.2519302368164
65.65319061279297
75.37894439697266
68.82047271728516
75.7545166015625
79.09880065917969
48.345088958740234
82.33450317382812
81.18289184570312
78.01656341552734
87.49071502685547
80.64713287353516
86.53860473632812
89.50530242919922
55.601524353027344
88.669677734375
85.7276382446289
79.63543701171875
87.2361831665039
78.4525146484375
83.09937286376953
84.83272552490234
53.27397155761719
83.45552062988281
80.8454360961914
75.23926544189453
82.78280639648438
74.75489044189453
79.47019958496094
82.42682647705078
52.29690170288086
82.68528747558594
80.5179443359375
75.04302978515625
83.25035095214844
75.1258316040039
79.82721710205078
82.35417938232422
42.80352783203125
82.44328308105469
80.40670776367188
73.99722290039062
83.12704467773438
73.83797454833984
78.47762298583984
79.38520812988281
47.341094970703125
79.2564926147461
75.9922103881836
71.79093933105469
79.0090103149414
70.16046142578125
76.66826629638672
78.39898681640625
48.995521545410156
78.8935775756836
76.07130432128906
70.03557586669922
78.7103271484375
69.75377655029297
74.63519287109375
76.16358947753906
47.3709831237793
75.00996398925781
71.7455825805664
67.0517578125
75.9017333984375
69.74958038330078
79.36841583251953
83.83892822265625
63.82993698120117
86.12094116210938
84.66627502441406
78.3687515258789
87.35602569580078
79.3168716430664
84.13739776611328
86.83915710449219
54.847206115722656
86.85385131835938
84.79035186767578
79.70877838134766
88.154052734375
80.30374145507812
85.91755676269531
88.98683166503906
41.98639678955078
89.52218627929688
87.22152709960938
81.27185821533203
88.45756530761719
78.425537109375
82.36029815673828
82.49605560302734
50.16701889038086
79.64029693603516
74.35913848876953
70.42406463623047
78.4314956665039
71.02220153808594
77.21273803710938
80.4020767211914
57.95619201660156
82.95199584960938
81.38133239746094
76.97322082519531
86.60771942138672
79.29268646240234
85.36885833740234
88.93267059326172
66.37075805664062
90.67961120605469
89.57337951660156
83.43597412109375
93.09109497070312
85.41996765136719
89.04405975341797
91.0621566772461
59.05760192871094
88.90778350830078
86.77864074707031
81.30653381347656
90.32588958740234
82.72103118896484
87.35848236083984
89.30328369140625
50.03806686401367
87.97990417480469
84.89514923095703
78.7803955078125
85.87864685058594
76.1296615600586
79.17389678955078
80.17554473876953
52.75180435180664
78.26898956298828
76.21887969970703
70.72994995117188
80.62555694580078
74.17159271240234
80.35939025878906
84.31277465820312
52.89375686645508
85.9627456665039
84.13495635986328
78.90828704833984
87.4068832397461
79.09764099121094
84.43862915039062
86.64208221435547
51.1223030090332
86.43821716308594
84.07606506347656
78.38975524902344
87.04039001464844
78.83300018310547
84.02694702148438
86.25044250488281
53.905452728271484
86.33565521240234
83.89415740966797
77.35266876220703
85.27669525146484
75.55635070800781
78.1705322265625
78.42587280273438
48.03911590576172
76.0745620727539
73.54251861572266
69.20629119873047
80.44379425048828
74.8563461303711
81.43956756591797
85.82598876953125
56.89719772338867
87.32425689697266
85.81576538085938
80.47821807861328
89.3166275024414
81.65589141845703
86.82061004638672
89.37554168701172
59.95650100708008
88.87767028808594
86.13390350341797
79.22834777832031
86.83937072753906
77.59441375732422
80.66877746582031
81.2984848022461
48.2437744140625
75.81791687011719
68.14956665039062
59.41636657714844
60.79203414916992
