74.79046630859375
71.81290435791016
78.75159454345703
74.67037200927734
80.5208511352539
78.39679718017578
76.52301025390625
77.11751556396484
66.44003295898438
73.35836791992188
66.45610809326172
70.56977844238281
64.48040771484375
66.11551666259766
65.31180572509766
48.12358856201172
63.12929153442383
66.0846176147461
58.46483612060547
65.37067413330078
53.37992477416992
67.5212173461914
68.1231689453125
65.63825988769531
73.11280059814453
69.18729400634766
76.38829803466797
70.35539245605469
75.80144500732422
71.91905975341797
70.2468032836914
67.58361053466797
66.94705200195312
63.99476623535156
62.851802825927734
60.76217269897461
57.057579040527344
59.64398956298828
58.116661071777344
57.097801208496094
53.55910110473633
59.7899284362793
54.31428909301758
59.47365951538086
44.0323600769043
58.45329284667969
49.37776184082031
61.64908981323242
54.38450622558594
65.12274932861328
62.73961639404297
59.82658386230469
65.48612213134766
62.34292984008789
67.31495666503906
61.44416809082031
69.33863830566406
67.28741455078125
67.97721862792969
65.58718872070312
65.26603698730469
69.33940887451172
65.25453186035156
70.67366790771484
66.10078430175781
71.4743881225586
69.34471130371094
71.54788970947266
73.78044891357422
71.65884399414062
75.00663757324219
71.90951538085938
77.3224868774414
76.19496154785156
78.79634857177734
80.6534423828125
80.02271270751953
84.59503936767578
81.90052032470703
87.53349304199219
83.14498901367188
86.13573455810547
83.89633178710938
83.10330200195312
83.27763366699219
78.60487365722656
82.44891357421875
76.79582214355469
81.33596801757812
77.60360717773438
79.72927856445312
79.2020034790039
76.87342071533203
80.07266235351562
74.68302154541016
80.17121887207031
74.9424057006836
79.39292907714844
77.3873519897461
77.88080596923828
79.72975158691406
74.99739837646484
81.04056549072266
74.80394744873047
81.01726531982422
77.82581329345703
80.11666870117188
81.21531677246094
78.4258041381836
83.77182006835938
78.06453704833984
85.03166198730469
81.2330551147461
83.1496810913086
83.21305847167969
76.2121810913086
80.65924835205078
71.55319213867188
73.7654800415039
73.81040954589844
58.97177505493164
72.286376953125
68.90480041503906
68.21941375732422
74.77883911132812
58.98610305786133
75.38246154785156
71.49298095703125
75.30900573730469
77.5720443725586
74.817626953125
81.62841796875
76.51021575927734
84.73149108886719
82.94862365722656
86.32331085205078
87.31494140625
86.40306854248047
88.86153411865234
87.16155242919922
88.81761169433594
89.3053970336914
87.80713653564453
90.9672622680664
87.60737609863281
90.49466705322266
88.97482299804688
87.16777801513672
88.69835662841797
83.10319519042969
87.65186309814453
83.51472473144531
85.53404235839844
85.79949188232422
82.10664367675781
87.11741638183594
82.47003936767578
87.20548248291016
86.58973693847656
86.19537353515625
89.92884826660156
86.2767105102539
92.52855682373047
89.7847671508789
93.60140991210938
94.0531997680664
92.90673065185547
95.70220947265625
91.42647552490234
94.83587646484375
90.9605712890625
92.50529479980469
91.00537109375
89.80512237548828
91.28941345214844
89.09272003173828
91.8245849609375
89.47465515136719
91.38941192626953
90.20230865478516
90.23185729980469
90.96614837646484
89.49576568603516
91.2544174194336
89.6495590209961
90.9677505493164
90.58625793457031
90.4658432006836
91.5246810913086
90.07537841796875
92.12347412109375
90.68902587890625
92.18775177001953
92.09571838378906
91.96808624267578
93.50834655761719
92.14683532714844
94.80056762695312
93.23080444335938
95.55020904541016
95.13945770263672
95.30897521972656
96.72409057617188
94.22183227539062
96.65502166748047
92.14781951904297
94.4163589477539
90.3357162475586
91.27542877197266
89.39067077636719
88.80094909667969
89.81800079345703
87.85611724853516
90.24764251708984
86.97300720214844
89.02486419677734
86.61665344238281
86.68231201171875
86.03162384033203
83.95259857177734
85.3145751953125
81.99922180175781
84.03866577148438
81.33880615234375
82.06141662597656
81.5440444946289
79.32489013671875
81.31066131591797
77.56411743164062
80.41566467285156
76.24659729003906
79.2904052734375
77.53202819824219
76.70557403564453
77.70860290527344
74.0043716430664
77.96729278564453
72.41506958007812
77.1303939819336
74.0308837890625
75.44624328613281
74.9419174194336
72.69969177246094
76.16756439208984
70.25834655761719
74.67223358154297
69.3575439453125
73.048095703125
72.03939819335938
72.27378845214844
74.23279571533203
68.37191772460938
74.99702453613281
65.77831268310547
74.6949691772461
69.542236328125
73.48299407958984
73.69440460205078
71.53307342529297
75.12569427490234
68.37771606445312
76.92799377441406
71.1529312133789
75.75284576416016
74.54190826416016
70.67308807373047
75.77400207519531
66.59517669677734
70.7564468383789
69.8984375
52.50151062011719
70.4983901977539
73.5170669555664
69.5940170288086
80.20846557617188
73.7483901977539
81.53339385986328
79.43482971191406
78.73848724365234
81.08198547363281
75.96614837646484
81.32158660888672
77.46028900146484
80.92633819580078
80.86580657958984
80.8436279296875
83.34321594238281
80.92644500732422
85.13933563232422
82.98506927490234
86.6752700805664
86.380126953125
87.18115997314453
89.03389739990234
87.12381744384766
89.76878356933594
87.00979614257812
88.69245910644531
86.95968627929688
86.48673248291016
86.29280090332031
84.29444885253906
85.22357177734375
82.75613403320312
83.85411834716797
82.22411346435547
82.57928466796875
81.67334747314453
81.25196075439453
81.37369537353516
80.41690063476562
80.90923309326172
80.16197967529297
80.9725570678711
80.539306640625
80.59124755859375
80.58606719970703
79.8662338256836
80.06268310546875
77.32278442382812
78.45659637451172
75.8074722290039
78.94467163085938
76.40785217285156
80.0460433959961
78.28336334228516
80.56007385253906
80.3250961303711
81.05426788330078
82.72079467773438
81.25448608398438
84.96305084228516
82.267333984375
87.22281646728516
85.0841064453125
89.03217315673828
88.90567779541016
89.71054077148438
91.29428100585938
87.29493713378906
90.26644134521484
83.15592956542969
87.02839660644531
81.15027618408203
82.47066497802734
80.00929260253906
77.0311508178711
79.71440887451172
71.43296813964844
78.01718139648438
64.90607452392578
77.027587890625
69.0665283203125
73.6666488647461
71.21204376220703
69.88616180419922
72.37162780761719
62.127769470214844
72.63807678222656
47.46628189086914
71.63562774658203
57.93446731567383
70.67851257324219
66.16486358642578
68.99333953857422
68.96363067626953
65.83882141113281
69.70278930664062
50.89141082763672
68.90869140625
57.932491302490234
67.736083984375
60.785770416259766
69.4521484375
62.6124382019043
68.55862426757812
67.85238647460938
66.48826599121094
69.86919403076172
63.16956329345703
73.43646240234375
61.12746810913086
75.0412826538086
71.2353286743164
76.46182250976562
76.61678314208984
77.13331604003906
80.77601623535156
77.61360931396484
83.87601470947266
80.35626983642578
85.71534729003906
84.29533386230469
85.55606842041016
85.89424133300781
83.43006134033203
85.24119567871094
81.63887023925781
83.92051696777344
81.00115966796875
81.30368041992188
80.95384979248047
78.65652465820312
80.44583129882812
77.31690216064453
79.28465270996094
77.1040267944336
78.269775390625
77.72505950927734
76.84321594238281
78.97828674316406
76.3962631225586
79.18131256103516
75.56779479980469
78.69690704345703
76.1831283569336
77.26981353759766
77.41941833496094
75.83894348144531
78.05233764648438
75.09060668945312
78.04022216796875
75.57850646972656
78.08454895019531
75.6442642211914
75.00399017333984
76.04981231689453
73.18328094482422
76.12089538574219
72.21009063720703
75.64798736572266
72.8831787109375
74.1369857788086
74.28834533691406
73.03585815429688
75.0780258178711
72.16080474853516
75.47953796386719
69.27581787109375
74.59925842285156
68.58489990234375
74.00389099121094
68.15184020996094
72.22542572021484
69.1867904663086
75.857177734375
75.48104095458984
80.36822509765625
81.27090454101562
82.40386199951172
82.95130920410156
82.58932495117188
83.05635070800781
82.32760620117188
82.6258544921875
82.3282699584961
82.5010757446289
82.53934478759766
82.56571960449219
82.38533782958984
82.64173126220703
81.81778717041016
82.79112243652344
81.87893676757812
82.98796844482422
82.26679992675781
84.0615463256836
82.97293853759766
84.01124572753906
81.88311767578125
82.0522232055664
78.62875366210938
80.03837585449219
76.59286499023438
79.46897888183594
77.85005187988281
80.99895477294922
80.0699462890625
82.56502532958984
82.64779663085938
84.01994323730469
84.8468246459961
85.49464416503906
87.00659942626953
86.5909194946289
88.71248626708984
87.99151611328125
89.8415756225586
89.22210693359375
89.68207550048828
89.58683776855469
88.53721618652344
88.81826782226562
86.76925659179688
87.06758880615234
85.08281707763672
85.20098876953125
83.73231506347656
83.0361099243164
83.45184326171875
82.5145034790039
85.00527954101562
83.29515838623047
85.57479858398438
83.26866912841797
84.61540985107422
83.20944213867188
82.60022735595703
82.32240295410156
79.9949951171875
80.9145278930664
75.25519561767578
77.86833190917969
69.69548797607422
75.92048645019531
69.17696380615234
75.2578353881836
70.4256362915039
76.90546417236328
74.76073455810547
79.09304809570312
79.46363830566406
81.66552734375
82.51202392578125
82.54627990722656
83.01134490966797
83.23687744140625
83.28077697753906
83.579345703125
82.99186706542969
83.8445816040039
83.03546905517578
84.27590942382812
82.54454803466797
83.38581848144531
81.27327728271484
81.81382751464844
80.40101623535156
81.28785705566406
80.3569107055664
81.03421783447266
79.41580963134766
78.90885925292969
75.49470520019531
74.31429290771484
69.75679016113281
71.23680877685547
67.1007080078125
72.06234741210938
69.70761108398438
73.9002456665039
74.48210906982422
77.97532653808594
79.02815246582031
79.90528869628906
81.19215393066406
80.9437255859375
81.97124481201172
81.84402465820312
83.10420227050781
82.89257049560547
82.75830841064453
83.2566146850586
81.7669677734375
82.56044006347656
79.84898376464844
79.92713928222656
77.71420288085938
76.29997253417969
75.60192108154297
70.09893035888672
71.47764587402344
61.9981803894043
63.873043060302734
51.913902282714844
62.65115737915039
