70.6661605834961
78.93489837646484
82.36365509033203
57.52667236328125
83.19977569580078
79.07917785644531
72.89923858642578
79.29295349121094
66.72862243652344
69.38548278808594
71.29732513427734
53.91217041015625
68.54351043701172
66.4872055053711
58.01638412475586
53.94472885131836
41.7487678527832
60.47532653808594
66.77436828613281
53.41967010498047
68.56422424316406
65.82428741455078
65.29411315917969
75.33525085449219
68.02169799804688
75.98600769042969
78.92755889892578
54.06369400024414
77.7879409790039
73.18270874023438
67.13044738769531
72.80205535888672
62.62807083129883
65.36444854736328
63.312461853027344
52.957332611083984
62.93867874145508
59.33308792114258
56.79151153564453
60.48518371582031
50.691650390625
54.968231201171875
58.005638122558594
52.302337646484375
62.22822952270508
59.74808120727539
58.251834869384766
67.480712890625
60.201629638671875
63.735328674316406
68.47695922851562
49.50051498413086
69.29443359375
67.62890625
64.0974349975586
71.26944732666016
63.37897872924805
69.82560729980469
72.72643280029297
56.48622512817383
73.3999252319336
72.12822723388672
66.59031677246094
76.18120574951172
69.08009338378906
73.90624237060547
77.20782470703125
48.30305862426758
78.56016540527344
77.08965301513672
72.87798309326172
82.47541809082031
74.40919494628906
81.67888641357422
85.24686431884766
65.84223175048828
88.92829895019531
86.94395446777344
84.65829467773438
90.90819549560547
80.74445343017578
86.54340362548828
87.4063491821289
51.5858039855957
85.75070190429688
82.26240539550781
76.24746704101562
84.5278091430664
76.06071472167969
80.69488525390625
83.0836410522461
53.773685455322266
82.60552215576172
80.3776626586914
74.36451721191406
83.24730682373047
74.41349792480469
80.1475601196289
82.39240264892578
52.21638488769531
82.56072235107422
80.69178771972656
74.40966033935547
83.41230773925781
75.72525024414062
81.2802963256836
83.45111083984375
53.840049743652344
84.27357482910156
82.41105651855469
77.51930236816406
86.98601531982422
80.1865234375
84.7529067993164
88.43975830078125
68.33123779296875
87.3195571899414
84.53205108642578
75.07916259765625
82.48920440673828
73.8055648803711
75.29584503173828
77.38821411132812
52.99234390258789
76.23794555664062
74.87036895751953
69.3021011352539
78.90554809570312
72.38186645507812
78.18436431884766
82.6181411743164
53.229454040527344
86.39478302001953
86.20512390136719
82.03296661376953
92.1111831665039
84.95499420166016
90.5755844116211
93.25662231445312
50.308467864990234
93.86417388916016
91.9188461303711
86.48464965820312
95.16690826416016
87.24630737304688
91.12942504882812
92.76666259765625
66.28838348388672
90.21927642822266
87.73831176757812
80.48087310791016
89.16773986816406
81.15917205810547
84.84477233886719
87.51348876953125
62.36241149902344
87.22811889648438
85.74977111816406
79.8567886352539
89.63145446777344
82.65319061279297
87.85851287841797
91.55382537841797
69.97073364257812
93.46294403076172
92.97929382324219
87.14710235595703
97.86529541015625
92.00486755371094
95.5823745727539
99.31317138671875
77.82707214355469
98.41282653808594
96.36671447753906
89.34211730957031
98.00621795654297
89.78011322021484
94.23871612548828
96.45362854003906
63.81319046020508
95.95127868652344
93.60075378417969
88.00704956054688
96.30812072753906
88.10617065429688
93.2499008178711
95.61969757080078
60.39341354370117
95.61363983154297
93.3289566040039
88.17616271972656
96.62773895263672
88.6260986328125
93.93607330322266
96.64208984375
62.69120407104492
97.26541900634766
95.49725341796875
90.03716278076172
99.3201675415039
92.09344482421875
96.99369812011719
100.23418426513672
76.69681549072266
99.93067169189453
97.95480346679688
90.04125213623047
98.30973052978516
89.09275817871094
92.53384399414062
93.79403686523438
65.13383483886719
94.0570297241211
92.47894287109375
86.40119171142578
95.52584838867188
87.62699127197266
91.11691284179688
93.14888763427734
66.88953399658203
91.35142517089844
88.39183807373047
82.03812408447266
89.93738555908203
80.98484802246094
85.37374877929688
87.27117919921875
60.51020431518555
85.94683837890625
83.0758056640625
77.00201416015625
85.04679107666016
76.10360717773438
81.16482543945312
83.11595153808594
52.748653411865234
82.35014343261719
79.38042449951172
73.82968139648438
81.71365356445312
73.18881225585938
78.33032989501953
80.1729507446289
50.440006256103516
79.46478271484375
76.25851440429688
71.55448913574219
79.5882797241211
70.05880737304688
75.38868713378906
77.65117645263672
49.000144958496094
78.24354553222656
75.82951354980469
70.4189682006836
78.61128997802734
70.76799774169922
75.73509216308594
78.26823425292969
49.22022247314453
78.74307250976562
76.61105346679688
71.17106628417969
80.11058044433594
72.37738037109375
75.78662872314453
78.08434295654297
54.065303802490234
72.76556396484375
67.46293640136719
54.73264694213867
64.52317810058594
53.323020935058594
71.22570037841797
77.6404800415039
54.22480010986328
83.0499038696289
81.84913635253906
77.15522003173828
85.15167236328125
76.75123596191406
82.29332733154297
84.98168182373047
53.79153060913086
85.93592834472656
84.4411392211914
80.07414245605469
88.90110778808594
80.94104766845703
87.833740234375
91.02894592285156
57.89582061767578
92.59574127197266
90.62580871582031
86.0163345336914
94.04594421386719
85.28905487060547
90.29647064208984
92.13269805908203
52.321346282958984
90.78729248046875
87.78295135498047
81.68269348144531
89.43167114257812
80.57008361816406
85.36797332763672
87.20738983154297
53.92039489746094
86.52177429199219
83.87639617919922
78.05065155029297
86.57254028320312
78.46869659423828
83.43756866455078
85.71277618408203
56.33970642089844
85.84453582763672
83.56281280517578
77.72274017333984
86.17457580566406
77.41043090820312
81.18421936035156
82.64545440673828
50.84354019165039
82.2199935913086
80.49402618408203
75.42671203613281
84.83261108398438
77.1052017211914
83.42825317382812
86.63054656982422
45.3534049987793
88.2345199584961
87.07040405273438
82.56257629394531
92.47728729248047
86.22148132324219
90.52494049072266
93.92755126953125
72.97509765625
92.10948181152344
88.76911163330078
81.68545532226562
88.40159606933594
77.474365234375
83.76778411865234
83.70772552490234
64.65640258789062
82.2665023803711
77.96275329589844
73.66329193115234
80.04817199707031
70.23148345947266
75.47513580322266
76.88219451904297
41.2109489440918
75.76625061035156
72.82207489013672
66.12731170654297
74.24891662597656
64.72586822509766
70.71537780761719
71.48235321044922
41.75851058959961
71.99575805664062
70.7731704711914
62.96672821044922
71.24449920654297
64.24312591552734
67.6280288696289
67.72579193115234
48.247779846191406
68.19517517089844
62.17971420288086
60.64582061767578
65.13362121582031
54.096229553222656
63.65329360961914
66.07962036132812
56.15952682495117
70.27088928222656
69.49079132080078
65.14803314208984
74.06847381591797
68.74447631835938
74.88335418701172
78.85687255859375
50.930458068847656
81.95281219482422
81.20223999023438
77.75003814697266
87.34788513183594
80.7188720703125
86.04337310791016
89.18911743164062
57.37983703613281
88.27584838867188
85.5058364868164
78.8818588256836
86.7176284790039
77.94103240966797
82.67559051513672
84.24014282226562
42.55923843383789
83.391845703125
80.18148803710938
75.28736114501953
82.24947357177734
74.12543487548828
80.0186538696289
82.60826873779297
49.97716522216797
82.6917495727539
80.28126525878906
74.44730377197266
82.79224395751953
74.48965454101562
79.54377746582031
82.27031707763672
53.38357925415039
82.28351593017578
80.19384765625
74.9135513305664
82.6765365600586
74.11966705322266
78.40458679199219
80.19482421875
54.947200775146484
78.48412322998047
76.14767456054688
71.43357849121094
78.83455657958984
70.28870391845703
76.58740997314453
78.23979187011719
44.4990234375
78.88146209716797
76.48590850830078
70.70466613769531
78.7837905883789
69.91038513183594
75.53251647949219
77.51373291015625
52.29572677612305
76.69490814208984
72.55599975585938
70.17887878417969
74.83930969238281
58.70204162597656
77.50303649902344
81.26729583740234
70.84674835205078
84.12703704833984
84.1354751586914
76.10142517089844
86.93163299560547
79.69999694824219
83.8273696899414
86.81303405761719
57.86790466308594
86.64558410644531
84.55742645263672
79.12982177734375
87.88386535644531
80.48358154296875
85.6054458618164
88.77320861816406
51.14869689941406
89.17662048339844
86.76438903808594
80.55472564697266
88.1614990234375
78.18741607666016
81.97018432617188
82.34587860107422
58.439697265625
79.4317855834961
74.63146209716797
70.54846954345703
77.05211639404297
66.52762603759766
75.63658142089844
78.64088439941406
63.951908111572266
81.02312469482422
80.07823181152344
75.4736099243164
84.89157104492188
78.54942321777344
83.6810531616211
87.42906951904297
70.61416625976562
88.98429870605469
88.86270904541016
80.94298553466797
92.16766357421875
86.37130737304688
87.79246520996094
91.11613464355469
69.45207214355469
88.79376983642578
87.15621185302734
80.74044799804688
90.53519439697266
83.1685791015625
87.08833312988281
89.52050018310547
62.2373161315918
87.98383331298828
84.83009338378906
77.59529113769531
84.88184356689453
75.3598403930664
79.13854217529297
80.61556243896484
49.42667770385742
79.43421936035156
76.35042572021484
70.43331909179688
79.82193756103516
74.19774627685547
79.69792938232422
84.00862121582031
59.350547790527344
85.68831634521484
83.99102783203125
78.0190658569336
87.12932586669922
79.42325592041016
83.8350601196289
86.51399230957031
51.55167007446289
86.04764556884766
83.83167266845703
77.98468017578125
86.5811996459961
78.06221771240234
83.55792999267578
85.69450378417969
60.64099884033203
85.76689910888672
83.59454345703125
76.18223571777344
84.6412353515625
76.23052978515625
77.83121490478516
77.75460815429688
17.11224365234375
75.88119506835938
73.81816864013672
69.8122329711914
80.13501739501953
74.8737564086914
81.1319351196289
85.72643280029297
60.4401741027832
87.0921630859375
85.87501525878906
79.43799591064453
89.24586486816406
82.28379821777344
86.15277099609375
89.5468521118164
66.05240631103516
88.61827850341797
86.31918334960938
78.16571807861328
86.87748718261719
78.20356750488281
80.03140258789062
81.35404968261719
57.53690719604492
75.58477783203125
68.92322540283203
58.235679626464844
60.09276580810547
