74.3386459350586
66.37808990478516
74.50365447998047
72.85134887695312
71.91606140136719
77.96934509277344
62.71851348876953
79.54276275634766
77.76170349121094
78.84039306640625
83.13926696777344
66.00472259521484
80.34688568115234
76.66305541992188
71.34107208251953
74.41783905029297
66.56495666503906
70.17269897460938
69.41426086425781
57.74799728393555
63.579925537109375
66.34072875976562
59.887672424316406
67.23501586914062
71.54737091064453
55.10541534423828
75.93309783935547
72.22618865966797
76.42999267578125
80.5944595336914
74.46515655517578
83.86449432373047
75.70478820800781
79.24310302734375
77.31694030761719
71.77291870117188
74.55335998535156
66.22864532470703
70.7160415649414
67.77981567382812
69.07913208007812
65.1142349243164
63.864776611328125
61.852535247802734
64.07738494873047
64.26892852783203
56.74651336669922
67.52590942382812
50.43085479736328
64.98118591308594
58.272239685058594
65.73127746582031
56.544559478759766
62.4828987121582
65.25916290283203
56.5545768737793
69.36521911621094
57.3615608215332
66.14974975585938
68.03395080566406
64.66158294677734
70.85945892333984
50.656227111816406
71.60652160644531
67.65923309326172
70.05045318603516
72.6131362915039
58.25608825683594
73.58674621582031
67.19112396240234
72.1747817993164
72.47186279296875
66.08618927001953
75.451171875
63.7029914855957
75.70679473876953
73.10367584228516
72.72877502441406
78.06517791748047
58.580345153808594
78.86634063720703
73.77191162109375
78.23572540283203
80.57807159423828
74.54593658447266
84.79110717773438
71.206298828125
88.10032653808594
86.63697814941406
87.08585357666016
91.11274719238281
80.502685546875
89.75486755371094
86.83563232421875
85.1080322265625
89.88463592529297
77.54916381835938
88.06553649902344
84.09343719482422
79.44149780273438
82.07940673828125
75.34261322021484
79.12310028076172
69.46737670898438
80.63822174072266
72.33435821533203
80.19512939453125
81.55608367919922
76.4529800415039
84.43368530273438
78.77590942382812
85.01715850830078
86.10971069335938
82.30168151855469
89.9098129272461
83.90824127197266
91.14283752441406
90.46311950683594
87.61447143554688
91.93152618408203
81.59037017822266
89.21367645263672
84.2210464477539
84.10887145996094
85.2940444946289
76.49342346191406
84.11742401123047
76.05050659179688
81.71185302734375
79.76420593261719
77.1021499633789
81.48370361328125
70.84105682373047
81.85247039794922
76.69939422607422
80.02387237548828
82.6571273803711
74.71061706542969
85.78022766113281
78.91275024414062
86.22297668457031
87.2602310180664
80.9058609008789
88.36250305175781
82.45429992675781
85.27857208251953
87.43222045898438
78.74420928955078
88.53240966796875
85.24079895019531
84.0715560913086
87.5708236694336
74.69878387451172
85.13934326171875
80.9793701171875
79.96515655517578
82.34015655517578
74.07901763916016
81.66959381103516
77.37187194824219
80.575927734375
80.43189239501953
81.01386260986328
82.84390258789062
83.50564575195312
86.38592529296875
84.6086196899414
90.43919372558594
83.77433776855469
89.83131408691406
85.19537353515625
85.096923828125
85.67621612548828
79.08269500732422
85.49104309082031
76.97679138183594
87.73831939697266
78.33060455322266
90.95890045166016
86.16602325439453
90.02872467041016
88.50088500976562
87.441650390625
88.44178009033203
85.86174011230469
87.67919158935547
85.6067886352539
86.41950988769531
86.54667663574219
85.23693084716797
86.67613983154297
85.0771255493164
86.4250259399414
85.7203369140625
85.82511901855469
86.98715209960938
85.4669418334961
87.68695831298828
86.32646179199219
87.59950256347656
87.97095489501953
87.25775146484375
88.48159790039062
87.44466400146484
87.5844497680664
88.84446716308594
87.04061889648438
90.39093017578125
87.9103775024414
89.7384033203125
89.29476928710938
86.17229461669922
89.09219360351562
82.71475982666016
86.81455993652344
83.25639343261719
82.83501434326172
83.9834213256836
76.91685485839844
82.86483764648438
76.3323745727539
79.92570495605469
78.7798843383789
73.91622924804688
79.48526763916016
66.9012222290039
77.35728454589844
73.0010757446289
73.45891571044922
75.00313568115234
64.73431396484375
74.86485290527344
60.60503387451172
73.75032043457031
67.94658660888672
71.34512329101562
69.99254608154297
71.63198852539062
73.90470886230469
74.30953979492188
74.9876937866211
77.74674987792969
75.17681884765625
76.9462890625
75.56298065185547
73.56161499023438
76.725341796875
69.61512756347656
75.98187255859375
72.62164306640625
74.53709411621094
75.3253173828125
71.8406982421875
76.21221160888672
73.0167236328125
73.20499420166016
70.78941345214844
71.19798278808594
60.93134689331055
68.42823791503906
62.12546920776367
61.23981857299805
66.16600799560547
59.792762756347656
66.6923828125
66.26995849609375
65.38212585449219
70.13036346435547
54.479434967041016
73.25572204589844
67.73696899414062
75.31676483154297
77.64923095703125
74.80498504638672
82.34552001953125
75.91080474853516
82.45240020751953
79.14028930664062
80.19258880615234
79.7999267578125
76.00176239013672
79.76258850097656
72.29374694824219
79.886962890625
74.32262420654297
79.08580780029297
79.06627655029297
77.35659790039062
82.66472625732422
75.41862487792969
84.70945739746094
81.65998077392578
84.39942932128906
87.12742614746094
81.57267761230469
89.50508117675781
84.74291229248047
88.0648193359375
88.62690734863281
82.93832397460938
88.75358581542969
82.34368133544922
85.90882873535156
85.34973907470703
79.77727508544922
85.4869613647461
77.83893585205078
83.17460632324219
82.4557876586914
77.505859375
83.23066711425781
73.69756317138672
81.83068084716797
80.04576110839844
77.42252349853516
82.61919403076172
72.81260681152344
81.75381469726562
79.6774673461914
78.62702178955078
82.93728637695312
72.1541748046875
83.7791748046875
80.7377700805664
81.52859497070312
86.0083236694336
75.72219848632812
88.25939178466797
84.95428466796875
87.07781982421875
90.89216613769531
78.26313781738281
90.26213836669922
84.5222396850586
83.8961181640625
85.7011489868164
62.79288101196289
82.1864242553711
74.99629211425781
75.82161712646484
76.5309829711914
62.67477035522461
75.29544067382812
67.39208984375
71.4429702758789
71.78163146972656
60.13874053955078
70.56243133544922
68.17839813232422
66.0270004272461
67.94292449951172
66.61843872070312
66.66091918945312
67.11395263671875
65.7187271118164
66.77565002441406
68.17881774902344
64.78144836425781
70.55157470703125
64.33150482177734
70.85908508300781
69.32955169677734
63.71772384643555
73.73905181884766
57.319252014160156
74.34615325927734
72.19117736816406
73.77592468261719
77.86174011230469
72.26378631591797
78.98851013183594
77.88307189941406
76.9466323852539
81.45870971679688
76.10296630859375
82.15763854980469
82.1998291015625
80.60066986083984
85.40851593017578
80.44547271728516
85.76166534423828
84.71884155273438
82.50444793701172
86.01216888427734
78.82902526855469
84.20418548583984
80.60944366455078
79.99103546142578
81.92552947998047
74.7977523803711
80.98263549804688
76.44371795654297
78.14033508300781
78.60833740234375
74.42063903808594
78.46955108642578
72.2186279296875
76.25018310546875
76.70716094970703
70.50808715820312
78.52651977539062
67.31067657470703
81.40496826171875
74.89944458007812
80.33805084228516
79.79109191894531
76.96724700927734
80.58784484863281
76.50643920898438
79.23674774169922
78.1787109375
77.30872344970703
79.3106689453125
77.00630187988281
78.65176391601562
78.1670913696289
77.47370910644531
79.16304779052734
77.43103790283203
78.18257904052734
78.20953369140625
76.12417602539062
78.04756927490234
75.3026123046875
77.57662200927734
76.13916015625
77.42101287841797
77.69444274902344
77.26220703125
78.47315216064453
78.00688934326172
78.06450653076172
78.30896759033203
78.89765930175781
79.37191772460938
79.71341705322266
78.90435791015625
80.00690460205078
80.18477630615234
79.4419937133789
82.20411682128906
79.59447479248047
83.3857650756836
81.92861938476562
83.42221069335938
85.3399887084961
82.17887878417969
87.66907501220703
82.30815124511719
86.68274688720703
84.52233123779297
80.9531478881836
83.6244888305664
69.88294982910156
80.59077453613281
68.72631072998047
77.69760131835938
73.0820541381836
75.37269592285156
77.45771026611328
74.45775604248047
80.51589965820312
77.0257339477539
81.27172088623047
81.39808654785156
81.26181030273438
84.076904296875
82.6661376953125
84.65731048583984
85.678466796875
84.56929779052734
88.45313262939453
86.86807250976562
88.65702056884766
89.81533813476562
86.85364532470703
90.86109924316406
86.60538482666016
89.6280746459961
88.73603057861328
86.2035903930664
89.50364685058594
83.8499755859375
88.51085662841797
86.1568374633789
85.4779281616211
87.80796813964844
82.2582778930664
87.94844055175781
84.3445053100586
86.31153106689453
87.33080291748047
82.85051727294922
88.06795501708984
83.79386138916016
87.1148452758789
87.47056579589844
84.06193542480469
89.21504974365234
83.45277404785156
88.43109893798828
86.92893981933594
83.71684265136719
87.01768493652344
78.1630630493164
83.73866271972656
79.40210723876953
75.94456481933594
78.7614974975586
64.14486694335938
74.9620590209961
67.73500061035156
69.81085205078125
67.88164520263672
65.03382110595703
69.84882354736328
60.547367095947266
72.2543716430664
64.4402084350586
70.88209533691406
71.72769927978516
65.6849136352539
72.82969665527344
67.6210708618164
74.3260269165039
72.31851959228516
69.19502258300781
70.55509185791016
64.71868896484375
67.34596252441406
65.61045837402344
64.80899047851562
68.662353515625
68.54402160644531
68.30451202392578
72.67296600341797
65.85698699951172
74.92794036865234
71.48435974121094
69.46432495117188
73.0242691040039
59.49396514892578
68.7227554321289
67.9427719116211
66.88720703125
68.54798126220703
73.82941436767578
63.33103942871094
74.25769805908203
73.30050659179688
65.60102081298828
73.0645523071289
60.782127380371094
72.02003479003906
69.4533920288086
68.46139526367188
73.12980651855469
63.58258056640625
74.26176452636719
70.1954345703125
73.34036254882812
74.59789276123047
68.86859893798828
77.05180358886719
71.73352813720703
76.32093811035156
77.22492218017578
74.85250091552734
79.6420669555664
75.18240356445312
80.31214904785156
79.0874252319336
79.47142791748047
81.52424621582031
78.48666381835938
81.18318939208984
