70.3094253540039
70.5320053100586
75.40351104736328
64.23990631103516
72.74275970458984
76.4579086303711
62.70851516723633
77.54264068603516
75.70026397705078
74.70173645019531
78.88888549804688
71.47972106933594
76.089111328125
70.34505462646484
68.71498107910156
68.53446197509766
58.36319351196289
64.49284362792969
54.515846252441406
61.354698181152344
60.34884262084961
67.72758483886719
61.912174224853516
70.77354431152344
71.27677154541016
65.3905029296875
76.58924865722656
70.60261535644531
77.50637817382812
78.57218933105469
75.50910186767578
79.46607971191406
64.36491394042969
75.44608306884766
74.58336639404297
60.95988082885742
74.55380249023438
69.65831756591797
64.25381469726562
71.77629852294922
64.52040100097656
61.72951126098633
67.58147430419922
57.0265007019043
58.69440460205078
61.632259368896484
61.33951950073242
47.09503936767578
58.075286865234375
65.0403823852539
63.576438903808594
58.895118713378906
66.19618225097656
65.59881591796875
61.44160842895508
68.5966567993164
66.09065246582031
62.90837860107422
70.06359100341797
61.624698638916016
66.3497543334961
68.85111236572266
58.40987777709961
66.46735382080078
66.25242614746094
67.15567016601562
65.7095947265625
66.18668365478516
72.38737487792969
63.22218322753906
71.76063537597656
75.49213409423828
60.41557312011719
76.37027740478516
77.64839935302734
67.04255676269531
79.5419921875
78.14559936523438
73.0798110961914
82.37236785888672
78.73249053955078
78.34101104736328
85.04408264160156
73.5980224609375
84.91435241699219
86.33540344238281
78.81515502929688
88.7054214477539
81.03443145751953
85.25489044189453
86.86111450195312
66.05613708496094
86.26557922363281
83.63530731201172
78.75434875488281
86.39954376220703
77.43407440185547
84.05377197265625
85.17640686035156
74.31610107421875
85.80941009521484
75.74359130859375
80.39823913574219
81.41433715820312
76.1297607421875
79.07037353515625
83.24581909179688
71.8177719116211
83.2370376586914
83.71221923828125
71.0527114868164
86.27389526367188
82.60281372070312
81.8885269165039
88.24015045166016
77.6600341796875
87.81671905517578
88.7046127319336
82.24130249023438
91.3031997680664
85.02226257324219
89.33999633789062
88.88753509521484
78.21536254882812
88.33916473388672
81.16692352294922
81.56459045410156
85.17505645751953
72.13481140136719
81.66388702392578
81.39790344238281
66.334716796875
79.53402709960938
76.1153564453125
70.26138305664062
76.2036361694336
69.86321258544922
70.98392486572266
74.85674285888672
66.88496398925781
77.2469482421875
79.70002746582031
73.93601989746094
84.35153198242188
80.07810974121094
83.52484130859375
86.62403106689453
79.9343032836914
88.31800842285156
83.99658966064453
84.8456802368164
87.25530242919922
67.83230590820312
85.95906829833984
83.77448272705078
76.48424530029297
85.74810028076172
80.25100708007812
81.02824401855469
85.5139389038086
77.06583404541016
83.58018493652344
84.99163055419922
75.24617004394531
85.14081573486328
84.82955169677734
76.98738098144531
87.24085998535156
82.86030578613281
83.70677947998047
88.24440002441406
72.40328216552734
86.87969970703125
86.65255737304688
72.62281036376953
88.70467376708984
87.20413970947266
85.58123779296875
91.64306640625
79.24141693115234
90.75732421875
87.88772583007812
83.77938842773438
90.08214569091797
79.91064453125
86.88692474365234
87.96599578857422
63.68221664428711
87.7356185913086
84.77449798583984
80.54878234863281
87.76274108886719
78.60757446289062
85.03491973876953
86.78680419921875
64.45274353027344
87.37067413330078
84.69879913330078
80.50398254394531
88.36791229248047
80.430908203125
85.65255737304688
88.3318862915039
69.58106231689453
88.54204559326172
87.33392333984375
79.93792724609375
90.05606079101562
84.38825988769531
85.98860931396484
90.6852035522461
76.31021118164062
90.1684799194336
90.11947631835938
81.01294708251953
92.28176879882812
85.7107925415039
89.16405487060547
90.87919616699219
74.12547302246094
89.91094970703125
85.30194091796875
82.07772827148438
87.6877212524414
77.35653686523438
83.23636627197266
84.57624816894531
66.21460723876953
82.46090698242188
80.13621520996094
69.00740051269531
79.77437591552734
74.25732421875
71.4418716430664
76.07473754882812
65.015625
71.30978393554688
69.35233306884766
67.57466125488281
71.87429809570312
56.6649055480957
72.67034149169922
75.38896942138672
48.246158599853516
78.61576843261719
76.18296813964844
73.10855865478516
80.06529235839844
69.3575668334961
77.6208724975586
78.96553802490234
63.2835693359375
78.42877197265625
76.55653381347656
69.16295623779297
78.494140625
72.50743865966797
73.07479095458984
77.13452911376953
57.105682373046875
75.2776870727539
70.76207733154297
65.65128326416016
71.92947387695312
63.20737838745117
70.48640441894531
71.97675323486328
61.97648239135742
74.32366180419922
75.02893829345703
64.10028839111328
79.9822998046875
75.38092041015625
79.18095397949219
82.4493408203125
67.44467163085938
82.97532653808594
78.18927001953125
77.46646881103516
82.74279022216797
72.17616271972656
80.73920440673828
82.09246826171875
67.63117218017578
82.31531524658203
80.63584899902344
73.533447265625
83.15370178222656
78.45848846435547
78.4705810546875
84.42739868164062
73.79268646240234
83.80284881591797
84.80718231201172
76.33586120605469
86.65665435791016
79.94319915771484
84.20854187011719
85.64028930664062
73.46662139892578
85.76396179199219
81.14542388916016
80.65094757080078
84.89816284179688
68.76255798339844
83.08515167236328
82.66474151611328
71.15980529785156
83.8031234741211
78.95146942138672
78.7293930053711
83.61092376708984
73.35301208496094
81.39897155761719
82.67835235595703
71.4760513305664
82.90139770507812
81.52714538574219
74.91341400146484
83.95697784423828
79.08719635009766
79.20476531982422
84.47180938720703
74.05206298828125
82.95199584960938
84.46955871582031
66.53044891357422
86.28970336914062
83.95455169677734
83.6377182006836
88.65481567382812
81.76541900634766
88.41685485839844
84.51166534423828
83.2800521850586
85.9683837890625
73.38337707519531
83.38340759277344
80.42601013183594
73.62593841552734
80.48189544677734
70.28484344482422
74.49224090576172
75.58171844482422
65.50733184814453
72.06727600097656
72.3740463256836
61.50981140136719
69.42432403564453
67.81119537353516
62.02362060546875
66.58235931396484
61.39284896850586
59.21363067626953
58.949432373046875
61.188385009765625
55.99471664428711
51.98362731933594
62.24355697631836
63.3212776184082
59.64130401611328
66.29193115234375
68.05133819580078
60.254425048828125
71.61636352539062
70.32936096191406
66.81855773925781
76.28771209716797
71.91635131835938
74.30226135253906
78.65264892578125
65.29930877685547
79.40072631835938
80.08771514892578
67.06794738769531
83.09236145019531
79.51799774169922
80.8009262084961
85.60546112060547
72.9698257446289
85.50350189208984
82.96883392333984
79.28311920166016
85.81934356689453
74.9620132446289
82.6411361694336
83.89000701904297
62.01593780517578
83.57762145996094
80.63105773925781
75.22321319580078
83.25835418701172
75.5137939453125
79.38677978515625
82.22792053222656
67.33387756347656
80.99437713623047
77.1205825805664
74.50939178466797
77.07209777832031
62.48890686035156
72.57209014892578
73.58731079101562
51.33659744262695
75.19742584228516
72.62516784667969
69.76749420166016
76.97991180419922
68.31558990478516
75.30338287353516
77.03667449951172
57.87037658691406
77.88923645019531
75.71744537353516
70.92340850830078
78.96039581298828
71.99163818359375
75.74907684326172
79.0748062133789
47.08556365966797
78.22705841064453
75.66960906982422
69.03644561767578
78.15035247802734
70.0732650756836
75.77146911621094
77.70610809326172
58.74021911621094
79.04576110839844
75.70317840576172
73.26793670654297
80.96769714355469
71.3718490600586
79.59940338134766
81.42277526855469
60.006893157958984
82.68428039550781
80.93465423583984
75.13170623779297
84.71434020996094
78.60333251953125
81.33789825439453
85.4991226196289
68.3278579711914
85.035888671875
84.86616516113281
75.3642807006836
87.36695098876953
81.97002410888672
84.74192810058594
87.54362487792969
76.86275482177734
87.37667083740234
81.51215362548828
81.54971313476562
83.92024230957031
65.33861541748047
81.16132354736328
80.94490051269531
69.65568542480469
81.38365936279297
80.91389465332031
72.9970703125
84.3695297241211
80.03485870361328
81.84815979003906
86.67191314697266
68.06285095214844
87.0020980834961
86.2790756225586
78.7414779663086
89.48849487304688
83.43944549560547
87.25167083740234
90.3309555053711
75.31287384033203
90.65806579589844
87.42646789550781
84.5710220336914
90.654052734375
79.38372039794922
87.99345397949219
88.82585144042969
70.23741912841797
88.97452545166016
85.71565246582031
81.80908966064453
88.74891662597656
80.40556335449219
85.31277465820312
87.90918731689453
68.69156646728516
87.64767456054688
86.3078384399414
78.12464904785156
88.7298812866211
81.70858764648438
84.84342193603516
88.11231231689453
67.51839447021484
87.52641296386719
86.49687957763672
77.83966064453125
88.57842254638672
82.3204116821289
85.02334594726562
88.5877456665039
73.31063079833984
88.2714614868164
86.23433685302734
82.20989227294922
88.47451782226562
77.47463989257812
85.5208740234375
84.16535949707031
71.9676513671875
83.25282287597656
77.08299255371094
75.74808502197266
79.60298156738281
73.76689910888672
72.52803802490234
77.13399505615234
70.24942016601562
71.13885498046875
75.3709716796875
63.45701599121094
71.88829803466797
69.92369842529297
68.6585922241211
67.07447052001953
65.95236206054688
71.45720672607422
64.13397216796875
70.87911987304688
73.6572036743164
53.88104248046875
74.46587371826172
69.7872543334961
68.16348266601562
72.45716857910156
61.55405044555664
70.65274047851562
66.80647277832031
67.89593505859375
67.11619567871094
66.93587493896484
70.49160766601562
66.0020751953125
70.59546661376953
69.47359466552734
68.8014907836914
65.08300018310547
70.90701293945312
67.4998550415039
65.57467651367188
73.53997802734375
67.83887481689453
70.5408935546875
76.32196807861328
68.11980438232422
75.28727722167969
77.19712829589844
65.58980560302734
77.71534729003906
77.49515533447266
69.08198547363281
80.12107849121094
75.48372650146484
75.5460433959961
81.26018524169922
69.15104675292969
80.5306167602539
80.6991958618164
71.6562271118164
82.05876159667969
