67.33990478515625
70.72814178466797
70.13849639892578
71.71017456054688
72.57958221435547
74.19155883789062
75.50179290771484
76.8570556640625
76.28408813476562
75.11148834228516
72.64808654785156
71.63070678710938
69.4806137084961
68.84282684326172
67.5016860961914
60.47532653808594
62.966251373291016
57.75510787963867
59.19874572753906
57.25365447998047
57.36732482910156
64.96778869628906
62.47605895996094
68.74849700927734
69.1317367553711
70.72698211669922
72.93245697021484
73.62567138671875
76.02114868164062
73.80318450927734
74.88287353515625
72.72126770019531
70.94123840332031
67.66971588134766
66.91656494140625
64.21365356445312
64.1202392578125
62.783714294433594
57.41859817504883
61.017616271972656
57.40327453613281
58.22053146362305
42.314842224121094
52.46023941040039
49.771690368652344
56.67802810668945
47.03113555908203
54.84502410888672
59.89371109008789
59.3495979309082
58.65425491333008
57.252655029296875
58.578487396240234
60.852989196777344
58.88309860229492
59.31291580200195
58.48262405395508
63.81090545654297
60.94559860229492
63.3181266784668
63.539119720458984
65.26275634765625
65.65792846679688
68.09220886230469
66.08619689941406
67.06568908691406
68.66263580322266
69.26013946533203
71.0484619140625
69.36053466796875
71.34538269042969
71.63412475585938
72.50627136230469
73.30128479003906
74.80023193359375
74.21734619140625
76.54452514648438
78.64473724365234
79.89643096923828
80.42741394042969
81.46601104736328
82.61383819580078
81.73876190185547
81.46990203857422
80.23345184326172
79.49334716796875
79.5699691772461
79.33858489990234
78.36636352539062
78.13948822021484
78.06285095214844
77.89254760742188
77.81773376464844
77.21572875976562
77.61105346679688
77.78398132324219
78.1068115234375
78.2091293334961
78.28095245361328
78.13294982910156
78.34547424316406
78.79129791259766
78.61258697509766
77.8398208618164
75.2995376586914
73.28449249267578
72.95525360107422
73.72502899169922
75.45903015136719
76.47743225097656
77.3592529296875
77.78392028808594
78.9613265991211
79.76437377929688
80.4026107788086
81.20474243164062
82.203857421875
83.04727172851562
83.9642562866211
84.80668640136719
86.3298110961914
86.82538604736328
87.2610092163086
86.48710632324219
86.0706558227539
84.20787048339844
83.0056381225586
80.95565795898438
79.11425018310547
77.99788665771484
75.88614654541016
74.88341522216797
72.34944152832031
72.79637145996094
69.91229248046875
69.81657409667969
66.42356872558594
66.72637939453125
62.589752197265625
55.924556732177734
55.81439208984375
67.96861267089844
73.9581298828125
76.99369812011719
79.34699249267578
80.8494873046875
82.27399444580078
82.57612609863281
82.71589660644531
81.9517822265625
80.786865234375
79.77047729492188
79.11873626708984
78.43841552734375
77.16217803955078
77.16997528076172
75.82496643066406
75.81063842773438
73.77327728271484
75.1015625
73.96925354003906
74.65483093261719
73.82160186767578
74.26866912841797
74.2634506225586
75.33818054199219
75.14361572265625
75.85916137695312
77.13883972167969
77.66505432128906
79.46514129638672
79.86016082763672
81.72496795654297
82.66805267333984
84.51660919189453
85.29607391357422
87.14112091064453
87.4458999633789
87.62128448486328
87.16492462158203
86.33391571044922
85.64643096923828
84.69279479980469
84.47522735595703
83.42040252685547
83.31098175048828
82.60456085205078
82.0362319946289
81.2707290649414
81.48063659667969
81.3030776977539
81.12385559082031
80.75065612792969
80.56702423095703
80.67213439941406
80.51419067382812
80.65946197509766
80.69941711425781
80.47676849365234
80.72370910644531
80.42359924316406
80.49675750732422
81.02307891845703
81.36964416503906
81.6225814819336
81.7247085571289
82.06103515625
82.517333984375
82.78118133544922
82.75574493408203
82.69434356689453
82.68352508544922
82.55935668945312
82.68757629394531
82.98483276367188
83.63005828857422
84.08622741699219
84.93672943115234
85.6979751586914
86.37786102294922
86.7557373046875
86.96756744384766
86.59136199951172
86.06468200683594
85.10778045654297
84.15567779541016
82.80866241455078
81.68709564208984
80.62720489501953
79.44457244873047
78.33264923095703
77.27731323242188
76.49332427978516
75.03295135498047
74.75680541992188
72.9190673828125
73.12324523925781
71.39205932617188
70.53636932373047
70.12812042236328
69.099609375
70.24922943115234
70.25108337402344
72.55132293701172
73.25852966308594
73.96233367919922
73.8390884399414
73.09835052490234
73.13720703125
72.09457397460938
72.44375610351562
70.99027252197266
71.05789947509766
70.6448974609375
69.80107116699219
69.43250274658203
69.26327514648438
69.12466430664062
69.29087829589844
69.07130432128906
68.09200286865234
68.6540756225586
68.29197692871094
67.94922637939453
67.91475677490234
68.99455261230469
69.17601013183594
70.04949951171875
72.3604736328125
74.18648529052734
76.1046371459961
77.60600280761719
78.46246337890625
78.64313507080078
77.5592269897461
76.9541015625
76.9807357788086
76.36388397216797
75.82587432861328
75.22138214111328
75.12120819091797
74.72695922851562
74.5834732055664
75.15724182128906
75.01528930664062
75.07422637939453
75.05608367919922
76.1367416381836
76.06744384765625
78.08621978759766
79.69288635253906
80.95348358154297
81.82202911376953
82.13392639160156
82.0766830444336
81.54521179199219
81.29362487792969
80.33106231689453
79.76428985595703
79.25565338134766
78.76566314697266
78.18889617919922
77.67356872558594
77.1641845703125
76.58863830566406
75.53289794921875
75.25898742675781
75.07666015625
74.64362335205078
74.32841491699219
72.97447967529297
73.36292266845703
72.68140411376953
72.88117218017578
73.42718505859375
72.75560760498047
71.8896255493164
73.0365982055664
72.97657012939453
73.87239837646484
73.76115417480469
74.68588256835938
74.88288116455078
75.88350677490234
76.40580749511719
77.08792114257812
78.22179412841797
79.06560516357422
80.85749816894531
81.59207916259766
82.77102661132812
82.2169418334961
82.64468383789062
80.77708435058594
80.70806884765625
78.56388854980469
78.0002670288086
76.45510864257812
75.3699722290039
74.00037384033203
72.67295837402344
71.74166870117188
69.8939437866211
68.97034454345703
66.92749786376953
67.45600128173828
65.82198333740234
64.73526763916016
61.33894729614258
62.8676643371582
61.69962692260742
58.60560989379883
60.9044075012207
58.807518005371094
55.33404541015625
51.48039245605469
51.71966552734375
47.41511535644531
44.1433219909668
43.802490234375
47.8734245300293
58.67747116088867
56.76711654663086
56.34342956542969
62.475990295410156
61.36858367919922
64.64344024658203
64.5252456665039
65.77904510498047
68.39061737060547
69.13903045654297
70.3962631225586
72.45909881591797
72.80327606201172
74.22103118896484
74.48009490966797
74.26946258544922
73.2499008178711
73.3128890991211
72.46098327636719
71.74386596679688
69.1885986328125
70.38369750976562
69.22848510742188
71.28292083740234
72.0622787475586
74.2815933227539
76.81453704833984
78.25872802734375
80.4793701171875
80.66363525390625
81.7421646118164
81.28292846679688
81.38433074951172
80.56938934326172
80.13151550292969
79.69571685791016
79.1452407836914
79.0323715209961
78.46465301513672
78.38101959228516
78.120361328125
77.55850219726562
76.78951263427734
75.68833923339844
75.412109375
75.5495376586914
75.53335571289062
75.72846221923828
75.70880126953125
76.06275939941406
75.83535766601562
76.5495376586914
75.98055267333984
76.97988891601562
77.22241973876953
77.43289184570312
78.33235168457031
78.77647399902344
78.83529663085938
78.16929626464844
78.02250671386719
75.05683135986328
73.57744598388672
71.87991333007812
69.46147918701172
69.7901382446289
70.86054229736328
71.09528350830078
70.8755874633789
71.85433959960938
72.41336822509766
72.66580200195312
73.58814239501953
74.12250518798828
74.27979278564453
74.74329376220703
75.3215560913086
75.70741271972656
75.99181365966797
76.1866226196289
76.52046203613281
76.65851593017578
77.46849060058594
77.85987854003906
78.43467712402344
79.43516540527344
79.91547393798828
80.65387725830078
81.2239990234375
81.90196990966797
82.47765350341797
82.88197326660156
83.28246307373047
82.93553161621094
81.75344848632812
80.28871154785156
78.67778778076172
76.9891586303711
75.1380615234375
74.50340270996094
73.50994873046875
74.67806243896484
75.84906005859375
77.00032043457031
78.07059478759766
79.09684753417969
80.0090103149414
79.70348358154297
79.708984375
79.9263687133789
80.01012420654297
80.21773529052734
81.17364501953125
81.77054595947266
82.46536254882812
82.95206451416016
83.00099182128906
82.57420349121094
82.04293823242188
81.62274169921875
81.36553192138672
80.5698013305664
79.80632019042969
79.07024383544922
78.05059814453125
77.77850341796875
77.4234848022461
76.99370574951172
76.0508804321289
76.9839859008789
77.44078063964844
78.94315338134766
80.4871597290039
81.31660461425781
81.93994903564453
81.84325408935547
81.82604217529297
81.59245300292969
81.20636749267578
80.76029968261719
80.6072769165039
80.76060485839844
80.3176498413086
80.43204498291016
80.17845916748047
80.05428314208984
80.2487564086914
80.18687438964844
80.36088562011719
80.452880859375
80.52750396728516
80.71331024169922
81.07811737060547
81.11746978759766
81.16203308105469
80.60101318359375
79.14087677001953
77.48515319824219
74.02088928222656
73.2042007446289
71.80989837646484
72.54142761230469
73.50887298583984
73.8580093383789
75.093505859375
75.39224243164062
76.1528549194336
75.45753479003906
75.7583999633789
75.30628967285156
74.77413940429688
74.16529846191406
73.79263305664062
72.82548522949219
73.34861755371094
70.75074005126953
69.65218353271484
67.41519165039062
65.24736022949219
64.880126953125
62.406314849853516
61.87614059448242
56.0925178527832
60.10195541381836
51.58475112915039
57.48466110229492
59.768951416015625
64.65838623046875
66.66874694824219
66.82967376708984
67.4764175415039
67.23941802978516
67.25806427001953
67.47801208496094
67.36690521240234
66.4845199584961
66.04759979248047
67.7115707397461
68.4643783569336
68.5246810913086
68.18559265136719
69.47444152832031
70.96153259277344
71.2697525024414
72.364013671875
72.37699127197266
72.56802368164062
73.3046646118164
74.00135040283203
73.72968292236328
73.47174835205078
73.34493255615234
71.77242279052734
71.01241302490234
70.26226043701172
