66.4544677734375
71.4384536743164
75.84101867675781
41.91463851928711
77.74066162109375
76.66360473632812
73.71975708007812
82.22908020019531
73.40729522705078
79.48365783691406
80.14208221435547
59.47715377807617
77.31790924072266
71.60523223876953
66.51740264892578
69.27275085449219
54.25022888183594
62.381126403808594
62.343772888183594
47.032291412353516
64.3659896850586
64.16207122802734
58.90208435058594
71.44691467285156
66.03492736816406
74.28738403320312
78.37456512451172
57.41836166381836
81.94062805175781
80.71543884277344
76.07657623291016
82.27086639404297
72.49820709228516
75.92784118652344
77.05119323730469
38.16877365112305
74.28694152832031
70.37650299072266
64.40690612792969
71.30426788330078
61.11764907836914
64.7803726196289
67.5098876953125
48.95063781738281
65.25305938720703
64.93983459472656
54.506134033203125
63.4131965637207
53.341949462890625
61.539886474609375
63.83683395385742
50.9313850402832
63.63325119018555
61.463165283203125
54.14505386352539
66.43202209472656
60.4296760559082
62.47390365600586
67.91719055175781
49.514530181884766
67.49403381347656
67.99742889404297
53.997222900390625
70.605224609375
61.904354095458984
68.54497528076172
70.90599822998047
52.146202087402344
72.04566955566406
69.82190704345703
62.769412994384766
73.65850067138672
66.37158966064453
72.15454864501953
74.64971160888672
49.143192291259766
75.92223358154297
74.85380554199219
70.75463104248047
79.59381866455078
71.98988342285156
78.1248779296875
82.14144134521484
54.81806182861328
85.77507019042969
84.90677642822266
80.5207290649414
88.60243225097656
79.43763732910156
85.01599884033203
86.54132843017578
48.596248626708984
85.9691390991211
83.75650024414062
78.31024169921875
86.7478256225586
78.68367004394531
83.88272857666016
86.38216400146484
58.39865493774414
85.41474151611328
81.74683380126953
74.05931091308594
79.14136505126953
68.78864288330078
74.19319152832031
79.01091003417969
47.871063232421875
81.43811798095703
79.79316711425781
75.75238800048828
85.12337493896484
77.42119598388672
83.55933380126953
86.8876953125
49.6318359375
88.51155853271484
87.3321304321289
83.05036926269531
92.42465209960938
85.8554458618164
90.26908111572266
92.83853912353516
57.3780632019043
90.74300384521484
87.3658218383789
79.36018371582031
86.72626495361328
76.53953552246094
81.2341079711914
82.15850067138672
53.24403381347656
79.59197998046875
75.81082153320312
68.90801239013672
76.81391906738281
67.94976806640625
73.3402328491211
75.40999603271484
54.37739181518555
76.87152862548828
77.33287048339844
74.73623657226562
83.92221069335938
75.97711181640625
83.89550018310547
86.80742645263672
49.41346740722656
88.06842803955078
85.54793548583984
79.8896255493164
87.39959716796875
77.5862045288086
82.20292663574219
83.5880126953125
41.192203521728516
81.58174896240234
78.78092193603516
72.52376556396484
80.1251220703125
70.84432220458984
76.80855560302734
78.43687438964844
51.95676803588867
77.8450698852539
75.2470932006836
70.31861114501953
79.81441497802734
71.12425994873047
77.71170043945312
80.68119049072266
49.59937286376953
82.07292175292969
81.16226959228516
77.88870239257812
88.61238098144531
83.54820251464844
88.71109771728516
91.96871948242188
60.316612243652344
91.3448715209961
88.18195343017578
81.28824615478516
89.1887435913086
79.80585479736328
85.10545349121094
86.6933364868164
58.17875289916992
86.05230712890625
83.61801147460938
77.59600830078125
86.05157470703125
77.18683624267578
82.87032318115234
85.1414794921875
51.823978424072266
85.02654266357422
82.69896697998047
77.70722198486328
86.01898956298828
77.60914611816406
83.03585815429688
85.77063751220703
48.72013473510742
86.4200439453125
84.62666320800781
79.25764465332031
87.80301666259766
79.68194580078125
84.20838928222656
86.01681518554688
55.9863395690918
85.42681884765625
83.04088592529297
78.5025634765625
87.23577117919922
79.94326782226562
85.50567626953125
89.11650848388672
67.51483917236328
89.88473510742188
88.547119140625
80.7492446899414
90.11544036865234
82.20152282714844
84.70446014404297
86.27701568603516
59.3397216796875
83.52716827392578
80.54975128173828
73.70677185058594
81.50704193115234
72.83782196044922
76.52328491210938
77.6990737915039
50.534122467041016
75.8185806274414
72.7473373413086
67.55237579345703
75.48221588134766
67.5806884765625
74.77960205078125
78.28363800048828
52.988773345947266
79.93193817138672
77.53106689453125
70.87133026123047
79.67566680908203
69.85134887695312
75.00411224365234
77.1976089477539
50.808528900146484
76.90508270263672
73.94125366210938
67.79798889160156
76.9404296875
69.6754379272461
73.95943450927734
76.75906372070312
52.588314056396484
76.3860092163086
74.79124450683594
66.4393539428711
74.77677154541016
67.28275299072266
69.21073150634766
73.02709197998047
33.5318717956543
74.51810455322266
73.5941390991211
70.86811828613281
80.94670104980469
74.16761016845703
80.30390167236328
82.43919372558594
54.97614669799805
82.29167938232422
79.53709411621094
73.09899139404297
81.57495880126953
73.73210906982422
78.71671295166016
81.19181823730469
53.719478607177734
81.27204132080078
78.61742401123047
74.02912902832031
82.17678833007812
74.33646392822266
80.63318634033203
83.61087036132812
51.585533142089844
85.18328857421875
82.41150665283203
78.68889617919922
85.05886840820312
73.54006958007812
80.77142333984375
81.54305267333984
55.52558135986328
81.33667755126953
78.74390411376953
74.25740051269531
81.61060333251953
73.05500030517578
77.61638641357422
79.92584228515625
43.91507339477539
79.69656372070312
76.53400421142578
71.45201873779297
79.85038757324219
71.82164001464844
76.81324768066406
78.84578704833984
42.43612289428711
79.39073181152344
77.4372329711914
71.37681579589844
80.99268341064453
72.77509307861328
79.41985321044922
82.36833953857422
48.239192962646484
83.88780212402344
82.49491119384766
78.25666809082031
87.73529052734375
80.60906219482422
87.26730346679688
90.61512756347656
60.74260330200195
91.21485137939453
88.07730865478516
82.09308624267578
89.15105438232422
79.88973236083984
83.60958099365234
84.93233489990234
46.59902572631836
83.53926849365234
80.900634765625
72.72398376464844
80.92205047607422
72.152099609375
74.23574829101562
74.28272247314453
46.934574127197266
69.5250473022461
64.50645446777344
58.128448486328125
63.5885124206543
46.62885284423828
58.77423858642578
56.67372512817383
51.93588638305664
45.530174255371094
42.848201751708984
50.13949203491211
55.470149993896484
50.82490158081055
56.372886657714844
64.48344421386719
47.057762145996094
66.88240051269531
65.49510192871094
59.75296401977539
70.50732421875
64.35298156738281
71.20045471191406
74.40599060058594
44.51035690307617
76.9654769897461
75.40937805175781
71.53575897216797
81.12623596191406
73.87826538085938
80.52340698242188
84.17779541015625
57.340152740478516
86.96104431152344
86.30729675292969
80.09603118896484
90.48749542236328
83.50005340576172
86.96784973144531
89.58638763427734
65.67901611328125
87.99700927734375
85.38453674316406
78.49095153808594
86.2975082397461
77.67294311523438
81.89984130859375
83.80476379394531
58.36588668823242
83.79793548583984
82.06906127929688
74.17626953125
83.77706146240234
75.67156219482422
76.83662414550781
74.43055725097656
61.87970733642578
73.96050262451172
73.2557373046875
70.73619842529297
78.79267883300781
69.802490234375
76.62301635742188
79.18981170654297
53.23966598510742
79.98493194580078
77.2952651977539
72.9186019897461
81.10806274414062
72.3758544921875
77.80929565429688
79.85318756103516
40.493553161621094
79.10067749023438
76.68431854248047
71.39274597167969
79.34834289550781
71.1361083984375
77.45994567871094
79.72569274902344
48.915157318115234
80.78336334228516
78.52465057373047
73.7466049194336
82.40580749511719
74.65973663330078
80.24038696289062
82.58883666992188
48.62668991088867
83.5748519897461
81.09073638916016
75.72337341308594
84.1141586303711
76.20942687988281
81.51959228515625
83.60548400878906
35.63347244262695
84.78536224365234
83.09889221191406
78.72236633300781
87.44281005859375
79.87144470214844
85.8390121459961
88.80101013183594
57.63850402832031
88.46661376953125
85.34046173095703
78.11697387695312
85.02116394042969
74.45602416992188
78.17989349365234
78.80109405517578
46.52336502075195
78.32180786132812
76.92276000976562
72.87117767333984
82.44940948486328
75.15335845947266
82.00324249267578
85.5993423461914
49.577369689941406
87.53050231933594
85.80548095703125
81.01408386230469
89.66342163085938
81.73046112060547
87.44009399414062
90.24933624267578
56.04465866088867
90.85664367675781
88.75958251953125
83.17010498046875
91.40570831298828
83.31192016601562
87.72271728515625
89.7621078491211
54.96473693847656
89.06591796875
86.4191665649414
80.63391876220703
88.76675415039062
80.32540130615234
85.33499145507812
87.49771881103516
49.53237533569336
87.13343811035156
84.89494323730469
79.33419799804688
88.06199645996094
80.36988830566406
85.076416015625
87.6166763305664
56.10570526123047
87.65055847167969
85.60245513916016
79.85018920898438
88.74293518066406
81.03826904296875
85.7488784790039
88.6455307006836
58.00069808959961
88.94107818603516
87.3241195678711
79.9622573852539
88.95075225830078
80.39151000976562
83.00531005859375
83.40913391113281
59.772796630859375
78.58406829833984
74.87932586669922
68.16696166992188
77.42176055908203
71.19156646728516
76.69398498535156
80.34683227539062
54.81669616699219
80.77993774414062
79.0145034790039
72.7547607421875
81.03538513183594
72.76319122314453
77.61034393310547
79.95510864257812
48.069366455078125
78.76651763916016
75.35709381103516
71.21354675292969
77.64070129394531
69.36265563964844
73.9518814086914
75.47379302978516
52.610931396484375
73.1364974975586
69.33663940429688
62.34481430053711
67.82211303710938
60.201995849609375
66.84453582763672
71.3388442993164
51.48760986328125
73.9430160522461
72.17269134521484
64.95134735107422
73.07189178466797
63.41680908203125
68.41065216064453
70.94598388671875
44.04716110229492
72.43628692626953
70.97566223144531
64.59194946289062
74.58465576171875
66.78023529052734
72.60073852539062
75.73535919189453
51.058677673339844
77.28099060058594
75.5341567993164
70.72286224365234
79.28661346435547
71.02972412109375
77.40107727050781
80.69709014892578
51.42052459716797
81.95664978027344
80.2657241821289
74.54468536376953
84.30534362792969
