68.15479278564453
68.022705078125
70.3487319946289
70.43363952636719
70.81700134277344
72.43049621582031
74.42797088623047
76.12178039550781
76.62102508544922
77.60335540771484
78.26197814941406
78.08531188964844
74.97998046875
75.6581039428711
70.5537109375
70.31424713134766
64.6458511352539
64.57621002197266
63.2334098815918
62.77649688720703
57.052947998046875
59.90761184692383
55.86397171020508
67.61287689208984
65.91992950439453
71.61224365234375
71.63507080078125
75.33287811279297
75.03057861328125
77.20499420166016
77.93822479248047
75.96708679199219
75.6459732055664
73.20851135253906
71.54228210449219
69.1787338256836
68.60990142822266
66.3956527709961
66.8260726928711
62.990638732910156
60.393856048583984
61.236412048339844
58.962467193603516
61.74699783325195
60.719947814941406
60.4963493347168
56.931148529052734
54.79662322998047
56.42352294921875
52.883277893066406
56.98372268676758
58.77973556518555
59.45023727416992
60.379634857177734
58.40060043334961
60.01458740234375
62.401004791259766
64.2000732421875
62.94562911987305
65.21980285644531
62.44636154174805
64.51985168457031
64.11427307128906
68.99935150146484
67.72279357910156
67.18897247314453
67.68038940429688
68.16444396972656
69.62996673583984
70.01446533203125
70.01181030273438
69.33988189697266
72.19593811035156
70.76390838623047
72.19966888427734
70.97537994384766
73.28091430664062
72.98688507080078
74.88421630859375
75.32844543457031
75.83111572265625
77.94792175292969
78.44336700439453
81.62335205078125
82.12226867675781
85.0149917602539
85.70716857910156
86.31553649902344
85.7958755493164
85.00240325927734
84.28497314453125
83.6530990600586
83.29944610595703
83.11990356445312
83.15959167480469
82.88766479492188
83.0839614868164
83.51271057128906
82.99535369873047
82.90420532226562
82.0494384765625
79.44060516357422
76.6943130493164
73.05397033691406
72.93975830078125
74.74922180175781
76.15103149414062
77.4732437133789
78.83346557617188
78.90138244628906
81.05782318115234
81.53168487548828
82.77782440185547
83.50707244873047
84.46881866455078
85.5663070678711
86.63606262207031
87.67887878417969
88.54566955566406
89.3527603149414
88.92888641357422
88.5336685180664
86.4609375
85.71570587158203
83.93305206298828
82.8817138671875
80.43034362792969
80.19976806640625
78.01188659667969
78.18856048583984
76.49787139892578
74.98722839355469
74.56430053710938
73.46966552734375
73.16332244873047
71.60846710205078
70.58580017089844
72.28618621826172
71.52909851074219
73.31611633300781
75.01118469238281
78.14419555664062
79.41158294677734
81.90235137939453
82.30630493164062
83.59407806396484
84.07935333251953
85.15560913085938
85.69448852539062
85.63954162597656
84.77411651611328
84.1589584350586
82.89543151855469
81.94681549072266
80.95576477050781
80.11803436279297
79.47553253173828
79.0569839477539
78.28410339355469
78.70771789550781
78.08952331542969
78.16204071044922
78.61151885986328
78.74403381347656
79.9498062133789
80.25559997558594
81.58592987060547
82.37512969970703
83.95587921142578
84.674560546875
85.21162414550781
83.80577850341797
83.22472381591797
81.07197570800781
82.42170715332031
83.591552734375
86.13985443115234
87.42893981933594
89.0472412109375
88.94471740722656
88.45381927490234
87.86305236816406
86.9424057006836
86.74739074707031
85.6090316772461
85.56880187988281
84.73107147216797
84.67100524902344
83.81969451904297
84.0621566772461
83.2557373046875
83.70891571044922
83.37288665771484
83.65618896484375
82.94535064697266
83.45844268798828
83.1552734375
83.25957489013672
83.5764389038086
83.5245361328125
84.00481414794922
83.94651794433594
84.52955627441406
84.36495208740234
84.70301818847656
84.97517395019531
85.44841003417969
85.45516204833984
86.10868835449219
86.58244323730469
87.1136245727539
87.97335815429688
88.52825164794922
89.08967590332031
89.50806427001953
89.30107116699219
88.97956085205078
88.38047790527344
87.2631607055664
86.63553619384766
84.96805572509766
84.36168670654297
82.55525970458984
82.01752471923828
80.85298919677734
80.03704833984375
78.65242767333984
77.77783966064453
76.78629302978516
76.21305847167969
75.7873306274414
74.83088684082031
73.89464569091797
72.04515838623047
72.59944152832031
69.27729034423828
70.7242660522461
69.40916442871094
69.49324798583984
68.5673599243164
69.54721069335938
71.16682434082031
71.51231384277344
74.43389892578125
74.94808197021484
75.52069091796875
74.93946075439453
75.4721450805664
74.29505157470703
73.8375473022461
72.96320343017578
73.5377197265625
73.05564880371094
72.75105285644531
73.82460021972656
73.13497924804688
73.47624969482422
74.14440155029297
73.71385192871094
72.23538208007812
71.6271743774414
66.36320495605469
66.98934173583984
65.42530059814453
65.2407455444336
63.707096099853516
65.44194793701172
66.80363464355469
68.7659912109375
69.43384552001953
72.5937728881836
74.18797302246094
76.8119888305664
78.23186492919922
79.60457611083984
79.81012725830078
79.03211975097656
78.59854125976562
77.61200714111328
77.56852722167969
77.39472961425781
76.6336898803711
76.08881378173828
76.44017028808594
75.98728942871094
76.35968780517578
76.57245635986328
76.5679931640625
77.00699615478516
78.67049407958984
80.0458984375
81.86154174804688
83.48751831054688
84.1568603515625
84.9556884765625
84.81156921386719
84.8504409790039
84.4043197631836
84.56353759765625
83.53477478027344
83.57061004638672
82.4072265625
82.28101348876953
81.24796295166016
80.88392639160156
80.25100708007812
79.79385375976562
78.687255859375
78.60722351074219
77.98787689208984
77.48497772216797
77.42920684814453
77.00270080566406
77.22293090820312
76.05029296875
76.8284683227539
76.5103530883789
77.33995056152344
76.54935455322266
77.67076110839844
77.0853500366211
78.34504699707031
78.32007598876953
79.52877044677734
79.7721176147461
80.93138885498047
81.87974548339844
82.69021606445312
84.25989532470703
85.04129028320312
86.81484985351562
86.63687133789062
87.18270874023438
85.67241668701172
85.0084228515625
83.0274429321289
81.62498474121094
79.01512145996094
77.67106628417969
75.3298110961914
73.28948211669922
72.1238021850586
70.57318878173828
68.97093963623047
66.75919342041016
66.58377838134766
63.44577407836914
64.1275863647461
60.55343246459961
62.28321075439453
60.40753936767578
57.71255874633789
59.53251647949219
50.633262634277344
51.11539077758789
53.10977554321289
46.4295539855957
54.26564407348633
47.44183349609375
57.381980895996094
60.056602478027344
59.23150634765625
61.850379943847656
62.76222610473633
63.84959411621094
62.094669342041016
67.16040802001953
69.0333480834961
68.87153625488281
71.06220245361328
72.26344299316406
72.80895233154297
74.81832122802734
76.37468719482422
77.52649688720703
78.71763610839844
79.3797607421875
80.39337158203125
81.03123474121094
81.18558502197266
80.88453674316406
80.74354553222656
80.4613265991211
80.63236236572266
80.3621597290039
81.17181396484375
81.51958465576172
80.38578033447266
80.28838348388672
80.04962921142578
79.61419677734375
79.25382232666016
78.75984954833984
79.07954406738281
78.37435913085938
78.07264709472656
76.79617309570312
75.20460510253906
72.74618530273438
69.50751495361328
68.44180297851562
68.49836730957031
69.1038589477539
71.70793914794922
73.10755920410156
73.46260833740234
73.54830169677734
75.13610076904297
73.35323333740234
74.04041290283203
74.49653625488281
74.82366943359375
74.6561279296875
74.92975616455078
74.62580108642578
74.75495910644531
74.94715881347656
75.12335205078125
75.43561553955078
75.49751281738281
74.56964111328125
74.28858947753906
74.44757080078125
74.29363250732422
74.6831283569336
75.11822509765625
74.74070739746094
75.33797454833984
75.08990478515625
75.56290435791016
76.24276733398438
76.43077850341797
76.28108215332031
76.92219543457031
77.0684585571289
77.4154281616211
77.9896011352539
78.21331024169922
78.82805633544922
79.38520812988281
79.63433837890625
80.3615951538086
80.80528259277344
81.61261749267578
81.95181274414062
82.37742614746094
83.16761016845703
83.9834213256836
84.68899536132812
84.840576171875
85.39729309082031
84.90196990966797
84.22112274169922
82.43599700927734
80.8841552734375
78.77385711669922
76.36772918701172
75.50791931152344
75.07969665527344
75.01634216308594
75.26264190673828
76.77281188964844
77.37964630126953
79.61286163330078
80.63159942626953
81.69593811035156
82.67544555664062
82.88607025146484
83.98204803466797
84.095703125
84.8817367553711
85.58649444580078
86.37596893310547
86.92975616455078
87.56621551513672
87.34754180908203
87.39105224609375
87.2677001953125
86.79586791992188
86.28304290771484
85.9266357421875
85.50611877441406
84.978759765625
84.56806945800781
84.19367218017578
83.83935546875
83.4787826538086
83.04023742675781
82.57367706298828
82.81556701660156
83.05278778076172
83.52877044677734
83.717041015625
83.87003326416016
84.02035522460938
84.04142761230469
83.92667388916016
83.96815490722656
84.09793853759766
83.90222930908203
84.19712829589844
84.17115783691406
84.4946517944336
84.57817077636719
85.06510925292969
85.3319091796875
85.5813980102539
85.92987823486328
85.88306427001953
85.94689178466797
85.50430297851562
84.631103515625
83.25025939941406
81.61936950683594
79.85930633544922
77.27031707763672
75.7619400024414
73.33406829833984
72.15697479248047
69.10604095458984
68.2854995727539
69.74030303955078
70.10924530029297
70.80487823486328
71.58289337158203
71.74371337890625
71.43099975585938
70.13703918457031
69.8184814453125
70.25171661376953
67.63157653808594
68.81114959716797
69.16032409667969
68.17852783203125
70.80838012695312
71.09039306640625
71.18055725097656
70.9043197631836
70.65229797363281
68.90951538085938
67.34034729003906
64.80265045166016
62.28710174560547
53.90494918823242
62.0767707824707
63.288818359375
66.2513198852539
67.58473205566406
71.04562377929688
71.08414459228516
70.6948471069336
68.59180450439453
68.75326538085938
67.66938018798828
65.89167022705078
67.52632904052734
67.57795715332031
68.13361358642578
68.4184341430664
69.59185791015625
69.73748779296875
70.37557983398438
71.77781677246094
72.09901428222656
72.6263656616211
73.45155334472656
74.18596649169922
75.32512664794922
76.0276870727539
76.1572036743164
77.24256134033203
77.40603637695312
78.2110595703125
78.31767272949219
78.56962585449219
78.2415542602539
