70.39852142333984
70.72801208496094
77.00225067138672
68.12767791748047
74.47196960449219
78.04678344726562
61.34016799926758
78.6268310546875
77.40521240234375
74.71227264404297
79.44074249267578
74.05542755126953
74.8272933959961
72.19149780273438
69.15130615234375
68.6270523071289
63.667179107666016
64.7376937866211
58.2911262512207
61.55268859863281
58.25477600097656
66.46990966796875
60.267303466796875
73.3409194946289
72.41032409667969
67.3716049194336
77.23394012451172
70.69389343261719
77.73963165283203
80.11785888671875
74.01217651367188
81.8422622680664
73.04220581054688
78.24784851074219
76.73212432861328
63.54288864135742
76.1290054321289
71.62093353271484
69.05633544921875
73.52045440673828
66.79426574707031
67.7738037109375
70.29154205322266
54.81552505493164
66.06520080566406
62.04482650756836
62.49214172363281
61.65807342529297
55.8659553527832
64.86084747314453
63.5301513671875
61.07832717895508
67.78492736816406
65.18004608154297
63.40869140625
71.58610534667969
67.72465515136719
66.91831970214844
70.68350982666016
65.91867065429688
68.01945495605469
71.98495483398438
59.42246627807617
66.06597900390625
67.73541259765625
66.0891342163086
68.38702392578125
67.94108581542969
72.25247955322266
64.3156509399414
73.13750457763672
75.55073547363281
56.18739700317383
77.27018737792969
77.41465759277344
69.70500946044922
80.29725646972656
77.7931137084961
75.9823989868164
81.96063995361328
77.90628814697266
78.8349609375
83.97408294677734
76.78797149658203
83.29912567138672
86.39411163330078
73.21884155273438
89.27146911621094
85.1603775024414
86.55648040771484
88.83505249023438
75.5716781616211
88.17085266113281
85.44417572021484
81.89873504638672
88.13829040527344
78.65515899658203
86.5945816040039
85.0319595336914
78.78790283203125
84.13140869140625
75.34207916259766
78.89974975585938
82.01866912841797
78.08330535888672
79.52050018310547
84.27364349365234
72.82515716552734
84.22801971435547
85.05929565429688
72.08992004394531
87.57097625732422
83.9886703491211
83.38858032226562
89.88484954833984
78.95121765136719
89.75208282470703
90.22445678710938
85.54452514648438
92.47148132324219
83.72806549072266
89.80037689208984
88.61418914794922
77.84613037109375
88.64141845703125
82.41968536376953
82.24932098388672
86.23054504394531
74.9499282836914
82.73709106445312
83.50785827636719
70.5417251586914
82.46797180175781
80.21309661865234
71.22126007080078
81.22406005859375
76.96586608886719
75.59017944335938
81.51288604736328
73.70378875732422
81.82794952392578
83.961181640625
77.38299560546875
86.5135269165039
81.14433288574219
84.77224731445312
87.09825897216797
78.99715423583984
88.38597106933594
84.37104797363281
84.55757904052734
87.58240509033203
69.56127166748047
86.01116943359375
83.9811019897461
76.5959701538086
85.9910659790039
80.33946228027344
81.28502655029297
85.79884338378906
77.08458709716797
83.4048843383789
85.86140441894531
72.6005630493164
86.18090057373047
85.68379974365234
77.3149642944336
89.31261444091797
83.53612518310547
87.19314575195312
89.46099090576172
72.53748321533203
88.92950439453125
85.5355224609375
79.88272857666016
89.1889419555664
86.67384338378906
85.59575653076172
92.32142639160156
79.22364807128906
91.82404327392578
88.9787826538086
84.51243591308594
91.32278442382812
81.33821105957031
88.39727020263672
89.61474609375
65.1473388671875
89.8626708984375
86.51508331298828
82.6092300415039
89.98241424560547
81.2568130493164
87.22470092773438
89.19159698486328
64.82719421386719
89.55406951904297
87.64503479003906
82.08720397949219
90.79351043701172
83.1883316040039
87.81654357910156
91.02168273925781
64.38031768798828
90.95402526855469
89.13865661621094
82.3701171875
91.8741226196289
86.03392028808594
88.30740356445312
92.42488098144531
75.87738037109375
92.34000396728516
90.16930389404297
85.9063720703125
92.29759216308594
80.66873168945312
89.04940032958984
89.01619720458984
71.74491882324219
88.38717651367188
84.0904541015625
80.0452880859375
86.26287841796875
78.05177307128906
81.1331787109375
83.34016418457031
66.80522918701172
79.80052185058594
78.80675506591797
61.92730712890625
76.83906555175781
72.12075805664062
70.07505798339844
71.96804809570312
63.76019287109375
73.21112823486328
68.12893676757812
70.39974212646484
76.99189758300781
69.9583511352539
76.7225341796875
80.18110656738281
61.75103759765625
81.22110748291016
77.02046203613281
74.57061767578125
80.8327865600586
71.93742370605469
78.1305923461914
79.69579315185547
63.05726623535156
79.18460083007812
77.48991394042969
68.97431182861328
79.3360595703125
72.05319213867188
75.79613494873047
75.93851470947266
60.12455368041992
72.35938262939453
67.47332763671875
66.39646911621094
70.48410034179688
64.08745574951172
69.50006866455078
72.3636703491211
65.30713653564453
74.97257995605469
74.92676544189453
66.78369140625
79.93587493896484
76.86424255371094
78.61842346191406
83.54344177246094
67.3916015625
84.0697250366211
80.3360595703125
78.375
84.35029602050781
72.11475372314453
81.97900390625
83.27948760986328
69.48292541503906
83.60328674316406
81.99406433105469
74.31175231933594
84.87025451660156
80.74662780761719
79.43504333496094
86.56124114990234
76.55329895019531
86.53421020507812
87.34591674804688
80.38370513916016
89.67819213867188
83.27229309082031
87.3035888671875
88.52249145507812
78.10839080810547
88.78131103515625
83.25963592529297
83.78191375732422
87.62551879882812
70.6303482055664
85.73272705078125
85.12805938720703
73.66007995605469
86.47674560546875
81.60836029052734
80.59174346923828
85.98067474365234
77.49596405029297
83.26966094970703
84.90370178222656
72.75806427001953
84.79230499267578
83.42951202392578
75.81437683105469
85.53923034667969
81.12837219238281
80.48749542236328
85.9825439453125
75.51968383789062
84.18756866455078
85.86492919921875
71.48027038574219
87.54794311523438
85.2600326538086
85.13735961914062
89.55428314208984
82.44557189941406
89.0075912475586
84.34869384765625
83.6747817993164
85.48894500732422
71.89729309082031
82.975341796875
78.45156860351562
73.53804779052734
79.23885345458984
70.6517105102539
74.3069839477539
75.92373657226562
66.53068542480469
73.48184204101562
72.05455017089844
65.36885070800781
70.96158599853516
68.30915069580078
64.91064453125
67.43756866455078
62.10031509399414
62.585575103759766
60.36116027832031
64.04934692382812
64.24469757080078
58.11024856567383
66.78856658935547
69.70230865478516
59.333763122558594
70.9123764038086
72.29338836669922
62.354732513427734
74.82233428955078
73.63922882080078
68.3727798461914
77.1513442993164
72.27962493896484
75.15020751953125
79.75906372070312
67.2429428100586
79.73373413085938
80.4463119506836
68.86205291748047
83.59112548828125
78.69279479980469
80.47369384765625
84.77901458740234
69.68700408935547
84.62012481689453
82.6706314086914
78.47950744628906
85.28929138183594
74.61505889892578
82.53334045410156
83.18958282470703
66.50263977050781
83.20182037353516
78.92532348632812
76.46272277832031
82.16548919677734
70.42906951904297
79.3319091796875
80.07892608642578
61.98440170288086
79.10362243652344
76.70362854003906
70.42707824707031
78.66636657714844
73.24402618408203
74.13645935058594
79.90714263916016
66.01922607421875
80.45799255371094
78.85387420654297
73.85356140136719
81.86578369140625
72.93795776367188
79.32818603515625
81.4438247680664
58.81732940673828
81.60904693603516
78.96271514892578
73.61294555664062
82.37712097167969
73.75643920898438
79.29137420654297
81.52596282958984
50.047340393066406
81.25308990478516
78.17539978027344
73.5535888671875
81.21572875976562
73.5549545288086
78.73176574707031
81.11670684814453
51.999237060546875
81.93539428710938
79.23186492919922
75.46143341064453
83.29943084716797
74.37067413330078
81.3514175415039
83.5602798461914
58.07152557373047
84.4298095703125
82.5694351196289
76.82614135742188
85.88665771484375
79.27951049804688
82.86280059814453
86.51276397705078
68.54766845703125
86.46736907958984
85.9735107421875
77.91637420654297
88.6632308959961
82.14042663574219
86.32847595214844
87.37934112548828
76.37078094482422
86.77334594726562
79.66832733154297
80.52857971191406
83.28677368164062
72.29583740234375
80.12395477294922
81.51103973388672
69.5210189819336
81.63314056396484
81.46476745605469
72.31664276123047
85.03520965576172
80.2107925415039
82.48672485351562
87.35440063476562
68.57246398925781
87.82270050048828
87.10774993896484
80.28982543945312
90.6640853881836
84.28473663330078
88.91060638427734
91.58964538574219
76.65506744384766
92.34367370605469
88.67754364013672
86.6302490234375
92.46973419189453
80.26402282714844
90.1648178100586
90.85675048828125
74.12223052978516
91.2626724243164
87.98283386230469
84.20347595214844
91.3614273071289
83.31680297851562
87.85649871826172
90.70819091796875
72.88159942626953
89.8836441040039
88.8928451538086
79.1996078491211
90.49726867675781
84.80098724365234
85.7730941772461
90.16681671142578
75.88667297363281
88.95401000976562
88.29212188720703
80.7524642944336
90.11797332763672
82.93527221679688
87.28266143798828
87.83314514160156
77.00687408447266
86.89008331298828
79.32388305664062
80.94029235839844
82.56157684326172
65.20133972167969
79.51174926757812
77.88243103027344
69.68084716796875
76.28369903564453
74.83523559570312
65.81690979003906
74.22962951660156
72.90536499023438
65.17987823486328
75.2237548828125
66.20328521728516
71.31343078613281
72.9064712524414
69.13070678710938
73.08697509765625
65.84481048583984
70.8409423828125
69.92987060546875
59.27696228027344
73.3482894897461
69.45238494873047
66.78427124023438
74.47065734863281
62.97910690307617
74.19979095458984
72.95641326904297
65.38134002685547
72.74700164794922
62.97609329223633
69.15567779541016
66.09341430664062
64.53015899658203
64.34615325927734
67.69181823730469
69.91131591796875
68.44269561767578
70.93730926513672
68.33779907226562
69.52688598632812
60.62297058105469
71.43380737304688
69.69937896728516
65.64537811279297
74.82957458496094
70.18946838378906
71.6180191040039
77.40679931640625
68.84765625
76.48279571533203
78.9251937866211
62.82988357543945
79.96314239501953
79.04579162597656
70.9968490600586
81.89366912841797
76.64179229736328
78.64298248291016
83.17581176757812
65.48088836669922
82.845458984375
82.1045913696289
75.04774475097656
84.60560607910156
