74.10615539550781
73.88621520996094
80.05377960205078
70.24783325195312
78.70215606689453
80.53376770019531
63.092323303222656
82.18810272216797
79.38929748535156
79.88312530517578
83.66228485107422
76.16789245605469
80.34434509277344
76.53077697753906
75.05680847167969
75.11483764648438
56.88493728637695
67.41388702392578
64.80609130859375
62.37733840942383
49.8160400390625
69.66349792480469
53.82626724243164
74.73103332519531
72.82819366455078
71.32978820800781
79.67240905761719
74.54986572265625
81.43556213378906
83.072021484375
80.45673370361328
84.38768768310547
73.53718566894531
82.25575256347656
78.81405639648438
69.77266693115234
79.90831756591797
74.1081314086914
71.97901916503906
77.3299331665039
69.07611083984375
71.35948944091797
74.2303466796875
62.982933044433594
70.54588317871094
68.4034652709961
48.87516784667969
64.01319885253906
63.26069641113281
63.022193908691406
57.83225631713867
61.08763122558594
68.20410919189453
67.8239974975586
67.8152847290039
72.35311889648438
65.73529815673828
68.62161254882812
73.75470733642578
66.73592376708984
71.14193725585938
73.79937744140625
54.62350845336914
74.19784545898438
71.55900573730469
68.95380401611328
72.97148895263672
69.14450073242188
75.08258056640625
71.44002532958984
73.49656677246094
78.43006896972656
56.57588577270508
80.15550994873047
79.8286361694336
72.93523406982422
83.2394027709961
81.00481414794922
78.69916534423828
85.43975830078125
80.7536849975586
82.03972625732422
87.4247817993164
78.27232360839844
87.04066467285156
89.19094848632812
76.08985900878906
92.2748794555664
88.04603576660156
89.48017883300781
92.19681549072266
78.34535217285156
91.66631317138672
89.0088882446289
85.2790298461914
91.69178009033203
82.52832794189453
90.20858764648438
89.24005126953125
82.48943328857422
88.27123260498047
78.56591033935547
82.89202880859375
85.31829833984375
81.3901138305664
83.01961517333984
87.29387664794922
76.47920227050781
87.4615478515625
88.2536392211914
75.87629699707031
90.74014282226562
86.8504867553711
86.9536361694336
92.57657623291016
82.14055633544922
92.82352447509766
93.30167388916016
88.10637664794922
95.7597427368164
87.64408874511719
93.45792388916016
92.4736099243164
81.45637512207031
92.37650299072266
85.8207015991211
86.08460998535156
90.05335235595703
78.23281860351562
86.8738784790039
87.4676513671875
73.43843841552734
86.10076141357422
84.33892059326172
75.86721801757812
85.141845703125
80.28302764892578
79.20997619628906
85.2770004272461
75.38036346435547
85.6785659790039
87.18522644042969
81.7028579711914
89.71823120117188
83.04688262939453
87.99598693847656
90.0074462890625
81.89802551269531
91.64894104003906
87.3150634765625
88.06201171875
90.8176498413086
71.50851440429688
89.55270385742188
87.12133026123047
80.27362060546875
89.1697006225586
83.42150115966797
84.48744201660156
88.91106414794922
80.28527069091797
87.0943832397461
88.82460021972656
78.11341857910156
89.28963470458984
88.70536804199219
81.10828399658203
91.86746215820312
86.30607604980469
89.52183532714844
92.59693145751953
73.82709503173828
91.76473999023438
89.20342254638672
82.42234802246094
92.28104400634766
90.60008239746094
88.34439849853516
95.80791473388672
83.54338836669922
94.93912506103516
92.50328826904297
87.30357360839844
94.57500457763672
84.95117950439453
91.35041809082031
92.87339782714844
68.07749938964844
92.82177734375
89.71085357666016
85.38970184326172
93.04688262939453
84.00543212890625
90.14382934570312
92.26009368896484
67.87306213378906
92.59298706054688
90.4492416381836
85.550537109375
93.74729919433594
86.28094482421875
90.99382781982422
93.99412536621094
69.54827117919922
94.09733581542969
92.32525634765625
85.55622100830078
95.0114517211914
89.0732192993164
91.28038787841797
95.62432861328125
79.12275695800781
95.34625244140625
93.92198944091797
88.2455062866211
95.8355484008789
85.85204315185547
92.48096466064453
92.8466567993164
72.66867065429688
91.97476196289062
87.8844985961914
83.68172454833984
90.0278091430664
81.27960205078125
85.05509948730469
86.8887939453125
69.06275939941406
83.93204498291016
82.09228515625
66.33136749267578
80.83470153808594
75.18803405761719
75.27693176269531
76.41268157958984
67.8255386352539
76.92729187011719
73.14102935791016
74.26383209228516
80.52942657470703
74.4212646484375
79.96820068359375
83.66595458984375
62.91845703125
84.347412109375
80.64308166503906
78.9255599975586
84.46228790283203
75.43717193603516
81.34040069580078
83.62257385253906
67.58268737792969
82.26647186279297
81.57567596435547
70.91146087646484
82.48368835449219
76.11534881591797
78.63352966308594
79.23184967041016
57.05809783935547
76.42284393310547
71.08362579345703
70.74154663085938
73.1383285522461
68.83334350585938
73.27741241455078
75.29817199707031
67.08851623535156
77.70674133300781
78.20940399169922
68.22327423095703
82.99162292480469
80.20661926269531
81.59981536865234
86.39839172363281
72.11723327636719
87.0491714477539
83.70997619628906
81.11019897460938
87.26204681396484
76.72591400146484
85.30345916748047
86.5909423828125
71.36863708496094
86.66148376464844
85.19558715820312
78.01581573486328
87.89016723632812
83.66890716552734
83.60734558105469
89.52783966064453
79.20391082763672
89.41574096679688
90.40412139892578
83.52047729492188
92.7111587524414
85.97499084472656
90.45227813720703
91.56532287597656
79.55722045898438
91.80901336669922
86.69703674316406
86.46966552734375
90.54452514648438
74.51598358154297
88.99559020996094
88.50257110595703
76.8506851196289
89.5123062133789
85.41078186035156
83.80111694335938
88.982421875
80.9262466430664
86.3792953491211
88.18243408203125
76.22293090820312
88.03396606445312
86.86233520507812
79.34178161621094
88.84780883789062
84.61991882324219
84.00093078613281
89.30157470703125
78.40160369873047
87.84507751464844
89.37736511230469
74.33576965332031
91.03236389160156
88.19593811035156
88.4840087890625
93.10831451416016
85.88325500488281
92.8305435180664
88.43601989746094
87.77749633789062
89.93877410888672
75.98458862304688
87.73328399658203
84.08161163330078
78.55411529541016
84.47149658203125
75.00897979736328
79.37774658203125
80.68964385986328
71.31588745117188
77.52947235107422
77.39979553222656
69.41748809814453
75.59396362304688
73.96244049072266
68.06976318359375
72.13534545898438
71.14441680908203
67.68882751464844
66.51114654541016
69.3147964477539
68.0797119140625
65.18619537353516
69.18474578857422
71.60467529296875
66.34120178222656
73.83126068115234
74.67274475097656
67.23294067382812
77.23548889160156
76.67682647705078
71.04889678955078
79.96685791015625
75.5856704711914
78.2625961303711
82.05802154541016
67.27630615234375
82.6138687133789
83.25962829589844
73.98980712890625
86.2494125366211
80.41299438476562
84.69117736816406
87.10311889648438
70.68553161621094
87.1585464477539
84.5278091430664
81.09939575195312
88.18780517578125
77.98978424072266
86.33427429199219
86.72264862060547
68.94648742675781
87.4286880493164
82.98542785644531
81.15987396240234
86.62029266357422
74.35607147216797
83.76400756835938
83.81706237792969
69.4773941040039
83.40859985351562
80.82632446289062
74.82606506347656
82.8587875366211
76.9866943359375
77.15345764160156
83.39962768554688
72.18397521972656
83.3553466796875
82.7913818359375
77.0737075805664
85.39500427246094
77.30079650878906
82.81190490722656
84.83078002929688
65.34464263916016
85.2071304321289
82.70257568359375
78.35660552978516
86.1499252319336
76.59906768798828
83.63521575927734
85.48542022705078
63.029571533203125
85.42347717285156
82.10105895996094
77.35102081298828
85.44205474853516
77.34184265136719
81.60391235351562
84.91490173339844
55.32050704956055
85.12064361572266
83.4635238647461
77.50648498535156
86.82935333251953
78.54602813720703
84.66104888916016
87.01686096191406
56.344940185546875
87.7287368774414
85.61083221435547
80.77664184570312
89.2837905883789
82.31280517578125
86.04075622558594
89.79943084716797
72.27943420410156
89.74889373779297
89.24815368652344
81.4884262084961
92.14179992675781
85.45213317871094
89.74976348876953
91.20913696289062
79.52017974853516
90.44129180908203
83.62716674804688
83.9941635131836
86.80994415283203
75.48945617675781
83.45877075195312
84.40837097167969
72.6261978149414
84.42594146728516
84.43411254882812
74.88895416259766
88.06550598144531
82.60636901855469
85.97050476074219
90.33234405517578
69.28113555908203
91.33267211914062
90.38832092285156
84.01193237304688
94.15193176269531
87.76606750488281
92.44822692871094
95.37299346923828
78.46580505371094
96.18121337890625
92.81063079833984
90.61090850830078
96.3846435546875
84.64990997314453
94.15477752685547
94.89118957519531
77.42937469482422
95.34188842773438
92.22217559814453
88.25352478027344
95.39576721191406
87.5394058227539
91.69864654541016
94.4679183959961
77.94355010986328
93.52556610107422
92.52404022216797
82.33102416992188
94.15825653076172
88.48456573486328
89.1960220336914
93.5816879272461
79.4419174194336
92.09082794189453
91.81500244140625
84.0714340209961
93.34844207763672
86.7825927734375
90.54898834228516
91.283935546875
81.34941101074219
90.41422271728516
82.90826416015625
84.2470474243164
86.20257568359375
67.94466400146484
83.09443664550781
81.40869140625
74.9272232055664
80.11888122558594
79.04637145996094
69.4643325805664
79.99020385742188
77.82562255859375
70.95992279052734
80.07632446289062
72.18712615966797
76.73269653320312
77.97742462158203
72.0034408569336
78.1270980834961
72.13179779052734
74.86427307128906
73.49711608886719
66.73563385009766
76.44715881347656
71.95941925048828
72.3799057006836
77.83262634277344
65.0577621459961
77.8157958984375
76.41738891601562
70.70232391357422
77.04354095458984
66.18131256103516
72.84020233154297
71.15912628173828
71.74346160888672
69.00457763671875
72.14034271240234
74.4100570678711
71.48145294189453
74.6855239868164
71.92346954345703
70.3243179321289
65.84756469726562
74.28660583496094
72.3651351928711
68.99455261230469
78.05940246582031
72.21221160888672
75.71199798583984
81.15491485595703
71.97684478759766
80.24358367919922
82.41015625
69.63773345947266
83.62739562988281
82.05317687988281
76.42374420166016
85.58196258544922
80.19891357421875
81.67213439941406
86.6935806274414
72.62181091308594
86.25981903076172
86.13671875
76.15459442138672
88.44892120361328
