66.33808135986328
71.1773452758789
69.74153137207031
72.14208984375
72.19886016845703
72.71288299560547
74.3927230834961
76.00306701660156
76.84513854980469
77.7542724609375
78.7708511352539
79.14994812011719
80.27941131591797
79.07998657226562
77.72123718261719
75.56688690185547
73.45767211914062
69.56867980957031
69.10295104980469
66.94033813476562
61.68050765991211
58.29924774169922
40.92167282104492
59.4377555847168
52.98714065551758
62.24965286254883
64.07755279541016
67.03150939941406
68.1867446899414
72.98192596435547
73.14769744873047
76.59131622314453
75.00021362304688
76.37438201904297
73.75975799560547
72.85078430175781
68.92355346679688
69.89768981933594
63.49837112426758
67.54875183105469
67.1181640625
63.80546188354492
65.31002807617188
60.85053253173828
63.083984375
64.07522583007812
63.08794403076172
57.362632751464844
60.58588790893555
53.14430618286133
57.90187454223633
63.832664489746094
63.019065856933594
64.85313415527344
57.84001541137695
60.42927932739258
63.94316101074219
64.55078887939453
65.9031753540039
68.23700714111328
65.17572021484375
65.98698425292969
66.79926300048828
69.10411834716797
69.05255126953125
65.5735855102539
68.81731414794922
66.09996032714844
69.61898040771484
68.95555877685547
68.13446044921875
68.12093353271484
68.15006256103516
68.67413330078125
69.80799102783203
71.77674102783203
70.61034393310547
71.22225189208984
72.04440307617188
73.14842987060547
75.08834838867188
75.15072631835938
75.19928741455078
77.00252532958984
78.23375701904297
80.12496948242188
81.92350006103516
82.7639389038086
85.50877380371094
86.9658432006836
88.827880859375
88.36400604248047
88.37772369384766
87.01117706298828
86.2965087890625
85.6426010131836
84.68879699707031
84.63618469238281
83.7137451171875
84.10733795166016
83.37641143798828
84.14241790771484
83.56497192382812
84.3451919555664
83.97760009765625
85.26459503173828
84.8892822265625
86.0829849243164
86.25448608398438
87.46134948730469
87.251708984375
87.49444580078125
86.76920318603516
86.56488037109375
84.7582778930664
84.62799835205078
82.94386291503906
82.07168579101562
80.6476821899414
80.197265625
79.8155746459961
79.42672729492188
78.3462142944336
78.49232482910156
77.79067993164062
77.47586822509766
77.27488708496094
76.89944458007812
76.50743865966797
76.73583984375
75.3631820678711
76.29705047607422
77.856201171875
79.12088012695312
79.87378692626953
81.58849334716797
82.45903015136719
83.12287139892578
83.71619415283203
84.41157531738281
85.68557739257812
85.97350311279297
86.73445129394531
87.73163604736328
87.85633850097656
88.02999114990234
86.29669189453125
85.43191528320312
81.53353118896484
81.46238708496094
79.4250259399414
81.9798583984375
84.84333038330078
87.33242797851562
89.12887573242188
90.15672302246094
90.93205261230469
90.80929565429688
90.62448120117188
89.97539520263672
89.72109985351562
89.15125274658203
88.71434020996094
88.37887573242188
88.3239974975586
87.9247817993164
87.93889617919922
87.67950439453125
87.8741683959961
87.55450439453125
87.64973449707031
87.82180786132812
87.76183319091797
87.72760009765625
87.98603057861328
88.063232421875
88.194580078125
88.5903091430664
88.60944366455078
88.74063110351562
89.0448226928711
89.22736358642578
89.39686584472656
89.51079559326172
88.96424865722656
88.28453063964844
87.77494049072266
87.20636749267578
86.64788055419922
86.87782287597656
86.7632827758789
87.3277587890625
87.74898529052734
87.9894790649414
88.48860931396484
89.11183166503906
89.29306030273438
89.82991027832031
89.97415161132812
90.28074645996094
90.19849395751953
89.92478942871094
89.45979309082031
88.98831176757812
88.12420654296875
87.41878509521484
86.15690612792969
85.18378448486328
84.30830383300781
83.56513977050781
82.65084838867188
81.8901138305664
81.24407196044922
80.53691101074219
80.51337432861328
79.38800811767578
78.60450744628906
78.33560180664062
77.64750671386719
77.2125015258789
76.3948974609375
75.80194854736328
76.07707214355469
74.66212463378906
74.94964599609375
74.53898620605469
73.45124816894531
73.7329330444336
71.83137512207031
72.26289367675781
71.00192260742188
73.05192565917969
71.64492797851562
72.10816955566406
70.88203430175781
69.9224624633789
69.634765625
70.33890533447266
68.99793243408203
68.61707305908203
69.86798858642578
68.59810638427734
70.1831283569336
67.28572082519531
69.33103942871094
67.74469757080078
69.21663665771484
69.28270721435547
70.01145935058594
71.6796875
71.49390411376953
69.04927825927734
71.02674865722656
69.42411804199219
69.62425231933594
67.77449798583984
67.32615661621094
69.27058410644531
68.02286529541016
70.53416442871094
63.05120849609375
68.15013885498047
64.24908447265625
67.17247772216797
61.2432975769043
68.56881713867188
65.28853607177734
65.77889251708984
65.56774139404297
65.06249237060547
65.81478118896484
62.988853454589844
59.183624267578125
68.17713165283203
65.22470092773438
70.93939208984375
72.18634033203125
76.27561950683594
76.51741790771484
78.20820617675781
77.46818542480469
77.82276153564453
77.10845184326172
77.16488647460938
76.17251586914062
77.29891204833984
77.45805358886719
77.75817108154297
77.95742797851562
78.72187805175781
79.38704681396484
79.8913803100586
79.85469055175781
81.45612335205078
81.831787109375
82.75399017333984
83.85554504394531
84.89291381835938
85.53929138183594
86.9944076538086
87.72264099121094
88.68087005615234
88.47881317138672
88.65284729003906
88.0619888305664
87.47972869873047
86.4576187133789
85.49610137939453
84.8326416015625
84.15233612060547
83.4318618774414
82.515625
82.4174575805664
81.46138000488281
81.36836242675781
80.86766052246094
80.8147964477539
79.87481689453125
80.18550872802734
78.90959930419922
79.58094787597656
79.16631317138672
79.7854995727539
78.71007537841797
79.26294708251953
78.9625473022461
79.5857162475586
79.55818176269531
79.17383575439453
79.67291259765625
79.57192993164062
79.964111328125
80.63412475585938
81.12969970703125
81.27363586425781
82.65275573730469
82.6604232788086
84.48937225341797
84.76937866210938
85.90857696533203
86.34820556640625
86.44709014892578
85.70476531982422
84.43233489990234
82.64647674560547
80.88572692871094
78.95732116699219
77.32209777832031
75.80097198486328
73.83216857910156
73.23284912109375
72.89717864990234
71.52327728271484
70.1301040649414
69.6558837890625
69.31232452392578
68.07453155517578
67.89746856689453
69.31349182128906
69.4101791381836
68.84598541259766
69.46508026123047
70.4586410522461
70.68606567382812
70.95757293701172
74.21122741699219
72.97473907470703
75.94127655029297
76.47891998291016
78.54928588867188
79.3994369506836
80.67200469970703
81.94820404052734
82.26864624023438
81.68846893310547
81.9179916381836
80.6737060546875
78.65457916259766
76.55136108398438
74.5923080444336
72.24906921386719
71.11074829101562
72.07889556884766
71.97073364257812
72.12843322753906
73.95172119140625
75.75819396972656
78.33964538574219
79.67750549316406
81.73421478271484
82.04864501953125
82.9027099609375
82.77220916748047
81.97667694091797
81.42338562011719
81.13752746582031
80.29747009277344
79.86090850830078
79.48222351074219
79.46812438964844
77.50305938720703
77.8781967163086
77.55738067626953
77.35269165039062
76.42145538330078
76.04073333740234
74.81442260742188
75.16845703125
75.67530822753906
75.8950424194336
77.0647964477539
78.12858581542969
79.34186553955078
78.0730209350586
79.09114074707031
78.72694396972656
77.9813461303711
78.07553100585938
77.65853118896484
77.91828918457031
77.69263458251953
77.48685455322266
77.08765411376953
76.619384765625
77.16366577148438
77.83289337158203
77.489990234375
77.19940185546875
77.41866302490234
78.10652160644531
78.70500183105469
78.45719146728516
78.7552490234375
78.4887924194336
78.92878723144531
79.07340240478516
78.3748779296875
78.94530487060547
79.37824249267578
79.09420013427734
79.33325958251953
79.45497131347656
79.71049499511719
80.22846221923828
79.92548370361328
80.74449920654297
80.94547271728516
81.84574890136719
81.98896789550781
82.87443542480469
83.45771026611328
84.29489135742188
84.4799575805664
83.95507049560547
83.19973754882812
80.66558837890625
79.3735580444336
75.4844970703125
74.74584197998047
73.69123840332031
74.19210052490234
74.74320983886719
75.14649200439453
76.16075897216797
76.7629623413086
78.89968872070312
79.2073974609375
79.81617736816406
80.19711303710938
80.87620544433594
81.79532623291016
82.48251342773438
83.20548248291016
83.73938751220703
84.39448547363281
85.46198272705078
86.21864318847656
86.84771728515625
87.37882995605469
87.33550262451172
87.32713317871094
86.98212432861328
86.17156982421875
85.18022918701172
84.21001434326172
82.91091918945312
82.08843231201172
81.30435180664062
80.89411163330078
79.9872055053711
81.28237915039062
81.79403686523438
83.62391662597656
85.0974349975586
86.53719329833984
87.8416519165039
88.31045532226562
88.79273986816406
88.56062316894531
88.35037994384766
87.57288360595703
87.60479736328125
86.75859069824219
86.55882263183594
85.97451782226562
85.79349517822266
85.10869598388672
84.90315246582031
84.2972412109375
83.0067138671875
82.52460479736328
81.62081146240234
82.10191345214844
82.39299774169922
82.33195495605469
83.11113739013672
83.44986724853516
83.65714263916016
84.35826110839844
84.3076400756836
84.87088775634766
84.72620391845703
84.39617156982422
84.2740478515625
83.7416000366211
82.66649627685547
80.92900085449219
79.19733428955078
77.35639190673828
75.47874450683594
73.82649993896484
72.07646179199219
72.41275024414062
72.37258911132812
73.34712219238281
73.88291931152344
73.9631118774414
75.21775817871094
75.99795532226562
77.71756744384766
77.69389343261719
78.65601348876953
78.94115447998047
79.06739807128906
77.40086364746094
75.34877014160156
73.18396759033203
69.27579498291016
63.801082611083984
59.554832458496094
65.50159454345703
72.5166244506836
73.00657653808594
74.98291015625
75.81917572021484
76.16655731201172
77.35086822509766
77.77478790283203
77.00192260742188
76.58551025390625
75.2681884765625
74.13191986083984
73.37840270996094
72.30413818359375
72.70519256591797
73.82211303710938
74.96331024169922
74.92285919189453
75.27375030517578
76.3212890625
75.23625183105469
74.7451171875
74.85472869873047
74.94231414794922
74.20437622070312
73.866943359375
