69.96089935302734
68.61512756347656
70.24702453613281
71.95330047607422
71.09648895263672
73.81377410888672
73.20394897460938
75.66255950927734
74.5824966430664
76.86270141601562
74.99742889404297
75.63811492919922
71.63491821289062
71.72969818115234
67.25355529785156
67.05825805664062
66.15455627441406
59.691349029541016
64.06571960449219
50.76909255981445
62.1068115234375
52.94590377807617
62.10733413696289
60.211788177490234
62.54460525512695
59.13512420654297
67.68224334716797
66.4913558959961
70.62206268310547
70.82445526123047
71.92130279541016
71.7894287109375
70.55937957763672
68.14840698242188
66.88336944580078
67.3563461303711
60.946929931640625
67.91057586669922
58.871707916259766
63.22031784057617
62.16389846801758
57.86655807495117
61.69011306762695
55.910186767578125
63.11781311035156
61.22612380981445
59.62057113647461
64.34624481201172
53.479373931884766
64.27679443359375
54.79170227050781
63.14487075805664
64.00763702392578
62.2720832824707
64.4191665649414
61.74257278442383
65.83399200439453
62.41889953613281
65.86345672607422
65.22431945800781
64.73164367675781
67.92085266113281
63.90499496459961
68.7426986694336
65.83900451660156
67.086669921875
67.9154052734375
65.31229400634766
70.17073059082031
66.58834075927734
69.66304779052734
66.36378479003906
69.00186920166016
69.57069396972656
68.26676177978516
71.25397491455078
68.30722045898438
72.19884490966797
70.93704223632812
72.378173828125
73.28142547607422
72.93258666992188
75.94723510742188
74.71070861816406
77.063720703125
77.9174575805664
80.28156280517578
81.75099182128906
83.9366683959961
85.09040069580078
85.40692138671875
85.6063461303711
83.94020080566406
84.24798583984375
82.23138427734375
82.48561096191406
81.32593536376953
81.2002944946289
81.43315887451172
80.4546127319336
81.24576568603516
80.22096252441406
81.72112274169922
80.67491912841797
81.93243408203125
82.0208511352539
82.5159683227539
83.43196868896484
83.5197525024414
84.61119842529297
84.11901092529297
84.82669067382812
83.46412658691406
83.603759765625
81.26304626464844
81.05738067626953
79.34491729736328
78.9062271118164
77.9373779296875
76.429931640625
76.87688446044922
75.73326873779297
76.660400390625
74.49938201904297
76.76788330078125
75.59701538085938
77.0722885131836
76.30001068115234
77.81477355957031
78.00469970703125
78.15255737304688
78.52738189697266
77.84584045410156
77.12601470947266
73.98595428466797
72.41935729980469
67.81428527832031
67.16935729980469
51.540767669677734
55.29572296142578
57.7645263671875
56.1048698425293
65.013671875
58.65915298461914
63.88527297973633
59.811641693115234
62.70887756347656
53.910491943359375
67.41531372070312
63.83928680419922
70.71734619140625
71.14387512207031
73.96794128417969
75.01376342773438
77.11043548583984
78.62979888916016
79.6916275024414
81.63959503173828
83.36744689941406
85.22029876708984
86.42658996582031
87.66576385498047
87.41011047363281
87.60401916503906
86.30088806152344
86.0548095703125
85.00131225585938
84.54974365234375
84.25127410888672
83.37264251708984
83.85201263427734
82.9058837890625
83.4937744140625
82.753662109375
82.8632583618164
83.02306365966797
82.67369842529297
83.25228881835938
82.67866516113281
83.6838607788086
83.22843170166016
83.85926055908203
83.60626220703125
83.8976058959961
84.27294921875
83.82363891601562
84.28321838378906
83.41931915283203
83.29066467285156
81.80855560302734
81.3325424194336
80.17120361328125
78.87106323242188
78.98677062988281
77.79973602294922
78.7749252319336
78.21049499511719
78.53153228759766
78.80702209472656
78.72610473632812
80.2430419921875
79.51581573486328
80.70658111572266
80.34314727783203
81.62335968017578
81.54566192626953
82.01799774169922
82.69134521484375
82.37556457519531
83.01069641113281
82.25777435302734
82.62213897705078
81.63298797607422
81.74761962890625
80.8185043334961
80.10360717773438
79.90203857421875
78.55022430419922
78.6645278930664
77.75501251220703
77.9064712524414
76.57306671142578
76.43620300292969
75.64974975585938
75.81647491455078
75.48516082763672
73.5636978149414
74.5819091796875
70.92228698730469
72.21011352539062
68.13155364990234
68.12430572509766
64.26342010498047
62.1359977722168
58.56843948364258
56.4625358581543
57.62430191040039
45.869415283203125
58.81892013549805
59.049320220947266
59.87620544433594
51.95726776123047
59.90413284301758
42.16020584106445
64.23094940185547
53.0836296081543
63.93930435180664
64.26864624023438
65.94730377197266
67.18992614746094
63.104942321777344
64.06969451904297
58.98433303833008
65.0352783203125
57.530330657958984
63.838356018066406
59.83726119995117
58.97771453857422
62.1152229309082
53.50229263305664
62.67953872680664
52.79096603393555
60.534000396728516
50.85260009765625
59.281429290771484
57.95161819458008
47.74229049682617
51.521766662597656
55.799129486083984
54.65785217285156
54.946163177490234
53.317317962646484
60.87712478637695
65.0180435180664
62.61546325683594
68.69142150878906
69.23631286621094
71.73175811767578
70.57616424560547
73.42913055419922
71.9099349975586
73.63682556152344
72.83068084716797
73.56816864013672
73.53738403320312
72.98768615722656
74.08110809326172
73.22985076904297
74.06851196289062
71.41769409179688
73.73682403564453
72.53075408935547
72.73564147949219
71.57949829101562
70.66514587402344
70.7800064086914
66.58106231689453
70.451904296875
69.90787506103516
72.48815155029297
72.4096450805664
73.80291748046875
75.46540069580078
74.67164611816406
77.41656494140625
77.63655090332031
78.90061950683594
78.92737579345703
79.92137908935547
79.76593780517578
79.87079620361328
79.78247833251953
78.94549560546875
79.25444030761719
77.71135711669922
78.26913452148438
76.38533782958984
76.96326446533203
75.79638671875
76.38467407226562
75.92518615722656
75.09520721435547
76.11182403564453
74.65765380859375
75.70545959472656
73.93700408935547
75.60713195800781
75.4031753540039
74.80393981933594
75.36288452148438
75.03761291503906
76.25727844238281
76.19692993164062
77.37239074707031
77.68700408935547
78.40206909179688
79.69456481933594
79.90863800048828
81.11357879638672
81.43822479248047
82.06087493896484
80.9492416381836
80.77198028564453
78.53865051269531
77.87812805175781
75.86256408691406
73.6622085571289
74.13507080078125
71.18746948242188
71.26758575439453
68.8393325805664
68.73358154296875
66.72517395019531
65.40371704101562
66.46175384521484
60.97852325439453
66.75947570800781
65.04257202148438
65.17845916748047
65.20769500732422
62.54198455810547
67.65313720703125
65.37630462646484
67.85624694824219
68.71839141845703
67.72696685791016
71.48302459716797
68.10957336425781
71.0790023803711
68.96070861816406
70.96206665039062
70.55667114257812
71.5078353881836
72.77498626708984
71.3349838256836
73.73721313476562
72.00135803222656
73.09038543701172
70.99938201904297
69.91657257080078
65.78895568847656
62.05158233642578
63.20504379272461
62.53514099121094
66.2027816772461
69.278564453125
69.68106079101562
73.45195770263672
72.83843994140625
76.17102813720703
75.974609375
77.0689926147461
75.88160705566406
76.6413345336914
76.02954864501953
74.24948120117188
75.02538299560547
72.88967895507812
74.13611602783203
71.81510162353516
71.19140625
71.91427612304688
69.9765625
71.40693664550781
70.43326568603516
72.83661651611328
73.39957427978516
74.61446380615234
75.0755615234375
74.46162414550781
75.47586059570312
74.03741455078125
75.05535125732422
73.01277923583984
74.90913391113281
72.67115783691406
73.32194519042969
73.88324737548828
72.38789367675781
73.6644058227539
72.34640502929688
72.80352020263672
72.78263854980469
72.4593505859375
73.20020294189453
71.65998077392578
73.2040786743164
71.15731048583984
72.03507995605469
71.65596771240234
72.40260314941406
73.24119567871094
71.97262573242188
73.38555908203125
72.25067138671875
73.66291046142578
72.54641723632812
73.29947662353516
74.1330795288086
73.01392364501953
74.58861541748047
73.66485595703125
75.18779754638672
75.01126098632812
75.8151626586914
76.24530029296875
75.87983703613281
78.01368713378906
78.2984848022461
79.27487182617188
79.59969329833984
79.69760131835938
79.39493560791016
78.169921875
76.64017486572266
73.61517333984375
72.94490051269531
68.65299987792969
68.17906951904297
67.7740707397461
66.7302017211914
70.23182678222656
69.39569091796875
71.49138641357422
71.66230773925781
72.80996704101562
73.08678436279297
73.38899993896484
75.96757507324219
75.5654525756836
77.04889678955078
77.13953399658203
77.93722534179688
78.82243347167969
79.33890533447266
81.02334594726562
80.85720825195312
82.21607971191406
82.29907989501953
83.40321350097656
83.69461822509766
84.00765991210938
83.89683532714844
83.48734283447266
83.2625503540039
82.08524322509766
81.76962280273438
80.52877044677734
79.99386596679688
79.22223663330078
78.9652099609375
79.52490234375
79.71163177490234
80.90841674804688
81.83381652832031
83.0248794555664
84.07233428955078
84.70298767089844
85.13076782226562
85.02002716064453
85.01765441894531
84.50562286376953
84.5201187133789
83.97189331054688
84.01396942138672
83.83549499511719
83.576416015625
83.19013214111328
81.98377227783203
80.9234848022461
78.09461975097656
76.8199234008789
74.65045928955078
74.63832092285156
75.921142578125
75.33897399902344
76.78370666503906
76.79913330078125
77.88107299804688
77.90648651123047
78.52655029296875
79.2096939086914
78.64497375488281
78.58550262451172
77.18207550048828
76.17039489746094
74.11322784423828
75.00935363769531
73.52128601074219
72.98571014404297
72.64654541015625
69.85298919677734
70.69767761230469
65.79885864257812
69.13642883300781
68.1944808959961
68.19998168945312
70.28170013427734
68.89649200439453
72.48916625976562
71.2843017578125
71.77688598632812
70.97775268554688
70.4933090209961
68.4984359741211
64.11713409423828
63.2438850402832
58.415283203125
57.76760482788086
67.20509338378906
66.16742706298828
70.54434204101562
69.52388000488281
71.89216613769531
71.82427215576172
71.94147491455078
73.43338012695312
72.12950897216797
72.87153625488281
70.37649536132812
71.51815795898438
68.1294174194336
68.0380859375
68.22484588623047
68.23147583007812
69.45792388916016
66.94371032714844
69.34445190429688
69.66533660888672
69.46434783935547
69.90636444091797
70.91480255126953
71.59004211425781
70.07749938964844
71.68533325195312
70.10340881347656
