68.61809539794922
65.8916015625
67.46834564208984
69.74610900878906
65.6949691772461
73.68731689453125
66.89543914794922
74.80426025390625
74.26422119140625
74.23030090332031
77.47881317138672
70.24658966064453
75.95492553710938
69.625244140625
71.38123321533203
69.52186584472656
62.522727966308594
67.23413848876953
55.205108642578125
63.549015045166016
63.51411056518555
58.81630325317383
56.143123626708984
65.98989868164062
55.73212432861328
65.8790283203125
70.09212493896484
61.54728698730469
73.70343017578125
70.2608871459961
70.92637634277344
73.91732788085938
36.83243942260742
72.55004119873047
65.3467025756836
66.80462646484375
68.42574310302734
60.91341018676758
67.52442169189453
61.50552749633789
66.35305786132812
63.82101821899414
63.735111236572266
66.13131713867188
61.498008728027344
66.82003021240234
58.51325607299805
66.33935546875
64.57987976074219
62.776336669921875
66.623046875
57.68124008178711
68.80244445800781
61.2195930480957
63.547767639160156
65.31661224365234
58.23419952392578
69.37449645996094
60.639827728271484
66.28721618652344
68.62533569335938
61.16886901855469
69.34381866455078
54.07569122314453
68.64791870117188
64.75596618652344
63.87846374511719
69.650146484375
52.197601318359375
70.23558044433594
65.50603485107422
67.35346984863281
70.24211883544922
59.034339904785156
70.40988159179688
67.15232849121094
69.66017150878906
71.69123840332031
64.42662048339844
73.08968353271484
72.41357421875
72.54139709472656
76.48468780517578
73.3771743774414
79.50323486328125
80.91532135009766
78.95909881591797
86.12935638427734
77.79096984863281
85.32292938232422
83.05540466308594
78.49932861328125
83.70223236083984
68.16053009033203
81.79717254638672
77.85317993164062
76.66896057128906
80.73211669921875
58.40639877319336
80.23471069335938
74.08628845214844
76.9655532836914
79.49829864501953
65.97260284423828
80.34711456298828
71.7151107788086
78.35492706298828
79.42166900634766
70.91088104248047
81.4114761352539
71.19745635986328
80.94735717773438
80.74799346923828
74.10309600830078
84.09683990478516
74.10442352294922
82.9853515625
83.40771484375
71.04627990722656
82.56170654296875
77.2622299194336
72.3715591430664
78.35372924804688
72.78675842285156
71.12625122070312
76.78007507324219
69.49992370605469
73.39335632324219
77.79682922363281
60.98386764526367
78.2019271850586
77.25665283203125
71.21442413330078
80.39195251464844
71.90447998046875
79.33377075195312
80.94937896728516
71.37979888916016
83.30742645263672
77.1787109375
81.16934967041016
84.00398254394531
71.12588500976562
84.94133758544922
82.45332336425781
79.15596008300781
84.68183898925781
78.2148208618164
80.6325454711914
84.39715576171875
75.0492935180664
85.18729400634766
84.01275634765625
79.95582580566406
86.7615966796875
82.6025390625
85.12074279785156
88.78981018066406
81.39149475097656
90.86209106445312
89.25875854492188
89.68819427490234
94.28936004638672
86.72076416015625
94.90483856201172
91.27910614013672
90.86315155029297
92.9605941772461
85.25331115722656
91.5963363647461
87.72409057617188
88.10289001464844
89.46827697753906
84.80728149414062
89.05435943603516
86.15101623535156
87.10066986083984
87.96955108642578
85.52046966552734
87.9875717163086
86.53339385986328
87.05130767822266
87.83875274658203
86.75665283203125
86.45765686035156
87.3174057006836
83.47876739501953
86.67681884765625
83.1177749633789
84.42633056640625
84.88822174072266
81.242431640625
85.91300201416016
80.66617584228516
85.61781311035156
84.76016235351562
82.88438415527344
87.2218017578125
82.49055480957031
87.41584777832031
86.06218719482422
85.14129638671875
88.71540832519531
83.48619079589844
88.77867126464844
87.17662048339844
85.41573333740234
88.75601959228516
82.14431762695312
87.36698913574219
84.61780548095703
82.37034606933594
85.63060760498047
77.33967590332031
83.40758514404297
80.11685943603516
78.7010269165039
81.47567749023438
70.59394836425781
80.29596710205078
75.966796875
75.03685760498047
78.30913543701172
61.7608642578125
77.06269073486328
70.87796020507812
74.03297424316406
74.23409271240234
64.51934814453125
75.45783233642578
64.34691619873047
72.9864730834961
71.81832885742188
66.72798919677734
73.79817199707031
57.2655143737793
72.60714721679688
69.23446655273438
66.46395874023438
71.6776351928711
46.14121627807617
71.25481414794922
66.6401596069336
68.6972885131836
69.8571548461914
60.88277053833008
70.92286682128906
59.36732482910156
69.66127014160156
69.1161880493164
62.92909240722656
70.6343002319336
57.063865661621094
69.1272964477539
68.73155975341797
64.06708526611328
69.07022857666016
58.552490234375
69.5408935546875
66.61078643798828
65.25005340576172
68.50798034667969
62.279754638671875
68.88117980957031
65.31473541259766
67.44544219970703
66.87017822265625
65.56338500976562
67.86174011230469
66.03242492675781
67.83197784423828
60.37272262573242
73.30215454101562
62.493377685546875
73.83822631835938
73.6811752319336
74.60665130615234
77.271728515625
75.8696517944336
77.11909484863281
74.91201782226562
77.41291809082031
73.5259017944336
77.10874938964844
74.26128387451172
75.37840270996094
77.52488708496094
71.83525848388672
78.83680725097656
74.7236557006836
77.80846405029297
78.8804702758789
74.93938446044922
81.07843780517578
75.82257080078125
80.73905944824219
81.87934112548828
77.78697967529297
84.91820526123047
78.95277404785156
84.84782409667969
85.19548034667969
81.42952728271484
86.91329193115234
80.11409759521484
84.55545806884766
83.22025299072266
79.03767395019531
83.27490997314453
75.80361938476562
80.55833435058594
79.24790954589844
75.75515747070312
79.7459945678711
73.64550018310547
77.36542510986328
76.29825592041016
73.59581756591797
77.17618560791016
72.79985809326172
75.74238586425781
74.58113098144531
72.55220794677734
76.27550506591797
72.58580780029297
74.58158874511719
74.89356231689453
72.24443054199219
75.62171936035156
72.57952117919922
74.51554107666016
75.86134338378906
72.37259674072266
77.1128158569336
73.38327026367188
76.54409790039062
77.81387329101562
73.44770812988281
80.48675537109375
76.33792877197266
80.26151275634766
82.2577896118164
77.8512954711914
85.26358795166016
78.743896484375
84.02877044677734
82.5042495727539
76.29654693603516
81.70594024658203
70.3715591430664
78.05828857421875
74.57505798339844
71.17994689941406
75.64936065673828
58.983642578125
73.63166809082031
65.21444702148438
69.62091064453125
69.44290161132812
60.14093780517578
69.75138092041016
57.43821716308594
68.45632934570312
65.84939575195312
65.95870971679688
69.79885864257812
58.856441497802734
70.2393569946289
63.894039154052734
70.16398620605469
71.15354919433594
64.53179931640625
72.44473266601562
65.12464141845703
70.85578155517578
69.42330932617188
65.84226989746094
71.17908477783203
59.226356506347656
71.10342407226562
62.85995864868164
72.86726379394531
69.36100006103516
73.580810546875
73.7364273071289
75.10568237304688
73.49369812011719
72.28125
70.9867935180664
68.55651092529297
71.57853698730469
64.43787384033203
73.80756378173828
63.38373947143555
76.68463897705078
71.934814453125
77.7346420288086
78.65095520019531
75.32695007324219
79.93254089355469
73.5863265991211
78.7653579711914
76.30986785888672
74.56807708740234
77.5533218383789
70.78204345703125
76.43592071533203
72.3414535522461
73.93312072753906
74.3203125
68.84950256347656
75.7439193725586
68.55998992919922
76.30870819091797
73.36714935302734
75.2831802368164
76.08799743652344
74.0229721069336
75.98247528076172
74.07789611816406
74.40552520751953
75.71055603027344
72.75540161132812
74.73223876953125
73.77542877197266
73.93180084228516
75.08613586425781
72.36347198486328
75.09156036376953
73.2478256225586
74.48704528808594
75.73466491699219
73.13885498046875
75.71239471435547
73.64036560058594
75.464599609375
75.78693389892578
73.94447326660156
77.02784729003906
74.53960418701172
76.05595397949219
76.47481536865234
75.11522674560547
77.90899658203125
74.666015625
76.10136413574219
76.05553436279297
73.07765197753906
77.9455337524414
71.27256774902344
79.15249633789062
76.27143096923828
78.48870849609375
81.52034759521484
75.48393249511719
83.3368911743164
77.2268295288086
80.9617691040039
79.42200469970703
73.43917083740234
77.35859680175781
63.62120819091797
73.72147369384766
68.73452758789062
69.79409790039062
71.01156616210938
66.15211486816406
73.7649917602539
69.09329986572266
74.15898132324219
74.17494201660156
72.6188735961914
76.92692565917969
72.2116470336914
77.88887786865234
77.5454330444336
77.25077819824219
81.15635681152344
76.83895874023438
82.29228210449219
80.42276763916016
80.90022277832031
82.35380554199219
78.1611557006836
81.56849670410156
77.69583892822266
78.5453109741211
77.709228515625
74.84266662597656
76.19397735595703
73.35667419433594
73.48246002197266
71.4830551147461
70.84500885009766
68.86811828613281
69.59065246582031
65.8908462524414
69.08368682861328
64.67981719970703
69.84625244140625
68.53898620605469
70.15056610107422
73.22195434570312
67.7292251586914
77.43086242675781
71.61276245117188
79.67928314208984
79.09687042236328
79.60000610351562
84.75428009033203
79.2087173461914
86.87452697753906
84.33011627197266
85.68194580078125
87.62020874023438
83.03441619873047
87.60884857177734
84.10275268554688
85.10861206054688
85.66404724121094
82.32149505615234
85.58368682861328
82.6684341430664
83.4359359741211
84.22969055175781
81.16956329345703
83.9166488647461
82.80730438232422
80.46685028076172
84.11686706542969
75.76129913330078
81.46287536621094
78.42757415771484
77.37311553955078
77.27889251708984
76.50695037841797
80.77808380126953
66.71031188964844
82.24248504638672
75.62974548339844
80.48356628417969
82.0842514038086
74.72924041748047
83.595703125
76.62427520751953
80.59722137451172
79.7658462524414
71.78369140625
77.9837875366211
65.976318359375
75.1332015991211
72.24855041503906
69.86707305908203
74.5310287475586
62.28339385986328
74.4565658569336
66.96115112304688
73.54855346679688
73.07003784179688
71.42327880859375
75.25971984863281
72.65724182128906
74.05089569091797
74.42059326171875
70.77967834472656
72.04137420654297
71.5014877319336
68.14839935302734
73.05931854248047
64.2770767211914
73.71199798583984
68.10313415527344
70.74549865722656
72.17853546142578
63.44150161743164
72.52973175048828
