64.36036682128906
62.06868362426758
65.60505676269531
62.16899108886719
65.40227508544922
66.65192413330078
69.01905822753906
67.97734069824219
71.98052215576172
72.55432891845703
73.3406753540039
74.04595184326172
75.80599212646484
76.2097396850586
75.10160064697266
72.91090393066406
70.125244140625
68.6213607788086
61.84258270263672
65.58531951904297
55.64082717895508
61.73652267456055
44.2015266418457
65.40193176269531
56.863643646240234
61.678871154785156
62.7193489074707
65.48423767089844
64.93482971191406
69.21406555175781
69.77273559570312
72.8104476928711
70.88163757324219
70.57353973388672
68.05117797851562
65.90341186523438
61.62242126464844
63.050350189208984
62.28242111206055
56.48158264160156
58.46010208129883
51.76323699951172
57.09714889526367
47.72782897949219
57.095340728759766
57.68741226196289
58.19635772705078
61.742733001708984
58.849273681640625
61.238136291503906
55.43778610229492
65.55887603759766
61.11091995239258
63.91434860229492
62.89947509765625
64.84454345703125
61.08464431762695
64.66712951660156
64.9498062133789
66.22066497802734
63.12166213989258
64.2834243774414
63.70390319824219
66.67472839355469
64.7910385131836
64.56505584716797
68.1104965209961
65.75938415527344
66.72665405273438
68.94052124023438
65.59977722167969
68.28890991210938
64.95076751708984
68.81063842773438
67.00296020507812
70.96031188964844
69.12579345703125
70.97735595703125
69.40673828125
70.20560455322266
70.52448272705078
71.66644287109375
71.35454559326172
72.55227661132812
72.66845703125
72.53282928466797
73.44688415527344
74.89091491699219
76.38317108154297
77.23854064941406
78.636962890625
78.96964263916016
79.57611083984375
78.87429809570312
78.74990844726562
77.7194595336914
77.8961181640625
77.04425048828125
76.6189956665039
74.78437042236328
74.1234359741211
71.37760925292969
67.0739974975586
63.07169723510742
61.06039047241211
59.47093963623047
51.97257614135742
62.18510818481445
64.05906677246094
64.99668884277344
66.52397155761719
66.81427764892578
67.7989730834961
68.76598358154297
70.0492935180664
70.23918151855469
70.36431121826172
71.48322296142578
72.59391021728516
72.62794494628906
73.026123046875
74.27566528320312
72.86144256591797
73.87893676757812
74.11426544189453
74.84194946289062
75.4130859375
75.54827880859375
75.38679504394531
76.15849304199219
76.12850189208984
76.27106475830078
76.26795196533203
76.35391235351562
75.38807678222656
75.47624969482422
75.19287872314453
77.07769012451172
77.78816986083984
79.81269073486328
80.86551666259766
81.99333190917969
81.60897827148438
81.9822006225586
80.76683044433594
79.73112487792969
77.05091857910156
73.91187286376953
74.35479736328125
71.34070587158203
74.4651107788086
69.35562133789062
73.93733978271484
71.28790283203125
74.32954406738281
70.53794860839844
73.19546508789062
70.76583099365234
73.47212219238281
71.20575714111328
73.30452728271484
71.98456573486328
73.9527359008789
72.23831939697266
74.28569793701172
71.9299087524414
74.36690521240234
72.93524169921875
74.78455352783203
73.57722473144531
74.07088470458984
73.5923843383789
75.3657455444336
73.95046997070312
74.2032470703125
74.47746276855469
74.80398559570312
74.18563079833984
74.78838348388672
75.13896179199219
75.86166381835938
77.54015350341797
78.85234069824219
80.40654754638672
80.59150695800781
81.24838256835938
81.131591796875
81.55657196044922
81.7130355834961
81.73394775390625
81.71862030029297
82.3370590209961
82.01716613769531
82.66219329833984
82.58497619628906
83.06953430175781
83.48098754882812
83.5538330078125
84.00373077392578
84.56536102294922
84.84457397460938
85.55400085449219
85.6456069946289
86.44225311279297
86.6493911743164
87.53742980957031
87.57575988769531
88.15828704833984
87.43034362792969
87.20138549804688
86.09990692138672
85.17420959472656
83.87184143066406
82.6844253540039
81.4564208984375
80.40849304199219
79.18946075439453
78.44136047363281
77.80088806152344
76.45026397705078
75.97174835205078
75.01910400390625
73.8908462524414
73.95465087890625
72.83485412597656
72.67140197753906
71.91446685791016
71.05594635009766
71.17740631103516
71.20899963378906
71.02978515625
70.98763275146484
70.1300277709961
69.38031768798828
70.4290542602539
70.0759048461914
69.4432144165039
69.29957580566406
69.4561996459961
68.70087432861328
69.18765258789062
69.60578918457031
69.44450378417969
68.88723754882812
68.81768035888672
70.22239685058594
69.871337890625
69.2392807006836
67.9928970336914
69.1547622680664
68.80895233154297
69.044189453125
69.47888946533203
69.56270599365234
68.93843078613281
69.70095825195312
67.78549194335938
69.49156188964844
67.55055236816406
69.65892791748047
69.32308197021484
69.23229217529297
66.28521728515625
63.876625061035156
62.20136260986328
62.016448974609375
61.11383056640625
63.46767044067383
59.132720947265625
62.80155563354492
61.53959655761719
61.779197692871094
63.626487731933594
67.40443420410156
68.35907745361328
69.17243957519531
71.07218170166016
74.8545913696289
75.13627624511719
78.02418518066406
77.42877960205078
78.70492553710938
76.27330780029297
77.02589416503906
76.09707641601562
76.52400970458984
75.74327087402344
76.71521759033203
76.23031616210938
77.35733032226562
76.5876235961914
78.02008819580078
78.70882415771484
79.54481506347656
80.33837127685547
81.3803939819336
81.9819564819336
83.21174621582031
84.50664520263672
85.42594909667969
85.9076156616211
85.78546142578125
85.53009796142578
84.53838348388672
83.70767211914062
82.81056213378906
81.87899780273438
81.0527572631836
80.2193832397461
79.58123779296875
79.2485580444336
78.31756591796875
78.14717102050781
77.28436279296875
76.73311614990234
75.80797576904297
76.7151870727539
76.42378234863281
76.12226104736328
75.48706817626953
75.78263092041016
76.01878356933594
75.92261505126953
75.7959213256836
75.85663604736328
75.98312377929688
76.3913345336914
76.12483978271484
76.79027557373047
77.43546295166016
77.43585205078125
78.22383117675781
78.71637725830078
78.9476318359375
80.14054107666016
80.81759643554688
81.1823959350586
81.4293441772461
80.69181823730469
79.6097640991211
77.93738555908203
76.5358657836914
74.30284118652344
73.39395904541016
70.22357940673828
70.35707092285156
66.98593139648438
68.85884094238281
64.78800201416016
67.67852783203125
65.89088439941406
67.15938568115234
65.8333511352539
69.39220428466797
68.0622329711914
69.65819549560547
70.66620635986328
71.7298812866211
72.8136978149414
73.57823944091797
73.37614440917969
74.68247985839844
74.0456771850586
73.65856170654297
71.46419525146484
72.43511199951172
71.16510772705078
70.93302917480469
69.90829467773438
70.05770874023438
70.86727905273438
70.5161361694336
72.47736358642578
71.99142456054688
74.40886688232422
74.77265930175781
76.9830322265625
77.77766418457031
77.94754028320312
77.08394622802734
75.62528228759766
74.7896499633789
72.22857666015625
72.93758392333984
74.7867202758789
75.55345153808594
78.49876403808594
79.25758361816406
79.72991180419922
78.77678680419922
78.70270538330078
77.63854217529297
77.87390899658203
76.5637435913086
76.71989440917969
75.97675323486328
75.21891021728516
74.60220336914062
75.05032348632812
73.55802917480469
73.9006118774414
72.22967529296875
73.33138275146484
71.44435119628906
71.87859344482422
71.27387237548828
71.77311706542969
71.55970764160156
73.67086029052734
73.9442367553711
75.21719360351562
74.9411849975586
74.97843933105469
74.31212615966797
74.49675750732422
73.82803344726562
74.30438232421875
73.01605224609375
73.08092498779297
73.00851440429688
73.25989532470703
73.1523666381836
73.72688293457031
73.50422668457031
74.20950317382812
74.31407928466797
74.90025329589844
74.3575439453125
74.89045715332031
74.85195922851562
74.89866638183594
74.63422393798828
75.50908660888672
74.79215240478516
74.9774169921875
74.9993896484375
75.7958755493164
75.3115463256836
75.65814971923828
76.14414978027344
76.59957122802734
77.41622924804688
77.02323150634766
77.69947052001953
77.91102600097656
79.0948715209961
78.81306457519531
79.71129608154297
79.91370391845703
80.57312774658203
81.14395904541016
81.7474365234375
82.09667205810547
82.45417785644531
81.71188354492188
80.81929779052734
79.03894805908203
76.78144073486328
75.57771301269531
73.76573181152344
74.64644622802734
73.39897155761719
74.79959106445312
75.28459167480469
76.5624771118164
77.11965942382812
78.09939575195312
78.83185577392578
80.0725326538086
80.77862548828125
81.68598937988281
82.7920150756836
83.50608825683594
84.38740539550781
85.0711898803711
85.62109375
86.05416107177734
85.77149963378906
85.60619354248047
85.08977508544922
84.70246887207031
83.91291046142578
83.41283416748047
82.64027404785156
82.2203140258789
82.26138305664062
81.92269897460938
81.88721466064453
81.7990951538086
81.37580108642578
80.76773834228516
80.63282012939453
80.04801177978516
79.8028793334961
79.64928436279297
79.22109985351562
78.84375762939453
78.86993408203125
78.7366714477539
78.51239013671875
78.00067901611328
78.11050415039062
77.01319122314453
77.1222152709961
75.08209991455078
74.77696228027344
72.38924407958984
71.55223083496094
70.88017272949219
72.41742706298828
72.00749969482422
73.87097930908203
73.64319610595703
74.5674057006836
74.11699676513672
75.24068450927734
75.1129150390625
74.89918518066406
75.34281921386719
75.09138488769531
75.36288452148438
75.37317657470703
76.22683715820312
76.5228500366211
77.31341552734375
74.67890930175781
74.35063934326172
70.73703002929688
69.97108459472656
66.7994155883789
66.15020751953125
66.0074234008789
64.65090942382812
66.00359344482422
65.40719604492188
67.42105865478516
65.57648468017578
68.5014419555664
68.65548706054688
69.9798583984375
68.08688354492188
68.83268737792969
67.63214111328125
66.07807922363281
62.39992141723633
63.9534912109375
61.39114761352539
63.600791931152344
63.940555572509766
65.37564086914062
67.22468566894531
70.61473846435547
70.91360473632812
73.02777862548828
73.37583923339844
73.15259552001953
73.62989044189453
71.80558013916016
71.1320571899414
69.30009460449219
67.19134521484375
68.72577667236328
68.17692565917969
68.6302490234375
69.03398132324219
69.4897232055664
70.65672302246094
71.05037689208984
70.66751861572266
72.12785339355469
72.33119201660156
73.1393814086914
71.62406158447266
72.39308166503906
71.69141387939453
72.5106430053711
