62.794803619384766
70.27798461914062
73.11682891845703
60.712646484375
71.44600677490234
71.7685775756836
61.7694206237793
74.42276763916016
70.0276107788086
72.39410400390625
76.7193603515625
66.1272201538086
78.7096939086914
74.60157775878906
75.2859878540039
77.31874084472656
59.88737869262695
74.25475311279297
72.57734680175781
65.94894409179688
70.27531433105469
68.0456771850586
65.17213439941406
65.9326400756836
62.13863754272461
68.99427795410156
69.32978057861328
65.86197662353516
71.39469146728516
72.78003692626953
62.461753845214844
74.58531188964844
73.02555084228516
70.53428649902344
76.56903839111328
66.34980010986328
73.06453704833984
68.62232208251953
68.12313842773438
70.02557373046875
51.05143737792969
68.74056243896484
67.56094360351562
59.071624755859375
68.85355377197266
68.21951293945312
57.46946334838867
64.212158203125
62.07004165649414
47.469970703125
45.94654083251953
57.82487869262695
64.78194427490234
59.43364334106445
64.84230041503906
69.43351745605469
64.17213439941406
66.59050750732422
69.40675354003906
61.226009368896484
63.99354934692383
66.4206771850586
58.97816848754883
62.10101318359375
58.272483825683594
65.5162124633789
67.38727569580078
59.84312438964844
70.75660705566406
66.7879638671875
64.23633575439453
69.37518310546875
65.70185852050781
61.065025329589844
66.92321014404297
56.93196487426758
63.83403015136719
60.29088592529297
66.55683898925781
69.4732894897461
59.0192756652832
70.98391723632812
73.30925750732422
61.04550552368164
75.082763671875
75.5485610961914
65.7884521484375
79.13682556152344
74.66553497314453
78.15575408935547
82.81719207763672
69.26883697509766
84.33744049072266
79.71672821044922
79.18663787841797
84.07194519042969
73.40959167480469
81.87047576904297
83.009033203125
65.69947814941406
82.37969207763672
81.26219177246094
69.47357177734375
82.04524993896484
77.0389404296875
76.52253723144531
80.16193389892578
67.74859619140625
77.05010223388672
70.589111328125
69.76707458496094
70.77613830566406
57.97780227661133
68.64749145507812
72.41716766357422
57.35074234008789
75.48151397705078
74.65434265136719
69.84944152832031
78.6060791015625
71.31329345703125
76.51151275634766
78.37907409667969
61.00316619873047
77.9698257446289
76.73889923095703
65.88329315185547
78.31183624267578
71.10151672363281
75.44761657714844
77.794189453125
63.047142028808594
79.96885681152344
76.10578155517578
75.47085571289062
82.23573303222656
74.40936279296875
79.92034149169922
82.90579986572266
64.71717834472656
81.86483001708984
81.25496673583984
70.70298767089844
82.42572784423828
76.01183319091797
79.17315673828125
77.64787292480469
72.35113525390625
68.54774475097656
71.11824035644531
59.17608642578125
73.53394317626953
66.08526611328125
68.64591979980469
73.374267578125
56.765235900878906
74.7660140991211
72.89552307128906
72.79179382324219
80.21151733398438
71.74137878417969
80.92424774169922
84.33206176757812
66.98191833496094
86.0650863647461
85.86881256103516
78.41516876220703
89.676513671875
82.59638977050781
87.12422943115234
89.4155044555664
63.408138275146484
89.37349700927734
86.3575210571289
81.80441284179688
89.34541320800781
80.5655288696289
86.32010650634766
88.4716796875
65.76940155029297
88.48536682128906
87.14314270019531
80.26984405517578
90.09468841552734
82.30195617675781
87.50865173339844
89.87553405761719
62.094120025634766
90.29853820800781
87.60187530517578
83.297119140625
91.25882720947266
83.10625457763672
88.21208190917969
90.76433563232422
65.0246353149414
90.43597412109375
88.50078582763672
82.09383392333984
91.40589141845703
83.1585464477539
89.19225311279297
91.62909698486328
65.42390441894531
92.85335540771484
90.75684356689453
86.11248016357422
94.92477416992188
87.964599609375
92.29534912109375
95.73637390136719
72.9274673461914
95.8171615600586
94.00090026855469
88.09808349609375
96.07569122314453
86.56700897216797
92.01866912841797
92.95115661621094
61.27691650390625
91.29741668701172
87.90760803222656
81.08967590332031
88.83554077148438
80.0221939086914
83.23943328857422
85.39875793457031
59.02967071533203
83.6363525390625
80.68115234375
75.63531494140625
82.75543975830078
72.9615707397461
79.25823974609375
80.43317413330078
52.21473693847656
79.56040954589844
76.63600158691406
70.68170166015625
78.90803527832031
70.73611450195312
74.23458862304688
76.78340911865234
53.470149993896484
75.62716674804688
73.14199829101562
70.02100372314453
76.58699035644531
68.1795883178711
73.97018432617188
76.07982635498047
53.63089370727539
75.29255676269531
73.24561309814453
65.44255828857422
75.21540069580078
68.39707946777344
71.1405258178711
73.12703704833984
55.08005905151367
73.8304443359375
69.47892761230469
67.61703491210938
71.59192657470703
62.9222526550293
66.66230010986328
70.60057067871094
61.21648406982422
67.42133331298828
66.3753433227539
61.28459548950195
69.3503189086914
53.276729583740234
71.92823791503906
73.04975128173828
59.120033264160156
76.4374771118164
76.10753631591797
69.07740020751953
79.74764251708984
73.0351791381836
76.69312286376953
79.35403442382812
55.2923583984375
79.46996307373047
77.15380859375
74.03466033935547
82.1540298461914
72.50223541259766
81.20613098144531
83.95494079589844
63.687747955322266
86.03561401367188
84.65145874023438
78.52393341064453
89.10621643066406
82.62335205078125
86.92680358886719
90.1436996459961
68.62242889404297
90.10050201416016
86.96100616455078
82.65888977050781
89.41914367675781
79.07533264160156
85.47862243652344
86.91905212402344
61.82328414916992
85.542236328125
82.95205688476562
75.81755828857422
84.38920593261719
76.16334533691406
79.78887939453125
82.21973419189453
56.25887680053711
81.80198669433594
79.16583251953125
75.1517562866211
82.35020446777344
73.23081970214844
79.6890869140625
81.8460464477539
54.89808654785156
81.5022201538086
79.87368774414062
73.1013412475586
82.24188232421875
73.8796157836914
79.50131225585938
81.27659606933594
59.13417053222656
82.6705093383789
80.56864929199219
76.60099029541016
85.11858367919922
78.27122497558594
82.87764739990234
86.22834014892578
62.746612548828125
86.57947540283203
84.2787857055664
79.31360626220703
85.86957550048828
75.04753112792969
81.04533386230469
81.79962158203125
59.7617301940918
78.73945617675781
75.92581176757812
66.35347747802734
74.6001205444336
65.50460052490234
70.80329895019531
70.53252410888672
57.179710388183594
71.96773529052734
70.35600280761719
61.634883880615234
70.81501007080078
64.58363342285156
66.88943481445312
70.69000244140625
53.39925765991211
74.63870239257812
72.41944885253906
71.91524505615234
78.70635223388672
72.46803283691406
77.27604675292969
81.53788757324219
62.23611068725586
82.28934478759766
79.87403106689453
74.3360595703125
81.83123779296875
72.0114974975586
77.50045013427734
78.65729522705078
45.46004104614258
77.03089141845703
73.91533660888672
68.10904693603516
74.80877685546875
65.69940185546875
72.81820678710938
76.34165954589844
52.478092193603516
78.96284484863281
78.43633270263672
72.8388442993164
82.93802642822266
74.07675170898438
80.64503479003906
82.69642639160156
61.90745544433594
82.36397552490234
79.57135009765625
72.60171508789062
81.09912872314453
73.22706604003906
75.96190643310547
78.19847869873047
54.45989990234375
78.08808135986328
76.35813903808594
73.10123443603516
80.81541442871094
70.74518585205078
78.83541870117188
80.54425048828125
56.821685791015625
79.674072265625
77.97801208496094
69.80577087402344
79.2710952758789
71.8985366821289
74.78766632080078
77.2770004272461
60.69408416748047
77.849609375
74.22427368164062
72.09049224853516
79.75151824951172
73.04788970947266
77.21017456054688
79.77632141113281
61.69615936279297
79.86849212646484
77.99681091308594
71.42326354980469
80.09449768066406
70.82306671142578
78.16126251220703
80.05655670166016
60.44396209716797
81.10515594482422
79.1178207397461
74.32720947265625
82.67064666748047
76.28526306152344
79.07727813720703
82.30630493164062
63.16611099243164
82.68749237060547
80.39458465576172
77.28524780273438
85.02449035644531
76.18035125732422
83.27149200439453
86.14555358886719
64.05624389648438
86.99129486083984
85.65583038330078
78.58242797851562
88.50239562988281
80.7676010131836
84.85029602050781
85.75161743164062
64.07096099853516
83.79984283447266
80.47570037841797
75.30651092529297
83.95996856689453
76.17438507080078
82.68629455566406
85.82752227783203
55.274024963378906
86.97708129882812
85.12809753417969
79.99549102783203
88.22535705566406
79.54351043701172
84.93225860595703
86.66381072998047
55.23682403564453
86.62445831298828
84.37602996826172
79.23091125488281
88.18104553222656
80.87850189208984
86.16512298583984
88.9986343383789
59.21180725097656
89.0496597290039
86.32804870605469
80.89481353759766
88.9240493774414
80.73667907714844
85.21516418457031
87.24017333984375
52.81037139892578
86.24586486816406
83.1744155883789
78.23682403564453
85.5036392211914
76.21675109863281
82.04829406738281
83.77559661865234
58.53234100341797
82.42801666259766
79.90692138671875
73.25646209716797
81.61497497558594
71.86357116699219
78.32098388671875
79.7063217163086
59.31709671020508
82.49571228027344
81.54484558105469
76.40360260009766
86.43386840820312
78.60352325439453
84.21154022216797
86.65132141113281
58.3189582824707
86.255615234375
84.18428039550781
78.00455474853516
86.0947036743164
76.83363342285156
82.12242126464844
83.2135238647461
62.00813674926758
83.6490478515625
81.77000427246094
75.86669921875
85.61001586914062
79.25895690917969
82.9018325805664
86.3145751953125
65.86534118652344
86.0803451538086
81.5917739868164
78.04055786132812
83.34063720703125
74.35370635986328
78.5127944946289
81.45301055908203
64.37884521484375
81.33258056640625
80.17142486572266
75.24073791503906
82.62493896484375
71.873291015625
78.38169860839844
79.3801040649414
57.685943603515625
78.84156036376953
76.61781311035156
71.21218872070312
79.72029876708984
71.75250244140625
78.91167449951172
82.11712646484375
61.20067596435547
83.75923156738281
82.96897888183594
77.58363342285156
86.38775634765625
77.00958251953125
83.34879302978516
84.36392974853516
61.2651481628418
83.04427337646484
79.36026763916016
71.6539077758789
80.0506362915039
72.54917907714844
74.38356018066406
76.98746490478516
60.24311065673828
77.6114273071289
74.09672546386719
72.397705078125
79.72559356689453
