68.96382141113281
69.1278305053711
68.6510238647461
71.70580291748047
66.38793182373047
71.87174224853516
67.07152557373047
74.75834655761719
73.718017578125
75.17377471923828
76.79007720947266
76.1129379272461
77.99946594238281
76.00394439697266
76.96961975097656
70.51652526855469
74.0992202758789
62.67808532714844
68.84696960449219
50.8248176574707
65.8613052368164
47.551673889160156
66.55699157714844
56.53029251098633
69.79548645019531
62.34229278564453
70.89032745361328
64.05205535888672
72.75025939941406
67.42706298828125
70.35166931152344
66.39190673828125
61.68861389160156
66.31686401367188
35.62047576904297
66.88429260253906
63.65043640136719
61.084373474121094
66.12869262695312
52.78788375854492
62.90331268310547
62.11444091796875
64.61384582519531
66.24163818359375
61.04758071899414
69.94258117675781
56.843414306640625
68.90516662597656
65.65872955322266
65.8681869506836
70.85852813720703
63.21014404296875
72.5511703491211
63.40093231201172
69.53987884521484
68.18614196777344
67.57549285888672
71.26644134521484
65.24559783935547
71.05055236816406
61.538021087646484
70.72917175292969
69.66273498535156
69.33489990234375
71.99693298339844
65.34637451171875
73.36177062988281
69.42829132080078
71.13330841064453
72.4340591430664
71.03369140625
74.21643829345703
70.7010269165039
74.48876953125
72.10855865478516
75.09735107421875
75.21855163574219
73.77458190917969
77.91923522949219
76.5263442993164
79.27651977539062
78.7054443359375
81.02216339111328
82.26878356933594
83.87031555175781
86.14273071289062
86.80489349365234
88.44880676269531
87.2551498413086
87.63973236083984
85.84805297851562
85.08106994628906
84.14952087402344
82.85846710205078
82.84036254882812
80.96839141845703
81.8388671875
80.17650604248047
81.42240142822266
80.013916015625
79.75910949707031
80.46977996826172
79.27459716796875
80.88871002197266
79.3652114868164
80.72080993652344
80.23514556884766
80.18538665771484
80.76406860351562
80.59165954589844
81.9637222290039
81.76507568359375
82.66861724853516
82.6137466430664
82.9844741821289
83.71907806396484
83.97936248779297
84.4773178100586
83.91473388671875
84.61404418945312
82.0125503540039
81.97877502441406
78.7729721069336
77.88997650146484
78.43412780761719
79.80606842041016
80.58458709716797
79.34684753417969
80.30416870117188
77.56979370117188
78.19679260253906
75.44520568847656
76.94339752197266
72.21446990966797
74.94832611083984
71.5781478881836
74.2826156616211
73.79412078857422
75.63829803466797
76.21784210205078
75.90784454345703
78.28550720214844
78.10238647460938
80.75981140136719
80.53176879882812
83.6352767944336
82.93614196777344
85.5059585571289
85.3033447265625
87.31048583984375
86.99053955078125
87.62648010253906
87.2900619506836
87.42537689208984
87.21564483642578
87.50209045410156
87.85298919677734
87.64286041259766
88.73280334472656
88.98502349853516
90.08396911621094
90.53437042236328
91.6685791015625
92.69937896728516
93.81375885009766
95.16126251220703
96.10983276367188
97.22498321533203
97.46673583984375
97.74359893798828
97.39947509765625
97.25971221923828
96.43893432617188
96.09629821777344
95.45184326171875
95.0024642944336
94.82058715820312
94.20452880859375
94.40164947509766
93.96300506591797
93.98229217529297
93.84490966796875
93.81209564208984
93.98464965820312
93.68375396728516
93.80030059814453
93.3113021850586
93.16419982910156
92.53826904296875
92.34940338134766
92.34539031982422
92.06204986572266
92.3836441040039
92.12720489501953
92.82202911376953
92.8337173461914
93.30860900878906
93.4609146118164
93.82600402832031
94.37771606445312
94.29724884033203
95.05276489257812
95.21891784667969
95.70980834960938
96.14878845214844
96.50817108154297
96.78331756591797
96.7544174194336
96.68453216552734
96.17475891113281
95.70037841796875
94.8274917602539
94.22211456298828
93.23092651367188
92.20668029785156
91.08025360107422
90.09867095947266
89.57284545898438
88.17752838134766
87.85608673095703
86.49988555908203
85.89374542236328
85.38558197021484
84.23829650878906
84.04798889160156
82.7138671875
82.859375
81.14012145996094
81.55535125732422
80.65370178222656
79.93611145019531
80.39119720458984
77.29045104980469
78.77507019042969
75.56967163085938
76.98543548583984
76.60243225097656
74.85398864746094
76.43310546875
73.80988311767578
75.57179260253906
72.79224395751953
73.65780639648438
73.50615692138672
70.4432373046875
73.9770278930664
70.10395812988281
73.3153305053711
73.81017303466797
72.67086791992188
73.96504211425781
72.1581802368164
74.29468536376953
71.62027740478516
73.41997528076172
73.18614196777344
71.86923217773438
73.64112854003906
69.1089096069336
72.72222900390625
70.16581726074219
69.85023498535156
70.99400329589844
66.61400604248047
69.22703552246094
64.74494171142578
69.77603912353516
67.84001159667969
65.56481170654297
68.63955688476562
64.7041244506836
70.72054290771484
71.3474349975586
72.79837036132812
77.39694213867188
77.76860809326172
81.37628936767578
81.0503921508789
83.25631713867188
83.08316802978516
84.07962799072266
83.82677459716797
83.67140197753906
84.07877349853516
83.71686553955078
84.55045318603516
84.21096801757812
85.04693603515625
84.78907775878906
85.23721313476562
85.21762084960938
85.27320861816406
85.875244140625
86.02096557617188
87.51451873779297
87.65840148925781
88.73355865478516
89.2069091796875
89.78416442871094
89.75386810302734
89.40888977050781
89.30569458007812
88.1695327758789
87.64734649658203
86.36956024169922
86.36985778808594
84.43586730957031
84.69639587402344
83.0856704711914
83.18450164794922
82.72805786132812
81.23164367675781
81.82451629638672
80.05030059814453
80.88737487792969
79.5546646118164
79.42072296142578
78.98308563232422
77.84913635253906
79.46854400634766
77.84762573242188
79.55193328857422
77.68147277832031
78.07183074951172
78.26433563232422
77.33853912353516
77.80175018310547
76.23930358886719
76.66273498535156
73.56375885009766
75.15836334228516
73.1234130859375
73.70235443115234
75.24034881591797
71.25000762939453
75.24673461914062
73.00418853759766
74.04138946533203
75.05235290527344
74.59080505371094
75.81590270996094
75.20926666259766
76.9870834350586
76.53909301757812
77.39557647705078
78.5344467163086
79.28472137451172
81.26838684082031
80.56155395507812
82.7804183959961
82.54930877685547
83.52749633789062
82.36174774169922
82.29719543457031
80.80879211425781
79.21013641357422
78.45741271972656
75.78626251220703
76.98844146728516
74.04649353027344
74.184326171875
73.04232025146484
70.97158813476562
73.45934295654297
68.21854400634766
72.51676177978516
68.0712890625
69.93658447265625
69.49766540527344
66.7884292602539
72.39418029785156
68.00080871582031
70.34520721435547
70.86797332763672
70.41108703613281
73.50430297851562
69.70306396484375
75.51189422607422
73.05894470214844
74.05647277832031
73.89383697509766
73.54749298095703
73.7931137084961
68.53512573242188
70.51639556884766
67.62891387939453
67.9142837524414
71.23023223876953
68.93147277832031
74.36575317382812
73.8534927368164
75.99915313720703
77.01815795898438
78.58321380615234
80.42233276367188
80.67878723144531
82.29446411132812
82.22663116455078
83.25232696533203
83.16498565673828
83.1163330078125
82.75621795654297
82.61381530761719
82.34819793701172
81.12631225585938
81.61431121826172
80.14959716796875
80.73953247070312
79.50265502929688
79.51216125488281
79.1278305053711
78.53563690185547
79.4779052734375
77.68424224853516
78.38957977294922
77.44381713867188
77.07696533203125
78.0747299194336
75.85441589355469
77.44631958007812
75.71939849853516
77.22154998779297
77.57306671142578
77.65973663330078
79.56575012207031
78.29927062988281
79.82275390625
77.94293975830078
79.71178436279297
78.04653930664062
78.50792694091797
78.90406036376953
77.99818420410156
78.82833862304688
77.42118072509766
78.83680725097656
78.50028991699219
78.36221313476562
79.5270004272461
77.92827606201172
79.79930114746094
78.09362030029297
79.62715148925781
79.9189682006836
80.03995513916016
80.74060821533203
79.70443725585938
81.2529067993164
80.5286865234375
81.58228302001953
81.67798614501953
81.69673156738281
82.80101013183594
81.95951080322266
83.36837768554688
83.25169372558594
84.50234985351562
84.71483612060547
85.54312896728516
86.45803833007812
86.73836517333984
87.8396224975586
87.30484771728516
87.21878814697266
85.26582336425781
83.92017364501953
82.03687286376953
80.12825775146484
80.83735656738281
79.62843322753906
81.14344787597656
81.53047943115234
82.07305145263672
83.30399322509766
82.9713134765625
84.15262603759766
83.99542236328125
85.09363555908203
84.98944091796875
86.01853942871094
87.02269744873047
87.20341491699219
87.94613647460938
87.4715347290039
87.68589782714844
86.626953125
86.2514877319336
85.03287506103516
84.39874267578125
83.37816619873047
82.61508178710938
82.31956481933594
80.34093475341797
81.00719451904297
79.32638549804688
78.14376068115234
78.39784240722656
76.05122375488281
76.71610260009766
74.88949584960938
75.91336059570312
76.31774139404297
76.97052001953125
78.35657501220703
76.93865203857422
79.12651062011719
76.73225402832031
76.7855224609375
75.30928039550781
73.74913024902344
74.08440399169922
73.04991912841797
75.5451889038086
77.23735046386719
79.63715362548828
82.95318603515625
84.77271270751953
87.63607788085938
88.75988006591797
89.93464660644531
89.79134368896484
89.57624053955078
89.25840759277344
88.55111694335938
88.50670623779297
87.56363677978516
87.60780334472656
87.28013610839844
87.34210205078125
86.93318939208984
86.37211608886719
85.97022247314453
84.73600006103516
84.28407287597656
82.2663803100586
82.66879272460938
81.67484283447266
81.67764282226562
82.38158416748047
81.81211853027344
82.79267883300781
82.52345275878906
83.16515350341797
83.1967544555664
83.4611587524414
84.11235809326172
83.61032104492188
84.84825134277344
84.04928588867188
85.18582916259766
85.35212707519531
85.7444839477539
86.75416564941406
86.31417083740234
87.45468139648438
86.98351287841797
87.05461883544922
86.69583129882812
86.70760345458984
86.7691879272461
86.77352905273438
87.41278839111328
87.3100357055664
87.63680267333984
86.84894561767578
86.61521911621094
85.51471710205078
84.64620971679688
83.63910675048828
82.26104736328125
82.6268539428711
80.40740966796875
80.25407409667969
78.81011199951172
78.63872528076172
78.67723846435547
