62.87815475463867
65.15031433105469
66.39864349365234
67.57182312011719
67.0264892578125
69.3502426147461
69.82038116455078
71.12045288085938
72.10420989990234
73.30862426757812
74.09207916259766
74.05628967285156
73.9798355102539
73.46833038330078
71.58050537109375
68.84944915771484
66.78778839111328
64.4216537475586
59.9360237121582
57.346187591552734
57.114864349365234
49.16095733642578
51.743167877197266
52.2044792175293
52.46205139160156
58.30947494506836
58.56867599487305
61.924705505371094
61.5786247253418
65.17939758300781
67.12760925292969
68.65696716308594
70.10846710205078
71.97899627685547
70.26815032958984
69.56385803222656
65.80493927001953
65.85624694824219
61.53082275390625
64.66802215576172
57.276424407958984
61.796348571777344
59.434879302978516
60.04887390136719
57.13983154296875
58.168006896972656
60.70806884765625
57.88643264770508
55.53955841064453
56.613094329833984
58.10264205932617
56.21105194091797
58.7288932800293
60.403350830078125
60.681556701660156
61.33304214477539
60.31201171875
62.245079040527344
61.34110641479492
63.72277069091797
63.59253692626953
62.360076904296875
60.987892150878906
64.38865661621094
62.98802947998047
64.39403533935547
63.27796173095703
63.54645538330078
63.97982406616211
62.03705978393555
65.68919372558594
64.83199310302734
64.4481430053711
64.7945785522461
64.6480941772461
64.0091781616211
65.29940032958984
66.15229797363281
66.68629455566406
67.24028778076172
67.97518157958984
69.59294128417969
69.76768493652344
71.60145568847656
71.28014373779297
73.31543731689453
75.33203125
76.13908386230469
79.28240966796875
80.61417388916016
83.20110321044922
83.25821685791016
84.11565399169922
83.00332641601562
82.59031677246094
81.56924438476562
81.11019897460938
80.73503875732422
80.38119506835938
80.40522003173828
79.9148178100586
80.34817504882812
80.24081420898438
81.13797760009766
81.17747497558594
82.11632537841797
82.3316879272461
83.16250610351562
82.8213882446289
83.14783477783203
82.4356918334961
81.75293731689453
80.60945129394531
79.6827621459961
78.35317993164062
77.8062515258789
76.64411163330078
75.7759780883789
74.63360595703125
74.09943389892578
72.43912506103516
72.9400405883789
70.73570251464844
72.0666275024414
68.65473175048828
69.24696350097656
70.34431457519531
73.48063659667969
76.25654602050781
78.62661743164062
79.88017272949219
80.4471435546875
81.18990325927734
81.43839263916016
81.7279281616211
82.01860046386719
82.42610168457031
83.19470977783203
83.68205261230469
84.5271224975586
85.21896362304688
86.26416778564453
86.64259338378906
87.4845199584961
86.7283706665039
86.29460144042969
84.42245483398438
82.86380004882812
80.53274536132812
79.1270980834961
76.53691864013672
77.01785278320312
78.9535903930664
80.92709350585938
83.36328125
84.50182342529297
85.79196166992188
85.5133056640625
85.668701171875
85.08482360839844
84.88395690917969
84.14644622802734
84.22569274902344
83.75775909423828
83.59512329101562
83.46861267089844
83.2468490600586
83.27214813232422
83.19380187988281
83.30941009521484
83.36873626708984
83.41939544677734
83.64151763916016
83.73320770263672
83.84505462646484
84.1287841796875
84.22879791259766
84.57269287109375
84.84835052490234
85.16866302490234
85.57781219482422
85.92739868164062
86.23090362548828
86.4332046508789
86.52584075927734
86.25855255126953
85.43566131591797
84.24976348876953
82.42064666748047
80.98802947998047
79.10369873046875
77.99331665039062
76.62249755859375
76.12987518310547
75.58502960205078
75.9776611328125
76.65802764892578
76.24443054199219
76.94741821289062
77.0634765625
77.59669494628906
78.06781768798828
77.92675018310547
77.89628601074219
78.15472412109375
77.57843017578125
77.0133056640625
76.31560516357422
75.35785675048828
73.9942855834961
72.89810943603516
72.32514190673828
71.65576934814453
70.43024444580078
70.36360931396484
69.51985168457031
69.92798614501953
70.2479248046875
70.3337173461914
71.49794006347656
72.00065612792969
72.5977554321289
73.38494873046875
73.3847427368164
73.85597229003906
74.10357666015625
73.57402038574219
72.62054443359375
71.99503326416016
71.69480895996094
70.17750549316406
69.65312194824219
68.88130187988281
68.45032501220703
67.28044891357422
67.35708618164062
65.16715240478516
66.99588012695312
63.910545349121094
65.89558410644531
64.34779357910156
66.376953125
66.7557373046875
67.99852752685547
68.69145202636719
69.32177734375
68.69583129882812
69.18759155273438
66.4451904296875
66.60057830810547
65.85060119628906
65.87850189208984
64.49787139892578
64.89429473876953
65.0329360961914
64.72887420654297
63.59994125366211
64.71027374267578
63.53559112548828
64.27070617675781
61.060813903808594
60.76913833618164
58.73883819580078
54.08051681518555
48.32246780395508
43.719154357910156
46.66661071777344
51.51520919799805
42.60563659667969
54.985321044921875
53.83556365966797
58.777591705322266
58.16590118408203
64.79878234863281
64.29650115966797
69.83648681640625
70.57130432128906
73.88629150390625
74.49969482421875
75.353759765625
74.72415924072266
73.84016418457031
73.52586364746094
73.45447540283203
73.3635482788086
73.28620910644531
73.95341491699219
73.50775909423828
73.57288360595703
73.48709869384766
74.149658203125
73.95687866210938
74.26348114013672
73.21636962890625
72.87843322753906
72.048095703125
72.32183074951172
71.90790557861328
73.1908950805664
73.38269805908203
75.27645111083984
76.09882354736328
77.31886291503906
78.34481048583984
79.8619155883789
80.53207397460938
81.46240234375
81.79978942871094
81.82679748535156
81.47994232177734
81.37731170654297
80.41668701171875
80.07559204101562
79.25184631347656
78.80016326904297
78.19817352294922
77.58793640136719
77.05032348632812
76.44715118408203
76.42427825927734
75.8899917602539
76.18708801269531
75.29391479492188
75.6729507446289
75.17761993408203
75.26687622070312
74.96440124511719
75.84259033203125
75.86308288574219
76.41446685791016
76.12725830078125
76.38304901123047
77.58221435546875
77.90587615966797
78.42453002929688
79.33963775634766
80.28204345703125
80.63409423828125
81.66858673095703
81.02031707763672
80.90343475341797
78.76638793945312
77.4468994140625
75.65242767333984
74.0708999633789
72.5351791381836
70.64522552490234
70.0851058959961
66.40385437011719
68.19158935546875
65.44223022460938
64.61612701416016
62.77452850341797
63.1767578125
63.115657806396484
64.28620910644531
63.76923751831055
65.19568634033203
64.33122253417969
65.15690612792969
67.08622741699219
68.62735748291016
69.67931365966797
70.13007354736328
70.04659271240234
71.08999633789062
71.77297973632812
72.9519271850586
73.21021270751953
74.75778198242188
75.54308319091797
76.49746704101562
77.46583557128906
76.61095428466797
76.14132690429688
73.34650421142578
73.18082427978516
71.22742462158203
70.0987319946289
67.2469253540039
66.8458480834961
66.30059814453125
66.4314956665039
67.34716796875
68.75096893310547
70.62984466552734
72.14549255371094
74.52288818359375
75.52188110351562
76.84728240966797
77.4050064086914
77.77913665771484
77.57633972167969
76.64281463623047
76.45075988769531
75.50946044921875
75.3918685913086
74.28032684326172
73.9736328125
73.42121124267578
72.7647933959961
71.57596588134766
71.79772186279297
71.56288146972656
70.41058349609375
71.35436248779297
72.1363525390625
73.54338073730469
73.50003814697266
74.45858001708984
73.6293716430664
73.69969177246094
72.8457260131836
72.65109252929688
73.11866760253906
72.84012603759766
72.1304702758789
72.03103637695312
73.38365173339844
71.8355484008789
72.52650451660156
72.40930938720703
72.77666473388672
72.0221176147461
71.5964584350586
72.05773162841797
71.55392456054688
71.85271453857422
71.38156127929688
71.16983032226562
71.20757293701172
71.42021942138672
71.52828979492188
72.4038314819336
71.41008758544922
72.10115051269531
72.31605529785156
73.07910919189453
72.3977279663086
73.62755584716797
74.0212173461914
75.11981964111328
75.29313659667969
76.26929473876953
76.35301208496094
77.24494171142578
77.64811706542969
78.091796875
78.51375579833984
78.92133331298828
79.49187469482422
79.50773620605469
79.6629867553711
77.9529037475586
77.0483627319336
73.9602279663086
71.9753189086914
70.99852752685547
69.15644073486328
69.29905700683594
69.85684204101562
71.08805847167969
71.28126525878906
72.67466735839844
73.15750122070312
73.95970916748047
74.02552795410156
75.10594177246094
76.03985595703125
76.55965423583984
77.36027526855469
77.69731903076172
78.86845397949219
79.31663513183594
80.34334564208984
80.86679077148438
81.88141632080078
82.71749114990234
83.4306869506836
83.81554412841797
84.07441711425781
84.37512969970703
84.14318084716797
83.84081268310547
83.11605072021484
82.83494567871094
81.97789001464844
81.58611297607422
81.20187377929688
81.49762725830078
82.30206298828125
82.94686126708984
83.54489135742188
83.5190658569336
83.28876495361328
83.05781555175781
82.61160278320312
82.29778289794922
81.70370483398438
81.3416976928711
81.39032745361328
80.80604553222656
80.50872802734375
80.40278625488281
79.96923065185547
79.90670776367188
79.06002044677734
78.16096496582031
76.34369659423828
74.45220184326172
73.33846282958984
73.95478057861328
74.59984588623047
75.21977996826172
75.9477310180664
76.42289733886719
76.73191833496094
77.63563537597656
77.73204040527344
78.10599517822266
77.70423889160156
77.37378692626953
76.62744903564453
75.79121398925781
74.71549987792969
73.81143188476562
72.14239501953125
69.57514190673828
68.13643646240234
65.62954711914062
66.91087341308594
65.67593383789062
67.10411071777344
66.40522003173828
67.98591613769531
68.28105926513672
67.9041519165039
70.33086395263672
70.0710220336914
71.05575561523438
71.1784896850586
71.51729583740234
70.01248168945312
68.43324279785156
66.87937927246094
63.22809600830078
60.03770446777344
59.38357162475586
61.13383865356445
63.831787109375
67.60427856445312
69.48458099365234
70.86258697509766
71.1588134765625
71.8478012084961
72.13725280761719
72.47858428955078
72.12154388427734
71.67945861816406
71.57766723632812
69.58497619628906
69.19837188720703
69.12689208984375
69.20597839355469
69.5920181274414
70.46638488769531
70.96734619140625
72.06680297851562
72.32967376708984
73.33930206298828
73.72423553466797
74.55225372314453
74.8126449584961
73.75209045410156
73.3678207397461
72.32694244384766
