56.15497970581055
60.02748107910156
63.86128234863281
44.86534118652344
66.88798522949219
63.73445510864258
60.61637496948242
70.22020721435547
64.44535064697266
68.9376449584961
73.58027648925781
48.9920768737793
75.72759246826172
75.6479721069336
69.22602844238281
76.260498046875
65.92079162597656
68.44168090820312
70.20675659179688
26.700599670410156
66.02965545654297
63.46692657470703
55.46195983886719
64.2555923461914
52.052696228027344
59.70186233520508
64.1506576538086
52.23139953613281
65.04373931884766
61.62690353393555
57.81822204589844
66.79920196533203
60.164554595947266
66.4655990600586
69.27606964111328
46.17334747314453
70.67534637451172
67.02291107177734
60.008628845214844
63.634552001953125
59.179100036621094
55.971717834472656
55.871803283691406
45.829139709472656
55.22162628173828
59.626747131347656
54.53212356567383
64.11235046386719
56.0784797668457
58.3885383605957
65.32787322998047
40.18398666381836
66.16169738769531
64.97786712646484
61.099788665771484
66.88490295410156
58.057899475097656
65.9675064086914
68.36786651611328
50.969303131103516
68.69685363769531
66.43661499023438
61.97505187988281
68.43218231201172
61.80892562866211
65.59524536132812
69.31998443603516
39.42416000366211
69.22549438476562
66.28372955322266
61.474449157714844
70.3234634399414
62.04065704345703
66.66378021240234
69.95670318603516
45.03565216064453
70.30414581298828
67.73728942871094
60.76045608520508
72.0448989868164
63.33636474609375
69.59425354003906
72.00359344482422
47.986820220947266
72.4953842163086
71.08494567871094
66.2789535522461
75.55824279785156
69.4920883178711
74.97964477539062
78.37156677246094
45.06119155883789
80.68356323242188
78.4713134765625
72.46218872070312
80.54218292236328
72.12971496582031
76.16844177246094
77.65287780761719
46.475669860839844
74.66536712646484
68.7182388305664
59.44298553466797
64.13238525390625
58.51376724243164
65.32169342041016
70.00017547607422
31.000436782836914
72.15011596679688
70.75379180908203
65.14056396484375
74.68862915039062
67.19151306152344
71.94046783447266
75.43367004394531
48.614601135253906
76.78448486328125
74.24988555908203
68.7070541381836
77.87179565429688
69.63727569580078
74.71784973144531
77.0385971069336
52.450992584228516
77.74410247802734
75.4802017211914
69.99259185791016
79.3061294555664
71.8799057006836
77.29054260253906
80.04865264892578
53.12415313720703
80.33416748046875
78.84390258789062
73.7982406616211
82.32067108154297
74.38068389892578
79.80632019042969
82.64226531982422
34.50606918334961
83.46443939208984
81.78205108642578
76.54991149902344
85.1749496459961
77.16553497314453
81.29754638671875
81.8301010131836
45.15325164794922
71.6669921875
68.44268798828125
65.1962890625
75.67819213867188
66.87808990478516
71.0224380493164
74.44036865234375
53.712608337402344
82.03912353515625
82.05671691894531
78.91534423828125
88.65711975097656
80.76704406738281
87.81398010253906
89.79756927490234
53.666343688964844
89.2657241821289
86.24152374267578
80.77796936035156
88.54027557373047
79.6292495727539
84.98515319824219
87.29129028320312
43.072513580322266
86.99205780029297
84.66326904296875
79.5679702758789
87.81938171386719
79.4777603149414
84.76802062988281
87.19242858886719
31.499526977539062
88.01277160644531
86.40486145019531
82.13604736328125
91.37964630126953
83.8345947265625
89.55062866210938
92.09996795654297
52.524654388427734
92.53927612304688
90.48651123046875
85.50393676757812
93.9942855834961
85.73365783691406
91.74124908447266
94.32183837890625
58.796024322509766
95.05915069580078
92.83480834960938
87.98170471191406
95.9936752319336
86.90196228027344
92.18712615966797
93.5115966796875
61.055999755859375
91.47660064697266
87.74649810791016
81.50179290771484
88.27503204345703
78.6089859008789
83.1197280883789
84.28790283203125
47.173301696777344
82.48074340820312
79.51628112792969
73.6446762084961
82.15086364746094
74.52816772460938
79.24429321289062
81.92000579833984
46.476829528808594
81.71915435791016
78.99076080322266
73.05156707763672
80.52256774902344
71.13687133789062
76.41796875
78.27944946289062
54.54852294921875
76.6021728515625
73.9054946899414
68.62650299072266
75.93807983398438
66.98579406738281
72.57643127441406
74.81804656982422
48.66410827636719
73.27497863769531
71.4605712890625
65.76237487792969
74.63681030273438
65.83554077148438
71.04024505615234
73.22172546386719
47.43041229248047
73.20410919189453
70.09284210205078
62.61896514892578
73.04163360595703
65.3678207397461
69.23446655273438
71.92264556884766
29.424617767333984
71.73184204101562
70.25220489501953
64.89379119873047
73.75304412841797
65.38581085205078
71.29261779785156
73.11436462402344
44.65914535522461
72.16326904296875
67.28814697265625
59.39686584472656
62.331146240234375
59.13605499267578
51.710784912109375
58.50930404663086
45.74624252319336
58.65127944946289
60.305477142333984
52.04022979736328
65.96727752685547
59.79551315307617
65.47106170654297
72.44935607910156
34.170555114746094
75.83528137207031
75.9495849609375
71.9421157836914
81.4996566772461
73.08997344970703
77.94975280761719
80.10508728027344
43.16630554199219
79.18509674072266
76.78483581542969
72.04500579833984
80.27606201171875
72.50677490234375
78.33457946777344
81.57218933105469
38.22761154174805
82.87809753417969
81.84711456298828
76.81046295166016
86.73247528076172
79.63945007324219
86.10525512695312
89.44181823730469
50.22309112548828
90.45606231689453
87.84764862060547
82.1396255493164
89.30697631835938
80.22630310058594
84.43466186523438
86.07099914550781
55.08024597167969
84.44428253173828
81.51771545410156
75.47361755371094
83.33483123779297
74.2708740234375
79.43889617919922
81.46597290039062
54.08944320678711
81.10142517089844
78.68780517578125
72.88607025146484
80.96939086914062
72.77703094482422
78.13594818115234
80.28306579589844
47.70177459716797
80.52554321289062
78.18529510498047
72.59788513183594
81.23524475097656
72.92877960205078
78.72079467773438
81.28319549560547
39.95802688598633
81.73441314697266
79.63382720947266
75.26246643066406
83.9052963256836
76.59322357177734
82.17705535888672
85.1314697265625
50.45599365234375
85.81011199951172
83.11978149414062
76.57562255859375
83.43887329101562
73.49684143066406
77.37716674804688
78.22648620605469
30.08359718322754
75.82073974609375
73.0938949584961
66.27642822265625
74.71805572509766
65.69263458251953
71.2784194946289
74.57833099365234
40.626976013183594
77.05384826660156
75.30743408203125
70.9435806274414
80.08308410644531
72.62732696533203
78.06877899169922
80.54666137695312
46.791446685791016
79.35455322265625
76.58447265625
70.54380798339844
78.26875305175781
69.61264038085938
75.7398681640625
78.91342163085938
47.349578857421875
80.60137939453125
78.27725982666016
73.36659240722656
80.42349243164062
70.55919647216797
74.90293884277344
75.8363037109375
36.67243576049805
73.8763427734375
70.22762298583984
65.16780090332031
71.9783706665039
63.92652893066406
69.46028137207031
70.87203979492188
45.10530090332031
74.00967407226562
73.1059341430664
70.80207061767578
79.7962417602539
72.13166046142578
79.49143981933594
82.40070343017578
50.16447448730469
82.62938690185547
80.02728271484375
74.28397369384766
81.59278106689453
72.30850982666016
76.97919464111328
78.46239471435547
41.44324493408203
78.08496856689453
76.50138854980469
71.63372802734375
80.98228454589844
73.36864471435547
78.7202377319336
80.84066772460938
37.65898895263672
80.51007843017578
77.68977355957031
72.9759750366211
80.62406921386719
72.61106872558594
77.37908172607422
79.52237701416016
52.420352935791016
79.39774322509766
77.16943359375
71.92073059082031
80.2338638305664
72.04371643066406
77.16043853759766
79.300048828125
32.18315887451172
79.47038269042969
77.34984588623047
72.4725341796875
80.32755279541016
72.79808807373047
77.2437515258789
80.15214538574219
43.26243209838867
80.27899169921875
77.9382095336914
72.27046203613281
81.86497497558594
73.61740112304688
79.66105651855469
82.52388000488281
46.577064514160156
83.24595642089844
81.23670196533203
76.68748474121094
85.02298736572266
76.92839050292969
83.21422576904297
86.0042724609375
55.019989013671875
87.06914520263672
84.94466400146484
80.2249984741211
88.05838775634766
78.44403839111328
82.86656188964844
83.57206726074219
45.89588928222656
80.38568115234375
76.85826873779297
70.22991180419922
78.91910552978516
71.3958969116211
76.85468292236328
80.1454086303711
38.29628372192383
82.35941314697266
81.11245727539062
76.74234008789062
86.0513916015625
78.4728775024414
85.13068389892578
88.36607360839844
48.10292434692383
90.2474594116211
88.65911102294922
83.8576431274414
92.48346710205078
84.28221130371094
89.58277130126953
91.37566375732422
53.326656341552734
90.43004608154297
87.43817138671875
81.84947967529297
89.54810333251953
80.89327239990234
85.67206573486328
87.46726989746094
47.89706802368164
86.69672393798828
84.02760314941406
78.55255126953125
86.36918640136719
77.72210693359375
82.82955169677734
84.97381591796875
47.03287887573242
84.70572662353516
82.14932250976562
76.69259643554688
84.90837097167969
76.08829498291016
81.13248443603516
82.74552917480469
46.03961944580078
82.0055160522461
80.20062255859375
75.55195617675781
84.32907104492188
76.3469467163086
82.35438537597656
85.04137420654297
47.76947021484375
85.1202621459961
82.5638198852539
76.6146240234375
83.2455825805664
73.15520477294922
78.26323699951172
79.69280242919922
50.040348052978516
81.30579376220703
80.22777557373047
75.4738998413086
83.49730682373047
73.96468353271484
76.51022338867188
77.34739685058594
24.091211318969727
73.66458129882812
70.12875366210938
64.19811248779297
73.59185028076172
65.30023193359375
71.93197631835938
75.77095031738281
41.893314361572266
78.16417694091797
76.17129516601562
71.17072296142578
79.01622772216797
69.85858154296875
72.5571060180664
72.11927795410156
50.256072998046875
62.67170715332031
60.298423767089844
60.32875442504883
72.55319213867188
68.2085189819336
73.6103744506836
77.9029312133789
44.040714263916016
79.52112579345703
77.68250274658203
72.24484252929688
79.55671691894531
69.695068359375
73.66826629638672
74.59976959228516
38.05910110473633
72.44818115234375
70.23954772949219
63.3853645324707
73.63807678222656
66.3815689086914
72.58946990966797
75.95367431640625
49.712547302246094
77.26946258544922
75.70037078857422
71.2018814086914
79.85508728027344
