69.35353088378906
66.51652526855469
68.08290100097656
71.6483383178711
65.1680908203125
73.01091003417969
69.77803802490234
73.79281616210938
74.22222900390625
71.53955841064453
78.1525650024414
71.66192626953125
78.8152084350586
74.9625244140625
73.58439636230469
74.56974792480469
60.68151092529297
70.44367980957031
60.25417709350586
62.62267303466797
62.749046325683594
49.73313522338867
55.96221923828125
58.422908782958984
57.398353576660156
55.79737854003906
64.33493041992188
61.50187301635742
66.11380767822266
70.20545196533203
67.2001724243164
75.95203399658203
70.53421020507812
75.56890106201172
73.41462707519531
69.22846984863281
72.89028930664062
41.551246643066406
70.20628356933594
62.66368865966797
66.39096069335938
63.6665153503418
61.83237075805664
66.1103515625
55.98023223876953
65.55501556396484
55.99651336669922
65.68598175048828
59.39436340332031
61.3906135559082
64.40055847167969
58.1343879699707
64.18103790283203
54.28131866455078
66.98394775390625
62.241127014160156
64.6632308959961
66.73485565185547
59.958229064941406
68.85505676269531
60.422725677490234
67.87567901611328
65.45457458496094
64.37076568603516
69.43209838867188
57.33766174316406
69.63468933105469
61.0379524230957
70.37742614746094
68.09506225585938
67.93849182128906
70.62981414794922
62.95812225341797
73.31702423095703
65.6806411743164
72.73350524902344
71.84300231933594
71.55874633789062
74.82559967041016
68.47211456298828
77.74748229980469
72.278564453125
79.06722259521484
78.87086486816406
79.47266387939453
83.39156341552734
79.2259292602539
84.69615936279297
80.09040832519531
82.4285659790039
80.3123779296875
79.15045166015625
80.2074966430664
76.93948364257812
78.17330932617188
76.19215393066406
76.64939880371094
75.9305648803711
75.15162658691406
75.94670867919922
75.36495208740234
75.05950164794922
75.44174194335938
74.07756805419922
75.57041931152344
75.72294616699219
74.12579345703125
76.16645812988281
73.67401885986328
77.36786651611328
74.9537353515625
77.82862854003906
78.75476837158203
77.8259048461914
82.85428619384766
77.23882293701172
83.61099243164062
78.84485626220703
79.12483978271484
80.01932525634766
71.09610748291016
78.0981216430664
70.62068176269531
73.37293243408203
73.29161071777344
62.672542572021484
73.00389862060547
66.60741424560547
68.29640197753906
71.21728515625
59.689334869384766
72.53649139404297
68.0004653930664
71.24723815917969
73.15906524658203
66.38066101074219
74.74940490722656
70.76858520507812
74.40690612792969
75.28260803222656
73.43971252441406
79.31605529785156
74.13074493408203
79.90692138671875
78.44963836669922
78.67626190185547
79.48528289794922
75.45822143554688
80.00585174560547
77.0149917602539
77.23833465576172
79.75779724121094
64.78455352783203
77.23228454589844
72.02520751953125
70.1613998413086
75.88529205322266
59.61721420288086
76.79875183105469
72.35094451904297
74.94947814941406
77.9791030883789
72.0349349975586
80.84407806396484
74.32327270507812
82.7446060180664
80.97299194335938
84.13672637939453
86.6801986694336
84.74864196777344
90.2870101928711
86.27127838134766
90.50407409667969
87.77558898925781
88.25202941894531
88.46302032470703
85.737060546875
87.89541625976562
85.07196807861328
86.40615844726562
85.627197265625
84.09557342529297
85.43875885009766
81.17717742919922
83.83544921875
80.2400894165039
82.43974304199219
81.99613952636719
81.38833618164062
83.58341217041016
80.04415130615234
84.33763122558594
81.45492553710938
83.82197570800781
83.28768157958984
82.74795532226562
84.89617156982422
82.44219207763672
85.56057739257812
83.53109741210938
85.51612854003906
85.57746124267578
84.81378936767578
87.06462097167969
84.92915344238281
87.96450805664062
86.43890380859375
88.00261688232422
88.40189361572266
87.54536437988281
89.36478424072266
86.83566284179688
88.8468017578125
86.26576232910156
86.78752136230469
85.39395904541016
83.93567657470703
84.083740234375
81.23387145996094
82.31531524658203
79.43193817138672
80.47952270507812
78.39774322509766
78.15121459960938
77.52874755859375
75.74761962890625
77.01306915283203
74.51242065429688
75.7686767578125
73.50811767578125
74.07176971435547
73.53707885742188
72.19340515136719
73.33173370361328
70.53448486328125
72.86722564697266
70.8493423461914
71.45109558105469
70.67569732666016
69.51438903808594
70.76551055908203
69.05754852294922
70.91207885742188
68.27662658691406
70.88743591308594
68.7276840209961
68.91584777832031
69.68721771240234
67.89854431152344
69.70649719238281
66.38529205322266
68.92332458496094
66.98341369628906
67.94359588623047
68.1795654296875
64.68607330322266
69.45677185058594
63.884796142578125
67.54893493652344
66.87773132324219
65.29719543457031
68.27114868164062
58.191551208496094
67.03710174560547
59.18528366088867
66.43631744384766
63.086944580078125
61.779666900634766
64.29896545410156
60.63406753540039
66.7384033203125
60.767574310302734
71.61189270019531
52.628990173339844
76.27542114257812
71.53227996826172
77.40242004394531
76.85511779785156
72.91958618164062
77.1465072631836
69.54882049560547
74.46488952636719
69.86664581298828
71.17610931396484
71.90953063964844
69.28208923339844
72.87396240234375
71.1985092163086
73.92777252197266
75.01699829101562
73.42951202392578
76.88726806640625
74.53495025634766
78.40786743164062
77.54255676269531
78.69544982910156
81.54285430908203
78.72496795654297
83.95392608642578
81.52784729003906
84.82290649414062
84.93777465820312
83.42865753173828
86.15788269042969
80.93501281738281
84.76473999023438
81.13729858398438
81.86463928222656
81.6826171875
78.07396697998047
81.45472717285156
75.95935821533203
79.81092071533203
77.2824935913086
77.31403350830078
78.42919921875
74.9007797241211
78.76630401611328
73.99624633789062
77.19395446777344
75.72132873535156
75.11774444580078
77.22770690917969
73.77625274658203
77.21037292480469
73.92658233642578
76.90955352783203
75.48456573486328
75.44193267822266
77.90968322753906
73.34092712402344
79.32482147216797
75.48057556152344
79.74755096435547
78.84639739990234
79.14010620117188
82.54380798339844
79.1762466430664
85.03359985351562
80.86162567138672
85.8009262084961
83.02175903320312
82.70233154296875
82.24537658691406
76.86434173583984
80.13452911376953
73.20026397705078
77.5733413696289
72.68140411376953
73.38916778564453
72.65589904785156
68.52933502197266
72.3260269165039
65.81438446044922
70.760009765625
65.55426788330078
67.77824401855469
66.71183776855469
65.21050262451172
66.16813659667969
57.79444122314453
67.33856201171875
52.13213348388672
65.42872619628906
60.87388610839844
63.55783462524414
62.44621658325195
60.389129638671875
64.3885269165039
56.19038009643555
67.22331237792969
58.045570373535156
68.16888427734375
65.93724060058594
67.60460662841797
68.62115478515625
64.9893798828125
70.71482849121094
64.35845184326172
72.09244537353516
68.43118286132812
72.23206329345703
73.51167297363281
71.37400817871094
77.48947143554688
72.44718933105469
80.06359100341797
77.40863037109375
80.9151611328125
81.6244888305664
79.742919921875
82.39104461669922
77.91836547851562
81.22007751464844
78.09092712402344
78.40766143798828
78.6769790649414
75.87885284423828
78.12258911132812
74.73285675048828
76.69168090820312
76.02275085449219
73.89588165283203
75.7733383178711
71.54959869384766
76.24613952636719
72.06682586669922
74.7752685546875
74.84383392333984
73.15946197509766
75.34146881103516
72.44456481933594
75.28612518310547
72.46491241455078
74.62970733642578
73.56238555908203
72.71733856201172
75.0096664428711
70.5763168334961
75.28515625
70.31134796142578
76.18855285644531
74.11609649658203
77.07971954345703
77.4459457397461
77.45199584960938
78.57721710205078
75.87789154052734
77.36245727539062
72.0669937133789
73.32504272460938
68.9056167602539
72.87214660644531
68.3038101196289
72.91133117675781
69.76473999023438
73.57142639160156
72.47422790527344
73.52424621582031
74.095947265625
73.1376724243164
75.8568344116211
73.07367706298828
76.89908599853516
75.00691223144531
76.98262786865234
76.90998077392578
76.37091064453125
79.51510620117188
76.73516845703125
80.45732116699219
77.80204772949219
81.0050277709961
79.56607055664062
78.32860565185547
78.19847869873047
72.82266235351562
75.05143737792969
68.57747650146484
72.63499450683594
68.05313873291016
72.90103149414062
71.87860870361328
74.2636489868164
73.90878295898438
75.53652954101562
76.55595397949219
76.51765441894531
78.28860473632812
77.45221710205078
79.118408203125
77.24929809570312
79.70726776123047
78.45050811767578
79.69676971435547
80.55803680419922
80.21503448486328
83.1081771850586
80.45877075195312
84.54315185546875
81.43231964111328
83.60575103759766
82.03662109375
80.44229125976562
81.9151382446289
76.415283203125
80.84119415283203
74.92623901367188
79.67703247070312
77.05797576904297
79.51642608642578
80.83421325683594
80.07544708251953
83.97113800048828
80.86123657226562
85.10655212402344
82.24109649658203
83.91851806640625
83.16828918457031
82.0426254272461
82.71389770507812
80.01734924316406
82.01957702636719
80.18389892578125
80.74667358398438
80.4275894165039
79.39436340332031
80.44981384277344
78.57096862792969
80.05099487304688
79.22647857666016
79.76353454589844
79.6548843383789
78.82473754882812
80.3659439086914
78.18043518066406
80.45074462890625
77.46247863769531
78.7944107055664
74.24006652832031
76.96147918701172
75.20538330078125
76.76972198486328
76.49907684326172
75.88603210449219
78.45437622070312
75.54499053955078
78.6435775756836
75.61846160888672
77.16026306152344
74.39954376220703
73.20588684082031
71.9096450805664
65.89666748046875
70.9695816040039
63.73336410522461
69.95343780517578
67.1479263305664
70.53276062011719
71.17423248291016
70.3602066040039
75.16668701171875
70.68883514404297
77.77481079101562
75.27674865722656
77.4596939086914
79.34347534179688
74.44871520996094
79.6811294555664
69.96780395507812
75.28841400146484
69.03910827636719
70.13350677490234
68.9699935913086
64.11922454833984
69.25286102294922
54.901187896728516
68.68202209472656
58.046993255615234
68.77925872802734
64.04412841796875
67.47148132324219
68.11714935302734
66.4603042602539
69.32879638671875
65.94763946533203
69.52964782714844
71.0247802734375
70.14776611328125
72.62357330322266
69.24616241455078
71.17848205566406
69.9144058227539
67.95191192626953
69.34654235839844
62.50735092163086
