52.414833068847656
58.88969421386719
62.50429153442383
54.752716064453125
67.33267974853516
65.57014465332031
62.78756332397461
71.62816619873047
64.33679962158203
71.18020629882812
75.91030883789062
47.97105407714844
77.36964416503906
74.05596160888672
68.02686309814453
74.14098358154297
65.44099426269531
67.18590545654297
68.85372924804688
53.84625244140625
65.42793273925781
64.74053192138672
48.92865753173828
66.89668273925781
62.47015380859375
64.85711669921875
69.13188171386719
53.19268035888672
71.44188690185547
69.72704315185547
67.2963638305664
72.04277801513672
53.0023193359375
66.41270446777344
63.19656753540039
62.61594772338867
62.79979705810547
60.507049560546875
56.782535552978516
58.90617370605469
62.31517791748047
57.342872619628906
60.872615814208984
64.52725982666016
46.316471099853516
63.74283218383789
59.56776809692383
58.724891662597656
63.06934356689453
54.052459716796875
66.23084259033203
64.9338607788086
60.948280334472656
68.8366928100586
62.30008316040039
66.15242004394531
66.99712371826172
64.4952392578125
68.0563735961914
66.57140350341797
62.968055725097656
68.50263214111328
66.35843658447266
67.97724914550781
69.57000732421875
65.75141906738281
70.037109375
67.72549438476562
67.40504455566406
71.25578308105469
66.64886474609375
70.5763931274414
71.4130630493164
66.89390563964844
73.33826446533203
68.83731842041016
71.21853637695312
73.13552856445312
68.22352600097656
74.6548843383789
72.64314270019531
70.77655029296875
75.47696685791016
70.20542907714844
75.42681884765625
76.38587188720703
70.92442321777344
79.6167221069336
75.73007202148438
79.51538848876953
82.10783386230469
70.75701904296875
83.21240234375
77.99539947509766
78.26692962646484
81.4339828491211
64.884521484375
79.90890502929688
77.4727783203125
72.42579650878906
80.04253387451172
71.71688079833984
76.62362670898438
77.10881805419922
71.94066619873047
74.03994750976562
71.32225799560547
73.06868743896484
68.13214874267578
73.53788757324219
71.57315063476562
66.35894012451172
73.88611602783203
63.418357849121094
73.54642486572266
74.40496063232422
63.790496826171875
75.3788070678711
69.26212310791016
71.19532775878906
76.05604553222656
56.37502670288086
76.43275451660156
74.65790557861328
71.0937271118164
77.9155044555664
68.79383850097656
77.17950439453125
78.61090087890625
68.244873046875
80.80702209472656
74.52454376220703
79.93989562988281
83.36978149414062
68.70258331298828
86.98451232910156
83.89781951904297
85.84772491455078
90.65394592285156
75.80030059814453
90.35828399658203
88.50467681884766
83.74043273925781
91.3924560546875
83.09222412109375
89.53565979003906
90.66828155517578
76.53800201416016
90.9451904296875
85.8984603881836
84.72428894042969
87.87052917480469
70.74409484863281
81.94880676269531
75.85631561279297
76.92707824707031
71.67076110839844
78.47064208984375
79.95940399169922
84.2261734008789
70.57896423339844
83.8221206665039
80.57319641113281
76.98181915283203
82.30697631835938
70.50486755371094
79.70506286621094
78.14466857910156
73.7018814086914
78.66905975341797
72.9908447265625
77.0220947265625
74.07141876220703
74.81011962890625
76.51687622070312
72.39904022216797
77.46430206298828
73.25374603271484
77.33583068847656
77.16339111328125
74.97244262695312
81.41761779785156
69.86680603027344
80.87641906738281
80.57870483398438
70.11125946044922
82.489990234375
77.5895004272461
77.81463623046875
82.43976593017578
71.59405517578125
82.09591674804688
80.76609802246094
75.42708587646484
83.41793823242188
77.1767807006836
81.79886627197266
83.68490600585938
74.93486022949219
84.80022430419922
81.49866485595703
81.329833984375
85.85728454589844
76.84774780273438
85.89115142822266
85.15922546386719
80.22327423095703
87.20626831054688
80.45886993408203
84.85193634033203
85.71797943115234
76.40768432617188
85.53688049316406
79.86035919189453
80.86135864257812
82.24713134765625
73.69071197509766
81.17450714111328
78.81627655029297
76.23611450195312
81.96092987060547
78.4650650024414
80.16063690185547
83.45143127441406
72.59142303466797
82.6016845703125
79.34005737304688
75.64698791503906
80.98533630371094
67.0429916381836
78.70964813232422
77.20411682128906
69.33831787109375
78.31204223632812
68.45521545410156
75.52175903320312
76.24456787109375
63.561458587646484
75.89082336425781
68.64925384521484
72.2287368774414
76.01895141601562
52.13315200805664
74.0666732788086
70.66004943847656
68.3307876586914
73.49104309082031
56.04828643798828
73.13605499267578
70.47261810302734
65.52838134765625
73.65620422363281
65.10123443603516
69.83644104003906
72.30783081054688
55.747474670410156
73.58688354492188
68.60066223144531
66.67919921875
72.95010375976562
60.58525466918945
71.48152923583984
70.99791717529297
61.385414123535156
72.52088928222656
66.516845703125
67.3659439086914
71.78684997558594
64.66482543945312
67.22257232666016
72.12669372558594
70.45236206054688
70.59551239013672
74.39318084716797
77.12068939208984
70.86344909667969
80.2704086303711
80.27337646484375
75.06275177001953
85.19014739990234
79.49069213867188
80.31022644042969
84.0467300415039
69.40231323242188
81.5601577758789
81.84031677246094
67.1257095336914
82.85997772216797
78.3853759765625
78.25404357910156
83.56919860839844
69.40497589111328
83.10843658447266
83.33570098876953
74.11796569824219
86.3194808959961
80.8578109741211
83.89960479736328
88.65857696533203
69.73153686523438
89.92859649658203
89.19532775878906
82.915771484375
92.44972229003906
84.38522338867188
88.49365234375
90.14483642578125
70.03409576416016
88.2742691040039
84.75798797607422
79.90913391113281
86.48509216308594
76.91153717041016
82.84638977050781
83.4203872680664
69.51112365722656
83.05302429199219
78.65540313720703
77.24185180664062
81.76252746582031
73.36676788330078
79.51599884033203
79.87104797363281
71.08316802978516
80.50321197509766
77.17961883544922
75.69110107421875
81.0197982788086
74.25292205810547
79.81056213378906
80.66754913330078
72.4104995727539
82.17351531982422
79.5432357788086
77.86693572998047
84.0222396850586
76.46418762207031
83.88983917236328
85.72669982910156
73.79222869873047
87.75285339355469
82.63185119628906
81.88175964355469
85.00405883789062
64.44855499267578
81.97130584716797
78.00042724609375
74.10470581054688
79.1651611328125
66.95501708984375
76.30975341796875
73.86393737792969
71.47496795654297
74.64468383789062
57.83537292480469
75.05206298828125
68.89348602294922
72.57589721679688
74.73013305664062
67.92402648925781
75.72908782958984
74.2646255493164
75.6777572631836
75.5561752319336
77.77894592285156
70.70079040527344
77.5428466796875
72.30050659179688
73.87196350097656
75.59242248535156
63.47806930541992
75.76124572753906
68.08714294433594
74.77176666259766
75.1438217163086
68.10932922363281
77.24148559570312
65.0389175415039
78.21729278564453
76.73552703857422
77.34932708740234
82.181884765625
73.81363677978516
84.79460906982422
81.67864990234375
84.06932830810547
85.98738098144531
77.28759765625
85.57068634033203
79.57598876953125
81.52672576904297
82.52401733398438
71.27922058105469
81.40570831298828
74.43917846679688
77.67609405517578
79.30734252929688
68.9951171875
79.73619842529297
75.37156677246094
75.21519470214844
78.91934204101562
62.65184020996094
78.46053314208984
74.85990142822266
72.46393585205078
77.96884155273438
58.254215240478516
78.41110229492188
73.15331268310547
76.76005554199219
78.387939453125
74.64801788330078
77.27957916259766
78.26969146728516
72.51902770996094
78.19453430175781
76.56228637695312
73.99713134765625
79.3340072631836
71.78093719482422
77.75965118408203
77.72406768798828
71.81307983398438
79.19561767578125
74.09577941894531
77.48188018798828
79.26542663574219
71.99742126464844
79.67829132080078
77.60569763183594
74.97098541259766
79.90174102783203
72.80055236816406
79.28641510009766
79.43891906738281
73.04468536376953
81.305908203125
75.67430877685547
78.708740234375
81.60542297363281
71.66182708740234
82.45740509033203
79.43484497070312
78.47432708740234
83.58464050292969
74.53389739990234
83.1091079711914
82.86837768554688
77.4041976928711
85.44622039794922
79.84203338623047
84.10926055908203
86.2055892944336
78.13725280761719
87.8409194946289
84.0289077758789
85.39851379394531
87.32342529296875
80.04087829589844
84.67317962646484
79.76671600341797
80.18692016601562
78.70281982421875
80.88642883300781
75.76117706298828
82.94710540771484
79.82772064208984
82.39222717285156
85.80426025390625
76.9981460571289
88.49577331542969
85.13444519042969
86.52682495117188
90.8756332397461
79.96417236328125
91.2167739868164
88.96775817871094
85.68338012695312
91.38809204101562
81.81611633300781
88.736083984375
88.17901611328125
79.8154296875
88.2469253540039
82.38703155517578
84.21246337890625
86.22942352294922
75.43190002441406
85.342041015625
82.4664077758789
79.63036346435547
84.97116088867188
76.48680877685547
82.66549682617188
82.6266098022461
74.90314483642578
83.39856719970703
78.1328353881836
79.50039672851562
82.2400894165039
72.407470703125
81.34610748291016
78.94799041748047
75.35064697265625
80.76335906982422
67.6592788696289
79.07572937011719
75.71035766601562
75.9974365234375
79.33431243896484
76.37944793701172
77.93914031982422
79.29784393310547
76.29972839355469
78.55817413330078
79.3627700805664
75.32133483886719
79.65248107910156
76.59917449951172
76.8631820678711
78.20608520507812
74.42645263671875
78.4886703491211
77.34943389892578
77.91325378417969
79.37155151367188
81.53874969482422
75.95912170410156
82.9234848022461
78.60396575927734
78.22047424316406
80.65713500976562
63.05624008178711
79.0976333618164
70.57908630371094
75.53694152832031
76.16205596923828
65.157958984375
77.02030181884766
72.47196197509766
72.74270629882812
77.64334106445312
63.37510681152344
76.36502075195312
74.24636840820312
72.20152282714844
77.2852783203125
62.56739807128906
78.32723236083984
73.59870910644531
76.7005615234375
79.27462005615234
68.59759521484375
81.40818786621094
76.60613250732422
79.77295684814453
79.98346710205078
77.8310775756836
78.759765625
73.58900451660156
78.00625610351562
63.61979293823242
76.22736358642578
71.13651275634766
72.95531463623047
75.09656524658203
66.67071533203125
76.59984588623047
67.14354705810547
76.36212158203125
76.15465545654297
68.84857177734375
78.51375579833984
70.61160278320312
76.60492706298828
