70.53497314453125
60.51384353637695
70.68246459960938
69.98605346679688
65.50993347167969
73.89682006835938
64.73155212402344
75.21410369873047
73.28743743896484
74.13380432128906
77.26534271240234
67.22905731201172
74.62313079833984
66.79182434082031
69.28890991210938
68.84864807128906
58.18836212158203
64.57896423339844
45.24713897705078
58.73765563964844
58.96464920043945
57.11311340332031
46.26429748535156
59.44593811035156
59.4937629699707
60.47811508178711
68.59539031982422
60.9417724609375
72.48917388916016
70.7212142944336
69.87239074707031
72.88502502441406
54.311092376708984
70.1414794921875
60.513282775878906
66.73004913330078
65.51036834716797
57.41817855834961
66.16775512695312
52.1642951965332
64.45867919921875
61.43340301513672
62.031803131103516
60.78071594238281
62.184326171875
65.3887710571289
53.80937957763672
64.81119537353516
55.010135650634766
63.09538650512695
63.0586051940918
59.012054443359375
65.24955749511719
45.14942932128906
66.01409149169922
63.78104019165039
61.518672943115234
66.9727554321289
56.21659851074219
67.05433654785156
66.29896545410156
65.81248474121094
65.92550659179688
60.10993576049805
68.53904724121094
62.47010803222656
67.7891845703125
66.89471435546875
64.0687484741211
68.87760925292969
62.82282257080078
68.79183197021484
64.45811462402344
66.95928192138672
68.59262084960938
62.71691131591797
69.6659927368164
65.88762664794922
70.305908203125
69.82904815673828
71.32694244384766
72.27284240722656
72.80979919433594
75.57681274414062
74.0978012084961
79.40345001220703
76.0097885131836
83.98320770263672
81.02226257324219
84.86384582519531
84.54553985595703
79.39044952392578
84.74210357666016
73.57586669921875
82.44505310058594
78.64556884765625
78.07315063476562
80.85594940185547
66.75421142578125
81.23397064208984
73.5088882446289
78.39645385742188
79.46369934082031
71.08077239990234
81.30897521972656
70.57299041748047
80.32405090332031
79.59317016601562
75.6956558227539
83.09764862060547
68.84828186035156
83.48582458496094
81.96564483642578
79.55448913574219
85.23312377929688
75.14341735839844
82.62650299072266
80.29285430908203
74.69641876220703
78.84051513671875
75.51815032958984
72.479248046875
75.92396545410156
73.82396697998047
70.94245910644531
76.24002075195312
72.77444458007812
75.0309829711914
77.6370849609375
66.88052368164062
78.6097183227539
76.05323791503906
75.91925048828125
81.01895141601562
67.99847412109375
81.73749542236328
80.70693969726562
77.96050262451172
85.14617156982422
73.75431060791016
85.2465591430664
84.82774353027344
77.77009582519531
85.79268646240234
78.33488464355469
80.4457778930664
78.81929016113281
76.75214385986328
71.09735870361328
80.71348571777344
73.58690643310547
83.3327407836914
84.1098403930664
79.74298095703125
88.06648254394531
82.61312103271484
88.60311889648438
90.19971466064453
85.01654052734375
93.51422119140625
87.50643157958984
92.23545837402344
91.76403045654297
86.53776550292969
91.69927215576172
84.45623016357422
89.32792663574219
87.7299575805664
85.10897827148438
88.72732543945312
82.63469696044922
87.62584686279297
85.41647338867188
85.187255859375
87.2215347290039
82.99164581298828
87.31556701660156
84.66535949707031
86.2894515991211
86.90572357177734
85.0667953491211
87.8127670288086
85.20978546142578
87.9012680053711
86.19921112060547
86.79325866699219
86.22403717041016
84.55189514160156
85.35482788085938
81.94628143310547
83.92765808105469
79.6527099609375
82.42046356201172
80.12973022460938
80.73355865478516
81.6734390258789
78.67074584960938
82.48359680175781
78.73074340820312
82.27836608886719
82.0430908203125
80.23705291748047
83.89784240722656
80.19036102294922
83.77167510986328
82.5307388305664
81.6218490600586
84.24800109863281
79.24189758300781
83.56853485107422
80.927734375
79.97164154052734
82.23629760742188
74.72023010253906
80.69661712646484
76.25775146484375
76.9322509765625
78.5055923461914
70.06221008300781
77.40955352783203
70.0911865234375
74.71536254882812
74.62548065185547
66.72240447998047
75.19863891601562
65.60562896728516
72.71359252929688
71.6366958618164
66.19204711914062
72.42171478271484
61.06639099121094
71.35710144042969
66.7088394165039
66.88079833984375
70.09950256347656
55.4751091003418
69.70645141601562
66.24674987792969
67.21743774414062
68.8250503540039
54.9078254699707
69.89954376220703
59.88960266113281
67.02516174316406
65.83464813232422
62.47739791870117
67.90408325195312
53.13834762573242
69.65372467041016
63.78213882446289
65.37409973144531
68.63334655761719
57.037715911865234
67.84503936767578
62.64280700683594
62.765933990478516
68.15240478515625
47.00740432739258
67.0210952758789
52.13856887817383
65.46681213378906
63.792118072509766
58.64891815185547
66.3904800415039
55.042640686035156
65.24726867675781
58.174400329589844
64.7367935180664
63.57719802856445
63.615726470947266
68.57459259033203
59.736263275146484
71.3125991821289
64.58615112304688
73.85826873779297
72.51136016845703
75.73471069335938
77.18367004394531
75.2421875
79.51275634765625
74.021728515625
79.22078704833984
74.65011596679688
76.68651580810547
75.93955993652344
72.61672973632812
77.04276275634766
67.50452423095703
77.59168243408203
72.83921813964844
75.87061309814453
77.85639953613281
70.88545227050781
79.69049072265625
75.28190612792969
78.46234893798828
80.68970489501953
74.312744140625
83.4328842163086
77.7628173828125
83.15234375
84.42459869384766
79.18526458740234
86.43704986572266
80.31117248535156
84.25624084472656
83.65269470214844
78.06680297851562
83.50077056884766
77.07320404052734
80.36076354980469
80.00061798095703
74.78526306152344
79.92571258544922
74.67971801757812
77.21701049804688
77.15521240234375
73.0933609008789
77.71411895751953
72.1768798828125
75.71304321289062
76.3687973022461
71.81623077392578
76.88289642333984
73.0113754272461
75.16470336914062
75.96489715576172
71.21930694580078
76.6027603149414
72.59710693359375
75.35543060302734
76.37230682373047
72.05388641357422
78.56714630126953
73.22370910644531
78.30420684814453
78.76720428466797
75.23499298095703
82.32279205322266
76.29039764404297
82.6819839477539
82.94412994384766
79.432373046875
86.09312438964844
76.39907836914062
83.35060119628906
80.28739929199219
75.87812805175781
79.2873764038086
64.18768310546875
76.97229766845703
72.1180648803711
71.04502868652344
72.70374298095703
56.90128707885742
72.10980224609375
62.73516845703125
69.61964416503906
66.56111145019531
63.88381576538086
67.8531723022461
44.32227325439453
68.70431518554688
58.94456100463867
67.2077407836914
67.9773178100586
62.163909912109375
69.0509262084961
63.619564056396484
69.22793579101562
67.63963317871094
69.49298095703125
69.17611694335938
71.0863037109375
69.87183380126953
73.29120635986328
73.76829528808594
75.1487045288086
79.7234115600586
74.02723693847656
81.93766784667969
73.11128997802734
78.33010864257812
76.75218963623047
70.50334167480469
75.4503402709961
70.58470153808594
74.10453796386719
68.23949432373047
78.00343322753906
64.74938201904297
79.44485473632812
77.49203491210938
76.78282165527344
80.60105895996094
73.41434478759766
79.11572265625
76.6544189453125
76.13129425048828
77.5615005493164
72.23762512207031
76.66087341308594
74.19559478759766
74.1819839477539
75.44270324707031
69.69537353515625
74.94630432128906
69.86888122558594
72.76393127441406
72.91567993164062
69.13007354736328
74.22761535644531
68.75850677490234
75.67462158203125
72.41404724121094
75.14447021484375
74.32275390625
73.40239715576172
75.57678985595703
73.84928131103516
73.8795166015625
74.14105224609375
73.08711242675781
74.88973999023438
73.2142562866211
73.51312255859375
74.1993179321289
73.34025573730469
74.84870147705078
73.21434783935547
74.35954284667969
74.04670715332031
73.15771484375
75.62770080566406
73.80591583251953
75.5995101928711
75.20008850097656
74.3123550415039
75.85380554199219
74.22574615478516
76.03101348876953
75.75543975830078
74.82139587402344
76.50090789794922
73.46539306640625
76.59364318847656
74.87345886230469
75.01628112792969
77.91197204589844
71.97837829589844
79.8385009765625
75.54735565185547
80.0743408203125
80.591796875
77.36671447753906
82.72380828857422
71.86077117919922
80.05134582519531
74.4815673828125
73.51292419433594
74.17390441894531
64.84457397460938
72.78828430175781
61.44722366333008
72.6426010131836
69.6182861328125
71.24706268310547
74.844482421875
69.28590393066406
76.12432098388672
73.87641906738281
75.45450592041016
77.88495635986328
73.32791900634766
79.84302520751953
77.49323272705078
79.47052764892578
82.017822265625
77.27529907226562
83.99182891845703
79.9608154296875
82.870849609375
83.89128112792969
77.66150665283203
84.01720428466797
76.87117004394531
80.67147827148438
79.8359375
72.78150939941406
79.70454406738281
68.23600769042969
77.17813110351562
73.64189910888672
73.45655059814453
76.61190032958984
66.19808959960938
78.7176284790039
68.0662841796875
80.42230987548828
79.0196762084961
78.9760513305664
84.54335021972656
76.37736511230469
87.164794921875
84.15030670166016
86.19140625
88.3021469116211
82.04337310791016
88.33251190185547
83.25515747070312
85.37102508544922
84.94469451904297
80.59712219238281
84.39828491210938
79.54387664794922
83.1055679321289
81.88653564453125
81.74115753173828
83.1568832397461
81.3521728515625
82.63717651367188
82.02804565429688
82.38970184326172
82.36046600341797
82.87033081054688
81.16450500488281
82.20761108398438
81.00436401367188
78.61043548583984
80.39994049072266
70.12393188476562
78.72819519042969
69.05802917480469
76.62435913085938
73.29241180419922
74.53008270263672
77.52713012695312
66.6816177368164
79.61517333984375
70.9363021850586
79.12313079833984
79.48802185058594
73.74373626708984
82.2054672241211
71.8331298828125
79.18535614013672
76.57321166992188
70.5595474243164
75.70682525634766
63.113502502441406
73.63931274414062
57.89704132080078
73.139404296875
69.35039520263672
70.8528823852539
74.03231811523438
66.82119750976562
76.14505767822266
72.55329132080078
75.31990051269531
75.19412994384766
73.4760971069336
74.02495574951172
73.2111587524414
69.751220703125
72.45470428466797
68.6707763671875
71.0300064086914
72.51209259033203
68.02171325683594
75.33425903320312
66.2882308959961
73.97723388671875
71.87093353271484
67.08735656738281
72.49478912353516
