65.76331329345703
71.6087646484375
75.23302459716797
54.41490936279297
77.26807403564453
74.88543701171875
71.76531982421875
80.42826843261719
73.94867706298828
79.1098403930664
82.35806274414062
53.64630889892578
83.73596954345703
80.68460083007812
73.6766128540039
79.37274932861328
68.62018585205078
69.07540893554688
68.5564956665039
56.774993896484375
61.435943603515625
63.230003356933594
59.0290641784668
69.47636413574219
65.5960464477539
69.4218978881836
72.12733459472656
60.98569869995117
77.49760437011719
77.63587188720703
69.61551666259766
80.72613525390625
71.05596923828125
77.3610610961914
76.79824829101562
60.079345703125
71.6438980102539
65.56393432617188
64.28889465332031
69.6492919921875
65.15873718261719
65.03263092041016
66.66230010986328
56.16410827636719
71.01451110839844
68.91311645507812
53.3676872253418
68.76299285888672
57.69629669189453
71.04678344726562
73.54688262939453
49.237247467041016
70.39212799072266
69.28057861328125
69.45845031738281
75.97989654541016
69.04071807861328
69.7854232788086
72.87116241455078
55.15754318237305
76.12781524658203
73.8780517578125
66.65803527832031
74.4924087524414
65.44229888916016
73.52535247802734
75.54997253417969
55.92289733886719
74.30062866210938
73.10034942626953
69.01323699951172
77.18367004394531
69.86653900146484
74.30159759521484
77.51229095458984
55.094078063964844
79.11966705322266
77.70970153808594
70.76449584960938
81.48033142089844
74.19149017333984
81.16987609863281
84.67320251464844
58.565635681152344
87.59550476074219
86.79896545410156
81.69834899902344
90.75890350341797
82.06533813476562
86.77908325195312
88.07902526855469
56.23310470581055
85.85935974121094
82.45411682128906
77.66758728027344
84.95118713378906
76.71111297607422
79.43989562988281
81.78809356689453
57.826515197753906
81.76922607421875
79.45199584960938
71.40202331542969
81.03665161132812
72.08821868896484
79.46034240722656
81.86136627197266
61.19269561767578
80.83097839355469
78.93353271484375
75.67347717285156
83.00292205810547
74.6541976928711
77.56239318847656
76.2003173828125
51.47785568237305
73.27079772949219
73.87064361572266
69.5960693359375
80.6063232421875
72.43885040283203
80.45586395263672
84.0625
57.32612991333008
85.20636749267578
83.48849487304688
79.81478881835938
88.44851684570312
78.95906829833984
85.77279663085938
86.86331176757812
52.55534362792969
84.76959228515625
81.14220428466797
75.70477294921875
83.05302429199219
74.5575942993164
80.98343658447266
83.811279296875
56.30879592895508
83.82166290283203
81.99032592773438
78.0101089477539
86.84841918945312
80.4259262084961
85.05714416503906
88.51461029052734
62.484535217285156
88.91168212890625
86.55998992919922
82.65876770019531
90.38507080078125
82.61878967285156
88.250732421875
91.19255828857422
61.5313720703125
92.96859741210938
91.57384490966797
87.44924926757812
96.85922241210938
89.67864227294922
96.13825225830078
99.10513305664062
68.22698211669922
100.00051879882812
97.302734375
91.7464370727539
99.32598114013672
90.2148666381836
95.29351043701172
97.0216293334961
61.94622039794922
96.26465606689453
93.50183868408203
88.05245208740234
96.01000213623047
87.33062744140625
92.64176940917969
94.85012817382812
52.40040969848633
94.51884460449219
92.24822235107422
87.2623519897461
95.38836669921875
87.04017639160156
92.4067153930664
94.85477447509766
61.82826614379883
95.3282470703125
93.23698425292969
88.05545806884766
96.53430938720703
88.42619323730469
94.32447052001953
96.9371566772461
48.22831344604492
97.66930389404297
95.75093078613281
91.11717987060547
99.89900970458984
92.08394622802734
97.8232650756836
100.51219177246094
62.571266174316406
100.8870620727539
98.22427368164062
92.71258544921875
99.97880554199219
90.37762451171875
94.97614288330078
96.08272552490234
61.3901252746582
94.17225646972656
90.62745666503906
84.1393051147461
91.51097869873047
81.71646881103516
87.19263458251953
88.47811126708984
50.67274475097656
86.63053131103516
83.23394012451172
78.4568862915039
85.85401916503906
77.44185638427734
81.13341522216797
82.97354125976562
51.019718170166016
82.82843017578125
80.266845703125
73.0381088256836
81.11595153808594
72.38284301757812
78.88294982910156
79.92179107666016
53.26127243041992
78.65509796142578
75.542236328125
72.33979034423828
79.6307601928711
72.01944732666016
74.90806579589844
77.38886260986328
53.01251220703125
77.49710083007812
75.46739196777344
65.01554870605469
76.31708526611328
66.20316314697266
75.36434173583984
76.16004943847656
55.36972427368164
73.67362976074219
71.01879119873047
68.69478607177734
76.05587005615234
69.75711822509766
71.57991790771484
73.58506774902344
52.61677169799805
74.00877380371094
71.31866455078125
64.79370880126953
72.53445434570312
63.09770202636719
70.51697540283203
71.9492416381836
50.50336456298828
70.2060546875
66.9790267944336
62.183902740478516
63.782501220703125
58.561424255371094
70.4378890991211
75.28437042236328
55.635528564453125
81.534423828125
81.3126220703125
76.33602905273438
84.95049285888672
76.46928405761719
81.9569320678711
83.75874328613281
61.06499099731445
83.27407836914062
81.28590393066406
76.6926498413086
85.39228820800781
77.78044891357422
82.7367935180664
85.86054992675781
45.883750915527344
87.31571197509766
85.82365417480469
80.88043212890625
90.58963012695312
83.27476501464844
89.74822235107422
93.15794372558594
52.6032829284668
94.49857330322266
92.18352508544922
86.4681396484375
94.22777557373047
85.01065826416016
89.73566436767578
91.1266098022461
48.56145477294922
89.82467651367188
86.92618560791016
81.81787109375
89.02958679199219
80.01971435546875
85.35222625732422
87.1041488647461
52.485843658447266
85.33076477050781
81.05226135253906
75.71842956542969
82.69757843017578
73.88900756835938
78.86871337890625
81.27886199951172
53.53987503051758
82.0900650024414
79.12150573730469
74.48528289794922
82.79015350341797
74.19749450683594
80.18206024169922
82.9215316772461
56.10679244995117
82.86628723144531
81.08074951171875
76.79841613769531
84.98921203613281
77.6900863647461
82.5101318359375
85.74371337890625
54.58921432495117
87.72034454345703
86.66697692871094
81.81607818603516
92.03125
84.64151000976562
90.24849700927734
91.7902603149414
60.50675582885742
89.24854278564453
85.46473693847656
78.30782318115234
85.47702026367188
75.75715637207031
80.4003677368164
81.63835144042969
56.24099349975586
79.40001678466797
76.19701385498047
71.13105010986328
77.6692123413086
69.20855712890625
73.22559356689453
74.07079315185547
55.09484100341797
74.89142608642578
72.16985321044922
65.3084716796875
74.4789810180664
68.07372283935547
72.49601745605469
74.18408966064453
51.36443328857422
73.52964782714844
71.38997650146484
64.57096099853516
72.76836395263672
60.13728332519531
65.82695007324219
68.59666442871094
56.49384689331055
69.39508056640625
68.68838500976562
65.64643096923828
73.83970642089844
68.88899993896484
72.55429077148438
77.5219497680664
53.6881103515625
81.56798553466797
80.74313354492188
76.37542724609375
86.09786987304688
76.8053970336914
81.74871826171875
83.0800552368164
56.68033981323242
83.19292449951172
81.9094009399414
77.26741790771484
85.93263244628906
77.30445098876953
83.35626220703125
85.2484130859375
56.28350067138672
84.63391876220703
81.81515502929688
76.77555084228516
84.51300048828125
76.11817932128906
80.30805206298828
82.24574279785156
50.77898025512695
82.05001831054688
79.2302017211914
73.11486053466797
80.88516235351562
71.28594207763672
77.87541198730469
80.10707092285156
57.421653747558594
79.57762908935547
77.49099731445312
73.48758697509766
82.10295104980469
74.2398681640625
79.3365478515625
82.04795837402344
55.170318603515625
81.98983001708984
79.59896850585938
73.81464385986328
81.93924713134766
74.05184173583984
79.09851837158203
81.61770629882812
47.2172737121582
81.29068756103516
78.83482360839844
74.3509521484375
82.19869995117188
74.0676498413086
78.50692749023438
81.19670867919922
39.85667037963867
81.17582702636719
78.63179016113281
72.83724975585938
81.21282196044922
72.70747375488281
78.35136413574219
81.51518249511719
51.756168365478516
83.47120666503906
82.72032165527344
79.06065368652344
88.04563903808594
80.24403381347656
86.1580810546875
88.59599304199219
58.54926300048828
89.28186798095703
86.9056396484375
82.07260131835938
89.0912857055664
79.58535766601562
84.2818374633789
86.00992584228516
60.07584762573242
87.02232360839844
85.26191711425781
80.51036071777344
89.15745544433594
81.09556579589844
87.31632995605469
90.50115203857422
56.209781646728516
91.8228530883789
90.2032699584961
85.64055633544922
94.0468978881836
85.4926528930664
90.09465789794922
91.59536743164062
61.57223892211914
89.72804260253906
86.18506622314453
79.8961181640625
87.03430938720703
77.65594482421875
82.35746765136719
83.75142669677734
54.551483154296875
82.07820129394531
79.41183471679688
75.2977523803711
83.89521789550781
76.48133850097656
83.0902099609375
86.52082061767578
56.54023361206055
89.0251235961914
86.74461364746094
81.66593933105469
89.22801971435547
80.12300872802734
84.29983520507812
85.47350311279297
52.634788513183594
83.36129760742188
80.27802276611328
73.51354217529297
83.0035400390625
76.61128234863281
83.75137329101562
88.25611877441406
60.583396911621094
89.77789306640625
87.24321746826172
81.55501556396484
89.18624114990234
80.11925506591797
85.19921112060547
87.04547882080078
54.52335739135742
86.44700622558594
83.78181457519531
79.46504211425781
88.62310791015625
81.20921325683594
87.39349365234375
90.05797576904297
54.298587799072266
89.89379119873047
87.08513641357422
82.00130462646484
88.98558807373047
79.03582000732422
82.89586639404297
83.99029541015625
53.009788513183594
83.81937408447266
81.9599838256836
77.27640533447266
86.14685821533203
78.19291687011719
83.61103820800781
84.76925659179688
58.96455764770508
80.71966552734375
76.51618957519531
70.40585327148438
77.5942611694336
70.3809585571289
74.61174774169922
78.38291931152344
47.18266677856445
81.65467834472656
80.69938659667969
76.07571411132812
85.0737533569336
77.2735366821289
83.50543212890625
85.92572021484375
41.98368453979492
84.89906311035156
81.76673126220703
75.40467834472656
81.98014068603516
71.50839233398438
76.67798614501953
78.07374572753906
57.326194763183594
76.89954376220703
74.26979064941406
69.15386199951172
75.66084289550781
