64.4570083618164
66.45353698730469
71.77545928955078
53.665130615234375
74.47509765625
73.2219467163086
71.22734069824219
79.95990753173828
73.06034851074219
78.88842010498047
81.50821685791016
57.96900939941406
81.0093994140625
77.01265716552734
66.42880249023438
73.46771240234375
61.70332717895508
68.81551361083984
67.2866439819336
58.45551681518555
66.50888061523438
63.49728775024414
55.14799880981445
70.14167022705078
62.204444885253906
70.32637023925781
74.97573852539062
58.03439712524414
77.54196166992188
75.9533920288086
72.29743957519531
77.75614166259766
69.36495208740234
68.51934051513672
67.24281311035156
57.10264205932617
64.13834381103516
51.797096252441406
55.54240798950195
62.058616638183594
48.88758850097656
59.74050521850586
64.27268981933594
56.108642578125
62.35055160522461
63.815494537353516
60.06939697265625
68.09406280517578
54.82444763183594
67.76187133789062
70.8401870727539
52.83390426635742
71.34770965576172
69.05653381347656
61.708885192871094
71.95797729492188
61.09642028808594
71.48714447021484
72.93408203125
57.149532318115234
73.02049255371094
72.26354217529297
63.520851135253906
74.29753112792969
65.61712646484375
72.52550506591797
75.45746612548828
53.19382095336914
76.00354766845703
73.76573944091797
65.58100891113281
76.00569915771484
68.8758544921875
74.45084381103516
76.7163314819336
56.5212516784668
78.69874572753906
77.18719482421875
70.82378387451172
80.02227783203125
71.90095520019531
77.79530334472656
80.98902130126953
58.83289337158203
83.22083282470703
81.66552734375
76.60833740234375
86.63227081298828
79.3470230102539
85.57067108154297
87.96031188964844
58.340057373046875
87.35712432861328
84.09429168701172
77.970703125
85.68798065185547
76.0936279296875
81.82918548583984
83.97843933105469
56.04549789428711
83.81743621826172
81.28611755371094
75.49332427978516
82.11366271972656
70.18811798095703
75.37712097167969
74.82048797607422
57.330810546875
53.740787506103516
63.46456527709961
64.11528778076172
72.69172668457031
67.46681213378906
71.76912689208984
75.14739227294922
56.40226745605469
77.8863296508789
75.78636932373047
72.19452667236328
80.14250183105469
72.97882843017578
76.84468841552734
79.96163177490234
56.768733978271484
81.15621948242188
79.21731567382812
74.67574310302734
83.02185821533203
75.57574462890625
80.13080596923828
83.01219177246094
42.624977111816406
83.8667984008789
81.80675506591797
77.54850006103516
86.22364807128906
78.51324462890625
83.9012451171875
87.3388900756836
51.3001594543457
89.67388153076172
88.7603988647461
85.22172546386719
94.32292938232422
86.3849105834961
91.34669494628906
93.59893035888672
56.6259765625
91.50834655761719
86.22366333007812
77.10607147216797
85.37265014648438
79.07672119140625
86.39289855957031
89.97686767578125
58.06944274902344
90.67133331298828
86.92829895019531
79.7730712890625
86.83570098876953
77.1290512084961
79.68738555908203
79.68075561523438
42.59026336669922
75.13428497314453
69.66730499267578
60.484615325927734
70.12654876708984
66.10860443115234
70.88394165039062
75.14910125732422
56.334083557128906
76.2978515625
75.2347412109375
71.09459686279297
80.18232727050781
72.463623046875
77.81217956542969
80.7932357788086
55.54051208496094
80.82279968261719
78.64834594726562
73.63507080078125
82.7656021118164
74.6347427368164
81.215576171875
83.86540222167969
52.81315612792969
83.99490356445312
82.27935791015625
78.01519012451172
86.0107421875
77.95001220703125
84.04698944091797
86.6571273803711
50.00694274902344
87.17039489746094
85.21575164794922
80.46025848388672
89.09547424316406
80.93658447265625
87.15132904052734
89.97177124023438
59.12532424926758
90.83704376220703
89.1463394165039
84.65686798095703
93.54080963134766
85.5071029663086
91.88312530517578
94.34119415283203
60.0111198425293
93.78413391113281
90.58336639404297
84.92002868652344
92.00277709960938
82.92335510253906
87.83354187011719
89.52146911621094
52.32438278198242
87.98148345947266
84.7330551147461
79.51909637451172
86.44013214111328
76.8584976196289
81.91544342041016
83.45427703857422
57.883995056152344
82.15206146240234
78.90465545654297
74.11754608154297
81.44758605957031
71.70752716064453
77.8987808227539
79.53141784667969
52.95957946777344
78.05186462402344
75.58369445800781
71.2181625366211
77.93878936767578
69.6995849609375
75.68216705322266
77.37208557128906
56.493221282958984
76.53533935546875
74.14450073242188
69.16764068603516
76.95523834228516
67.21857452392578
74.5178451538086
76.22938537597656
51.85350036621094
75.72502899169922
74.06004333496094
67.55596923828125
75.54054260253906
67.26746368408203
74.16004943847656
74.75472259521484
56.26126480102539
75.5826187133789
72.73133850097656
66.79571533203125
73.98815155029297
65.54022216796875
72.75751495361328
74.84774017333984
56.282955169677734
74.8983154296875
73.50521087646484
65.74082946777344
76.87084197998047
69.37106323242188
76.24127960205078
78.22615051269531
53.72251892089844
74.63136291503906
71.33299255371094
56.59096908569336
67.47659301757812
57.30983352661133
63.00505447387695
68.30416107177734
53.651920318603516
72.69425964355469
72.74068450927734
69.21263885498047
78.98689270019531
73.5887451171875
78.89595031738281
83.15863037109375
55.69840621948242
84.84498596191406
83.09647369384766
78.01142120361328
87.58349609375
80.2727279663086
86.11753845214844
89.34455871582031
49.488128662109375
91.27508544921875
89.6094741821289
84.14263916015625
92.66661834716797
83.94567108154297
88.55083465576172
90.0435791015625
57.47747039794922
88.45211791992188
85.52593231201172
78.96517181396484
86.903564453125
77.8691177368164
82.92249298095703
85.02928161621094
57.140541076660156
84.38290405273438
81.61764526367188
75.85966491699219
84.06485748291016
75.29715728759766
81.2762222290039
83.4231185913086
58.917938232421875
83.58036804199219
81.57685089111328
75.90330505371094
84.11519622802734
75.08740997314453
81.96591186523438
84.31592559814453
55.072593688964844
84.73560333251953
82.8987808227539
78.05165100097656
87.10000610351562
79.38330078125
86.12461853027344
89.29218292236328
54.30515670776367
90.3783950805664
87.61563110351562
80.97881317138672
87.557861328125
77.38996887207031
81.68107604980469
82.1034164428711
57.59623336791992
78.84083557128906
75.59268951416016
67.84247589111328
75.1354751586914
65.34087371826172
72.05329132080078
71.77694702148438
36.41364288330078
71.80445861816406
68.42047882080078
63.31879806518555
71.33048248291016
62.796775817871094
69.15286254882812
72.15055847167969
55.87232971191406
75.94792175292969
75.02155303955078
70.72440338134766
79.10099792480469
71.32769012451172
75.81842803955078
78.10264587402344
54.0654182434082
78.88628387451172
76.57098388671875
71.28034973144531
79.41627502441406
72.6847152709961
76.56129455566406
79.03577423095703
52.44010925292969
81.47559356689453
80.25545501708984
75.9542007446289
86.39771270751953
79.1168441772461
85.87281036376953
89.32459259033203
51.431758880615234
90.45561981201172
88.11634063720703
82.16644287109375
90.08859252929688
81.11189270019531
85.70282745361328
87.27362823486328
54.73813247680664
85.99195861816406
82.55897521972656
75.59086608886719
82.9888916015625
73.35636901855469
78.80569458007812
81.6097412109375
50.895172119140625
81.41499328613281
79.23011016845703
73.80091857910156
82.39220428466797
74.5394515991211
78.52322387695312
81.18730163574219
41.620670318603516
81.25799560546875
78.84923553466797
73.83162689208984
81.18220520019531
72.87450408935547
75.71881866455078
77.46424102783203
44.08993911743164
76.17498779296875
74.0844955444336
70.71271514892578
77.91661834716797
70.63336181640625
76.36820220947266
80.39313507080078
44.251304626464844
82.51058197021484
80.67139434814453
75.86357879638672
84.21134185791016
75.12339782714844
80.75318908691406
83.36978149414062
48.92967987060547
82.57380676269531
80.68170166015625
75.54248046875
84.04474639892578
75.35111999511719
81.31967163085938
83.56708526611328
54.689937591552734
83.67473602294922
81.30231475830078
76.74674987792969
85.0786361694336
76.31585693359375
82.74464416503906
85.0318603515625
55.852935791015625
85.49907684326172
83.1861801147461
78.7196044921875
87.31509399414062
79.29007720947266
85.34282684326172
87.78995513916016
54.57807540893555
88.53773498535156
86.52991485595703
81.4192886352539
89.43307495117188
80.62692260742188
85.92145538330078
88.0819091796875
48.04624938964844
88.27384948730469
86.65991973876953
81.81949615478516
91.1720199584961
83.49256896972656
89.95275115966797
93.09986114501953
57.5120735168457
93.99989318847656
91.88612365722656
86.55006408691406
94.54420471191406
85.8708267211914
90.68006134033203
92.34723663330078
54.95623016357422
90.86864471435547
87.6926040649414
81.83243560791016
89.61235046386719
80.38740539550781
85.68566131591797
87.91023254394531
55.56236267089844
87.39851379394531
84.78353118896484
79.65525817871094
87.1202163696289
77.99091339111328
83.63768005371094
85.38890075683594
57.05961227416992
84.16865539550781
81.60511779785156
75.27728271484375
83.36033630371094
74.53568267822266
79.3409194946289
81.32630157470703
46.339393615722656
82.19551086425781
80.2068099975586
75.08094787597656
84.33240509033203
75.73485565185547
81.5382308959961
83.59805297851562
50.63067626953125
83.5850830078125
81.01499938964844
74.73397064208984
83.87519836425781
76.11265563964844
82.33026885986328
85.65962219238281
45.371543884277344
86.69637298583984
84.57609558105469
78.61833190917969
87.19287872314453
78.11408233642578
83.08333587646484
84.49278259277344
41.759437561035156
81.10590362548828
77.78368377685547
70.52923583984375
78.64986419677734
70.23069763183594
76.77606201171875
79.28410339355469
56.964942932128906
80.75840759277344
78.55413818359375
71.66592407226562
77.90111541748047
67.13581085205078
70.32215118408203
70.96183013916016
52.68049240112305
71.57495880126953
70.34330749511719
65.84196472167969
74.78311920166016
69.82765197753906
76.4668197631836
80.62390899658203
48.418060302734375
82.41779327392578
80.83211517333984
75.54290008544922
83.28176879882812
73.09290313720703
77.3161392211914
77.14769744873047
45.72959899902344
75.49188995361328
71.44113159179688
64.50383758544922
74.23428344726562
67.1097640991211
71.8311767578125
74.68213653564453
50.695823669433594
75.9224853515625
73.60005950927734
69.1898422241211
77.57343292236328
