70.0313491821289
35.46169662475586
69.7228012084961
63.80802917480469
68.68310546875
70.28417205810547
65.9827651977539
72.95148468017578
65.65739440917969
74.65339660644531
71.73064422607422
75.32225036621094
73.64556884765625
76.60993194580078
74.19943237304688
73.8443603515625
73.67719268798828
67.59368896484375
71.91512298583984
54.44292449951172
67.59207916259766
54.25447463989258
66.09236145019531
63.303924560546875
61.4838752746582
60.76507568359375
64.46537780761719
58.22762680053711
67.3724136352539
59.447853088378906
71.97464752197266
67.50910949707031
69.86796569824219
67.84383392333984
67.48448181152344
65.64665222167969
62.81142807006836
68.51333618164062
55.33805847167969
66.04963684082031
63.061973571777344
63.58930969238281
64.70030212402344
58.13425827026367
65.9269790649414
62.49061965942383
64.66757202148438
63.64035415649414
57.63248825073242
66.59136199951172
57.48631286621094
65.73993682861328
63.379146575927734
60.99940490722656
67.98907470703125
54.30781173706055
67.75123596191406
60.58340072631836
65.10710144042969
65.8362808227539
62.931434631347656
68.36204528808594
53.92843246459961
67.1797103881836
59.27898025512695
65.76738739013672
66.2987289428711
61.070281982421875
68.37873840332031
46.08265686035156
68.37776184082031
59.532432556152344
63.47564697265625
66.18852996826172
55.76414489746094
66.60787963867188
60.25022888183594
66.79080963134766
66.66441345214844
61.09060287475586
69.80919647216797
61.644012451171875
70.11698150634766
66.95021057128906
70.52732849121094
71.87132263183594
69.50103759765625
75.87740325927734
73.24839782714844
78.53987884521484
77.42068481445312
80.08563995361328
78.51630401611328
79.31546783447266
77.6422348022461
76.89653778076172
76.71195220947266
74.1046371459961
76.46271514892578
71.79341888427734
75.8411636352539
72.77383422851562
74.82049560546875
73.79666900634766
73.58698272705078
73.69095611572266
70.19513702392578
70.31349182128906
62.47734832763672
66.23587799072266
63.769386291503906
64.11407470703125
63.89812088012695
66.8788070678711
58.353797912597656
69.25004577636719
54.257747650146484
69.6797866821289
57.57000732421875
67.95410919189453
60.48283767700195
56.39570999145508
67.38614654541016
64.49969482421875
69.95742797851562
69.14447021484375
68.24803924560547
72.14591979980469
69.4453125
74.35820007324219
70.75192260742188
74.57962036132812
72.3416519165039
74.39563751220703
75.20842742919922
73.52417755126953
76.58982849121094
73.6399154663086
78.05046844482422
76.00025939941406
78.03651428222656
78.23233032226562
79.02265167236328
79.88414001464844
79.67044067382812
79.93392944335938
76.72982788085938
76.1019515991211
67.4023666381836
72.7450180053711
65.39877319335938
73.03435516357422
63.46002960205078
73.49075317382812
66.9139633178711
72.61541748046875
70.68758392333984
72.15279388427734
73.62223815917969
72.74296569824219
76.45272064208984
72.88714599609375
78.01880645751953
76.73285675048828
78.98956298828125
79.94271087646484
80.80439758300781
82.4207763671875
82.49324798583984
84.19412231445312
83.03173065185547
84.17164611816406
82.7522964477539
83.09403991699219
82.31715393066406
81.55824279785156
82.32292938232422
80.71237182617188
82.64409637451172
82.0679702758789
83.33880615234375
83.83467864990234
84.19087219238281
84.72052764892578
83.90284729003906
84.71221160888672
83.48491668701172
84.41677856445312
83.42365264892578
83.97653198242188
83.94758605957031
83.35809326171875
84.2765884399414
83.00868225097656
84.19447326660156
83.63368225097656
83.93474578857422
84.08715057373047
83.59559631347656
84.64472961425781
83.85174560546875
84.80413055419922
83.92701721191406
84.7764892578125
84.4952621459961
84.16998291015625
84.56712341308594
83.48350524902344
84.38345336914062
82.64402770996094
83.1723403930664
82.9903564453125
83.17133331298828
84.1142578125
83.7568588256836
85.18848419189453
84.69756317138672
85.6281967163086
86.02747344970703
86.67475891113281
87.63441467285156
87.72140502929688
88.4591293334961
87.87200927734375
88.2120590209961
87.33572387695312
87.02400207519531
85.7816390991211
85.01020050048828
84.40050506591797
82.75996398925781
83.16264343261719
80.47473907470703
81.41494750976562
79.5025863647461
79.47003173828125
78.8438720703125
76.51254272460938
78.3282699584961
75.10954284667969
76.88766479492188
75.11476135253906
74.86775970458984
75.16654968261719
73.00350952148438
75.65099334716797
71.94664764404297
75.13518524169922
73.55923461914062
72.8617172241211
73.78346252441406
70.7177734375
74.1879653930664
69.45923614501953
72.39366149902344
71.28238677978516
70.47418212890625
72.17731475830078
66.82816314697266
72.63516235351562
66.04610443115234
70.37133026123047
70.58843231201172
68.33211517333984
72.205078125
66.25263977050781
71.37740325927734
67.92086029052734
69.59049224853516
71.04568481445312
65.6562728881836
72.66738891601562
71.22727966308594
73.66136169433594
73.81287384033203
74.3371353149414
76.14823150634766
74.45195007324219
77.60396575927734
74.9882583618164
77.77843475341797
75.1587142944336
77.12863159179688
75.90794372558594
74.44707489013672
76.31402587890625
74.64389038085938
77.18588256835938
76.71658325195312
77.91691589355469
79.1270980834961
79.1135025024414
81.26569366455078
80.87857818603516
82.98037719726562
82.87478637695312
84.28292846679688
84.8121109008789
85.92536926269531
86.10122680664062
85.8228530883789
85.78810119628906
84.5595932006836
84.31150817871094
82.28068542480469
82.80831909179688
81.11317443847656
81.07927703857422
80.17144012451172
78.92037200927734
79.31707000732422
77.23320770263672
78.84870147705078
76.4106674194336
77.95631408691406
76.7880630493164
76.4671401977539
76.95218658447266
73.89372253417969
76.66952514648438
73.59589385986328
76.27407836914062
74.5776138305664
74.44088745117188
75.88770294189453
73.26204681396484
76.01383209228516
73.83555603027344
76.30435180664062
74.76332092285156
74.493896484375
75.30243682861328
72.806884765625
76.05976867675781
74.02104949951172
76.09020233154297
75.9856948852539
76.41597747802734
77.5478515625
76.62992858886719
79.12913513183594
77.43424987792969
79.69406127929688
79.81774139404297
80.5202407836914
80.83169555664062
80.30838012695312
80.24151611328125
77.71244812011719
78.0383071899414
74.19532012939453
75.4721908569336
71.39034271240234
71.45281982421875
72.43507385253906
66.89666748046875
71.49405670166016
67.14847564697266
70.40733337402344
70.78050231933594
68.60293579101562
73.80635070800781
72.18791961669922
75.72303009033203
75.28704833984375
76.39311981201172
77.01680755615234
76.51746368408203
76.99765014648438
73.78669738769531
74.88807678222656
71.05447387695312
74.27521514892578
73.50916290283203
74.09049224853516
76.684326171875
74.16434478759766
75.99269104003906
72.4017333984375
73.02493286132812
70.41487121582031
69.87678527832031
70.44708251953125
63.74059295654297
69.93968963623047
65.65145111083984
67.32743072509766
69.36958312988281
67.37550354003906
73.31867980957031
72.42849731445312
75.50001525878906
75.53327941894531
76.27069091796875
77.18928527832031
75.67754364013672
77.2597885131836
74.53352355957031
76.26056671142578
74.24758911132812
74.63245391845703
73.79646301269531
71.69537353515625
74.25518798828125
70.76575469970703
74.24957275390625
74.06497192382812
74.51211547851562
75.54056549072266
73.96279907226562
75.71553039550781
72.8182373046875
75.22334289550781
73.2281723022461
74.05669403076172
74.25066375732422
73.20686340332031
74.32971954345703
71.04689025878906
75.13639068603516
73.07585906982422
72.95587921142578
74.53043365478516
72.51074981689453
75.81451416015625
73.19852447509766
75.56889343261719
74.290283203125
75.13695526123047
75.70790100097656
73.62586212158203
75.99662017822266
73.05926513671875
75.61418914794922
74.79728698730469
74.4508285522461
76.0512924194336
73.80674743652344
76.7946548461914
75.25590515136719
76.56419372558594
76.41343688964844
76.21904754638672
78.04446411132812
76.4807357788086
78.33202362060547
77.26116943359375
78.50611877441406
78.80287170410156
78.67222595214844
80.10490417480469
78.68953704833984
80.89866638183594
79.62049102783203
81.2983627319336
81.67469787597656
81.77498626708984
82.72235107421875
82.28783416748047
83.47737884521484
82.59339141845703
83.28240203857422
81.91927337646484
81.35491180419922
80.58795166015625
79.34923553466797
80.47819519042969
80.0779800415039
81.90873718261719
82.15196228027344
82.9217300415039
83.85743713378906
84.11563873291016
84.98482513427734
84.57162475585938
85.106201171875
85.05810546875
85.23765563964844
85.64553833007812
85.89204406738281
86.41001892089844
85.80657958984375
86.01525115966797
84.96273803710938
84.89521026611328
84.05057525634766
83.47809600830078
83.02360534667969
81.75749206542969
82.24054718017578
80.6449203491211
81.3777084350586
79.97490692138672
79.86304473876953
79.83262634277344
78.70772552490234
79.35037994384766
77.39020538330078
79.01107788085938
77.70577239990234
77.87368774414062
77.60187530517578
76.01013946533203
77.35470581054688
75.29866790771484
76.88111877441406
75.22125244140625
74.53340911865234
75.92925262451172
74.60453796386719
77.4686508178711
76.4645767211914
78.28472137451172
77.76342010498047
77.55486297607422
79.04155731201172
77.44400024414062
78.90685272216797
77.1323013305664
78.05694580078125
76.88300323486328
76.3118667602539
77.16465759277344
75.4824447631836
77.79778289794922
76.75131225585938
77.68231201171875
78.03251647949219
78.41940307617188
79.14466094970703
78.49867248535156
79.9935531616211
79.52069854736328
80.41886901855469
80.66129302978516
80.79911804199219
81.35851287841797
80.6843490600586
81.21559143066406
80.1168441772461
80.92166137695312
80.26131439208984
80.01980590820312
78.81411743164062
77.12922668457031
76.34117126464844
72.66065979003906
73.67922973632812
71.48301696777344
71.75238800048828
73.33384704589844
71.95789337158203
75.79402160644531
74.42444610595703
76.82564544677734
78.43826293945312
78.6388931274414
80.43714141845703
80.126220703125
81.96515655517578
80.84443664550781
81.32869720458984
79.82295227050781
79.16928100585938
78.2625961303711
76.42550659179688
77.07355499267578
73.52840423583984
75.21961975097656
73.96359252929688
74.45779418945312
75.86286163330078
74.06317901611328
75.77399444580078
73.29462432861328
75.62318420410156
