66.93118286132812
72.31560516357422
74.96171569824219
57.9497184753418
77.3028564453125
76.09725952148438
71.56661987304688
79.85363006591797
72.73748779296875
79.66680908203125
83.06431579589844
59.92466735839844
81.21979522705078
77.60633087158203
71.79061889648438
75.37865447998047
67.57972717285156
65.52620697021484
66.66724395751953
52.961578369140625
62.03464126586914
58.99471664428711
56.79888153076172
66.66437530517578
58.76887130737305
69.14927673339844
73.65892028808594
50.92719650268555
76.69880676269531
75.65803527832031
72.67969512939453
80.42727661132812
70.98465728759766
73.11495971679688
73.50138092041016
56.34672546386719
68.57701110839844
65.42546844482422
54.095767974853516
64.71147155761719
58.498870849609375
65.91947937011719
67.89012908935547
52.916927337646484
64.37877655029297
64.21105194091797
64.15296936035156
70.73003387451172
64.16425323486328
66.55223083496094
68.38176727294922
54.516998291015625
73.11736297607422
71.11011505126953
64.20152282714844
71.62962341308594
63.44504928588867
71.84992980957031
74.24385833740234
55.60572814941406
72.3672103881836
69.43180847167969
68.20993041992188
75.0224838256836
65.63883972167969
71.06494903564453
73.3453140258789
36.176090240478516
74.9674301147461
73.65308380126953
68.03024291992188
76.11259460449219
68.04539489746094
75.74168395996094
78.33401489257812
52.585880279541016
79.26358032226562
77.9128189086914
74.76810455322266
83.60346221923828
77.05567169189453
83.18705749511719
86.96037292480469
60.30342102050781
87.93807220458984
84.9630355834961
78.84233856201172
86.07725524902344
77.17930603027344
80.5864486694336
82.12364196777344
50.8397331237793
81.59540557861328
78.61648559570312
71.5186767578125
79.7262191772461
70.15177917480469
76.47514343261719
78.47212219238281
58.34406661987305
77.94456481933594
75.00433349609375
70.7080078125
78.65664672851562
70.71833038330078
75.8907699584961
78.02516174316406
57.903560638427734
79.6072006225586
77.3797836303711
71.55479431152344
80.80923461914062
72.55229187011719
79.42213439941406
82.26016235351562
48.81769561767578
83.29878997802734
81.49589538574219
77.77278137207031
86.14888763427734
78.20682525634766
83.62800598144531
86.36067199707031
58.06011199951172
87.98037719726562
86.03977966308594
82.16832733154297
90.37042236328125
81.67188262939453
87.78669738769531
88.52239227294922
64.39178466796875
85.96307373046875
81.3320541381836
74.21328735351562
80.60875701904297
70.60660552978516
77.15251922607422
79.93402862548828
37.319149017333984
81.2499008178711
80.40740966796875
75.37320709228516
85.34275817871094
78.45606994628906
84.6648178100586
87.8929672241211
48.96320724487305
88.32677459716797
85.54084014892578
79.42890930175781
87.27677154541016
78.62925720214844
83.827880859375
86.53288269042969
54.63383483886719
87.86859130859375
85.97213745117188
81.28844451904297
90.52053833007812
82.74327087402344
89.70329284667969
93.0272216796875
59.77821350097656
95.6275634765625
94.2671127319336
91.17758178710938
99.65445709228516
91.19947052001953
97.28034210205078
99.0264663696289
65.51859283447266
98.01136779785156
95.0002670288086
89.40605926513672
97.10433197021484
88.32749938964844
93.3903579711914
95.41960144042969
57.86581039428711
94.58992004394531
91.63988494873047
85.50178527832031
93.5618667602539
84.89025115966797
90.53743743896484
92.93152618408203
41.97340393066406
92.99203491210938
90.7169418334961
85.74000549316406
94.19345092773438
85.99756622314453
91.54138946533203
94.05159759521484
55.317100524902344
94.82862854003906
92.69163513183594
87.81868743896484
96.48528289794922
88.29971313476562
94.54022216796875
97.20411682128906
57.08762741088867
98.12196350097656
95.92520141601562
91.24932861328125
99.28854370117188
90.24239349365234
95.56612396240234
96.9158935546875
55.15822219848633
95.0003662109375
91.49527740478516
85.30005645751953
92.52476501464844
82.99213409423828
87.53468322753906
88.74183654785156
53.443199157714844
87.23638916015625
84.43688201904297
77.51715850830078
85.57583618164062
75.15003204345703
81.73439025878906
83.15079498291016
55.140647888183594
81.72653198242188
78.58454132080078
73.66490936279297
81.4316635131836
73.6100845336914
77.03306579589844
78.48429107666016
54.79522705078125
79.09410858154297
76.5154037475586
68.90076446533203
77.69371032714844
68.02108001708984
75.31845092773438
77.45671081542969
52.009769439697266
76.03692626953125
72.88970947265625
69.55899047851562
76.16332244873047
67.39515686035156
72.03462982177734
73.57820892333984
47.122032165527344
74.93699645996094
71.38912963867188
65.17588806152344
74.31108856201172
63.459373474121094
71.32775115966797
72.17152404785156
54.50141143798828
71.5274429321289
68.96915435791016
64.71630859375
71.427001953125
65.36302947998047
67.04470825195312
68.56809997558594
57.99272918701172
65.84368896484375
61.38299560546875
55.658958435058594
61.78024673461914
62.855899810791016
70.90892028808594
77.43781280517578
59.90866470336914
80.93827056884766
79.64772033691406
74.81926727294922
82.43113708496094
74.42631530761719
78.2341079711914
80.71870422363281
56.00816345214844
81.53392791748047
79.6715316772461
73.49720764160156
83.10247039794922
74.9792709350586
81.6009521484375
84.42926788330078
55.678226470947266
85.70903015136719
84.35433959960938
79.73660278320312
89.13150024414062
81.8035659790039
88.18124389648438
91.50103759765625
54.06011199951172
92.76016235351562
90.57177734375
85.35285186767578
93.00727081298828
84.04119873046875
88.07266998291016
89.62255096435547
56.37211990356445
88.14576721191406
85.32154083251953
79.13511657714844
87.02128601074219
78.15357971191406
83.23625946044922
85.30792236328125
48.1594352722168
84.73983001708984
81.90547180175781
76.34461975097656
84.01627349853516
74.53421783447266
80.04066467285156
81.83525085449219
56.17889404296875
80.62855529785156
78.47917938232422
73.78910827636719
82.2558822631836
74.27503204345703
79.28426361083984
81.88009643554688
55.05826187133789
82.92659759521484
80.96849822998047
75.97521209716797
84.75945281982422
76.69544219970703
83.36553192138672
86.57644653320312
54.77584457397461
88.47097778320312
87.22208404541016
83.1706771850586
91.9041748046875
83.47210693359375
88.20870208740234
89.35700988769531
48.98874282836914
86.1619644165039
82.10413360595703
76.42668151855469
83.26143646240234
73.58904266357422
77.7072525024414
78.81947326660156
55.958683013916016
77.05905151367188
74.28606414794922
67.91210174560547
75.27104949951172
65.09077453613281
71.13186645507812
73.78182220458984
54.740135192871094
71.43833923339844
68.8729476928711
62.82900619506836
72.14450073242188
66.19453430175781
69.68831634521484
72.9354476928711
35.37123489379883
72.52386474609375
69.94962310791016
64.15242767333984
72.59375762939453
64.12095642089844
67.76787567138672
69.1851577758789
56.2613639831543
63.089622497558594
60.96530532836914
56.206886291503906
68.23348236083984
61.106632232666016
71.9059829711914
75.77822875976562
47.187801361083984
78.8958511352539
77.096923828125
74.71806335449219
83.94917297363281
76.83548736572266
83.8898696899414
87.46145629882812
56.45248794555664
89.1400375366211
86.67849731445312
82.0784683227539
89.51715850830078
80.4613265991211
85.3778305053711
86.68565368652344
59.48463439941406
84.40370178222656
81.20671844482422
72.64254760742188
81.739990234375
72.83358001708984
78.87808990478516
80.93170928955078
53.78194046020508
80.09080505371094
77.25682067871094
72.309326171875
80.98971557617188
72.60549926757812
76.4158935546875
78.74586486816406
52.31982421875
78.9328384399414
77.1102294921875
70.27796173095703
80.05906677246094
71.65091705322266
78.24736785888672
80.56229400634766
52.580894470214844
80.41407775878906
77.71578216552734
73.03425598144531
81.28433227539062
72.5113525390625
77.14875030517578
79.90431213378906
56.33108139038086
80.30889129638672
77.90084838867188
71.7608871459961
81.22986602783203
71.93892669677734
78.66544342041016
80.85336303710938
52.57307052612305
80.59672546386719
79.02853393554688
74.1291732788086
82.71478271484375
74.65064239501953
79.85381317138672
83.09651947021484
46.17105484008789
83.52013397216797
81.08838653564453
75.65044403076172
83.41090393066406
74.41194915771484
76.86708068847656
78.70967102050781
52.35755157470703
77.36381530761719
76.00313568115234
69.38922119140625
79.1998291015625
71.2082290649414
76.64727020263672
79.75922393798828
57.091190338134766
80.19097137451172
79.29537200927734
73.88001251220703
84.00410461425781
77.3016357421875
82.67169952392578
86.38484954833984
57.6124382019043
88.59761047363281
87.0029296875
82.60211944580078
90.79447937011719
81.77466583251953
87.34851837158203
88.7181625366211
49.56589126586914
86.60381317138672
82.9927749633789
77.06736755371094
84.215087890625
74.49658966064453
78.18590545654297
79.418701171875
51.5284423828125
79.35395050048828
76.71019744873047
71.37401580810547
79.96157836914062
72.18769073486328
79.95541381835938
83.7122802734375
55.39798355102539
86.34446716308594
85.03014373779297
81.48993682861328
90.18881225585938
81.5426025390625
87.09519958496094
88.77954864501953
47.19441604614258
87.5931396484375
84.23587036132812
78.081787109375
85.6196060180664
75.83641052246094
80.98053741455078
82.1253662109375
52.15553665161133
80.48432922363281
78.91358947753906
75.08915710449219
85.03216552734375
78.1041488647461
84.71640014648438
86.58963775634766
41.35979080200195
85.42376708984375
82.21683502197266
77.25473022460938
85.12449645996094
77.43831634521484
83.45677185058594
86.50726318359375
57.020851135253906
87.35581970214844
85.00323486328125
79.9323501586914
88.18994903564453
79.2056884765625
85.64986419677734
87.78942108154297
52.52875518798828
87.30658721923828
84.4549331665039
79.91494750976562
88.22064208984375
79.8659439086914
84.96240997314453
86.5061264038086
54.69794845581055
83.86424255371094
79.1521224975586
71.64705657958984
77.61137390136719
67.89644622802734
73.22525024414062
76.61206817626953
50.42315673828125
77.9609146118164
77.37063598632812
73.95809173583984
82.52841186523438
74.76961517333984
80.67411804199219
82.99665832519531
53.70351028442383
82.42155456542969
78.6147689819336
71.90534210205078
78.6568374633789
69.61161041259766
73.66841888427734
75.197509765625
52.456878662109375
73.79676818847656
71.40428161621094
65.76667785644531
72.30191040039062
