61.47153091430664
68.52072143554688
71.87680053710938
52.68391036987305
73.29951477050781
71.8759765625
68.29207611083984
77.02330780029297
70.70418548583984
75.89065551757812
80.18468475341797
44.86160659790039
81.73136138916016
79.68228912353516
73.91476440429688
80.1310043334961
70.2860336303711
72.89910888671875
72.29593658447266
49.96112823486328
66.494384765625
60.38871765136719
53.3220100402832
62.23849105834961
58.27521896362305
64.66983032226562
69.17581176757812
42.99394607543945
74.36833190917969
73.86412811279297
67.94577026367188
77.94488525390625
68.32044219970703
71.30154418945312
71.56890869140625
46.760459899902344
67.00507354736328
64.79286193847656
52.596649169921875
64.6923828125
56.68105697631836
57.39844512939453
61.44084930419922
51.03382110595703
58.39281463623047
59.730133056640625
58.127315521240234
64.1409683227539
59.13497543334961
64.67318725585938
67.44245910644531
45.73585510253906
67.82889556884766
67.33619689941406
61.48713684082031
69.72029876708984
60.20770263671875
68.6038589477539
70.57017517089844
48.457862854003906
71.28789520263672
69.38871002197266
63.8635368347168
72.8138198852539
64.1784896850586
70.01102447509766
71.86531066894531
33.39663314819336
72.91960906982422
70.02420806884766
64.05062103271484
74.1192855834961
66.72512817382812
72.25928497314453
75.34754180908203
49.3798942565918
76.19640350341797
74.73360443115234
69.16981506347656
78.79918670654297
71.0579833984375
77.92878723144531
81.01361846923828
49.33226776123047
83.5014419555664
82.51937103271484
78.0379638671875
87.30875396728516
79.49156188964844
84.2598648071289
86.27051544189453
43.5598030090332
84.67216491699219
81.42144012451172
75.94645690917969
83.44499206542969
74.6072006225586
79.72835540771484
81.6548843383789
39.413429260253906
81.24647521972656
78.70909881591797
74.63787078857422
81.52088928222656
72.76583862304688
76.94657135009766
76.70277404785156
36.606380462646484
69.58954620361328
61.44589614868164
55.43899917602539
69.97272491455078
64.30829620361328
71.83671569824219
75.0506591796875
46.36063003540039
77.57186126708984
76.5760498046875
71.30123138427734
80.35102844238281
73.57656860351562
78.51720428466797
81.55220031738281
46.99882888793945
82.92845153808594
81.08842468261719
77.71187591552734
85.93997192382812
78.31941223144531
84.4415512084961
87.4834213256836
45.06137466430664
89.3403091430664
87.40786743164062
83.93716430664062
91.08208465576172
80.2626953125
84.9897689819336
83.97986602783203
58.92917251586914
80.0730209350586
77.14177703857422
71.71260833740234
80.1281509399414
71.90703582763672
75.38546752929688
77.93434143066406
51.573699951171875
78.8393783569336
77.38388061523438
71.55878448486328
80.19204711914062
71.4050064086914
77.08698272705078
79.47016906738281
49.4616813659668
81.04377746582031
79.3988037109375
74.7293701171875
84.44698333740234
77.36983489990234
83.88223266601562
87.34593963623047
60.69157409667969
89.82157897949219
88.19703674316406
83.82695770263672
92.5129623413086
84.07686614990234
89.6716537475586
91.80535125732422
51.93949890136719
91.42964172363281
88.76178741455078
83.2127685546875
91.37814331054688
82.84431457519531
88.03609466552734
90.06183624267578
54.683048248291016
90.00428771972656
87.41352844238281
82.52812957763672
90.76264953613281
82.34798431396484
87.90969848632812
90.44674682617188
52.42723083496094
91.06230163574219
89.02442932128906
83.95653533935547
92.78269958496094
84.7998046875
90.59337615966797
93.3015365600586
60.422950744628906
94.46329498291016
92.52149963378906
87.90790557861328
96.59552764892578
88.47843170166016
94.1587905883789
96.18604278564453
60.913909912109375
95.22037506103516
91.76335144042969
85.87255859375
92.89685821533203
83.39582061767578
87.70877075195312
88.98405456542969
45.964691162109375
87.25170135498047
84.20328521728516
78.07028198242188
85.50143432617188
76.122802734375
81.25375366210938
82.83028411865234
40.94095230102539
81.73338317871094
78.6180191040039
73.21057891845703
80.9487075805664
71.68523406982422
76.99775695800781
78.06973266601562
50.028194427490234
75.47892761230469
70.76531219482422
63.42099380493164
66.53711700439453
59.197959899902344
61.15005874633789
63.510589599609375
48.35236358642578
65.80889892578125
65.37710571289062
59.211307525634766
68.6396255493164
60.3509407043457
65.03800201416016
67.8621597290039
43.054264068603516
68.78398132324219
65.78145599365234
62.62438201904297
69.90289306640625
62.8686408996582
66.5208740234375
68.44117736816406
46.21452331542969
68.5637435913086
66.5958023071289
57.9312744140625
68.55860137939453
59.981666564941406
65.03374481201172
66.40640258789062
38.720359802246094
67.85963439941406
65.68704986572266
58.537601470947266
67.83515167236328
60.48332595825195
66.39854431152344
68.99478149414062
48.596988677978516
68.18014526367188
66.4076919555664
58.99478530883789
68.21475219726562
60.888362884521484
63.21056365966797
66.20436096191406
41.91346740722656
65.22836303710938
64.74346923828125
61.60195541381836
69.37944793701172
65.73735809326172
72.18173217773438
76.74542236328125
49.79745101928711
79.66024017333984
77.98807525634766
72.77653503417969
81.31669616699219
71.99742889404297
78.0826416015625
80.90400695800781
50.96082305908203
81.77943420410156
79.50094604492188
73.90616607666016
83.21215057373047
75.45175170898438
80.45586395263672
83.41658020019531
43.45725631713867
85.08592224121094
83.62500762939453
79.1067886352539
87.84085083007812
79.73056030273438
85.05986785888672
86.91157531738281
54.1475830078125
85.58858489990234
82.36174011230469
76.50896453857422
84.06259155273438
74.60753631591797
79.6778793334961
81.56403350830078
52.341644287109375
80.797119140625
78.11803436279297
72.72095489501953
80.85169219970703
71.69825744628906
77.66854095458984
80.27649688720703
39.53596878051758
80.0927734375
77.94727325439453
72.9114761352539
81.44706726074219
73.96916198730469
79.48078918457031
81.979248046875
44.87234115600586
81.94254302978516
79.07426452636719
73.2844467163086
81.45038604736328
73.19327545166016
80.19097900390625
83.51100158691406
38.025726318359375
84.8839340209961
82.12814331054688
76.02429962158203
82.8541259765625
72.89868927001953
77.86305236816406
78.4407958984375
49.23873519897461
76.18657684326172
73.1725082397461
65.58219909667969
73.99124908447266
64.05812072753906
69.77522277832031
70.7516098022461
38.8525505065918
69.81351470947266
67.33828735351562
61.07038116455078
68.62145233154297
60.37371826171875
64.17240142822266
66.34532165527344
29.87979507446289
65.73934173583984
63.18904113769531
55.78579330444336
62.04562759399414
57.471221923828125
62.49458694458008
61.2657585144043
47.31743240356445
58.277164459228516
48.998268127441406
46.168487548828125
53.28220748901367
37.785423278808594
57.692527770996094
64.405029296875
52.16075897216797
67.30980682373047
63.235713958740234
61.904884338378906
70.37995147705078
64.09294891357422
68.99728393554688
72.00495147705078
40.683692932128906
73.93583679199219
74.01187133789062
69.86257934570312
80.49969482421875
74.0254898071289
81.70600128173828
84.57965087890625
58.60369110107422
86.14896392822266
83.628662109375
79.03466796875
86.56320190429688
77.30439758300781
82.99175262451172
84.39106750488281
53.42710494995117
83.37218475341797
80.6785888671875
75.23394775390625
83.05589294433594
74.52075958251953
79.3770523071289
81.44522094726562
49.453025817871094
80.11710357666016
77.73487091064453
72.35014343261719
80.15264129638672
71.63446807861328
76.45354461669922
79.00768280029297
52.7728157043457
78.28909301757812
75.72615814208984
70.20367431640625
78.65953826904297
70.86055755615234
76.1445541381836
78.78919982910156
39.96969223022461
79.56478118896484
77.76972198486328
72.41960906982422
80.88358306884766
72.63379669189453
77.29310607910156
79.81072998046875
43.35710906982422
80.00181579589844
77.57609558105469
73.39678192138672
81.2840576171875
72.99564361572266
78.72048950195312
81.33131408691406
51.0137939453125
81.86530303955078
79.8902816772461
74.93108367919922
83.31210327148438
75.26277923583984
81.15379333496094
83.72323608398438
33.491233825683594
84.46354675292969
82.59088897705078
78.19383239746094
87.02178192138672
79.3257064819336
85.19328308105469
87.70648193359375
50.724090576171875
86.55582427978516
82.84832000732422
75.4714584350586
81.90570068359375
71.64468383789062
75.93634033203125
79.00857543945312
49.43830490112305
80.18460083007812
79.11647033691406
74.19918823242188
83.87000274658203
76.86954498291016
82.8967514038086
86.16841125488281
53.376277923583984
88.10810089111328
86.7187728881836
82.42868041992188
91.40071868896484
83.622802734375
89.29718780517578
91.59466552734375
47.157108306884766
91.12556457519531
88.11035919189453
82.35673522949219
89.82365417480469
81.08008575439453
85.59651184082031
87.5528335571289
45.680335998535156
87.0103530883789
84.76737976074219
79.3055191040039
87.51529693603516
78.64362335205078
84.00647735595703
86.24752807617188
45.6463623046875
85.66085052490234
83.33419036865234
77.96680450439453
86.21910095214844
77.81664276123047
83.36389923095703
85.74339294433594
53.91393280029297
85.86568450927734
83.29762268066406
77.48540496826172
83.63658905029297
72.54878997802734
75.51024627685547
74.97522735595703
33.48971176147461
69.85294342041016
67.20427703857422
60.677616119384766
71.28374481201172
64.19564056396484
69.41130065917969
72.38045501708984
49.79393005371094
73.37129211425781
69.76554107666016
64.78365325927734
74.8930892944336
66.57547760009766
71.94551086425781
74.05774688720703
42.490203857421875
74.73091888427734
73.08247375488281
67.27265930175781
75.92512512207031
66.77352142333984
73.1864013671875
75.16439056396484
45.05381393432617
75.70112609863281
73.1736831665039
68.72515869140625
76.60669708251953
66.38172149658203
70.454833984375
70.75865936279297
46.522891998291016
70.05508422851562
67.96283721923828
64.169189453125
72.67779541015625
65.67054748535156
71.72814178466797
74.89280700683594
44.753211975097656
76.65216064453125
74.41160583496094
69.53179168701172
77.18479919433594
68.75044250488281
75.20408630371094
77.25730895996094
45.58464050292969
77.73140716552734
76.3644027709961
71.71769714355469
79.6512451171875
72.67196655273438
77.47636413574219
79.71424102783203
42.65668869018555
79.51799774169922
76.68627166748047
70.96369934082031
77.97147369384766
