70.26699829101562
75.95977020263672
80.48866271972656
54.4211311340332
82.85659790039062
81.3822250366211
75.9605484008789
82.95818328857422
73.56338500976562
76.8343734741211
75.8797378540039
60.43805694580078
67.33016204833984
59.706600189208984
62.21760940551758
62.82141876220703
61.05498504638672
64.01895141601562
66.4551010131836
57.006072998046875
71.15892028808594
70.66317749023438
69.408447265625
79.62791442871094
73.00929260253906
78.91658782958984
80.8917236328125
50.93526077270508
77.17000579833984
73.59230041503906
67.51129150390625
72.1379623413086
65.36660766601562
64.31201934814453
63.74612045288086
57.630645751953125
58.95473098754883
51.113555908203125
39.40107345581055
58.155235290527344
52.78628158569336
56.74639892578125
62.272701263427734
52.89211654663086
64.87472534179688
58.393733978271484
52.8848991394043
65.71287536621094
60.91755294799805
66.16952514648438
68.20943450927734
48.78958511352539
69.76441192626953
67.26347351074219
64.15038299560547
72.74620819091797
67.73816680908203
71.06947326660156
73.04532623291016
54.75291442871094
74.1429214477539
72.83668518066406
66.27733612060547
76.31991577148438
68.02323913574219
74.66693878173828
77.56099700927734
52.0020637512207
79.26451873779297
77.62417602539062
72.50175476074219
82.48226928710938
74.85979461669922
81.19161224365234
84.93553161621094
62.810550689697266
88.15926361083984
87.67089080810547
83.88529205322266
93.44432830810547
85.18917083740234
90.46393585205078
91.79581451416016
50.15763854980469
89.48591613769531
86.29563903808594
80.49150085449219
88.13093566894531
78.89884948730469
84.01762390136719
86.02902221679688
53.04819107055664
85.54395294189453
83.1668701171875
77.71053314208984
86.15916442871094
77.64614868164062
83.29750061035156
85.43112182617188
40.23810577392578
85.60855102539062
83.30801391601562
78.47929382324219
86.79048156738281
78.44218444824219
84.40225982666016
86.80191802978516
54.58974838256836
87.72391510009766
85.53680419921875
80.7053451538086
89.473388671875
81.5410385131836
87.20763397216797
89.79580688476562
40.88376998901367
89.59480285644531
86.92129516601562
80.36183166503906
87.39485168457031
77.61859130859375
80.00306701660156
80.93041229248047
59.02745819091797
78.90301513671875
74.83513641357422
64.67467498779297
71.77684020996094
57.014251708984375
63.4438362121582
47.74403381347656
56.25579833984375
69.75214385986328
72.12769317626953
67.48941802978516
79.16561889648438
73.06629180908203
81.01947784423828
85.51985168457031
59.84251403808594
89.43531036376953
88.1085205078125
83.13571166992188
90.66838836669922
80.98790740966797
85.5151138305664
87.58296203613281
59.60616683959961
87.54995727539062
85.07552337646484
80.15423583984375
88.23688507080078
80.15852355957031
85.4485092163086
88.24427795410156
50.846805572509766
89.25148010253906
87.54994201660156
82.66545104980469
91.96876525878906
84.31197357177734
90.79603576660156
93.93936157226562
60.32732391357422
95.7403793334961
94.22753143310547
89.6152572631836
98.4177017211914
90.45650482177734
95.92945861816406
98.26622772216797
63.940181732177734
97.81331634521484
95.24150085449219
89.4668197631836
97.71214294433594
89.16666412353516
94.34197998046875
96.47331237792969
58.987762451171875
96.17123413085938
93.77535247802734
88.28931427001953
96.61510467529297
88.2326889038086
93.5361328125
95.89635467529297
64.25591278076172
96.07356262207031
93.69227600097656
88.6852798461914
97.06611633300781
89.09823608398438
94.41364288330078
97.00658416748047
62.32065200805664
97.6120376586914
95.71821594238281
90.7102279663086
99.55647277832031
91.70838928222656
97.66112518310547
100.32454681396484
68.06256866455078
100.02914428710938
96.85665130615234
90.46031951904297
98.100830078125
89.69446563720703
95.61810302734375
98.49149322509766
62.921722412109375
99.1162338256836
96.52442932128906
90.57759857177734
98.24809265136719
89.1468505859375
93.46641540527344
94.89469146728516
65.10225677490234
93.13985443115234
90.02819061279297
83.83756256103516
91.52937316894531
82.50939178466797
87.11024475097656
88.57862091064453
44.047367095947266
87.50350189208984
84.48507690429688
78.60687255859375
86.31310272216797
77.34365844726562
82.64579010009766
84.4970474243164
56.010677337646484
83.24856567382812
80.83364868164062
74.95364379882812
83.04296875
74.76384735107422
79.12517547607422
81.35912322998047
51.972496032714844
80.6651382446289
78.46298217773438
72.01941680908203
80.32897186279297
72.3358383178711
77.10758972167969
79.5250015258789
48.598297119140625
79.00908660888672
76.52053833007812
71.31156158447266
80.05239868164062
71.62803649902344
76.45292663574219
78.67593383789062
51.13309860229492
79.51261138916016
76.45716857910156
71.0394515991211
78.07693481445312
68.1449966430664
70.78411865234375
67.9259033203125
49.10649490356445
63.453407287597656
64.54627990722656
65.81525421142578
75.01435089111328
69.67316436767578
77.0365982055664
81.09799194335938
56.170684814453125
82.67475128173828
80.47392272949219
74.80863189697266
83.89979553222656
75.99153900146484
81.94427490234375
84.6377182006836
56.79863739013672
85.63053131103516
83.94451141357422
79.85002136230469
88.67544555664062
80.89022827148438
86.9849624633789
90.07223510742188
60.291954040527344
91.80386352539062
90.33332824707031
85.56517028808594
94.33900451660156
86.19510650634766
91.33573150634766
93.22949981689453
54.128944396972656
92.01172637939453
89.07858276367188
83.0928955078125
90.68307495117188
81.54890441894531
86.89667510986328
88.86474609375
59.531253814697266
87.45794677734375
83.96746826171875
76.91038513183594
82.14752197265625
70.26923370361328
74.81927490234375
76.83771514892578
54.61452102661133
77.96297454833984
76.09422302246094
70.86933135986328
78.8673324584961
71.24226379394531
77.03883361816406
79.63973236083984
53.88074493408203
79.09453582763672
76.3872299194336
71.6726303100586
78.57242584228516
69.77906036376953
74.5024185180664
76.8012466430664
47.10861587524414
78.0190200805664
75.95144653320312
71.18267822265625
79.75431823730469
71.98468780517578
78.13065338134766
80.36531066894531
42.88619613647461
81.69337463378906
79.67647552490234
75.1989974975586
84.04710388183594
76.01665496826172
82.164306640625
85.01847839355469
56.50359344482422
86.4688949584961
85.10540771484375
80.39249420166016
89.63555145263672
82.27798461914062
88.70662689208984
92.12354278564453
56.39841079711914
94.04179382324219
92.26029968261719
87.02958679199219
94.65882110595703
85.45857238769531
89.54547882080078
90.8131103515625
57.013999938964844
89.16307067871094
86.23235321044922
80.41436004638672
88.29257202148438
79.44599151611328
83.76209259033203
85.2535400390625
47.56380081176758
84.24488830566406
81.44905853271484
75.3763198852539
84.3551025390625
75.9793930053711
81.79546356201172
84.44621276855469
54.14706039428711
84.32160949707031
81.69502258300781
76.24647521972656
84.026123046875
75.4789810180664
80.01612854003906
82.21661376953125
50.55060958862305
80.87013244628906
77.72389221191406
71.84273529052734
79.53662109375
70.44995880126953
75.75712585449219
77.28147888183594
47.80672073364258
76.24199676513672
72.95347595214844
68.90097045898438
76.59154510498047
70.49808502197266
77.60132598876953
82.00830078125
31.104585647583008
83.85943603515625
81.65992736816406
75.61738586425781
84.55696868896484
76.36209869384766
81.25371551513672
83.70508575439453
54.10272979736328
83.6482925415039
81.19969940185547
75.64086151123047
84.13175964355469
75.93563842773438
81.11614227294922
83.59536743164062
55.748905181884766
84.19695281982422
82.39137268066406
77.56591796875
86.1556625366211
78.44248962402344
84.03057098388672
86.34400177001953
54.45807647705078
84.0796127319336
79.8131103515625
72.07360076904297
78.7801513671875
69.12934112548828
73.912841796875
75.66425323486328
46.879554748535156
76.27271270751953
73.59864807128906
68.77587890625
77.42464447021484
68.84134674072266
74.8200454711914
77.71129608154297
52.7847785949707
79.18885803222656
77.37519073486328
73.17355346679688
81.61517333984375
74.15830993652344
79.61508178710938
82.02520751953125
54.350677490234375
83.06078338623047
81.31919860839844
76.05382537841797
84.99747467041016
76.90364074707031
83.04898834228516
85.60515594482422
52.27157211303711
86.24858856201172
84.01599884033203
78.6766357421875
86.99518585205078
79.06267547607422
84.91545867919922
87.99467468261719
57.90032958984375
89.401611328125
87.51808166503906
82.2079086303711
90.415771484375
81.50411987304688
85.77896118164062
86.72089385986328
47.10308074951172
83.99291229248047
80.04596710205078
73.82737731933594
81.59980010986328
72.55497741699219
80.89332580566406
84.84899139404297
49.806724548339844
87.94396209716797
86.79077911376953
81.54947662353516
89.73754119873047
81.09310150146484
85.12586975097656
86.93772888183594
54.35386657714844
85.6858901977539
82.79664611816406
76.79161834716797
84.49909210205078
75.81253814697266
80.14228057861328
82.31652069091797
50.50566482543945
79.8701400756836
74.9615478515625
67.24323272705078
70.23955535888672
62.78639221191406
62.71275329589844
65.66380310058594
51.94979476928711
68.63927459716797
67.1863021850586
64.98297119140625
74.55802917480469
69.12109375
76.59223937988281
80.46676635742188
44.06763458251953
83.01471710205078
81.19483947753906
75.53945922851562
83.74798583984375
74.44237518310547
78.9003677368164
81.1494140625
53.06095504760742
81.94917297363281
80.27068328857422
74.76696014404297
83.74562072753906
75.39582061767578
80.6337661743164
82.78807830810547
54.4120979309082
82.50971221923828
79.73066711425781
73.50224304199219
82.69000244140625
74.00366973876953
79.08393859863281
81.25960540771484
52.335105895996094
81.73688507080078
79.55255889892578
74.41033935546875
82.10065460205078
73.74629211425781
78.86768341064453
81.50785827636719
54.6695671081543
81.31554412841797
79.16990661621094
74.57913208007812
82.80355072021484
74.80062866210938
80.07872009277344
82.66600799560547
27.581130981445312
83.0603256225586
80.90784454345703
75.87980651855469
84.17992401123047
75.90486907958984
81.62310028076172
84.16022491455078
51.31528854370117
84.75396728515625
82.38434600830078
77.61112213134766
86.29935455322266
78.12269592285156
83.66828918457031
86.26737976074219
59.1335334777832
86.18263244628906
83.24531555175781
77.74061584472656
86.00985717773438
