70.77894592285156
72.86326599121094
78.4573974609375
66.79070281982422
79.28219604492188
78.99475860595703
74.06863403320312
81.21157836914062
69.61688232421875
77.973876953125
73.50875854492188
65.06314086914062
72.91974639892578
65.13756561279297
63.673030853271484
65.59432983398438
60.170047760009766
64.23009490966797
60.67863464355469
58.73649215698242
70.86590576171875
67.1281967163086
66.8914794921875
75.90371704101562
71.6518325805664
75.75935363769531
78.68119049072266
65.58345031738281
77.55252838134766
71.23023223876953
71.89356994628906
74.79485321044922
67.73091888427734
69.79646301269531
70.6968994140625
62.175392150878906
63.123077392578125
64.3015365600586
63.407867431640625
40.9112434387207
54.350318908691406
60.767147064208984
63.12005615234375
61.14015579223633
65.82618713378906
65.03959655761719
56.38379669189453
65.98442077636719
65.36482238769531
48.37260818481445
62.38105010986328
61.09684753417969
66.43179321289062
60.55015563964844
67.0573959350586
70.27862548828125
63.68059539794922
71.54086303710938
73.37662506103516
58.78175354003906
73.1887435913086
73.16289520263672
63.67308807373047
73.77738952636719
70.87459564208984
68.24296569824219
74.02711486816406
63.295562744140625
75.98339080810547
71.46965789794922
74.43711853027344
80.66972351074219
71.09446716308594
80.78992462158203
83.7693099975586
69.03468322753906
85.68809509277344
86.04841613769531
76.5124282836914
90.18497467041016
84.8377685546875
88.65469360351562
90.2923583984375
73.95256805419922
89.81732940673828
85.575439453125
82.0996322631836
88.5038070678711
79.84317779541016
84.06036376953125
86.27320098876953
61.29951858520508
84.75984954833984
82.85372161865234
75.58880615234375
84.82196044921875
76.48713684082031
82.20526885986328
84.31578826904297
63.1063117980957
85.41252136230469
82.52053833007812
79.49263000488281
86.92449188232422
78.70127868652344
84.48111724853516
87.3155517578125
63.68904113769531
87.44922637939453
86.1721420288086
78.89926147460938
88.75926208496094
81.97722625732422
85.7987060546875
87.96435546875
73.79656219482422
87.58601379394531
81.9642333984375
81.35723876953125
83.03511810302734
73.05990600585938
78.00422668457031
79.39696502685547
68.45578002929688
76.25804901123047
74.58262634277344
63.548336029052734
71.689453125
69.16162109375
65.27860260009766
70.06285095214844
65.34771728515625
72.64112091064453
74.82843780517578
66.35128784179688
77.54499053955078
75.82972717285156
73.03120422363281
81.77824401855469
74.39620971679688
82.35551452636719
84.32682037353516
79.71874237060547
86.26348114013672
76.22853088378906
83.53333282470703
83.92604064941406
68.93565368652344
86.08159637451172
82.41499328613281
81.31616973876953
87.7201919555664
77.67517852783203
86.40171813964844
88.64691162109375
66.273681640625
90.36032104492188
88.94053649902344
83.32328796386719
93.14926147460938
86.9514389038086
90.84127807617188
94.64051818847656
75.03258514404297
95.38875579833984
93.6095199584961
89.10200500488281
96.78482055664062
87.05921936035156
94.16963195800781
95.45050811767578
69.88825988769531
95.48681640625
93.06787872314453
87.56839752197266
95.92135620117188
87.74720764160156
92.5719985961914
94.96723175048828
66.54450225830078
94.61003112792969
92.41069793701172
86.65013122558594
95.25525665283203
86.87130737304688
92.40530395507812
94.65371704101562
69.29365539550781
95.11187744140625
92.60498046875
88.24717712402344
96.42021942138672
88.17477416992188
94.02581787109375
96.70484161376953
65.63139343261719
97.27159118652344
95.72246551513672
89.79238891601562
99.1599349975586
91.38016510009766
96.78005981445312
98.5003890991211
79.32268524169922
98.05393981933594
94.73052978515625
89.09300994873047
97.96388244628906
91.27723693847656
94.56490325927734
97.45535278320312
76.54042053222656
96.5822982788086
93.19351959228516
88.39022064208984
94.98089599609375
85.06743621826172
90.70033264160156
91.92306518554688
55.81665802001953
90.35337829589844
87.32049560546875
81.0299301147461
88.68402099609375
80.35552215576172
84.01660919189453
85.88211059570312
56.409549713134766
84.64925384521484
81.7716293334961
76.45592498779297
83.88402557373047
74.16138458251953
80.39311218261719
82.00142669677734
55.86444091796875
81.8292007446289
78.72793579101562
73.17731475830078
81.45381164550781
72.90679168701172
77.11370086669922
79.63387298583984
56.28950500488281
78.26892852783203
75.43499755859375
69.94605255126953
77.39151000976562
69.3428955078125
74.83633422851562
76.27880096435547
61.50540542602539
77.87084197998047
74.85926055908203
71.88420867919922
79.21320343017578
71.61227416992188
75.42113494873047
78.90394592285156
62.83244323730469
77.10507202148438
76.60929107666016
67.7115707397461
76.21484375
69.53056335449219
68.88309478759766
66.62205505371094
57.14555358886719
64.4119873046875
69.0760498046875
57.71277618408203
74.9465103149414
72.48749542236328
74.58395385742188
80.008544921875
66.56220245361328
80.28804016113281
78.13630676269531
74.62078857421875
81.9044418334961
72.46768188476562
80.67804718017578
82.5300064086914
62.131893157958984
84.93045043945312
82.52729797363281
79.08253479003906
87.55744171142578
80.5162353515625
85.73918151855469
89.18531799316406
70.36024475097656
89.84319305419922
89.33808135986328
82.29794311523438
92.47616577148438
84.81098937988281
89.8432846069336
91.36188507080078
72.09037017822266
90.92427825927734
87.08915710449219
83.14920043945312
89.37538146972656
78.726318359375
85.34720611572266
84.9769287109375
67.73420715332031
81.79570007324219
79.82286071777344
64.89451599121094
79.80928802490234
73.83158874511719
76.22462463378906
78.5839614868164
63.71985626220703
79.74103546142578
76.19766235351562
73.8962631225586
80.9874496459961
72.92105865478516
77.8319320678711
80.50556945800781
56.296531677246094
79.65087890625
76.85173797607422
70.42218017578125
77.78907012939453
69.4315185546875
74.3519515991211
76.77098083496094
54.79881286621094
77.72393035888672
75.44017791748047
71.27840423583984
79.93534851074219
72.0362777709961
77.35877990722656
80.39714050292969
54.98533630371094
81.21654510498047
79.27581024169922
75.30606079101562
83.7537612915039
74.67485809326172
82.7317123413086
85.35985565185547
57.84608840942383
87.24931335449219
86.04546356201172
79.41218566894531
90.4000244140625
84.73281860351562
88.20178985595703
92.24092102050781
76.75479125976562
92.74492645263672
88.96549224853516
86.17208862304688
91.51519012451172
80.05635070800781
87.55390930175781
88.62133026123047
68.31224822998047
86.92250061035156
84.80284118652344
75.21501159667969
85.16034698486328
77.95733642578125
79.66478729248047
81.84477996826172
63.29018020629883
81.49331665039062
78.98883819580078
76.17791748046875
82.91699981689453
73.43107604980469
80.9656982421875
82.68264770507812
60.98135757446289
82.10060119628906
79.86840057373047
72.44090270996094
81.31282806396484
74.15750122070312
75.90999603271484
78.07928466796875
57.274505615234375
75.42720031738281
71.99240112304688
68.10904693603516
74.1316146850586
60.590431213378906
73.06768035888672
73.47447967529297
60.55426788330078
74.26152801513672
73.84147644042969
63.5306510925293
78.37065887451172
74.99966430664062
78.0670394897461
81.61117553710938
67.33988189697266
82.08787536621094
78.91352844238281
76.20842742919922
83.22985076904297
72.9227066040039
80.90391540527344
82.59562683105469
58.579647064208984
82.37562561035156
80.50155639648438
72.93734741210938
82.47721099853516
74.82733154296875
78.56938934326172
81.43545532226562
60.60505294799805
81.2937240600586
79.67658996582031
73.86200714111328
82.68446350097656
73.67760467529297
80.67692565917969
79.9680404663086
67.28778076171875
79.0313949584961
75.86772155761719
69.89624786376953
77.2381362915039
72.06908416748047
69.29997253417969
74.42182922363281
63.46227264404297
73.12686920166016
69.40718841552734
72.04916381835938
77.13066101074219
69.24842071533203
76.93681335449219
79.73804473876953
52.9382209777832
81.29956817626953
79.5355224609375
72.73990631103516
82.67208099365234
75.73321533203125
79.10070037841797
82.18658447265625
63.2158203125
82.28733825683594
80.25557708740234
76.27281951904297
84.19389343261719
74.47317504882812
82.92656707763672
84.74728393554688
64.46430969238281
85.67434692382812
82.86770629882812
78.57252502441406
86.5019760131836
80.00042724609375
82.66250610351562
86.7721939086914
71.63689422607422
86.38368225097656
84.97911071777344
79.79054260253906
86.30913543701172
74.28121185302734
82.8009033203125
82.68228912353516
68.07837677001953
83.08267211914062
81.49181365966797
74.81871795654297
85.94884490966797
81.59165954589844
83.8860855102539
88.34283447265625
72.83134460449219
88.66180419921875
85.62328338623047
82.16890716552734
88.11518859863281
77.26271057128906
84.780517578125
85.67176818847656
58.0599250793457
84.68156433105469
81.70954895019531
75.02249145507812
83.38207244873047
75.37843322753906
77.8414306640625
80.0822982788086
53.804473876953125
75.46016693115234
69.3564453125
50.469337463378906
53.86094665527344
55.313541412353516
68.9202651977539
70.47109985351562
62.26771545410156
75.97660827636719
76.25988006591797
68.21922302246094
81.25008392333984
77.3214340209961
79.6983642578125
83.78427124023438
69.3775405883789
84.12049102783203
79.94190216064453
77.64321899414062
82.8469009399414
71.86187744140625
79.05795288085938
81.15763092041016
58.5934944152832
80.93110656738281
79.36653137207031
73.28605651855469
81.96337127685547
74.04523468017578
79.3455581665039
81.21926879882812
59.7068977355957
81.23989868164062
78.48005676269531
73.42352294921875
81.59327697753906
73.16486358642578
78.02433776855469
80.14704132080078
50.42761993408203
80.67936706542969
78.012451171875
73.5395736694336
81.50239562988281
72.9621353149414
78.58417510986328
80.91807556152344
54.65579605102539
81.55974578857422
79.42343139648438
73.85332489013672
82.37418365478516
74.2911148071289
79.72025299072266
82.38593292236328
57.19509506225586
82.90972137451172
80.47492980957031
76.4933090209961
84.54447937011719
76.54351043701172
82.35710144042969
84.91114807128906
58.58705139160156
85.2121353149414
83.59269714355469
77.09630584716797
86.59152221679688
78.94078063964844
83.99011993408203
85.85789489746094
68.21949005126953
85.9525146484375
81.66422271728516
78.67503356933594
86.16509246826172
