69.74948120117188
73.78955841064453
78.94446563720703
62.261558532714844
81.83353424072266
80.86255645751953
76.45773315429688
83.73809814453125
73.18323516845703
75.12431335449219
76.58464050292969
53.210296630859375
68.49089813232422
66.05227661132812
63.32743453979492
62.27568817138672
59.802310943603516
63.253047943115234
69.01602935791016
58.20732498168945
70.32192993164062
68.91524505615234
64.57763671875
77.36499786376953
70.9426498413086
79.03668212890625
81.73245239257812
56.514671325683594
77.51971435546875
73.4576644897461
65.57389831542969
70.22209930419922
57.97075653076172
66.50309753417969
65.92166137695312
56.704837799072266
67.17912292480469
60.156944274902344
58.007015228271484
65.900146484375
58.71108627319336
61.798927307128906
63.3116569519043
59.87438201904297
63.449684143066406
62.007808685302734
51.49921417236328
68.64653778076172
63.633453369140625
62.22648239135742
67.19757080078125
59.648292541503906
66.64044952392578
66.5769271850586
66.30612182617188
70.26189422607422
52.92770004272461
71.58663177490234
72.89911651611328
57.532142639160156
74.80775451660156
73.00288391113281
64.86076354980469
76.08522033691406
69.13414001464844
72.0567855834961
75.62931060791016
53.57972717285156
77.48035430908203
74.99569702148438
72.47162628173828
80.51791381835938
71.83394622802734
80.99208068847656
83.9948959350586
59.71976852416992
86.87480163574219
86.4312744140625
82.22087097167969
92.57239532470703
85.30797576904297
90.43110656738281
91.93310546875
55.787208557128906
90.05278778076172
86.6837158203125
81.0546646118164
88.36190795898438
79.80421447753906
84.12338256835938
86.3588638305664
55.524593353271484
85.34790802001953
83.0055923461914
77.23385620117188
85.8012924194336
76.65583038330078
83.30758666992188
85.53375244140625
60.55642318725586
86.1321029663086
83.88959503173828
78.16999816894531
87.15791320800781
80.09236145019531
84.22093200683594
87.30177307128906
55.87736511230469
87.82735443115234
85.86702728271484
81.36940002441406
89.69355010986328
81.70240783691406
87.44791412353516
89.70038604736328
61.04986572265625
88.7515869140625
85.71026611328125
77.59296417236328
83.99177551269531
72.59268951416016
77.84727478027344
78.23502349853516
49.795799255371094
76.43037414550781
72.8870849609375
65.91064453125
71.0379409790039
62.62424850463867
56.851951599121094
58.66411209106445
53.12910461425781
71.80469512939453
71.60828399658203
68.27684020996094
78.92403411865234
73.15206146240234
78.21891021728516
83.53045654296875
49.14882278442383
87.40528106689453
86.64840698242188
82.40907287597656
89.86609649658203
80.63868713378906
84.27854919433594
86.26004791259766
48.5036735534668
86.51338195800781
84.17086029052734
79.61636352539062
87.63237762451172
79.89039611816406
85.35308074951172
88.199462890625
61.922035217285156
89.25057983398438
87.80812072753906
82.56913757324219
92.03645324707031
85.03024291992188
90.81285095214844
94.20952606201172
46.37474822998047
96.03659057617188
94.38296508789062
89.68318939208984
98.32757568359375
90.27833557128906
95.2470474243164
97.39884948730469
58.97831344604492
96.63381958007812
94.07445526123047
88.83760070800781
96.84857940673828
88.16210174560547
93.69407653808594
95.77936553955078
62.28671646118164
95.57649993896484
93.2814712524414
87.51054382324219
95.97383117675781
87.78297424316406
92.92723083496094
95.26715850830078
55.74156951904297
95.56785583496094
93.14908599853516
88.30976867675781
96.64398956298828
88.4947738647461
94.05828857421875
96.72844696044922
58.63387680053711
97.34535217285156
95.55438995361328
90.42295837402344
99.43740844726562
91.63839721679688
97.4584732055664
100.07103729248047
63.96198654174805
99.29963684082031
95.95540618896484
89.8948974609375
98.1112289428711
90.35750579833984
95.97444915771484
98.83558654785156
62.83757019042969
98.62540435791016
95.7146224975586
89.8436279296875
97.1178207397461
87.71257019042969
92.44086456298828
93.82070922851562
61.65629196166992
92.0467758178711
88.96138000488281
82.54154205322266
90.28238677978516
81.27242279052734
85.49018859863281
87.52674102783203
55.89115905761719
86.40206909179688
83.57569122314453
78.50740814208984
85.81912231445312
76.7291488647461
81.82013702392578
83.7685546875
57.512393951416016
82.66873168945312
80.34866333007812
73.1111831665039
82.05229949951172
74.56855773925781
78.58268737792969
80.07415771484375
57.8686637878418
80.03776550292969
76.56028747558594
72.52073669433594
79.56905364990234
71.62371826171875
76.96228790283203
79.21771240234375
49.212669372558594
78.30689239501953
76.8893051147461
69.47608947753906
78.48648834228516
70.0957260131836
76.12001037597656
78.04535675048828
59.813438415527344
78.8272933959961
75.81426239013672
71.11201477050781
78.44135284423828
68.46080780029297
70.36356353759766
68.66426086425781
55.31626892089844
64.19609069824219
67.72150421142578
62.33650588989258
75.51235961914062
70.82054901123047
76.28416442871094
80.75863647460938
47.60302734375
82.07319641113281
79.63078308105469
75.41382598876953
83.73196411132812
75.33004760742188
81.42050170898438
84.16699981689453
53.487274169921875
85.0067367553711
83.614013671875
78.65618896484375
87.93754577636719
80.06183624267578
86.25630187988281
89.2304916381836
59.00123596191406
91.23125457763672
89.72100830078125
85.2286376953125
93.99077606201172
85.91799926757812
90.80154418945312
92.75579833984375
40.432735443115234
91.41011047363281
88.48224639892578
82.88605499267578
90.07439422607422
81.07749938964844
85.07815551757812
85.32449340820312
55.400108337402344
81.31144714355469
78.6557846069336
71.75580596923828
80.9571762084961
73.0553970336914
77.58073425292969
80.02934265136719
55.511199951171875
80.464599609375
77.53146362304688
73.82585144042969
81.73578643798828
73.48225402832031
78.7830810546875
80.9382095336914
54.31285095214844
80.3644027709961
77.37724304199219
70.42988586425781
78.11276245117188
68.98015594482422
74.71337890625
76.58039855957031
55.12689208984375
77.80843353271484
75.04431915283203
72.3685302734375
80.0523452758789
72.2618637084961
77.5936279296875
80.91368865966797
56.946922302246094
81.05480194091797
79.60323333740234
74.41284942626953
83.16781616210938
75.12962341308594
81.52082061767578
84.044921875
53.8776969909668
85.88482666015625
84.12843322753906
79.73155975341797
89.1858901977539
81.94226837158203
87.78546142578125
91.467529296875
58.90320587158203
93.27641296386719
91.6930923461914
86.42262268066406
94.14559936523438
84.78401947021484
89.2283706665039
90.46878814697266
57.737579345703125
88.95375061035156
86.25630187988281
80.06625366210938
87.74807739257812
78.71562957763672
83.3009262084961
84.81902313232422
48.66953659057617
83.93489837646484
81.055419921875
77.07673645019531
84.66695404052734
76.16998291015625
82.37865447998047
84.9250259399414
55.91592788696289
84.12071228027344
81.88004302978516
75.31625366210938
83.81687927246094
75.19490814208984
80.0114974975586
81.20622253417969
54.10029983520508
79.7600326538086
76.43771362304688
70.88141632080078
79.0271224975586
69.9139633178711
74.93986511230469
77.00751495361328
55.91020965576172
75.28852081298828
73.28290557861328
65.46793365478516
76.94841003417969
71.60547637939453
78.0881576538086
81.94587707519531
55.2288703918457
83.50726318359375
80.88274383544922
76.21517181396484
83.92766571044922
75.7004623413086
80.83659362792969
83.08000946044922
51.42548370361328
82.69888305664062
80.40636444091797
74.25625610351562
83.38253784179688
73.81951141357422
80.182861328125
82.56038665771484
53.17351150512695
83.43183135986328
81.39794158935547
76.57586669921875
85.62654876708984
78.28247833251953
82.92274475097656
84.6559829711914
52.7725944519043
80.73600769042969
75.84996032714844
69.91548156738281
75.11083984375
63.11194610595703
72.97473907470703
74.87867736816406
51.336971282958984
76.00575256347656
74.53759765625
67.80606842041016
76.54309844970703
69.64676666259766
74.51181030273438
78.98802185058594
53.34487533569336
80.47100067138672
78.53199005126953
73.39586639404297
82.0254135131836
73.99564361572266
80.06859588623047
82.08976745605469
50.517269134521484
83.22490692138672
81.61065673828125
76.32327270507812
85.14161682128906
77.60840606689453
82.85309600830078
85.41044616699219
51.6332893371582
85.51101684570312
83.27713775634766
78.03211975097656
86.09188842773438
77.76676940917969
84.01498413085938
86.80496215820312
56.87355422973633
88.4177474975586
86.63045501708984
80.76773834228516
88.94412231445312
80.18566131591797
83.6846694946289
83.89913177490234
55.626495361328125
82.09523010253906
79.13856506347656
75.45198059082031
85.27681732177734
78.02957916259766
85.47647094726562
89.22761535644531
59.498878479003906
89.99323272705078
87.52368927001953
81.3936767578125
89.09375
79.91305541992188
84.56317138671875
86.22715759277344
53.264991760253906
84.92379760742188
82.15302276611328
76.35308837890625
84.2763900756836
75.15103912353516
80.02820587158203
81.58905029296875
49.41347885131836
77.22364807128906
70.81732940673828
61.21919250488281
65.92401885986328
53.5036506652832
61.30110549926758
64.06696319580078
44.46337127685547
69.35948944091797
67.28498077392578
66.9677963256836
76.88430786132812
71.22801208496094
78.3449935913086
82.35306549072266
59.06230545043945
84.34221649169922
82.2701416015625
75.35789489746094
83.41199493408203
74.26144409179688
79.41883087158203
81.9355697631836
55.14219284057617
82.85639953613281
80.41041564941406
75.80436706542969
83.77700805664062
75.07606506347656
80.45993041992188
82.90147399902344
58.97296905517578
81.91178894042969
79.77584838867188
74.19312286376953
81.76561737060547
73.03203582763672
78.89743041992188
80.98272705078125
52.41165542602539
81.87505340576172
79.3932113647461
74.58331298828125
82.75401306152344
74.55961608886719
79.06121826171875
81.64888000488281
52.001285552978516
81.89627075195312
80.05482482910156
74.19949340820312
83.12796783447266
74.50010681152344
80.76765441894531
82.8663330078125
56.50600814819336
83.70945739746094
81.38529205322266
76.36521911621094
84.90327453613281
77.06295013427734
81.92291259765625
84.84100341796875
54.74291229248047
85.26361846923828
83.44046783447266
78.30242156982422
86.95452117919922
78.37616729736328
84.7467269897461
86.93751525878906
60.85166549682617
86.35643005371094
83.35233306884766
77.4349594116211
85.86770629882812
