76.64653015136719
71.7045669555664
79.68130493164062
75.2327651977539
80.95414733886719
81.60433197021484
78.6554946899414
81.24456787109375
72.26163482666016
77.99152374267578
68.52685546875
71.00813293457031
70.62260437011719
60.3480224609375
65.44649505615234
50.25658416748047
60.14918899536133
64.27847290039062
65.14108276367188
65.54173278808594
65.22697448730469
70.85557556152344
71.15641784667969
77.48077392578125
75.631103515625
78.73835754394531
78.21530151367188
74.99588012695312
78.03575897216797
65.11734008789062
73.66969299316406
62.3440055847168
70.98120880126953
67.59976196289062
66.7983169555664
66.65177917480469
63.3917236328125
63.34899139404297
64.97747039794922
66.31604766845703
58.77638244628906
66.11078643798828
62.981285095214844
66.95514678955078
55.326560974121094
66.44933319091797
58.28714370727539
65.23628997802734
68.73577880859375
65.17839813232422
69.2030029296875
58.03971481323242
70.22549438476562
56.31208419799805
72.03189849853516
67.58318328857422
68.8837890625
70.91497802734375
67.24502563476562
73.83939361572266
62.98554229736328
74.51624298095703
70.5553207397461
74.17333221435547
73.49578857421875
72.16449737548828
75.5482406616211
72.46614074707031
78.1979751586914
71.19525146484375
79.46015930175781
75.51254272460938
80.08637237548828
80.17454528808594
81.06015014648438
84.40172576904297
82.19502258300781
88.20093536376953
84.39160919189453
91.27786254882812
88.17692565917969
90.4477310180664
88.49491119384766
87.26801300048828
87.85384368896484
84.0484619140625
86.60202026367188
82.1944808959961
84.96314239501953
82.29106903076172
83.36260986328125
82.89302825927734
82.23114776611328
83.59746551513672
80.33130645751953
82.9719467163086
80.83914947509766
82.74100494384766
81.9419174194336
82.27581024169922
83.04458618164062
81.0934066772461
83.70894622802734
82.0917739868164
84.40399169921875
83.52459716796875
84.05686950683594
84.80607604980469
83.59527587890625
86.14607238769531
84.41924285888672
86.57069396972656
85.8104476928711
85.92633056640625
87.61972045898438
84.4860610961914
87.46231079101562
83.61536407470703
85.2086181640625
83.1545639038086
79.51854705810547
81.2516860961914
72.4631118774414
80.418701171875
66.41950988769531
77.39146423339844
73.19318389892578
72.0623550415039
73.74657440185547
69.0998306274414
71.39866638183594
75.33320617675781
70.46443939208984
76.72040557861328
77.6050796508789
74.90640258789062
82.40460968017578
69.81521606445312
85.85154724121094
82.48236083984375
87.33072662353516
88.62352752685547
85.12440490722656
88.29798126220703
82.44302368164062
85.25220489501953
83.48441314697266
83.6732177734375
84.57862091064453
82.9852066040039
83.88523864746094
83.67143249511719
83.18279266357422
84.65292358398438
83.56507110595703
84.93651580810547
85.26079559326172
85.40303039550781
87.42889404296875
86.43846130371094
88.8687515258789
88.44417572021484
89.99739837646484
91.10135650634766
91.06311798095703
93.44775390625
92.34870147705078
94.83158874511719
93.88760375976562
94.81318664550781
94.9512710571289
94.00851440429688
95.00162506103516
93.07440185546875
94.41759490966797
92.92035675048828
93.34059143066406
93.10603332519531
92.46612548828125
93.20336151123047
91.90074920654297
92.97706604003906
91.85565948486328
92.57759094238281
92.26345825195312
92.00283813476562
92.52261352539062
91.61617279052734
92.60393524169922
91.84285736083984
92.7413330078125
92.58878326416016
92.5018310546875
93.31908416748047
92.6452865600586
93.8915786743164
93.29881286621094
94.4097900390625
94.39108276367188
94.90802764892578
95.77652740478516
95.25947570800781
97.24429321289062
95.61787414550781
97.87911224365234
94.68203735351562
96.46626281738281
92.97598266601562
95.67731475830078
93.52204895019531
96.11177825927734
95.38855743408203
96.07523345947266
95.94747924804688
94.69418334960938
95.04900360107422
92.65876770019531
93.47924041748047
90.8916244506836
91.46930694580078
89.599365234375
89.1550064086914
88.59681701660156
86.84973907470703
87.42932891845703
84.96707153320312
85.95272064208984
83.65955352783203
84.21977996826172
83.4551773071289
82.96612548828125
83.08272552490234
81.01313781738281
82.29425048828125
79.85676574707031
81.29167938232422
79.4439697265625
79.87467956542969
79.64195251464844
78.27202606201172
79.63250732421875
76.2322998046875
78.84556579589844
77.24119567871094
77.2215805053711
76.90093231201172
75.72229766845703
77.54812622070312
74.74507141113281
77.0499496459961
74.7260513305664
76.08636474609375
76.56185150146484
74.75001525878906
76.80996704101562
72.69593048095703
77.4596176147461
74.48959350585938
76.6283950805664
76.34443664550781
76.06910705566406
77.4517593383789
71.6624755859375
76.77497100830078
68.15365600585938
71.451171875
66.6021728515625
63.367706298828125
52.16404724121094
70.55480194091797
68.52468872070312
71.89073181152344
76.4235610961914
73.58617401123047
79.90616607666016
77.0888900756836
79.86595153808594
79.21150970458984
79.45655059814453
80.8768081665039
78.8895492553711
81.78434753417969
80.01460266113281
82.12118530273438
82.40753936767578
82.80396270751953
84.5636978149414
83.6972427368164
86.20999145507812
85.22766876220703
86.96385955810547
87.70075988769531
87.39817810058594
90.09078979492188
88.09957122802734
91.1321029663086
89.09891510009766
90.41079711914062
89.74273681640625
88.48660278320312
89.09740447998047
86.67967224121094
87.83399963378906
85.83312225341797
85.74365997314453
85.33797454833984
82.42288208007812
82.7293930053711
77.89643859863281
79.11532592773438
76.07563781738281
77.23749542236328
77.05359649658203
76.09687805175781
78.54358673095703
72.4405746459961
78.24309539794922
73.9051284790039
78.8189468383789
75.21458435058594
78.12369537353516
77.4942855834961
76.31378936767578
78.95233917236328
75.86848449707031
77.18708801269531
75.0262222290039
73.656005859375
74.215576171875
71.46189880371094
74.85400390625
70.8236083984375
76.32518005371094
71.6842041015625
76.76138305664062
74.32086944580078
76.7089614868164
77.36724090576172
76.25135803222656
78.4736099243164
75.58954620361328
79.75006866455078
76.90433502197266
79.71200561523438
79.16288757324219
80.04473876953125
81.13502502441406
79.8395004272461
83.02854919433594
80.924560546875
84.5239028930664
82.76052856445312
85.75736236572266
85.37289428710938
86.8466796875
88.1809310913086
87.94546508789062
90.73521423339844
88.99491882324219
91.95906829833984
88.75411987304688
90.5733642578125
87.7059555053711
88.2855453491211
86.96360778808594
86.44873809814453
86.313720703125
84.50817108154297
84.94738006591797
83.01362609863281
83.5714111328125
81.98275756835938
81.65353393554688
80.9552993774414
80.54451751708984
81.29488372802734
80.43991088867188
81.32209777832031
81.63397979736328
81.89671325683594
82.67504119873047
81.29869079589844
82.26052856445312
80.86821746826172
81.38043975830078
80.7617416381836
79.86067962646484
79.19274139404297
77.53990936279297
78.49292755126953
75.82377624511719
77.531005859375
76.1763687133789
75.9399642944336
76.60029602050781
74.2737045288086
76.85871124267578
71.30328369140625
76.5614242553711
70.14862823486328
76.6435546875
72.6590347290039
79.37564849853516
77.75625610351562
79.80510711669922
80.08541870117188
79.32745361328125
81.16865539550781
78.97486114501953
80.86772918701172
79.7269515991211
79.7488784790039
80.51602172851562
79.00951385498047
80.89854431152344
79.32232666015625
80.29065704345703
79.39960479736328
80.25541687011719
81.09166717529297
80.0153579711914
82.41275787353516
80.53694152832031
83.18276977539062
82.52973937988281
82.89466857910156
84.76669311523438
80.8724136352539
84.413818359375
76.34111022949219
81.02323150634766
73.66561889648438
76.65575408935547
72.45723724365234
74.45807647705078
73.92144012451172
71.60130310058594
74.56317138671875
67.67839813232422
74.91868591308594
64.17947387695312
75.27230072021484
68.8294448852539
75.99779510498047
74.86376953125
75.80439758300781
77.66761779785156
76.00735473632812
79.04835510253906
76.35725402832031
79.15377807617188
78.11636352539062
79.3896255493164
80.25990295410156
78.3394546508789
81.76980590820312
79.16632080078125
82.07884216308594
81.42964935302734
81.96402740478516
83.02336120605469
80.58854675292969
83.9167251586914
80.3204574584961
84.39070129394531
81.5141830444336
84.35977172851562
84.2302474975586
84.60810852050781
87.04463195800781
83.71660614013672
87.19271087646484
82.4633560180664
85.20763397216797
81.56263732910156
81.22285461425781
80.46499633789062
78.0258560180664
81.02716064453125
78.20419311523438
84.28849792480469
80.96126556396484
86.85931396484375
84.44493103027344
87.43164825439453
86.03544616699219
85.57794189453125
85.92926788330078
83.47132110595703
84.88932800292969
82.07771301269531
83.36856079101562
81.31307220458984
82.1646728515625
81.03014373779297
80.44828796386719
81.17225646972656
78.68312072753906
80.22772216796875
75.46894836425781
77.76380157470703
69.97264862060547
71.67793273925781
63.90200424194336
68.80243682861328
60.935787200927734
67.17537689208984
63.126487731933594
64.55464935302734
60.34001159667969
65.80340576171875
64.84580993652344
64.25250244140625
68.8148422241211
69.3919906616211
73.6325454711914
74.12236022949219
77.29259490966797
76.48912048339844
78.86311340332031
78.84208679199219
79.0499496459961
80.2799072265625
79.65193939208984
81.22264862060547
80.14378356933594
80.88570404052734
80.3053970336914
79.65937042236328
80.73189544677734
78.90404510498047
79.82160186767578
78.68391418457031
78.57467651367188
78.47461700439453
77.20091247558594
78.38216400146484
76.3243179321289
79.93949127197266
77.27489471435547
80.24829864501953
78.69171142578125
79.3716812133789
79.34969329833984
77.979248046875
79.47714233398438
76.66134643554688
79.2905044555664
77.71063232421875
79.38239288330078
79.00517272949219
79.48649597167969
79.47274780273438
79.42813110351562
80.76773071289062
78.71183776855469
80.81427001953125
79.50215148925781
80.82327270507812
80.30462646484375
80.08304595947266
81.5780258178711
80.03246307373047
82.47294616699219
80.88182830810547
82.33978271484375
82.43895721435547
82.58567810058594
83.5066146850586
82.43865203857422
83.88034057617188
81.81041717529297
82.73326873779297
81.13877868652344
81.84353637695312
81.5001449584961
