73.23167419433594
75.3719253540039
80.49858856201172
69.2425308227539
81.1156005859375
80.91737365722656
76.35111999511719
82.15162658691406
68.60648345947266
77.42656707763672
75.3989486694336
64.40321350097656
73.5837631225586
66.50997161865234
64.4336929321289
68.50638580322266
58.116451263427734
65.72447967529297
71.71979522705078
54.800140380859375
73.93833923339844
73.05458068847656
63.8607292175293
78.09784698486328
74.4102554321289
77.4430160522461
79.4155044555664
67.10286712646484
78.0914535522461
71.81610107421875
70.56714630126953
73.41439819335938
64.92616271972656
66.8061752319336
68.12738037109375
62.620079040527344
59.71760940551758
64.86556243896484
55.41953659057617
58.67439651489258
58.157188415527344
61.743385314941406
64.82341766357422
53.561012268066406
65.06210327148438
65.12589263916016
56.59969711303711
64.3279037475586
64.24623107910156
62.271480560302734
64.93260192871094
59.37673568725586
70.14598846435547
66.26338958740234
68.47740936279297
74.32852935791016
67.68891906738281
72.17914581298828
76.53910064697266
60.110267639160156
74.97557830810547
74.34231567382812
61.537811279296875
76.78626251220703
70.0675277709961
74.34921264648438
75.80989837646484
63.12388610839844
80.09630584716797
76.8495864868164
75.91944122314453
83.91182708740234
77.54678344726562
82.62815856933594
87.10211181640625
71.73465728759766
87.99555206298828
89.04527282714844
81.18926239013672
92.45235443115234
84.56902313232422
89.85551452636719
90.39397430419922
71.60088348388672
89.78717803955078
86.2533950805664
81.15682983398438
88.32596588134766
80.66693878173828
83.30189514160156
86.26949310302734
69.07355499267578
84.51901245117188
82.62085723876953
77.47096252441406
85.26268005371094
75.9698715209961
82.9769515991211
84.57003021240234
63.778385162353516
85.90950775146484
83.40890502929688
79.18418884277344
86.95240020751953
79.041259765625
84.28296661376953
86.93738555908203
63.307411193847656
87.35081481933594
85.32965850830078
80.27985382080078
88.81787109375
80.94249725341797
86.81965637207031
88.86659240722656
73.71087646484375
89.53514099121094
85.08889770507812
84.05302429199219
88.02570343017578
72.50305938720703
84.57583618164062
84.32759857177734
71.71531677246094
82.77886199951172
79.3041763305664
70.15917205810547
77.85177612304688
72.15753936767578
63.888404846191406
70.51434326171875
69.66203308105469
74.29457092285156
76.19550323486328
71.59711456298828
80.89347076416016
79.22974395751953
77.18354034423828
85.56858825683594
77.58147430419922
86.13493347167969
87.95011138916016
81.75021362304688
89.70222473144531
79.4910659790039
86.35208129882812
87.53852844238281
68.46195220947266
88.23768615722656
85.19194030761719
82.27198791503906
89.25083923339844
79.83901977539062
87.51969146728516
89.64937591552734
62.67338562011719
91.23577117919922
89.2090072631836
84.95169067382812
94.0264892578125
86.8399429321289
92.27445220947266
95.73226928710938
74.31066131591797
96.9373779296875
95.07107543945312
90.9498519897461
98.75387573242188
89.20970916748047
96.56819152832031
97.75161743164062
77.37775421142578
98.00155639648438
94.92015838623047
90.51642608642578
98.10271453857422
89.432861328125
94.56890869140625
96.8676528930664
64.7418212890625
96.3282470703125
94.14205932617188
88.1158218383789
96.67115020751953
88.43403625488281
93.7381820678711
95.98507690429688
72.82465362548828
96.38905334472656
93.84136199951172
89.75562286376953
97.6641616821289
89.16549682617188
95.35224151611328
97.81724548339844
58.904541015625
98.48636627197266
96.69495391845703
91.03704071044922
100.25284576416016
92.47543334960938
97.98381805419922
100.07499694824219
82.98351287841797
100.0354232788086
95.59822845458984
92.20637512207031
99.23371887207031
91.88104248046875
96.0814437866211
99.02445983886719
76.2378158569336
98.5279541015625
95.19661712646484
91.0421142578125
97.22109985351562
86.41552734375
93.35799407958984
94.18785095214844
68.77641296386719
92.8524169921875
89.48931121826172
83.3641586303711
91.02862548828125
82.22537994384766
86.34748077392578
87.98823547363281
57.98763656616211
86.6622543334961
83.71717834472656
78.38597869873047
85.96265411376953
76.05570983886719
82.55098724365234
83.77041625976562
60.06882095336914
83.5575180053711
80.84341430664062
74.91390228271484
83.2927017211914
75.61060333251953
79.20020294189453
81.47172546386719
50.274723052978516
80.0473403930664
77.35301208496094
70.97107696533203
79.29218292236328
69.63810729980469
76.25606536865234
78.62610626220703
57.151275634765625
79.48590087890625
76.71713256835938
71.47840118408203
80.43415832519531
72.93802642822266
77.14864349365234
79.72257232666016
59.916748046875
78.51132202148438
77.46110534667969
70.86607360839844
77.29421997070312
69.5295639038086
71.36421203613281
67.59524536132812
62.769996643066406
63.89920425415039
70.42674255371094
54.72938537597656
76.352294921875
74.08036804199219
76.54520416259766
81.03511810302734
66.42803192138672
82.15148162841797
79.55683898925781
76.43757629394531
83.58512115478516
75.06704711914062
82.17626190185547
84.43804168701172
55.644447326660156
86.37454223632812
84.47988891601562
79.31793975830078
89.02119445800781
82.14964294433594
86.52215576171875
90.4947509765625
71.03240966796875
91.1859130859375
90.57176971435547
84.09249877929688
93.72007751464844
85.67315673828125
91.22293853759766
92.57447052001953
73.77324676513672
92.39765167236328
88.60803985595703
84.68872833251953
91.31991577148438
82.24633026123047
87.33639526367188
89.49346923828125
63.335750579833984
88.26032257080078
86.1237564086914
79.3005142211914
87.16204833984375
76.49166107177734
83.00965118408203
81.14015197753906
67.32391357421875
78.36872100830078
77.67131805419922
61.337100982666016
77.35563659667969
72.6796875
72.74125671386719
78.00827026367188
64.78409576416016
77.99125671386719
75.08360290527344
72.00330352783203
78.38539123535156
69.32645416259766
76.37025451660156
78.51412200927734
57.25656509399414
79.36016845703125
78.21070861816406
71.00527954101562
81.03795623779297
74.12832641601562
78.06288146972656
81.76033782958984
65.57775115966797
83.37220764160156
80.81680297851562
78.3846435546875
86.2972640991211
77.97669982910156
85.51083374023438
88.34593963623047
64.24787139892578
89.95906066894531
89.34939575195312
82.2686767578125
93.21803283691406
87.07616424560547
91.53810119628906
93.54795837402344
78.99679565429688
93.14647674560547
87.84011840820312
86.23300170898438
90.84323120117188
80.40689849853516
86.58161163330078
88.16068267822266
68.48749542236328
86.05712890625
84.5189437866211
74.76168060302734
84.60626983642578
76.9010009765625
80.86782836914062
82.00020599365234
65.953369140625
82.43833923339844
79.19038391113281
75.87806701660156
83.33259582519531
75.0285873413086
80.2286376953125
83.15635681152344
48.86042022705078
81.83863830566406
79.47621154785156
73.02276611328125
81.02166748046875
72.71842193603516
77.20195770263672
78.73526763916016
51.223480224609375
78.66919708251953
75.18809509277344
71.07962799072266
78.3326187133789
68.34833526611328
74.56047058105469
75.12554168701172
55.443790435791016
75.04454040527344
73.36101531982422
64.38407897949219
77.86975860595703
74.7543716430664
77.92554473876953
82.63018035888672
69.47779846191406
84.12274169921875
81.4017562866211
78.65523529052734
85.28557586669922
75.48694610595703
82.41068267822266
84.43016052246094
60.91666030883789
84.0722885131836
81.79553985595703
75.53752899169922
84.38529205322266
76.84382629394531
80.98396301269531
83.61918640136719
54.93048095703125
84.03897857666016
82.35314178466797
77.11634826660156
85.92366027832031
77.62162017822266
83.4563217163086
85.09156799316406
68.94213104248047
84.33830261230469
79.18927001953125
75.21281433105469
81.3501968383789
74.62724304199219
73.39642333984375
77.80868530273438
66.81242370605469
75.08909606933594
74.29237365722656
71.70389556884766
78.36334991455078
66.66303253173828
77.6785659790039
79.24336242675781
61.96480941772461
80.10165405273438
78.97620391845703
70.00130462646484
82.04197692871094
77.11819458007812
78.08078002929688
82.39962005615234
67.67554473876953
82.37551879882812
80.888427734375
77.6938705444336
84.91046905517578
75.24542999267578
83.901123046875
85.66232299804688
66.96659088134766
87.29800415039062
84.2282485961914
80.30555725097656
88.31050109863281
81.89981079101562
84.98536682128906
89.13768768310547
72.00164794921875
88.9902114868164
87.58221435546875
81.69866180419922
89.32769775390625
78.97698974609375
85.3201904296875
85.5333023071289
65.70258331298828
84.37228393554688
80.63444519042969
74.63253784179688
83.53919219970703
79.42871856689453
79.65890502929688
86.1957778930664
76.45844268798828
87.3507308959961
85.9346694946289
82.67040252685547
88.3407211303711
76.82296752929688
86.00465393066406
85.99018096923828
69.8100357055664
86.27654266357422
82.42949676513672
78.15431213378906
84.95757293701172
76.48990631103516
80.30218505859375
82.18751525878906
63.051002502441406
79.64453125
76.18614196777344
67.20347595214844
72.67411041259766
64.56393432617188
65.00808715820312
64.2024917602539
56.93233108520508
71.89826965332031
71.53575134277344
66.00202178955078
76.67595672607422
74.9608383178711
74.15257263183594
81.28022003173828
70.97615051269531
82.27559661865234
79.90352630615234
77.04046630859375
82.22439575195312
68.60853576660156
79.3307876586914
78.99002838134766
65.51744079589844
79.62471008300781
77.45140838623047
72.2335205078125
81.55455017089844
74.17564392089844
78.39356231689453
81.57731628417969
60.045291900634766
81.17955780029297
79.25434875488281
74.56553649902344
81.76365661621094
72.56001281738281
79.11644744873047
81.04579162597656
60.29982376098633
81.30714416503906
78.74214935302734
74.36174774169922
82.41828918457031
73.18082427978516
78.79149627685547
81.27548217773438
59.0449104309082
81.20490264892578
79.78334045410156
72.92449188232422
82.17700958251953
74.20790100097656
79.93668365478516
82.19578552246094
65.22692108154297
83.13888549804688
80.3394775390625
77.48338317871094
84.58992767333984
75.63968658447266
82.20685577392578
84.72809600830078
49.71067428588867
84.99302673339844
83.19050598144531
76.53044891357422
85.98233032226562
78.67867279052734
83.722900390625
85.63842010498047
72.02171325683594
86.47010803222656
82.04598236083984
81.24261474609375
87.47000885009766
