66.86993408203125
78.0618896484375
81.19051361083984
62.53008270263672
84.09896850585938
82.10017395019531
78.26025390625
84.45851135253906
74.15155029296875
79.1399917602539
78.31879425048828
61.80424880981445
74.0726547241211
70.24818420410156
54.25111389160156
63.2525634765625
48.87322998046875
65.0396957397461
70.09635925292969
59.334903717041016
74.83609771728516
72.88910675048828
72.08622741699219
79.84419250488281
73.2377700805664
81.63858032226562
82.23779296875
66.70034790039062
80.35897827148438
74.84375762939453
69.1589584350586
75.33442687988281
65.37649536132812
61.20827865600586
68.4822998046875
64.34934997558594
55.653839111328125
56.774810791015625
62.62409210205078
60.99589157104492
64.6767349243164
54.5308952331543
63.46247863769531
54.95807647705078
63.717018127441406
62.04584884643555
62.42796325683594
69.2675552368164
60.85808563232422
70.1358642578125
74.57588195800781
58.95925521850586
72.6430435180664
73.2567138671875
64.71005249023438
75.01019287109375
68.97356414794922
72.7794189453125
75.66122436523438
53.94477844238281
76.27301025390625
74.83622741699219
71.1895751953125
79.91267395019531
70.67835998535156
78.2507553100586
80.86255645751953
59.41278076171875
82.39995574951172
81.00752258300781
75.44811248779297
84.72640991210938
77.46480560302734
83.86941528320312
87.46057891845703
69.07624816894531
90.84750366210938
89.09640502929688
88.59712219238281
95.45034790039062
83.59176635742188
93.72493743896484
93.76171112060547
73.5206527709961
91.93807220458984
88.48399353027344
82.51237487792969
90.26871490478516
81.15762329101562
86.59728240966797
88.30330657958984
44.94667434692383
88.26750183105469
85.98699951171875
80.0155029296875
88.63052368164062
80.94393157958984
85.01382446289062
87.72901916503906
64.71147918701172
87.86006927490234
86.07266235351562
79.93926239013672
89.07263946533203
81.56160736083984
86.76193237304688
89.51253509521484
63.96000289916992
89.83964538574219
88.82913208007812
80.88812255859375
92.09709930419922
85.77433013916016
88.25862121582031
92.3176498413086
75.7877426147461
91.11886596679688
90.00048828125
77.36369323730469
89.83523559570312
84.702880859375
83.19981384277344
87.64541625976562
74.53887939453125
83.63699340820312
81.8284683227539
71.16101837158203
79.462890625
74.29922485351562
69.865478515625
72.51346588134766
63.213443756103516
34.57981491088867
28.556419372558594
69.95600891113281
76.6518783569336
69.26383209228516
81.60624694824219
85.08641052246094
70.66996765136719
90.33524322509766
88.95366668701172
86.10887908935547
93.00247192382812
83.35419464111328
88.34490203857422
90.48503875732422
64.75721740722656
90.67631530761719
88.71504974365234
82.45488739013672
91.59275817871094
84.15546417236328
88.80929565429688
92.0386962890625
67.4951400756836
92.9458999633789
91.7540283203125
86.12530517578125
96.2050552368164
90.33100128173828
94.25006103515625
98.49681091308594
81.91412353515625
98.96471405029297
98.85909271240234
89.14496612548828
101.05052185058594
94.99076080322266
96.78978729248047
99.98374938964844
81.19835662841797
99.22298431396484
97.08631896972656
91.097900390625
99.67366027832031
91.64994049072266
96.14142608642578
98.58759307861328
68.16741180419922
98.314453125
96.145263671875
90.57787322998047
99.00715637207031
90.99542236328125
95.87654113769531
98.46997833251953
61.64668273925781
98.4893569946289
96.57939910888672
90.74577331542969
99.72623443603516
92.04461669921875
97.03309631347656
99.98892974853516
71.40267181396484
100.58037567138672
99.26883697509766
92.63345336914062
102.85887145996094
96.64318084716797
99.50228118896484
103.13639831542969
84.35746765136719
101.15512084960938
98.3243179321289
92.43923950195312
100.76079559326172
94.18907165527344
97.59807586669922
101.40142059326172
84.17047882080078
99.90123748779297
98.0147933959961
89.92510986328125
98.45352935791016
90.11309814453125
93.40716552734375
95.15394592285156
72.65373229980469
93.49443054199219
90.70246124267578
84.80422973632812
92.21448516845703
83.65657043457031
87.85365295410156
89.68861389160156
65.89595794677734
88.30765533447266
85.66873168945312
79.61882019042969
87.38583374023438
79.26292419433594
83.32501983642578
85.54013061523438
57.463253021240234
85.0384292602539
82.3571548461914
76.69437408447266
85.17689514160156
76.85282135009766
81.24150848388672
83.44461059570312
55.66148376464844
82.19468688964844
79.5614242553711
72.52404022216797
81.09584045410156
73.17433166503906
77.8846206665039
80.1058120727539
55.37581253051758
80.85250854492188
77.96265411376953
73.2846450805664
81.11597442626953
74.15750122070312
78.15062713623047
81.04756927490234
60.3040771484375
80.63937377929688
79.16254425048828
71.90966796875
80.33563232421875
72.6460189819336
73.17708587646484
74.62906646728516
61.20637512207031
68.85623168945312
66.74594116210938
72.27534484863281
80.63792419433594
72.11627197265625
82.25054168701172
84.49793243408203
52.87982177734375
84.75067901611328
82.2916030883789
77.28295135498047
85.42565155029297
76.5757827758789
83.76019287109375
86.21617126464844
60.24712371826172
87.45673370361328
85.53884887695312
81.94892883300781
90.0684814453125
81.67710876464844
88.939453125
91.6559066772461
65.29801177978516
93.53291320800781
91.66609954833984
88.23808288574219
96.17487335205078
87.3935546875
93.51555633544922
95.11251831054688
45.65264892578125
93.82637023925781
91.28958892822266
84.37940979003906
92.69833374023438
84.70281982421875
88.04039001464844
91.17333984375
74.59070587158203
88.60436248779297
88.04302978515625
81.64949035644531
87.54075622558594
79.33758544921875
83.73690032958984
79.67866516113281
74.21943664550781
81.03211212158203
75.06625366210938
75.71302032470703
80.93363189697266
70.37915802001953
79.61817169189453
81.09113311767578
62.989627838134766
81.69686889648438
79.46160125732422
73.09272003173828
80.15860748291016
72.8289566040039
77.00631713867188
80.32462310791016
51.15680694580078
80.83917236328125
79.17068481445312
73.88494873046875
83.15159606933594
75.20258331298828
81.09297180175781
84.14205169677734
52.844459533691406
85.2032470703125
83.28741455078125
78.97826385498047
87.76860809326172
80.30463409423828
86.1285400390625
89.22872924804688
56.45014190673828
91.08036041259766
89.90586853027344
85.06230926513672
95.07337188720703
88.879638671875
93.42628479003906
97.0396499633789
76.47299194335938
95.2997055053711
92.57075500488281
84.68251037597656
92.40596771240234
83.80360412597656
87.27086639404297
89.13452911376953
53.10765075683594
88.77362823486328
86.33645629882812
80.29925537109375
88.22445678710938
80.14221954345703
83.70454406738281
85.67129516601562
60.09115982055664
84.45435333251953
82.03764343261719
75.70742797851562
84.6723403930664
77.47348022460938
81.71541595458984
85.00872802734375
62.38140869140625
84.6595458984375
82.69587707519531
75.91413879394531
84.04843139648438
76.257568359375
79.99038696289062
82.74406433105469
64.0887680053711
80.36458587646484
77.88032531738281
72.48103332519531
80.11325073242188
71.22441864013672
77.68399047851562
77.85326385498047
60.82451629638672
77.78857421875
71.11793518066406
73.07146453857422
78.91171264648438
71.18431091308594
81.20710754394531
85.3833999633789
67.02090454101562
86.12175750732422
84.94413757324219
77.82501983642578
87.09825134277344
78.43608093261719
83.92132568359375
85.87694549560547
59.027099609375
86.04743957519531
83.72251892089844
78.21465301513672
86.25825500488281
78.55140686035156
83.06713104248047
85.629638671875
57.16608810424805
86.20804595947266
84.33049011230469
79.31023406982422
88.03746032714844
80.5163345336914
85.3080825805664
88.32914733886719
72.56661987304688
85.92849731445312
81.80868530273438
76.8662109375
81.38636779785156
69.43324279785156
76.73493957519531
78.83733367919922
58.346858978271484
79.49886322021484
76.45561981201172
74.24440002441406
80.3069076538086
70.99018859863281
78.9998779296875
79.4803695678711
70.14982604980469
82.74000549316406
79.23078155517578
75.99846649169922
84.09085083007812
77.0719223022461
82.28840637207031
84.80572509765625
57.201053619384766
85.19194793701172
83.47665405273438
78.81522369384766
87.50128173828125
79.91194915771484
85.26610565185547
88.00821685791016
59.50910949707031
88.13594818115234
85.72298431396484
79.67377471923828
88.94915771484375
81.0047836303711
86.78300476074219
90.07665252685547
66.03278350830078
91.291015625
89.056640625
83.88554382324219
91.12609100341797
80.45941162109375
86.8983154296875
85.65140533447266
75.89881134033203
86.7086181640625
82.21112823486328
83.22991943359375
90.1024169921875
85.90813446044922
88.02173614501953
92.93045806884766
77.92440795898438
91.7491683959961
90.2235107421875
81.71493530273438
91.19215393066406
83.22602844238281
86.12478637695312
88.32727813720703
60.22031784057617
86.79270935058594
84.66222381591797
77.86106872558594
85.77249908447266
77.97882080078125
81.83167266845703
84.18549346923828
63.60982894897461
82.43350219726562
80.03681945800781
69.22883605957031
75.877197265625
67.44214630126953
69.03289031982422
70.05274200439453
64.79511260986328
70.17692565917969
58.20981216430664
70.45886993408203
73.54570770263672
70.07830047607422
76.9242172241211
79.89274597167969
74.08991241455078
82.767333984375
81.92314147949219
72.85844421386719
83.72345733642578
75.70777130126953
78.9235610961914
81.388916015625
60.44786834716797
82.39713287353516
81.23960876464844
72.6880111694336
84.43161010742188
78.98736572265625
81.40251922607422
84.9636459350586
61.56149673461914
84.42424774169922
82.15965270996094
75.0886459350586
84.74189758300781
76.93533325195312
81.41448974609375
84.74312591552734
59.52812194824219
84.76228332519531
82.62633514404297
76.22732543945312
85.02374267578125
76.58385467529297
81.86132049560547
84.2532730102539
54.03451919555664
85.41913604736328
83.71837615966797
76.33590698242188
86.23535919189453
78.59527587890625
83.06813049316406
86.17054748535156
62.75852966308594
86.0091323852539
84.50386810302734
78.25697326660156
87.4473876953125
80.47342681884766
85.00192260742188
87.6338119506836
65.0098876953125
88.05472564697266
87.21842193603516
79.78825378417969
89.87960815429688
84.09928131103516
86.13055419921875
90.12081146240234
73.0860595703125
88.1766357421875
86.61466217041016
77.93162536621094
88.6490478515625
