68.59394836425781
69.53398132324219
71.51680755615234
72.24397277832031
73.59252166748047
73.78028869628906
73.1859130859375
70.33614349365234
69.83907318115234
67.60928344726562
64.57379913330078
64.56303405761719
52.20328140258789
60.72948455810547
52.73161315917969
48.91791534423828
57.840755462646484
56.020626068115234
60.77456283569336
65.5345687866211
67.52006530761719
69.09130096435547
70.49319458007812
71.7060317993164
70.27052307128906
67.32791137695312
67.97921752929688
63.93732833862305
61.12250518798828
54.69164276123047
61.18232345581055
60.85988235473633
54.789764404296875
53.946102142333984
37.82683563232422
56.024879455566406
49.512874603271484
42.91749572753906
43.42924880981445
53.4705810546875
43.784523010253906
50.15376663208008
48.633907318115234
56.55656814575195
54.2314567565918
59.09726333618164
59.84010696411133
55.823116302490234
59.1627311706543
59.45745849609375
57.47747039794922
60.221656799316406
63.30793762207031
62.687110900878906
64.22377014160156
63.995235443115234
63.75832748413086
65.351318359375
65.9173355102539
65.87641906738281
67.36106872558594
67.91376495361328
67.57572937011719
67.88478088378906
70.17070007324219
69.14171600341797
70.61772155761719
71.55142974853516
72.24935150146484
72.88199615478516
73.7519302368164
74.92816162109375
76.05644989013672
78.08979034423828
79.23686218261719
80.85626983642578
82.25139617919922
83.50740814208984
83.70075988769531
82.92220306396484
82.28423309326172
80.96359252929688
79.7840347290039
79.2989273071289
78.44829559326172
78.0003433227539
76.88793182373047
77.0780258178711
76.66012573242188
76.22196960449219
76.45166015625
76.18750762939453
76.55878448486328
76.12774658203125
76.51658630371094
76.66253662109375
76.32725524902344
76.7306137084961
76.61448669433594
77.11105346679688
77.28611755371094
77.26493835449219
77.77229309082031
77.82128143310547
78.12994384765625
78.78068542480469
78.85038757324219
78.98474884033203
79.17452239990234
78.9329833984375
79.04964447021484
78.59832763671875
78.00154876708984
76.96488952636719
75.83873748779297
74.06879425048828
72.77937316894531
70.72823333740234
68.18490600585938
69.67485809326172
68.6462631225586
70.05435943603516
73.2641830444336
73.88237762451172
77.04806518554688
78.32791137695312
78.90444946289062
78.61395263671875
76.52828979492188
74.73859405517578
71.90007781982422
68.78065490722656
64.62091064453125
61.9136962890625
62.493011474609375
67.97249603271484
71.5628433227539
75.31008911132812
77.31084442138672
79.56964111328125
81.46172332763672
81.14849090576172
80.99462890625
80.56208801269531
81.05545043945312
81.45987701416016
81.42344665527344
81.39158630371094
80.8197250366211
80.79967498779297
80.46186828613281
80.14679718017578
80.51726531982422
80.37835693359375
80.9103775024414
81.20747375488281
81.50969696044922
82.10289001464844
82.48316192626953
83.32342529296875
83.9368896484375
84.61650848388672
85.39563751220703
86.3637924194336
87.23246765136719
87.93177795410156
88.58844757080078
89.04025268554688
89.32461547851562
89.27157592773438
89.15435791015625
88.83245849609375
88.39740753173828
88.11653900146484
87.64336395263672
87.39295959472656
87.7626724243164
87.87300109863281
88.11447143554688
88.04722595214844
87.76777648925781
87.41773986816406
87.2275161743164
87.14108276367188
86.8426284790039
86.70134735107422
86.67710876464844
86.55754089355469
86.5355224609375
86.48432922363281
86.46965789794922
86.72137451171875
86.63422393798828
86.81000518798828
86.84207916259766
87.10265350341797
87.28690338134766
87.51708984375
87.96429443359375
88.2078628540039
88.60377502441406
89.15876770019531
89.6046142578125
90.2719955444336
90.80618286132812
91.6270751953125
92.24746704101562
92.92411804199219
93.57291412353516
93.73603820800781
93.69126892089844
93.01806640625
91.95867919921875
90.66539764404297
89.39188385009766
88.13632202148438
87.23206329345703
86.64681243896484
86.18509674072266
85.69355010986328
84.88617706298828
84.0252914428711
83.18212890625
82.36703491210938
81.61872863769531
80.8484878540039
80.21050262451172
79.58660125732422
78.75712585449219
78.15020751953125
77.60102844238281
76.8902587890625
76.4729995727539
76.6185531616211
75.849609375
75.22130584716797
74.93836212158203
74.49854278564453
73.88514709472656
73.92918395996094
73.45124816894531
72.74433135986328
71.49717712402344
71.43475341796875
71.04906463623047
69.73246002197266
69.57267761230469
69.53874206542969
69.53838348388672
68.91934967041016
68.67483520507812
68.46954345703125
69.41132354736328
69.12799835205078
68.98624420166016
68.40237426757812
68.90489959716797
67.94903564453125
67.58452606201172
67.41714477539062
66.24795532226562
66.29774475097656
65.62200164794922
64.77655029296875
64.88423156738281
65.56024169921875
67.7732162475586
68.41329956054688
68.9925308227539
70.61944580078125
70.61103820800781
71.16165924072266
71.9433364868164
72.78862762451172
72.93047332763672
73.70337677001953
73.8729019165039
74.0727310180664
74.78064727783203
75.00997924804688
75.2337646484375
75.87263488769531
75.7948226928711
76.74634552001953
77.44710540771484
77.94667053222656
78.5406723022461
79.2280502319336
79.97616577148438
80.6207046508789
81.63743591308594
82.32556915283203
83.08063507080078
83.58763122558594
84.14292907714844
84.34202575683594
84.11053466796875
83.77327728271484
83.02498626708984
82.51290130615234
82.21305084228516
81.55546569824219
81.26063537597656
80.30033874511719
79.8497543334961
79.07106018066406
78.3155746459961
78.15799713134766
77.26068878173828
76.57947540283203
76.22826385498047
76.00972747802734
75.59740447998047
75.33873748779297
74.96022033691406
74.84188079833984
74.85517120361328
75.09102630615234
74.9800796508789
74.88359832763672
74.68479919433594
74.83222198486328
74.94371795654297
73.72112274169922
72.81080627441406
70.68109893798828
68.68960571289062
67.6609115600586
67.31197357177734
67.7278060913086
68.14813232421875
68.23178100585938
65.7271728515625
68.60967254638672
68.33927154541016
68.93047332763672
69.58526611328125
70.5482406616211
70.51005554199219
70.5230484008789
70.99726867675781
71.49495697021484
71.8328857421875
72.4785385131836
73.18228149414062
73.39558410644531
74.76251983642578
74.83740234375
75.4353256225586
76.22493743896484
77.00886535644531
77.80286407470703
79.03422546386719
79.88089752197266
80.29475402832031
81.06888580322266
81.28594970703125
80.332275390625
79.42096710205078
78.00212097167969
76.2153091430664
75.02597045898438
73.79464721679688
73.7040786743164
73.70210266113281
73.94401550292969
75.24687957763672
76.43069458007812
76.91893005371094
77.43840026855469
78.03388214111328
77.46450805664062
77.42887115478516
76.61024475097656
75.31108093261719
74.90916442871094
74.29106903076172
73.53334045410156
72.72850036621094
71.34449005126953
71.90886688232422
71.13541412353516
70.3651351928711
70.66453552246094
71.0849838256836
74.03348541259766
76.23883819580078
78.42996215820312
80.21607208251953
81.45989990234375
82.20207214355469
82.05097198486328
81.87676239013672
81.26598358154297
80.61224365234375
80.304931640625
79.76219940185547
79.19640350341797
79.07862091064453
78.51018524169922
78.1274185180664
77.80098724365234
77.42335510253906
77.35635375976562
77.59117889404297
76.68152618408203
76.76539611816406
76.98713684082031
76.4723892211914
76.7257308959961
76.58777618408203
76.82521057128906
76.82539367675781
76.66101837158203
76.71705627441406
76.46076202392578
76.67225646972656
77.01688385009766
77.33421325683594
77.23656463623047
77.30647277832031
77.76798248291016
77.74254608154297
78.25955963134766
78.84143829345703
78.83162689208984
79.48077392578125
79.86114501953125
80.40090942382812
80.97665405273438
81.2998275756836
82.16168975830078
82.7991943359375
83.02462768554688
83.27132415771484
82.64615631103516
81.7213134765625
80.88212585449219
79.53485107421875
78.72101593017578
76.94368743896484
75.54642486572266
73.99752044677734
71.22216796875
69.68147277832031
68.18917846679688
65.8736801147461
65.56510925292969
64.34703826904297
63.68256378173828
65.96565246582031
65.37872314453125
66.15464782714844
68.32916259765625
68.90989685058594
69.10712432861328
70.72579193115234
70.8172836303711
72.31061553955078
73.25178527832031
73.98336791992188
74.2782211303711
74.7835693359375
74.77569580078125
75.27723693847656
74.6607437133789
74.39089965820312
74.38673400878906
74.5468978881836
74.75711059570312
75.25541687011719
75.7379379272461
77.10009002685547
78.3772964477539
79.61305236816406
80.55135345458984
81.39984893798828
81.99057006835938
82.34584045410156
82.57188415527344
82.44600677490234
82.14871215820312
81.60762786865234
80.98115539550781
80.43437194824219
79.8210678100586
79.0793228149414
78.63325500488281
77.9478988647461
77.39726257324219
76.97211456298828
76.23985290527344
76.45034790039062
75.50540924072266
75.36116027832031
75.0720443725586
74.75383758544922
74.25321197509766
73.77570343017578
72.52848815917969
71.27925109863281
69.41398620605469
68.79556274414062
67.25484466552734
67.10417938232422
67.54817962646484
66.73152160644531
67.17837524414062
66.36553955078125
64.53268432617188
63.8265495300293
63.068153381347656
63.0422248840332
60.03246307373047
62.45671081542969
64.04244995117188
66.44314575195312
68.79175567626953
69.8719482421875
70.95079803466797
71.4878921508789
71.51730346679688
71.7785873413086
71.23194885253906
71.21195983886719
70.55998229980469
70.48976135253906
70.47111511230469
69.73953247070312
70.09766387939453
69.09215545654297
69.04457092285156
68.73509979248047
67.33767700195312
67.97652435302734
66.44941711425781
64.56670379638672
65.83202362060547
66.56194305419922
66.99984741210938
69.9894027709961
71.4286117553711
73.1895751953125
74.30232238769531
74.31900024414062
73.9513168334961
74.24752044677734
74.01249694824219
74.23907470703125
73.87779998779297
73.7308349609375
73.76734924316406
72.92562103271484
72.66069793701172
72.14867401123047
72.5333480834961
73.79541778564453
74.92756652832031
77.20298767089844
78.70103454589844
79.74694061279297
80.31896209716797
81.0085220336914
81.33989715576172
81.8260498046875
81.9402084350586
82.17742156982422
82.26166534423828
82.2261962890625
81.55242919921875
80.7131118774414
79.56159973144531
78.24700164794922
76.96947479248047
76.67388153076172
76.51541137695312
