76.87062072753906
73.7907943725586
79.19529724121094
77.54097747802734
80.91706085205078
77.49205780029297
79.78907775878906
75.26394653320312
72.71971130371094
70.74344635009766
67.3720703125
71.32565307617188
58.99180603027344
66.48210906982422
64.5224609375
63.8858528137207
62.1048469543457
71.17264556884766
56.2441520690918
73.42606353759766
72.56477355957031
74.77777099609375
75.52835845947266
76.93791961669922
74.82035827636719
70.22074890136719
73.28508758544922
62.494842529296875
69.11206817626953
66.21424865722656
67.33477783203125
68.44245147705078
62.08957290649414
67.62709045410156
61.803855895996094
62.49503707885742
63.207801818847656
62.934818267822266
64.9510726928711
65.99984741210938
65.22423553466797
65.2109146118164
65.75791931152344
54.59980773925781
68.66424560546875
64.04320526123047
66.5572509765625
68.90260314941406
61.0845832824707
70.62608337402344
60.273921966552734
69.46649169921875
68.02315521240234
66.80550384521484
72.1857681274414
68.30310821533203
72.13941192626953
71.86526489257812
70.5913314819336
74.72618865966797
69.25914001464844
75.3090591430664
73.24253845214844
74.15518951416016
76.34391784667969
73.66905212402344
77.7167739868164
76.84085845947266
78.1228256225586
79.71097564697266
79.29185485839844
82.30720520019531
82.63265991210938
84.58404541015625
86.05377197265625
87.3171615600586
88.8450927734375
88.1277847290039
88.42887115478516
86.33284759521484
86.21146392822266
84.8439712524414
83.96376037597656
84.09912109375
81.5164566040039
82.81767272949219
81.06890106201172
81.4160385131836
82.13838195800781
79.97836303710938
81.20276641845703
79.78010559082031
80.69644927978516
81.3948974609375
79.43352508544922
82.1554946899414
80.08626556396484
81.68094635009766
81.5792465209961
80.91130828857422
82.63740539550781
81.06231689453125
83.09632873535156
82.2987289428711
81.96900177001953
83.78512573242188
82.17549133300781
84.02782440185547
83.03719329833984
84.32112121582031
84.16282653808594
83.04957580566406
84.4498291015625
81.94401550292969
83.550537109375
80.70217895507812
79.61238861083984
79.38953399658203
74.24644470214844
77.10855102539062
75.59416198730469
75.76512908935547
80.71149444580078
80.10184478759766
83.5598373413086
84.92521667480469
85.9865493774414
85.81892395019531
83.73853302001953
82.4653091430664
78.66231536865234
78.10725402832031
72.42459106445312
68.02384185791016
73.75175476074219
76.0138931274414
79.26714324951172
82.82832336425781
84.63672637939453
87.04887390136719
87.33776092529297
86.97924041748047
86.19868469238281
86.59346008300781
86.84774780273438
86.89582061767578
86.88888549804688
85.78799438476562
85.99150085449219
84.91059112548828
85.53644561767578
84.95480346679688
84.87046813964844
85.4635009765625
84.58741760253906
86.06209564208984
85.76129150390625
86.68216705322266
87.06697845458984
87.49141693115234
88.82343292236328
88.94424438476562
90.30657958984375
90.73457336425781
91.64984130859375
92.53192138671875
92.90576171875
93.76969909667969
93.629150390625
94.13436889648438
93.64591979980469
93.33148193359375
92.92060852050781
92.10337829589844
91.95683288574219
91.08810424804688
91.07943725585938
91.47921752929688
92.30768585205078
93.13128662109375
92.98975372314453
93.15773010253906
92.61894989013672
92.59489440917969
92.45344543457031
91.94134521484375
92.2580337524414
91.5798110961914
91.97923278808594
91.4144515991211
91.53766632080078
91.94498443603516
91.46234130859375
91.89383697509766
91.56655883789062
91.96707153320312
92.27130126953125
92.12701416015625
92.80484008789062
92.6502914428711
93.27400970458984
93.57596588134766
93.81724548339844
94.68119812011719
94.9003677368164
95.59749603271484
96.09248352050781
96.78182220458984
97.58419036865234
97.92048645019531
98.6324234008789
98.40665435791016
98.27864074707031
97.28829193115234
96.20511627197266
94.99079132080078
93.46221923828125
92.94911193847656
91.91995239257812
91.8512191772461
91.44656372070312
90.42578125
90.26258087158203
88.67182159423828
88.72380065917969
87.44548797607422
86.64373016357422
86.37466430664062
84.97740173339844
85.32770538330078
83.66160583496094
83.8490982055664
83.423095703125
81.9037094116211
82.67778778076172
80.99575805664062
81.6924819946289
81.03498840332031
79.53211212158203
80.75592041015625
78.77333068847656
79.30342864990234
79.26420593261719
76.7115478515625
78.03764343261719
74.81087493896484
76.98797607421875
75.47373962402344
74.66554260253906
76.6668472290039
73.90845489501953
74.99830627441406
74.81094360351562
74.25968933105469
75.19099426269531
72.74593353271484
75.47030639648438
73.41065979003906
73.23741149902344
75.00337219238281
70.38851928710938
73.67304229736328
70.98095703125
68.9906234741211
73.59146881103516
72.64485931396484
76.8807373046875
75.8946533203125
75.84555053710938
77.87181854248047
75.13928985595703
78.07566833496094
77.32461547851562
77.20529174804688
78.84781646728516
78.1661148071289
80.41857147216797
78.82994079589844
80.03065490722656
80.61234283447266
80.1692123413086
81.8611831665039
80.95423889160156
82.50790405273438
82.75328826904297
82.74638366699219
84.64952850341797
84.14569091796875
86.01282501220703
86.20316314697266
87.11870574951172
87.83159637451172
88.16608428955078
89.56635284423828
89.40065002441406
90.25688171386719
89.97844696044922
90.08834838867188
89.34467315673828
88.55375671386719
87.83213806152344
86.08167266845703
85.84432983398438
84.57247161865234
84.0542221069336
84.06584930419922
82.53134155273438
83.45584106445312
81.49676513671875
82.25176239013672
81.15766906738281
80.42945098876953
81.21746063232422
79.42462158203125
80.75523376464844
78.99703979492188
79.97496795654297
79.89794921875
78.66854858398438
80.53177642822266
78.85955047607422
79.6185073852539
79.80902099609375
77.99604797363281
78.48619079589844
73.4454345703125
75.25425720214844
71.17471313476562
70.88990783691406
73.25067901611328
69.80670166015625
72.2027587890625
71.11529541015625
71.15065002441406
75.02291107177734
71.26416778564453
74.94198608398438
73.78939056396484
73.02040100097656
76.07474517822266
73.01605987548828
76.52548217773438
75.90508270263672
76.58935546875
77.62767791748047
76.83344268798828
78.02201843261719
77.64910125732422
78.94219207763672
79.71732330322266
79.26404571533203
80.95570373535156
80.79618835449219
82.18649291992188
83.3882064819336
83.33505249023438
84.81844329833984
84.61821746826172
86.0151596069336
85.02718353271484
84.2650146484375
83.38411712646484
81.27925109863281
81.54846954345703
79.69313049316406
80.08360290527344
80.2184066772461
80.95545196533203
82.85362243652344
82.76394653320312
83.99653625488281
84.20219421386719
84.40579986572266
84.26899719238281
82.9392318725586
83.2127685546875
81.2206039428711
81.4625244140625
80.76632690429688
79.20714569091797
80.05741882324219
78.62323760986328
78.4705810546875
79.1115951538086
76.75420379638672
79.00096130371094
77.43648529052734
78.383056640625
81.97269439697266
83.03874206542969
85.97856903076172
86.79525756835938
87.71842193603516
87.67688751220703
87.14066314697266
87.1063232421875
85.94911193847656
86.14009857177734
84.92280578613281
85.08300018310547
84.66294860839844
83.92102813720703
84.22682189941406
83.26781463623047
83.46473693847656
83.22936248779297
82.43083190917969
82.99439239501953
81.67103576660156
82.42813110351562
81.68985748291016
81.73331451416016
82.67444610595703
81.30330657958984
82.47279357910156
81.58491516113281
81.95562744140625
82.27436065673828
82.17562103271484
82.8405990600586
82.46724700927734
82.62498474121094
83.27867889404297
82.7927474975586
83.70783233642578
83.08395385742188
83.67823791503906
84.3624496459961
83.80430603027344
84.92371368408203
84.48812103271484
85.32821655273438
85.74857330322266
85.8030014038086
86.90396881103516
86.96824645996094
88.11304473876953
88.5152587890625
89.20072174072266
89.76317596435547
89.8166732788086
90.0701675415039
88.8857192993164
88.3953857421875
86.36683654785156
85.07987213134766
83.54230499267578
81.54210662841797
80.95441436767578
77.60824584960938
77.21717071533203
74.84285736083984
72.0528564453125
73.73509216308594
67.76464080810547
70.30657196044922
71.06758117675781
65.50916290283203
72.43244934082031
72.10096740722656
72.28997802734375
76.5235824584961
74.57923126220703
77.8281021118164
77.43958282470703
77.86314392089844
79.76195526123047
79.20502471923828
80.66130065917969
79.83517456054688
80.43962860107422
81.82527160644531
81.43014526367188
83.47712707519531
83.76187133789062
85.0724105834961
86.2508773803711
86.59803771972656
87.75022888183594
87.64007568359375
88.33259582519531
87.77828979492188
87.4357681274414
87.02974700927734
86.06148529052734
85.99337768554688
84.60120391845703
84.74993133544922
83.79142761230469
83.33876037597656
82.90543365478516
81.76724243164062
82.24484252929688
81.08853149414062
80.64417266845703
80.82589721679688
79.11146545410156
80.08155059814453
78.20189666748047
78.90556335449219
77.68949127197266
75.69959259033203
76.68431854248047
73.49457550048828
74.26695251464844
74.5394287109375
72.90563201904297
74.84556579589844
71.59793090820312
73.73107147216797
71.7601318359375
71.14432525634766
72.29232025146484
66.00587463378906
68.29479217529297
70.38905334472656
67.98951721191406
73.54505920410156
73.96868133544922
75.1672592163086
76.61894226074219
75.6157455444336
77.97197723388672
76.16481018066406
77.725830078125
76.64244842529297
76.1063003540039
76.770751953125
74.658203125
75.49639892578125
75.21786499023438
74.73108673095703
75.01961517333984
73.21366119384766
74.412353515625
72.57429504394531
72.76590728759766
73.13092041015625
68.73458862304688
74.59418487548828
74.69113159179688
76.20931243896484
78.98426818847656
78.23715209960938
80.24003601074219
78.6883544921875
79.7781753540039
79.64103698730469
78.70487213134766
79.6020736694336
78.63131713867188
79.12043762207031
78.19817352294922
77.77833557128906
78.65190887451172
77.23322296142578
78.83002471923828
79.44667053222656
80.43177795410156
82.48765563964844
83.41472625732422
85.15856170654297
85.32982635498047
85.80750274658203
86.5481185913086
86.28117370605469
87.07557678222656
86.59255981445312
87.07756805419922
86.6136245727539
86.00794982910156
85.22042846679688
83.01986694335938
82.89659881591797
81.6673355102539
82.0076904296875
