74.87763214111328
73.73147583007812
77.5723876953125
76.70597076416016
79.23989868164062
77.82846069335938
76.55596923828125
74.9579086303711
73.65141296386719
74.61860656738281
62.174678802490234
68.9437255859375
60.80907440185547
65.05413055419922
57.69963455200195
56.45690155029297
58.265506744384766
60.41582489013672
67.30302429199219
66.95178985595703
69.62799072265625
75.28267669677734
72.06048583984375
77.60169982910156
70.93415832519531
75.58140563964844
64.79299926757812
71.69701385498047
65.11357116699219
66.84586334228516
64.84725952148438
62.13644790649414
60.50087356567383
57.40784454345703
62.07366943359375
54.52509689331055
56.00579071044922
56.90488052368164
53.45507049560547
56.812713623046875
58.43901062011719
61.39885330200195
54.5087776184082
59.99843978881836
53.58707809448242
57.2202033996582
62.56983947753906
62.08770751953125
64.5028305053711
62.52854919433594
65.84180450439453
62.0207405090332
66.93234252929688
63.62539291381836
68.46343994140625
67.29418182373047
69.14808654785156
68.3144302368164
70.91213989257812
67.31404113769531
70.47867584228516
69.77457427978516
72.67855072021484
71.14856719970703
73.66475677490234
73.1407241821289
76.16583251953125
74.70175170898438
76.95392608642578
75.93110656738281
79.08303833007812
78.88590240478516
81.46266174316406
81.63591766357422
84.31666564941406
85.12103271484375
87.16484832763672
87.54276275634766
87.25308227539062
86.75760650634766
85.0936279296875
84.86583709716797
82.5534896850586
83.4412841796875
80.25453186035156
81.8918685913086
79.56793975830078
81.48778533935547
78.05199432373047
81.1028823852539
78.72372436523438
80.45158386230469
79.0861587524414
80.48017883300781
78.94351196289062
80.0312271118164
79.49333953857422
79.8764877319336
80.16102600097656
79.52462005615234
80.80570983886719
79.50774383544922
81.41114807128906
79.74337768554688
81.67668914794922
80.68126678466797
82.22515869140625
81.98957824707031
82.62405395507812
82.53365325927734
82.55453491210938
82.93352508544922
82.12318420410156
82.70003509521484
79.98179626464844
81.58554077148438
76.8273696899414
78.47022247314453
74.10002136230469
74.26466369628906
69.57267761230469
75.13043212890625
70.11015319824219
78.41867065429688
76.41671752929688
81.82617950439453
80.83961486816406
84.4715805053711
83.01654815673828
82.63970947265625
81.01078033447266
78.19396209716797
74.25780487060547
71.02224731445312
69.53262329101562
69.0055923461914
77.86176300048828
77.5402603149414
83.07720947265625
83.27830505371094
86.4301986694336
84.93746948242188
85.89410400390625
83.40864562988281
85.68592834472656
85.49930572509766
86.03779602050781
85.11756896972656
84.9874496459961
84.51465606689453
85.06048583984375
83.98976135253906
84.48046875
84.23966217041016
84.73145294189453
84.58057403564453
85.57300567626953
85.85997772216797
86.60853576660156
87.0335464477539
87.68939971923828
88.92292785644531
89.18978118896484
90.78173065185547
90.90150451660156
92.27870178222656
92.5562973022461
93.44747924804688
93.16989135742188
93.61672973632812
93.1893310546875
93.05322265625
92.6561508178711
92.16593170166016
92.11971282958984
91.53375244140625
92.25154876708984
91.912109375
92.43433380126953
91.86549377441406
91.88821411132812
91.16850280761719
91.49345397949219
90.84552001953125
91.15547180175781
90.47183227539062
90.87167358398438
90.36865997314453
90.75653839111328
90.17338562011719
90.79740905761719
90.44239807128906
90.85680389404297
90.60343170166016
91.08391571044922
91.24989318847656
91.32266235351562
91.92809295654297
91.87125396728516
92.75965118408203
92.40312194824219
93.78357696533203
93.30570983886719
94.9440689086914
94.50895690917969
96.22816467285156
95.8677749633789
97.23600769042969
96.56562805175781
97.01476287841797
95.83607482910156
94.82205200195312
93.50029754638672
91.91141510009766
91.3486557006836
90.25436401367188
90.82412719726562
89.5088119506836
90.59044647216797
88.43477630615234
89.53652954101562
86.96122741699219
88.01541900634766
85.42101287841797
86.37152862548828
83.88976287841797
84.76285552978516
82.94593811035156
83.13983917236328
82.01753234863281
81.8554916381836
81.24842071533203
80.03848266601562
80.96837615966797
78.76134490966797
80.42302703857422
77.44865417480469
79.25005340576172
76.40967559814453
78.20634460449219
76.26720428466797
77.68608856201172
76.20262908935547
76.76807403564453
74.07891845703125
74.33949279785156
73.99172973632812
72.21249389648438
73.59004211425781
72.70343017578125
73.0572509765625
70.99541473388672
74.35650634765625
71.20199584960938
73.85002899169922
70.57365417480469
73.82843780517578
70.34024047851562
73.15792846679688
71.09000396728516
72.39100646972656
69.35289001464844
70.78890228271484
67.51006317138672
67.92948150634766
68.6287612915039
69.91719818115234
69.666015625
71.65713500976562
72.3209228515625
72.30271911621094
74.49962615966797
74.39295196533203
76.86748504638672
76.91352081298828
77.6136474609375
77.13853454589844
77.903564453125
77.91552734375
78.08609008789062
78.646728515625
78.82601165771484
79.97994232177734
80.1217041015625
81.53324127197266
81.2332534790039
82.40729522705078
83.31778717041016
84.10189819335938
85.09854125976562
85.5956802368164
87.08738708496094
86.87200927734375
88.67379760742188
88.29934692382812
89.7600326538086
89.06099700927734
89.46023559570312
88.58958435058594
87.92613983154297
87.1810073852539
85.08185577392578
85.15959167480469
82.08348083496094
83.49987030029297
80.17236328125
82.18869018554688
79.0284423828125
81.03811645507812
78.73470306396484
80.33544158935547
78.53650665283203
79.82164001464844
78.21314239501953
78.04922485351562
78.51045227050781
78.0435791015625
78.7140121459961
77.38494873046875
78.50820922851562
77.59392547607422
78.79993438720703
77.55006408691406
77.56689453125
75.88704681396484
74.8606185913086
72.6893310546875
71.10787200927734
71.24800109863281
71.07502746582031
71.66080474853516
70.44579315185547
72.5155258178711
70.57023620605469
73.03640747070312
71.28546905517578
74.15769958496094
71.24749755859375
74.74176788330078
73.44038391113281
75.8677749633789
74.3576889038086
76.19194030761719
75.05884552001953
77.72489929199219
76.63408660888672
78.55736541748047
78.31172180175781
79.14825439453125
80.13001251220703
80.68156433105469
81.00959777832031
82.50994873046875
83.12716674804688
84.04706573486328
84.23713684082031
84.86013793945312
83.43472290039062
83.50846862792969
80.82679748535156
81.26546478271484
78.14154052734375
79.7025146484375
77.28795623779297
79.55291748046875
79.2359848022461
81.69296264648438
80.8534164428711
83.0267562866211
82.74494934082031
83.28715515136719
82.86007690429688
82.54271697998047
81.83700561523438
80.22773742675781
80.4370346069336
78.29830932617188
78.76192474365234
77.03105926513672
78.22135162353516
75.390380859375
78.29530334472656
75.96050262451172
78.68484497070312
74.84376525878906
78.66324615478516
74.74797058105469
80.0967025756836
79.54373168945312
84.19489288330078
83.59961700439453
86.14447784423828
84.7546157836914
85.5342025756836
84.49398040771484
84.42622375488281
83.12952423095703
83.27163696289062
82.48548126220703
82.58333587646484
82.17732238769531
81.9927978515625
81.5675277709961
80.88758087158203
80.93697357177734
80.80416107177734
80.6563491821289
80.23193359375
80.5649185180664
80.3622055053711
80.67530822753906
80.15031433105469
80.55986022949219
80.81865692138672
80.84564208984375
80.27426147460938
80.4739761352539
80.5260009765625
80.72785949707031
81.2781982421875
81.33028411865234
81.4737319946289
81.53570556640625
82.41191101074219
81.9262466430664
82.92117309570312
83.03224182128906
83.48255157470703
84.0897445678711
84.44158935546875
85.1549072265625
85.65676879882812
86.78463745117188
86.77164459228516
87.74272155761719
86.53234100341797
86.7184066772461
84.1174087524414
84.34233856201172
81.86705017089844
81.62337493896484
78.55134582519531
78.3756103515625
75.29678344726562
74.58361053466797
71.64968872070312
72.2087173461914
68.3944091796875
71.09832000732422
67.12000274658203
70.11443328857422
69.11834716796875
70.4924545288086
69.67378234863281
72.6836929321289
72.61708068847656
74.13697814941406
74.93355560302734
75.79630279541016
76.3527603149414
76.73385620117188
77.67140197753906
77.66519165039062
78.01911163330078
77.6004638671875
78.4062271118164
77.90961456298828
78.69688415527344
78.35987854003906
79.36483001708984
79.14364624023438
80.39144134521484
81.6920394897461
82.54094696044922
83.6039810180664
84.8682861328125
85.57071685791016
86.28975677490234
86.56319427490234
86.74150085449219
86.33594512939453
86.18433380126953
85.15438842773438
85.21836853027344
83.76551055908203
83.94090270996094
82.38249969482422
82.62859344482422
81.49034881591797
81.66741180419922
80.49534606933594
80.1915054321289
79.7395248413086
79.28508758544922
79.1861572265625
78.48074340820312
78.3680191040039
77.41316223144531
78.35892486572266
76.43903350830078
77.0451431274414
74.21401977539062
74.03657531738281
69.98397827148438
72.49488067626953
67.42253875732422
70.53689575195312
66.72225952148438
68.03443908691406
65.52252197265625
67.5015869140625
65.5730209350586
63.654903411865234
62.951900482177734
63.43404006958008
68.11433410644531
70.37519836425781
73.07968139648438
74.52972412109375
76.35932159423828
75.76116180419922
76.85477447509766
74.85299682617188
76.65248107910156
74.38678741455078
76.43489837646484
74.16705322265625
76.24633026123047
74.20421600341797
75.06507110595703
74.3663558959961
73.1150894165039
73.48637390136719
71.13221740722656
72.40308380126953
70.89472961425781
70.62002563476562
71.02162170410156
71.05168151855469
72.07856750488281
74.5030746459961
75.82710266113281
76.99359893798828
77.70622253417969
78.06010437011719
78.40476989746094
77.62847900390625
78.59715270996094
77.61088562011719
78.07440185546875
76.7668228149414
77.79317474365234
77.06905364990234
77.4076156616211
76.19489288330078
77.59435272216797
77.16938018798828
79.62784576416016
79.86129760742188
82.78719329833984
82.98871612548828
84.46548461914062
84.80262756347656
85.4532699584961
85.54902648925781
86.14197540283203
85.8747329711914
86.15241241455078
85.84349822998047
85.37754821777344
84.09310913085938
83.39617919921875
81.40461730957031
80.65253448486328
79.31475067138672
79.99530792236328
