67.63374328613281
74.8938980102539
78.6939468383789
56.63138198852539
81.47566986083984
77.70703125
72.63154602050781
77.99359893798828
68.65576934814453
70.67153930664062
71.93646240234375
38.80820846557617
63.71704864501953
53.38099670410156
51.076541900634766
54.12004089355469
58.490482330322266
60.898231506347656
65.67526245117188
51.94721984863281
72.57374572753906
71.38844299316406
69.82768249511719
77.44425964355469
67.26473999023438
73.1536865234375
73.06495666503906
33.625526428222656
69.86107635498047
66.1139144897461
56.08124542236328
66.04776000976562
56.22572326660156
56.66691589355469
59.525848388671875
52.55925369262695
53.93225860595703
53.53842544555664
48.7126350402832
39.56343460083008
37.186302185058594
49.78240966796875
53.78650665283203
42.39688491821289
61.1337776184082
61.87880325317383
57.94122314453125
62.81755447387695
57.06501388549805
62.1013298034668
64.5030746459961
44.57730484008789
67.40038299560547
64.67716217041016
63.4842414855957
70.02722930908203
63.99458312988281
68.01246643066406
71.07470703125
48.671234130859375
72.6888427734375
70.66834259033203
66.5564956665039
74.98492431640625
67.42928314208984
73.29627990722656
76.48703002929688
48.36079788208008
77.74797821044922
76.26079559326172
72.8758544921875
81.88831329345703
74.16497039794922
81.41053009033203
85.28303527832031
63.33987045288086
88.81396484375
86.49247741699219
83.66878509521484
89.87357330322266
79.39002227783203
84.80531311035156
85.77754211425781
62.735801696777344
84.28284454345703
81.47682189941406
75.26382446289062
83.38514709472656
74.65043640136719
79.7053451538086
82.09066009521484
57.01309585571289
81.5973892211914
79.68867492675781
73.97215270996094
82.73249053955078
74.4214859008789
79.7178955078125
82.32624816894531
52.95370864868164
82.59678649902344
80.60884857177734
75.33676147460938
83.8451156616211
76.11835479736328
80.99921417236328
84.0741195678711
62.04566955566406
84.47944641113281
82.85047149658203
76.4887924194336
85.94611358642578
78.38612365722656
81.82009887695312
84.38874053955078
61.703826904296875
81.81918334960938
78.20968627929688
70.30670166015625
77.35869598388672
69.00181579589844
73.68126678466797
78.94508361816406
59.85284423828125
82.70799255371094
83.36334228515625
73.17544555664062
85.46831512451172
77.79168701171875
78.00959777832031
78.48776245117188
59.770782470703125
69.6739501953125
65.35755157470703
65.07533264160156
76.35115814208984
70.82845306396484
80.4279556274414
84.81529998779297
60.32972717285156
88.1680908203125
85.20620727539062
80.12376403808594
87.67943572998047
79.23489379882812
85.02579498291016
87.08128356933594
56.19078826904297
86.37824249267578
83.58769226074219
78.1554946899414
86.31793212890625
77.88612365722656
83.32801055908203
85.83714294433594
55.9918098449707
86.6026382446289
84.81002807617188
79.84429931640625
88.83918762207031
81.28407287597656
87.47599792480469
90.63453674316406
59.519508361816406
92.26335906982422
90.81798553466797
86.22383117675781
95.18675231933594
87.3816909790039
92.6875
94.9437255859375
67.71514129638672
94.2412338256836
91.51830291748047
85.75154876708984
93.92964172363281
86.72686004638672
91.04779815673828
94.25321960449219
67.53095245361328
93.73501586914062
91.46004486083984
85.24189758300781
93.76062774658203
85.51053619384766
90.35264587402344
92.69206237792969
58.927459716796875
92.56532287597656
90.19342041015625
84.583740234375
93.25782012939453
85.12417602539062
90.2593994140625
92.81715393066406
62.12919235229492
93.16803741455078
91.15229034423828
85.79572296142578
94.65975952148438
87.06132507324219
92.22489929199219
95.33708190917969
70.38736724853516
96.26596069335938
94.95606231689453
89.05857849121094
98.88854217529297
92.24845123291016
95.92618560791016
98.96221923828125
74.50923919677734
96.8094482421875
93.51056671142578
86.95832061767578
94.41307067871094
85.96041870117188
90.50370025634766
92.77639770507812
63.95323181152344
91.45122528076172
88.62356567382812
81.72900390625
89.848876953125
81.01930236816406
85.33938598632812
86.99127197265625
47.965396881103516
85.5512466430664
82.57830047607422
76.48213195800781
84.40975952148438
75.51313018798828
80.30516052246094
82.16214752197266
49.744476318359375
81.43183898925781
78.47504425048828
72.2347640991211
80.80118560791016
72.11458587646484
76.92034912109375
78.84676361083984
49.70982360839844
77.26797485351562
73.60211181640625
68.05501556396484
76.80559539794922
67.414794921875
73.282958984375
75.59138488769531
46.62521743774414
75.07170867919922
72.48126220703125
67.20438385009766
75.31304931640625
66.39134216308594
71.8902816772461
74.01238250732422
31.859081268310547
73.62384033203125
69.89905548095703
61.568748474121094
71.25676727294922
64.58993530273438
70.59808349609375
73.77488708496094
42.441200256347656
75.6642074584961
73.49711608886719
69.14720153808594
77.55254364013672
69.05674743652344
75.77095031738281
78.50537109375
50.879638671875
79.77401733398438
77.72273254394531
72.82493591308594
81.42628479003906
73.37224578857422
79.40129089355469
82.00523376464844
46.49085235595703
83.52129364013672
81.72911834716797
77.14177703857422
86.30577087402344
78.64960479736328
85.02115631103516
87.97566223144531
51.639156341552734
89.49263763427734
87.91191864013672
83.20686340332031
91.97810363769531
83.7620849609375
88.67138671875
90.37568664550781
53.2763557434082
88.20819854736328
83.9090576171875
79.27861785888672
85.95059967041016
76.87554168701172
81.82677459716797
83.46392822265625
55.26266860961914
82.52275085449219
79.8443832397461
73.98233795166016
81.80715942382812
73.55657958984375
78.29693603515625
80.37759399414062
48.1386833190918
80.22691345214844
77.77180480957031
72.42965698242188
80.76377868652344
72.53981018066406
77.81999206542969
79.96853637695312
54.316776275634766
77.76053619384766
73.84165954589844
66.02566528320312
73.75162506103516
66.42557525634766
68.85653686523438
72.11438751220703
43.1087646484375
72.67060852050781
71.06867980957031
66.0920181274414
75.18650817871094
67.53021240234375
72.71092224121094
75.3720932006836
47.04421615600586
76.5317153930664
74.43040466308594
69.22171783447266
77.93531036376953
70.26404571533203
76.49119567871094
79.00891876220703
52.3139762878418
79.57442474365234
78.24667358398438
73.42030334472656
82.55298614501953
75.38695526123047
81.0320816040039
84.1690902709961
58.50682067871094
85.51078796386719
83.85332489013672
77.54501342773438
85.98783874511719
76.81147766113281
80.83004760742188
82.14762878417969
52.2578239440918
81.62165069580078
79.59610748291016
74.91800689697266
84.14075469970703
77.33484649658203
82.18463897705078
85.73666381835938
61.93415069580078
85.08345794677734
82.5754165649414
75.9749755859375
83.8864517211914
74.59417724609375
79.0937728881836
80.5875244140625
39.596343994140625
79.73591613769531
77.3086166381836
71.89542388916016
79.86260986328125
69.80577087402344
76.9364013671875
78.33767700195312
64.00727081298828
82.69596099853516
82.93898010253906
77.66236877441406
88.14669036865234
81.33547973632812
84.73247528076172
87.30754089355469
56.14179229736328
86.03279876708984
83.55534362792969
77.1679916381836
85.56596374511719
77.35212707519531
81.77590942382812
83.99402618408203
55.0487174987793
83.44192504882812
80.93485260009766
75.10647583007812
83.40377044677734
74.88448333740234
80.19855499267578
82.39828491210938
47.3786735534668
82.42284393310547
80.06100463867188
74.44677734375
83.32776641845703
75.49735260009766
80.34943389892578
82.7840805053711
47.06715393066406
83.15523529052734
81.01563262939453
76.04728698730469
84.58528137207031
76.5531234741211
82.05104064941406
84.72294616699219
56.90340042114258
85.21586608886719
83.69841003417969
77.66387939453125
87.44925689697266
80.86861419677734
85.03968048095703
88.86946868896484
71.6002197265625
88.34493255615234
87.63638305664062
77.95552825927734
88.71533966064453
81.70796203613281
83.01238250732422
84.70480346679688
68.66641235351562
80.7500228881836
76.43209838867188
71.90260314941406
75.88829040527344
64.35525512695312
71.65703582763672
69.68267822265625
63.3750114440918
71.0768051147461
67.33444213867188
68.04894256591797
74.16056823730469
65.75678253173828
73.11825561523438
75.97843170166016
61.97067642211914
77.88269805908203
76.44084167480469
71.26018524169922
80.67742919921875
73.7881851196289
77.6772689819336
81.01500701904297
57.25667190551758
80.80840301513672
78.95723724365234
73.36600494384766
83.23180389404297
76.05847930908203
81.8478012084961
85.51689910888672
60.280967712402344
87.27777099609375
86.03263854980469
80.17677307128906
89.44142150878906
81.5541763305664
85.86412811279297
88.13880920410156
55.987728118896484
86.6619644165039
83.83538818359375
77.61250305175781
85.46418762207031
76.82183837890625
81.13733673095703
83.223876953125
48.75482177734375
82.17439270019531
79.38623809814453
73.3685531616211
81.59212493896484
73.01416778564453
77.183837890625
79.29137420654297
47.70941925048828
77.98388671875
74.94759368896484
69.08197784423828
75.12818908691406
65.66339874267578
71.89165496826172
74.00716400146484
43.8453369140625
73.20330047607422
70.17842864990234
64.85053253173828
71.53844451904297
61.440914154052734
64.97747039794922
68.43515014648438
51.92151641845703
71.71289825439453
72.04351043701172
68.31349182128906
77.95819854736328
71.13512420654297
75.60997009277344
78.02355194091797
48.08786392211914
77.3609848022461
75.1307601928711
69.36939239501953
77.30213928222656
68.50394439697266
73.82392120361328
75.7785415649414
50.47193908691406
75.30740356445312
72.188720703125
66.00115203857422
73.27965545654297
63.461761474609375
70.6277847290039
73.50299072265625
54.55130386352539
76.36605072021484
75.76765441894531
71.83072662353516
81.32820129394531
73.24384307861328
78.30658721923828
80.35995483398438
54.03289031982422
80.0981216430664
78.05917358398438
72.07342529296875
80.061279296875
71.55079650878906
76.44743347167969
78.800048828125
54.95374298095703
80.14330291748047
79.51142883300781
75.3194808959961
85.22001647949219
79.24640655517578
83.48162841796875
86.93901062011719
63.544124603271484
87.17996978759766
85.67292785644531
79.23283386230469
88.52911376953125
81.12596893310547
84.42064666748047
86.22187042236328
55.11867904663086
83.36690521240234
79.90518188476562
73.9316635131836
82.30804443359375
