71.38282775878906
77.22992706298828
81.3316421508789
64.83015441894531
82.16968536376953
79.21524047851562
75.08900451660156
79.76959991455078
68.53347778320312
71.90233612060547
71.21280670166016
42.52256774902344
67.17924499511719
64.66022491455078
54.66160583496094
62.417110443115234
57.64531326293945
63.999732971191406
70.19063568115234
61.51833724975586
74.90956115722656
76.1011734008789
71.64203643798828
79.25971984863281
64.75687408447266
75.57066345214844
74.43638610839844
55.248817443847656
71.9374771118164
71.41301727294922
54.126190185546875
65.26536560058594
56.95297622680664
57.09923553466797
60.77145767211914
56.18465042114258
60.31630325317383
58.02186965942383
57.31321334838867
50.28973388671875
59.79684829711914
58.66924285888672
59.5067138671875
60.05483627319336
64.84333801269531
64.96257781982422
46.084171295166016
67.66805267333984
60.791202545166016
62.590293884277344
67.81649017333984
52.61670684814453
71.75215911865234
67.80751037597656
58.14146423339844
73.10120391845703
67.42269897460938
69.53350067138672
73.36449432373047
58.43853759765625
74.8806381225586
73.09673309326172
71.18264770507812
79.00318145751953
70.78952026367188
75.99784088134766
79.16276550292969
57.97185516357422
80.4311294555664
78.41517639160156
76.78026580810547
85.16974639892578
78.10882568359375
85.05608367919922
89.03811645507812
68.12861633300781
90.80946350097656
88.91753387451172
84.69915771484375
91.28975677490234
80.90967559814453
86.82994842529297
88.15269470214844
64.60628509521484
85.86566162109375
83.26625061035156
76.95821380615234
84.7625503540039
75.40159606933594
82.7502670288086
84.56446838378906
59.959259033203125
84.5457992553711
82.51985931396484
74.29539489746094
84.61326599121094
76.76476287841797
81.92071533203125
84.55484771728516
47.64970397949219
85.49018096923828
82.95759582519531
78.34333038330078
86.42591094970703
79.1625747680664
83.41014862060547
86.25733947753906
60.058807373046875
86.60559844970703
84.40139770507812
79.62330627441406
87.76487731933594
78.65100860595703
84.16464233398438
85.53511047363281
55.395782470703125
82.26669311523438
78.95272827148438
68.48487091064453
77.17639923095703
67.40802001953125
79.37278747558594
83.25737762451172
64.7774887084961
85.90217590332031
85.4795150756836
79.46051025390625
87.66468048095703
76.9581298828125
81.73094177246094
81.31576538085938
63.00534439086914
69.68975830078125
62.13252258300781
71.72349548339844
80.9480209350586
76.61927032470703
82.69132995605469
87.77484130859375
68.22126770019531
89.94953918457031
86.95988464355469
82.47948455810547
90.2081298828125
82.5467300415039
87.66259765625
89.45706939697266
55.24586868286133
88.9816665649414
86.3048095703125
81.03099060058594
88.89754486083984
80.75330352783203
85.78316497802734
88.55419158935547
56.23478698730469
89.1168212890625
87.10262298583984
83.04756164550781
91.69889068603516
83.61070251464844
90.33739471435547
93.57062530517578
61.042999267578125
94.93342590332031
93.60086059570312
88.23821258544922
97.4101791381836
89.14691162109375
94.72773742675781
96.78227996826172
67.03497314453125
96.2641830444336
93.29023742675781
87.82482147216797
95.7259292602539
87.94068908691406
92.2978744506836
95.6090087890625
69.91205596923828
96.05279541015625
93.24951934814453
88.98577880859375
96.47583770751953
88.04936218261719
93.07518005371094
95.2373046875
64.5136947631836
94.48895263671875
92.38365936279297
86.77259063720703
95.26244354248047
86.64591979980469
92.87252044677734
95.06255340576172
65.166259765625
95.4296875
93.46096801757812
87.22089385986328
96.5011978149414
88.7560806274414
94.16651916503906
96.80433654785156
67.10186767578125
98.24236297607422
96.41230773925781
91.83204650878906
100.82342529296875
93.6972885131836
98.40477752685547
101.44873046875
73.39697265625
101.15552520751953
97.96430206298828
92.87308502197266
99.3818588256836
89.97566986083984
94.01920318603516
95.8778305053711
68.31297302246094
93.94591522216797
91.04776763916016
85.39917755126953
92.72453308105469
83.28602600097656
88.77574920654297
90.20059967041016
59.70849609375
88.41319274902344
85.8951187133789
78.87482452392578
86.90210723876953
77.97573852539062
83.31808471679688
84.74711608886719
55.23347473144531
84.62024688720703
81.74630737304688
75.40996551513672
83.41141510009766
75.11710357666016
79.17389678955078
81.01513671875
58.24454879760742
80.52074432373047
76.88407135009766
71.53001403808594
79.72868347167969
72.32486724853516
75.91877746582031
77.85232543945312
52.127445220947266
77.01750183105469
74.23360443115234
70.32185363769531
78.0492172241211
68.92326354980469
74.0999984741211
76.891845703125
55.515869140625
74.26598358154297
72.3582534790039
67.04214477539062
75.0604248046875
68.0654525756836
75.25204467773438
78.8265609741211
48.53948974609375
79.679931640625
78.24073028564453
72.4209976196289
80.97271728515625
72.96543884277344
78.6451416015625
81.34203338623047
56.46396255493164
82.63072204589844
80.7425308227539
76.14120483398438
84.21449279785156
77.1353530883789
82.03516387939453
84.71448516845703
55.099822998046875
85.69452667236328
83.82821655273438
80.39128875732422
88.7940673828125
80.99217987060547
87.5641098022461
90.56272888183594
60.98586654663086
91.74263000488281
90.10276794433594
84.49007415771484
93.54544067382812
84.69937133789062
90.47564697265625
91.90711975097656
65.29900360107422
90.8442153930664
88.17430114746094
81.6220474243164
89.51925659179688
80.76585388183594
84.76866912841797
86.5181884765625
52.17144012451172
85.28400421142578
82.43583679199219
77.42728424072266
85.05795288085938
76.65252685546875
81.28772735595703
83.62523651123047
61.056148529052734
82.88690185546875
80.5279769897461
74.7470703125
83.61825561523438
75.38652801513672
80.63719940185547
82.23936462402344
53.631195068359375
80.08952331542969
76.07427978515625
68.67330169677734
75.76012420654297
69.07109069824219
71.08169555664062
73.70933532714844
56.8271369934082
76.7555160522461
74.41868591308594
68.2265853881836
78.12875366210938
71.2275619506836
74.61036682128906
77.6123046875
56.07620620727539
77.82276153564453
75.59798431396484
73.55577850341797
80.91480255126953
73.66544342041016
78.37403869628906
81.68907928466797
57.83807373046875
81.83314514160156
79.8767318725586
76.3117446899414
84.5709228515625
76.77860260009766
83.80888366699219
86.91766357421875
59.90412902832031
88.07211303710938
86.34754180908203
80.18274688720703
88.4526596069336
79.00443267822266
83.22477722167969
84.41834259033203
55.86337661743164
83.1619644165039
80.89690399169922
76.73895263671875
85.772216796875
78.22705841064453
84.21358489990234
87.18408966064453
60.54433059692383
87.27873229980469
84.48289489746094
79.18997192382812
86.22311401367188
76.8203125
82.18762969970703
83.76034545898438
55.03236389160156
82.1125259399414
78.97555541992188
71.18254089355469
79.2085189819336
68.86424255371094
78.18270874023438
81.91346740722656
61.6151123046875
86.36177825927734
86.18245697021484
81.17747497558594
90.902587890625
82.71331024169922
88.35376739501953
90.09062194824219
55.62311553955078
89.44312286376953
86.6866226196289
79.95938873291016
88.35710906982422
79.37858581542969
84.4664306640625
86.60665893554688
51.74232482910156
86.2825698852539
83.687255859375
78.16510009765625
86.33989715576172
77.82913208007812
82.71743774414062
85.06816864013672
56.125247955322266
85.31256103515625
82.7402114868164
77.83436584472656
86.01029205322266
78.18045806884766
82.89677429199219
85.56005096435547
48.57583999633789
85.7782974243164
83.46057891845703
78.74010467529297
86.94223022460938
78.69461822509766
84.68815612792969
87.04944610595703
48.42378616333008
87.5762939453125
85.49909210205078
80.55115509033203
89.41634368896484
81.70636749267578
87.6011734008789
90.23558044433594
56.310211181640625
91.11337280273438
89.53492736816406
83.26533508300781
92.42501068115234
84.28130340576172
88.65419006347656
89.9171371459961
61.831756591796875
87.57044982910156
83.52503967285156
75.54033660888672
82.66252899169922
73.6487808227539
75.14542388916016
75.31713104248047
56.88071060180664
74.0511474609375
70.63817596435547
66.84654998779297
74.96585845947266
67.55149841308594
73.93009185791016
76.93199157714844
58.089080810546875
79.88047790527344
78.50261688232422
74.55546569824219
83.31243133544922
76.60297393798828
80.96955108642578
83.87767791748047
48.88323974609375
83.41368103027344
80.81802368164062
75.38460540771484
84.7503890991211
76.76529693603516
83.92528533935547
87.1982421875
55.80660629272461
89.2862548828125
87.83155059814453
82.63063049316406
91.62934875488281
83.3506088256836
88.70394134521484
90.40625762939453
52.349021911621094
89.46530151367188
86.60726165771484
79.91731262207031
88.0328369140625
79.56319427490234
83.97409057617188
85.56272888183594
51.40814208984375
84.54720306396484
81.95167541503906
76.32075500488281
84.1597900390625
75.7426528930664
79.77832794189453
81.59434509277344
52.5128173828125
79.78587341308594
76.57927703857422
72.0572509765625
78.55355834960938
69.83836364746094
75.43418884277344
77.3038101196289
38.24272537231445
75.91644287109375
73.91441345214844
65.03025817871094
74.44501495361328
63.32688903808594
70.66107177734375
71.48432922363281
53.14748001098633
76.1803207397461
75.5552978515625
71.74657440185547
80.5833511352539
72.70891571044922
78.58110809326172
81.00540924072266
46.22869873046875
80.40433502197266
77.5901870727539
71.75511932373047
80.2125244140625
71.79337310791016
76.71077728271484
78.87403869628906
33.03152847290039
78.17630004882812
75.99674987792969
69.95343780517578
77.2994155883789
67.79234313964844
73.85836029052734
75.91305541992188
52.82515335083008
78.75155639648438
78.06623840332031
73.30095672607422
82.4770736694336
73.94662475585938
80.81427001953125
82.87268829345703
39.0815544128418
82.9930648803711
80.56084442138672
74.71092224121094
83.10631561279297
74.57235717773438
79.5052490234375
81.28455352783203
45.426692962646484
82.06660461425781
80.48466491699219
75.96978759765625
86.3879165649414
79.27312469482422
85.73262786865234
88.78473663330078
55.48298645019531
89.87574005126953
87.87781524658203
82.15047454833984
90.97575378417969
82.7471923828125
87.2295150756836
88.8104476928711
57.350643157958984
86.97373962402344
83.63074493408203
76.9750747680664
86.01309967041016
