76.14682006835938
76.61243438720703
80.34347534179688
78.8375473022461
80.8991470336914
81.30647277832031
79.6023178100586
79.69246673583984
73.50565338134766
73.11029052734375
69.197265625
73.35778045654297
62.27260971069336
69.581787109375
60.9677848815918
51.26420593261719
66.86432647705078
60.214927673339844
68.60546875
72.2831802368164
68.50617980957031
75.92131805419922
74.23939514160156
80.22330474853516
75.95538330078125
79.2015151977539
73.27032470703125
74.49131774902344
72.38027954101562
71.29585266113281
71.23705291748047
64.00286865234375
67.27432250976562
65.21676635742188
66.74153137207031
59.788509368896484
57.613861083984375
50.2391471862793
61.958030700683594
54.8021354675293
41.02519607543945
58.24018096923828
60.678524017333984
61.49990463256836
60.25333023071289
62.89439010620117
58.26557540893555
63.93734359741211
64.60567474365234
64.20635986328125
65.6009292602539
66.9754867553711
66.41905975341797
65.8615951538086
70.27456665039062
68.64742279052734
70.91575622558594
70.64379119873047
70.11673736572266
68.59845733642578
73.04280090332031
72.41883087158203
74.54902648925781
72.77995300292969
74.7682113647461
74.56299591064453
77.32357025146484
76.43499755859375
77.05142974853516
78.19659423828125
78.46318054199219
80.38446044921875
80.50370788574219
83.20049285888672
82.9380874633789
86.53235626220703
86.36784362792969
90.1310806274414
88.9824447631836
91.94742584228516
88.64285278320312
90.40571594238281
86.78782653808594
87.87198638916016
85.2968978881836
86.2490463256836
84.2973403930664
84.5321044921875
83.36854553222656
83.81378936767578
83.60579681396484
83.01742553710938
83.70555114746094
82.63831329345703
83.90802001953125
82.60088348388672
83.8079605102539
82.44242858886719
84.11470031738281
83.01763153076172
83.8612289428711
83.64106750488281
83.94740295410156
84.21632385253906
84.32826232910156
85.16455841064453
84.90343475341797
85.92733764648438
84.5705795288086
86.635009765625
85.09197998046875
86.20999145507812
85.08625030517578
84.91022491455078
83.46324157714844
82.82171630859375
81.19837188720703
78.40743255615234
77.43130493164062
73.66895294189453
75.73616027832031
74.6733169555664
80.99049377441406
79.92745208740234
84.69983673095703
83.14924621582031
84.62322998046875
82.09612274169922
80.4139633178711
78.74197387695312
72.02436828613281
74.66515350341797
70.38185119628906
63.01805114746094
77.11346435546875
69.42850494384766
81.80943298339844
80.00547790527344
85.55392456054688
86.27265930175781
88.72042846679688
88.05875396728516
87.7238998413086
86.62057495117188
87.43804931640625
86.87467193603516
87.76264953613281
86.67228698730469
87.31129455566406
85.90438079833984
86.68218231201172
85.63863372802734
86.45067596435547
85.98214721679688
86.48300170898438
86.64978790283203
86.99720764160156
87.878662109375
87.82567596435547
89.32247924804688
89.11664581298828
90.81926727294922
90.8986587524414
92.66290283203125
92.65985870361328
94.41553497314453
94.61288452148438
95.60648345947266
95.70262145996094
96.07609558105469
95.88480377197266
95.68370819091797
95.49247741699219
95.01302337646484
94.95755004882812
94.59893798828125
94.71527862548828
94.48845672607422
94.2288818359375
94.0914306640625
93.58488464355469
93.5069808959961
93.31493377685547
93.181396484375
93.11263275146484
92.85298156738281
93.05266571044922
92.6670150756836
93.246337890625
92.63533782958984
93.12959289550781
92.76789855957031
93.2965316772461
92.91283416748047
93.47144317626953
93.50263214111328
93.8553466796875
94.25464630126953
94.480712890625
95.13432312011719
95.02227020263672
96.21138763427734
95.83695983886719
97.52255249023438
97.0408935546875
98.88848114013672
98.16905975341797
99.96478271484375
98.8712158203125
99.757568359375
97.881103515625
97.78914642333984
95.68177795410156
95.28186798095703
94.01249694824219
94.0053482055664
93.45005798339844
92.90270233154297
92.77178955078125
91.26651000976562
91.26644134521484
89.39173126220703
89.75514221191406
87.79303741455078
88.12594604492188
86.35948181152344
86.39797973632812
85.00851440429688
85.4174575805664
84.34412384033203
83.84264373779297
83.11739349365234
82.2406234741211
82.91529846191406
81.1873550415039
81.95231628417969
80.42045593261719
81.29268646240234
79.40330505371094
80.84182739257812
78.86334228515625
79.40837097167969
77.72561645507812
77.97859954833984
76.80978393554688
76.59790802001953
76.85870361328125
75.9097671508789
75.96147155761719
75.09906768798828
75.75338745117188
74.22379302978516
75.6883316040039
74.25096893310547
74.6209716796875
73.62466430664062
74.99494934082031
73.34432220458984
73.97730255126953
72.54080963134766
72.96031188964844
72.43587493896484
71.02897644042969
71.17282104492188
69.2020492553711
69.95579528808594
70.98108673095703
73.65796661376953
74.34306335449219
75.99999237060547
75.34481048583984
76.25419616699219
76.60868072509766
78.90668487548828
79.54315185546875
79.54264831542969
80.78262329101562
80.41205596923828
81.56855010986328
81.0629653930664
82.30010986328125
81.9132080078125
82.87600708007812
82.83983612060547
84.43030548095703
84.3543701171875
85.44206237792969
86.21192169189453
86.78553771972656
87.96138763427734
88.10502624511719
89.55439758300781
89.63565826416016
91.11827850341797
90.8641128540039
92.11357879638672
90.9373550415039
91.13182067871094
89.7175064086914
89.7707748413086
88.58186340332031
88.07719421386719
87.32820892333984
86.24842834472656
85.70472717285156
84.63568115234375
84.4322509765625
83.0678482055664
83.25251007080078
82.34204864501953
82.56982421875
81.42720031738281
81.77301025390625
81.49728393554688
81.43724822998047
81.19324493408203
80.96925354003906
80.6113052368164
80.58672332763672
81.05658721923828
80.90780639648438
81.2772216796875
80.52568817138672
79.71553802490234
79.54991149902344
76.66545867919922
75.0531005859375
72.34114837646484
73.92754364013672
73.65592193603516
73.92330932617188
72.53632354736328
74.59928894042969
73.73504638671875
75.00430297851562
74.32904815673828
75.80248260498047
74.66199493408203
76.97785949707031
75.86713409423828
77.247314453125
77.51956939697266
78.93508911132812
78.22968292236328
79.58995819091797
78.86600494384766
80.42088317871094
79.5321273803711
81.97319793701172
81.3249282836914
83.35072326660156
83.19763946533203
85.0123291015625
84.78511047363281
86.28400421142578
86.34507751464844
87.4342269897461
86.40950775146484
86.1829605102539
84.25206756591797
83.75241088867188
82.0491943359375
82.20769500732422
81.28692626953125
81.85822296142578
82.43028259277344
83.37511444091797
84.43644714355469
85.16173553466797
85.41634368896484
85.38506317138672
84.61734008789062
83.73894500732422
82.93315124511719
82.7743148803711
81.13560485839844
81.00541687011719
79.99134826660156
79.88839721679688
78.83838653564453
78.98934173583984
78.20182037353516
77.4186782836914
77.07080078125
78.82550811767578
79.36002349853516
82.3260726928711
84.48377227783203
86.82288360595703
87.64261627197266
88.13542175292969
88.1422119140625
87.44392395019531
87.43566131591797
86.20430755615234
86.61143493652344
84.58138275146484
85.46810913085938
83.96942138671875
85.10480499267578
83.32324981689453
84.29257202148438
83.03145599365234
83.687255859375
82.90467834472656
83.4091796875
82.73429107666016
82.22013854980469
83.02046203613281
82.43390655517578
83.37700653076172
82.05777740478516
83.60828399658203
81.91056823730469
83.65339660644531
81.99539184570312
83.63008117675781
82.2795639038086
84.19329833984375
82.77843475341797
84.08238983154297
83.4879150390625
84.38836669921875
84.59955596923828
84.80878448486328
85.84864044189453
85.27172088623047
87.23418426513672
86.29613494873047
88.59596252441406
86.97187805175781
89.72644805908203
86.9457015991211
88.84637451171875
84.89260864257812
85.06281280517578
81.16755676269531
82.33036804199219
79.44952392578125
80.44381713867188
77.17277526855469
76.58572387695312
73.3377456665039
72.08171081542969
71.52324676513672
71.51838684082031
70.66727447509766
71.7959213256836
73.53129577636719
74.41777801513672
74.8000259399414
76.25354766845703
76.57954406738281
76.81082153320312
78.11006927490234
79.01302337646484
79.8092041015625
80.447265625
80.75102233886719
81.39524841308594
81.71253967285156
82.63402557373047
82.52576446533203
82.41363525390625
82.25477600097656
82.51465606689453
81.67662048339844
80.81851959228516
80.29399871826172
81.6646499633789
81.99478149414062
83.16485595703125
84.40084075927734
85.75746154785156
86.24536895751953
87.67800903320312
88.24874114990234
88.9007797241211
88.95611572265625
89.43931579589844
88.64269256591797
88.77664184570312
87.59645080566406
87.72261810302734
86.5355224609375
86.20015716552734
84.90666198730469
85.12318420410156
83.96580505371094
83.94515991210938
83.14411163330078
82.81600952148438
82.84086608886719
81.77804565429688
81.91967010498047
80.97383880615234
80.94059753417969
79.73079681396484
80.16769409179688
78.23028564453125
78.16659545898438
75.13514709472656
75.8917007446289
72.98181915283203
74.85726928710938
72.47142791748047
73.19375610351562
72.57682037353516
72.77587890625
71.30459594726562
70.94122314453125
70.35929107666016
67.73101806640625
69.07494354248047
68.11429595947266
72.29741668701172
72.44598388671875
76.7532730102539
76.22972106933594
78.41799926757812
77.38384246826172
79.43103790283203
78.48798370361328
78.81387329101562
77.76360321044922
78.17481994628906
76.82256317138672
76.94971466064453
76.9068374633789
76.74720764160156
76.88720703125
75.49999237060547
75.59878540039062
74.24755096435547
74.35391235351562
71.9135513305664
73.15218353271484
71.99856567382812
75.12938690185547
75.25080871582031
78.1764907836914
79.67762756347656
80.72944641113281
81.61731719970703
81.22189331054688
81.6080322265625
80.91085815429688
81.70848846435547
80.1744155883789
81.08855438232422
80.12718200683594
80.69650268554688
79.1390380859375
80.53630065917969
79.44082641601562
81.58196258544922
81.77812194824219
84.69911193847656
85.44319152832031
86.75594329833984
86.89839935302734
87.8182601928711
87.55267333984375
88.32281494140625
88.3187026977539
88.76538848876953
88.3341064453125
88.988525390625
87.57708740234375
87.64167022705078
85.19275665283203
85.34927368164062
82.1836166381836
83.14576721191406
80.7399673461914
83.04154968261719
