76.03971862792969
80.15514373779297
84.75067138671875
58.61178970336914
85.24504852294922
81.37300872802734
78.38267517089844
82.72206115722656
72.74269104003906
77.05562591552734
78.09562683105469
56.27371597290039
71.41820526123047
70.63990020751953
66.78390502929688
68.00833129882812
58.298301696777344
69.29225158691406
69.49744415283203
61.39971160888672
73.0816879272461
71.93408203125
68.7374038696289
78.23951721191406
73.93942260742188
77.23925018310547
82.2268295288086
70.17935943603516
81.29042053222656
76.96219635009766
74.04386901855469
78.01945495605469
67.9057388305664
71.50546264648438
71.02287292480469
60.102294921875
63.30697250366211
55.02120590209961
59.61737823486328
59.479251861572266
61.37343215942383
62.18110656738281
59.17634201049805
60.016746520996094
61.90613555908203
62.04158401489258
61.13831329345703
70.76531982421875
52.71952819824219
68.98429870605469
70.6924057006836
54.516902923583984
70.28430938720703
69.37300872802734
63.144718170166016
73.04258728027344
66.29037475585938
72.7982406616211
75.82929229736328
49.868778228759766
75.80777740478516
74.47826385498047
67.8853759765625
77.22583770751953
69.37227630615234
76.69265747070312
78.5323486328125
47.359169006347656
80.17667388916016
78.7764892578125
72.78173065185547
81.8780746459961
74.85498046875
80.84358215332031
84.09699249267578
60.967872619628906
87.01839447021484
86.11264038085938
81.74353790283203
90.98841857910156
82.77655029296875
89.1851806640625
90.45472717285156
62.24113464355469
89.47241973876953
86.10446166992188
80.2683334350586
87.98522186279297
79.4674301147461
83.56143188476562
85.84302520751953
48.93770980834961
85.63346099853516
82.97852325439453
77.54300689697266
86.05657196044922
78.05074310302734
82.61034393310547
85.08430480957031
35.03865432739258
84.24951934814453
82.16901397705078
75.86498260498047
84.3906478881836
75.97499084472656
79.9431381225586
81.32793426513672
49.74542999267578
80.99500274658203
79.4302749633789
75.76847076416016
84.63319396972656
76.54940032958984
83.135009765625
85.46690368652344
49.527320861816406
85.96028900146484
83.98018646240234
79.34146881103516
87.52741241455078
79.46419525146484
85.3544921875
87.88753509521484
49.044212341308594
88.15934753417969
86.20185089111328
81.15219116210938
90.055908203125
82.44125366210938
87.9861068725586
91.0919418334961
62.44833755493164
91.76239776611328
90.69650268554688
83.68519592285156
93.6261978149414
86.02334594726562
90.5302734375
92.88468933105469
72.0566635131836
93.94064331054688
93.8943099975586
86.93317413330078
97.64405059814453
89.08274841308594
94.53974151611328
95.70681762695312
62.750999450683594
94.17455291748047
91.1691665649414
84.2271957397461
91.95891571044922
83.6318359375
87.32263946533203
89.03648376464844
64.02197265625
88.90953063964844
86.50664520263672
81.16964721679688
89.58385467529297
82.76667785644531
86.55032348632812
89.82457733154297
69.63186645507812
91.71208190917969
90.44999694824219
87.03673553466797
96.5002212524414
89.76457214355469
95.33149719238281
99.20527648925781
73.14569091796875
100.08199310302734
98.00019836425781
92.35620880126953
100.54750061035156
92.13771057128906
96.50286865234375
98.77440643310547
67.49021911621094
97.91881561279297
95.39434814453125
89.56939697265625
97.83998107910156
89.39579010009766
94.33875274658203
96.73250579833984
64.1253433227539
96.491943359375
94.19804382324219
88.84528350830078
97.48104095458984
89.41854858398438
94.67202758789062
97.35438537597656
64.147705078125
97.57197570800781
95.77400207519531
90.59053039550781
99.58651733398438
91.86426544189453
97.51739501953125
100.5853500366211
76.35015106201172
101.11300659179688
99.71797943115234
92.71604919433594
101.97096252441406
93.62179565429688
97.57782745361328
99.36829376220703
69.46658325195312
97.55633544921875
95.1917724609375
87.81906127929688
96.88740539550781
88.84709930419922
92.75074768066406
94.42596435546875
64.467529296875
92.6114501953125
89.63892364501953
82.46153259277344
90.63331604003906
82.24764251708984
86.195068359375
87.85240936279297
59.436920166015625
86.81206512451172
84.25513458251953
77.53750610351562
85.36582946777344
77.63713073730469
81.36639404296875
83.318359375
59.7869758605957
82.35955810546875
79.79627227783203
74.2122573852539
82.15791320800781
73.56538391113281
77.51976776123047
79.5856704711914
58.28502655029297
78.80204010009766
76.33613586425781
71.3653564453125
78.199462890625
69.34416961669922
75.0621566772461
77.31848907470703
52.94050216674805
76.8798599243164
74.1748275756836
68.69861602783203
76.9457778930664
68.80616760253906
74.43096160888672
76.04058074951172
53.02095413208008
75.56219482421875
72.07164001464844
67.2324447631836
75.1684341430664
66.03610229492188
73.57447052001953
77.64493560791016
57.32400131225586
81.00243377685547
80.53621673583984
75.08965301513672
83.82295989990234
76.1630630493164
80.96595001220703
83.90391540527344
56.235660552978516
83.6375961303711
81.95606994628906
74.91429901123047
84.65450286865234
76.99049377441406
79.18743133544922
82.008544921875
66.7388687133789
80.05145263671875
78.21971893310547
73.34674835205078
81.99432373046875
74.02457427978516
82.39120483398438
85.98798370361328
63.54010772705078
87.38752746582031
86.61095428466797
81.37953186035156
89.78285217285156
79.01176452636719
86.9693374633789
87.45427703857422
63.50585174560547
88.0622787475586
86.07024383544922
80.51001739501953
88.68507385253906
79.86764526367188
85.49859619140625
87.3819351196289
54.45075225830078
87.00880432128906
84.3479995727539
79.17150115966797
87.05303955078125
79.03483581542969
83.52960205078125
85.97380065917969
61.423095703125
86.07671356201172
83.95843505859375
79.91166687011719
87.9126968383789
80.26578521728516
85.43814849853516
88.12059783935547
63.818328857421875
88.60406494140625
86.8418960571289
83.21581268310547
91.93224334716797
84.2633056640625
90.92559814453125
94.48584747314453
72.8284912109375
95.9906005859375
95.12118530273438
89.04895782470703
97.43362426757812
87.41751098632812
92.69998931884766
93.41727447509766
66.10794067382812
90.29071807861328
87.41935729980469
78.63536071777344
86.94227600097656
76.18655395507812
82.87500762939453
83.42951965332031
62.94016647338867
82.38042449951172
79.53715515136719
69.30348205566406
79.46983337402344
70.2514419555664
74.3716812133789
74.64474487304688
56.054893493652344
75.8245849609375
73.7590103149414
63.87794494628906
71.10680389404297
63.817909240722656
67.75704956054688
69.26490020751953
59.49910354614258
73.7138900756836
73.36975860595703
63.45027160644531
74.33634185791016
68.12548065185547
71.40250396728516
73.38385009765625
58.832496643066406
76.177001953125
74.66117858886719
69.31028747558594
79.27967071533203
73.02239990234375
78.49708557128906
82.48177337646484
61.11640548706055
86.46844482421875
85.553466796875
81.44315338134766
91.4543228149414
85.87796020507812
89.89342498779297
93.79473876953125
72.15750122070312
93.87599182128906
91.47987365722656
85.46255493164062
93.26237487792969
85.09609985351562
88.40084838867188
90.33172607421875
69.64405059814453
87.94153594970703
83.45399475097656
79.33533477783203
85.94938659667969
76.62641906738281
82.98606872558594
84.97085571289062
54.183353424072266
84.4867172241211
81.90348815917969
76.3719711303711
84.70462036132812
75.94841003417969
81.77810668945312
84.14236450195312
52.131465911865234
83.75010681152344
80.76486206054688
74.74201202392578
82.96295928955078
73.36349487304688
80.37255096435547
82.66259002685547
54.405616760253906
84.68009948730469
82.90834045410156
77.7249984741211
85.55457305908203
77.0360107421875
81.99697875976562
83.96934509277344
59.706764221191406
84.8151626586914
83.26123809814453
78.31684112548828
88.97122192382812
82.49720764160156
86.79293060302734
89.8017349243164
65.22492980957031
89.03440856933594
86.67737579345703
80.88876342773438
88.57292938232422
79.81221008300781
84.88690948486328
87.5586929321289
56.81489181518555
87.71269989013672
85.77674102783203
80.46470642089844
89.19153594970703
81.79804229736328
86.81674194335938
89.40552520751953
46.56656265258789
89.84258270263672
88.06671142578125
82.72521209716797
91.66828155517578
84.1894302368164
89.39646911621094
92.36018371582031
62.04351043701172
92.78782653808594
90.98257446289062
84.97493743896484
93.68508911132812
85.48113250732422
90.07177734375
92.80989837646484
58.721561431884766
93.75990295410156
92.2506332397461
87.6037826538086
96.77706909179688
89.40544128417969
94.62113189697266
97.50751495361328
72.54349517822266
97.47503662109375
95.28430938720703
88.5754165649414
96.82621765136719
88.17105102539062
92.04973602294922
93.77212524414062
65.56070709228516
91.77584838867188
88.6594009399414
82.78875732421875
90.0749282836914
80.85909271240234
86.96990203857422
90.04013061523438
65.69747161865234
92.03498077392578
90.95382690429688
85.76039123535156
94.60480499267578
86.30988311767578
91.2503662109375
93.3922348022461
61.02477264404297
92.40784454345703
90.15867614746094
83.98738098144531
92.56554412841797
83.9222412109375
89.90473937988281
92.2010498046875
64.57588958740234
91.96806335449219
90.32644653320312
82.62089538574219
92.04399871826172
83.62014770507812
86.61004638671875
86.89252471923828
50.74956512451172
81.1789321899414
76.991455078125
70.13091278076172
78.05748748779297
70.0083999633789
77.42141723632812
79.70162963867188
55.23517608642578
80.07146453857422
78.42598724365234
72.95723724365234
81.7855453491211
73.80358123779297
80.34476470947266
83.61149597167969
39.5067253112793
84.2063980102539
82.19710540771484
76.368896484375
85.21623229980469
77.6095962524414
82.2995834350586
85.5128173828125
55.34511947631836
86.68535614013672
85.29674530029297
79.35551452636719
88.21858215332031
80.65812683105469
84.18876647949219
86.14625549316406
61.528472900390625
83.16233825683594
79.37081909179688
70.83406066894531
77.24954986572266
68.2660140991211
71.08203125
72.81910705566406
53.095951080322266
70.0501480102539
69.12901306152344
61.1047477722168
65.51431274414062
62.6743049621582
64.12045288085938
66.95622253417969
54.957218170166016
69.80332946777344
70.30062866210938
63.290443420410156
77.39830780029297
74.90992736816406
75.62437438964844
82.1287612915039
65.38583374023438
83.06062316894531
81.39305114746094
74.421630859375
83.80789184570312
