66.85150146484375
71.06989288330078
76.39724731445312
54.679344177246094
77.78026580810547
77.27120971679688
74.22102355957031
83.5224380493164
75.09479522705078
81.2198715209961
81.9856948852539
56.56583786010742
77.18126678466797
72.38357543945312
62.90620803833008
68.83647155761719
64.70997619628906
63.628746032714844
56.87685012817383
60.4967041015625
56.1607551574707
54.89639663696289
60.75339126586914
67.1213607788086
63.19721221923828
68.56487274169922
74.08726501464844
50.982627868652344
78.26931762695312
78.10675048828125
74.34334564208984
82.16635131835938
73.26817321777344
75.4255599975586
75.94934844970703
54.47068405151367
73.11042785644531
69.49828338623047
65.63482666015625
70.76470947265625
57.995479583740234
66.31783294677734
65.9384765625
51.98660659790039
68.12553405761719
61.66383361816406
57.93791580200195
67.59407806396484
58.21381759643555
64.62462615966797
66.49162292480469
42.11846923828125
67.78746795654297
63.93533706665039
59.85310745239258
69.78116607666016
64.54863739013672
65.85401916503906
68.25389862060547
53.76970672607422
69.24857330322266
66.24488067626953
60.77082824707031
70.55858612060547
62.86549377441406
66.71812438964844
71.07364654541016
51.18235778808594
69.93387603759766
67.21748352050781
60.26107406616211
71.13856506347656
62.558353424072266
69.41954040527344
71.92760467529297
43.9981803894043
73.36283111572266
70.77181243896484
67.86035919189453
75.79342651367188
69.30294036865234
75.38286590576172
78.63378143310547
52.818214416503906
81.74108123779297
81.59265899658203
77.05304718017578
86.1814956665039
78.73887634277344
83.0923843383789
85.6468276977539
54.75486755371094
84.39799499511719
81.90503692626953
75.22216796875
81.94308471679688
71.82315826416016
73.99054718017578
74.8230209350586
59.4554443359375
75.2864761352539
73.64522552490234
70.1592025756836
77.65045928955078
70.15635681152344
76.54290771484375
78.8155288696289
43.5494270324707
80.25589752197266
78.18720245361328
73.6498794555664
82.235107421875
74.21868133544922
79.90689849853516
83.10594940185547
55.00080108642578
83.58199310302734
81.8818588256836
76.54570007324219
85.42147064208984
77.90168762207031
83.07977294921875
86.25627899169922
54.63315963745117
87.24169921875
85.6730728149414
80.7261734008789
89.86466979980469
82.31752014160156
88.4939193725586
91.5767822265625
50.007102966308594
93.50228881835938
92.32644653320312
86.88823699951172
95.69220733642578
86.88750457763672
89.95694732666016
90.63568878173828
63.360111236572266
88.3778305053711
86.04328918457031
80.1771469116211
88.8996353149414
81.07992553710938
85.91201782226562
87.94050598144531
48.006004333496094
87.28450775146484
84.59253692626953
78.19923400878906
84.24903869628906
74.57079315185547
76.80692291259766
77.00012969970703
53.055233001708984
74.34831237792969
70.34355163574219
65.1807861328125
72.18171691894531
62.27903747558594
67.99220275878906
70.67997741699219
53.217979431152344
71.05997467041016
68.64779663085938
65.61459350585938
73.09654235839844
64.79132843017578
71.05310821533203
73.89923095703125
56.94382095336914
74.95033264160156
72.9571762084961
69.22615814208984
76.8476791381836
67.6354751586914
73.4000473022461
74.86408996582031
53.999664306640625
71.6600570678711
68.35649871826172
62.16342544555664
72.30663299560547
65.64270782470703
70.42527770996094
72.73198699951172
46.9974479675293
72.45270538330078
71.17742156982422
66.40982055664062
74.12450408935547
65.52052307128906
71.20867156982422
72.94425964355469
28.061237335205078
73.3710708618164
70.58927154541016
67.84700012207031
72.36554718017578
65.23230743408203
73.3779525756836
77.81456756591797
55.771244049072266
81.3713607788086
80.14326477050781
75.08098602294922
83.62711334228516
75.7185287475586
81.21936798095703
83.52794647216797
43.8939208984375
83.93331909179688
81.69694519042969
76.880615234375
85.6722640991211
77.85929107666016
83.39736938476562
86.25297546386719
53.29369354248047
87.31379699707031
85.95620727539062
80.89842987060547
90.26636505126953
82.78995513916016
88.05812072753906
90.77452087402344
56.16630554199219
89.86627197265625
86.7132568359375
80.10888671875
87.5224609375
78.00579833984375
82.60862731933594
83.8209228515625
33.19413375854492
81.87867736816406
78.4657211303711
72.15350341796875
79.28585815429688
71.20305633544922
74.97291564941406
76.80180358886719
53.827571868896484
76.17974853515625
73.53265380859375
68.2171630859375
76.29468536376953
67.5318374633789
73.38557434082031
75.58724212646484
55.01089096069336
76.00074768066406
72.97201538085938
68.10462951660156
76.68421173095703
66.72575378417969
68.5565185546875
67.96820831298828
50.888240814208984
65.95026397705078
61.84931564331055
59.77661895751953
65.01387023925781
57.848182678222656
60.408447265625
63.2974739074707
43.23339080810547
69.0674819946289
69.00422668457031
65.7247314453125
75.04436492919922
69.0020523071289
75.59703826904297
80.2032241821289
51.95441818237305
85.20773315429688
84.84774017333984
80.09185791015625
88.29442596435547
79.46511840820312
84.06256866455078
85.76792907714844
53.486968994140625
85.7346420288086
83.46809387207031
78.3000259399414
86.79553985595703
79.06554412841797
85.27350616455078
88.02649688720703
51.37314224243164
89.54422760009766
88.05664825439453
83.44854736328125
92.57467651367188
84.87692260742188
89.8623046875
91.86866760253906
48.52001190185547
90.0517349243164
86.8745346069336
80.40047454833984
88.06492614746094
78.51343536376953
84.19404602050781
86.2851791381836
53.70713806152344
86.20147705078125
83.6594467163086
78.69132995605469
85.95274353027344
77.3565902709961
82.35942077636719
84.74380493164062
53.829689025878906
84.43782043457031
82.2460708618164
76.56803894042969
85.39805603027344
77.51152801513672
82.84864807128906
85.10562896728516
35.96598434448242
86.0439682006836
84.38703918457031
79.75379943847656
88.98827362060547
81.47854614257812
87.93724822998047
91.10963439941406
57.027435302734375
91.7971420288086
88.77082824707031
82.30366516113281
88.75038146972656
78.96959686279297
82.22366333007812
83.00250244140625
53.49897766113281
80.10539245605469
76.03182983398438
69.48064422607422
76.10136413574219
66.10496520996094
69.29009246826172
71.35771942138672
49.59992218017578
69.56511688232422
66.02288818359375
60.065547943115234
70.92313385009766
65.25676727294922
71.25985717773438
75.8241195678711
43.960121154785156
78.67327117919922
77.53168487548828
72.51596069335938
81.41893768310547
72.49771881103516
77.27715301513672
78.31363677978516
52.71265411376953
78.03197479248047
75.0830078125
69.70388793945312
77.09241485595703
66.19243621826172
73.20967864990234
74.97625732421875
44.290740966796875
74.83700561523438
71.62012481689453
66.07795715332031
71.87576293945312
60.294090270996094
66.79713439941406
72.30321502685547
49.12035369873047
76.92376708984375
76.73206329345703
73.06934356689453
83.30410766601562
76.70629119873047
83.66609954833984
86.2613754272461
54.08641815185547
85.07828521728516
81.62787628173828
75.74846649169922
82.91231536865234
73.21766662597656
78.0141372680664
79.76178741455078
42.78782653808594
78.15723419189453
74.71389770507812
69.69415283203125
76.50674438476562
66.23236083984375
72.56057739257812
73.32498931884766
49.668067932128906
77.15377807617188
76.09296417236328
73.10262298583984
83.26712036132812
76.96243286132812
81.58728790283203
83.85869598388672
56.43800354003906
83.53373718261719
81.15099334716797
74.73779296875
83.3341293334961
74.5522232055664
79.59524536132812
81.89165496826172
49.247074127197266
82.54100799560547
80.61259460449219
75.54171752929688
83.75489044189453
75.49431610107422
80.85831451416016
83.08904266357422
31.22710418701172
83.2548599243164
80.95712280273438
75.70368194580078
84.01908874511719
76.06597900390625
81.49307250976562
83.85423278808594
45.951107025146484
84.52564239501953
82.44387817382812
77.26679992675781
86.00361633300781
77.90113067626953
83.5669937133789
86.52230072021484
52.31867980957031
87.22820281982422
85.63272094726562
80.56548309326172
89.73163604736328
81.7956314086914
87.43584442138672
89.73384857177734
40.30937957763672
87.62482452392578
83.58937072753906
76.26805877685547
82.68962097167969
72.13699340820312
77.4708023071289
79.12056732177734
52.53022003173828
81.13497924804688
80.05747985839844
75.19612884521484
85.15461730957031
77.92464447021484
84.0857925415039
87.11674499511719
51.45551681518555
88.52610778808594
87.12813568115234
82.82933807373047
92.1459732055664
84.91129302978516
90.78324127197266
93.43446350097656
53.249874114990234
93.10551452636719
90.24274444580078
84.33341217041016
92.01231384277344
82.93490600585938
87.62551879882812
89.5650634765625
45.319435119628906
89.58311462402344
87.77069854736328
82.92880249023438
91.57330322265625
83.30013275146484
88.62743377685547
90.94528198242188
48.36052322387695
91.03914642333984
88.96730041503906
83.55464935302734
92.16316986083984
83.83139038085938
88.18272399902344
89.4398193359375
49.946998596191406
85.29903411865234
80.42507934570312
72.8271484375
77.88777923583984
65.98546600341797
68.93731689453125
68.26677703857422
46.58020782470703
67.18505859375
65.77339172363281
61.527069091796875
72.16948699951172
63.87934494018555
71.44754028320312
73.87381744384766
48.94757080078125
74.2602767944336
71.6401596069336
64.72225952148438
71.61264038085938
61.69493103027344
67.33707427978516
69.56704711914062
55.019893646240234
70.80785369873047
68.3578109741211
63.50608444213867
72.59709167480469
64.74333953857422
70.91786193847656
73.12197875976562
38.819915771484375
73.80864715576172
72.03327178955078
65.13379669189453
74.75420379638672
66.74796295166016
71.91161346435547
73.21244049072266
41.63422393798828
75.33280181884766
73.84671783447266
69.9417724609375
78.46495819091797
69.54875946044922
75.35137939453125
76.82317352294922
54.06201934814453
74.075927734375
69.77338409423828
66.12650299072266
74.25206756591797
65.39546966552734
72.12574005126953
74.12615966796875
47.5498046875
73.94050598144531
71.74748229980469
66.53075408935547
76.15277099609375
69.16524505615234
74.255615234375
77.52798461914062
46.67332077026367
78.38088989257812
77.42311096191406
71.46143341064453
81.04525756835938
73.1562271118164
78.4636001586914
80.41389465332031
50.05467224121094
78.9910659790039
76.05677032470703
71.42362976074219
79.16651153564453
