66.6902847290039
76.90373229980469
78.03311157226562
70.6439208984375
82.0011978149414
74.64105987548828
75.54275512695312
77.94515991210938
57.6135368347168
76.61083984375
74.49246978759766
70.8870849609375
74.29818725585938
68.58305358886719
73.12183380126953
73.42425537109375
69.2767333984375
72.83147430419922
72.51802825927734
70.23697662353516
72.30386352539062
72.53257751464844
68.59016418457031
74.38900756835938
72.57258605957031
69.31710052490234
77.36511993408203
68.14830017089844
69.09962463378906
71.56865692138672
67.59295654296875
59.57318115234375
68.71678924560547
62.6526985168457
65.1712646484375
68.31273651123047
65.9708251953125
65.33575439453125
65.52568054199219
67.15668487548828
68.68036651611328
69.67119598388672
67.55377960205078
69.14198303222656
69.8401107788086
66.58658599853516
70.74968719482422
68.37359619140625
67.01383209228516
71.37722778320312
65.76226806640625
71.47032165527344
69.52685546875
67.73274993896484
72.36102294921875
67.54511260986328
71.76395416259766
72.88418579101562
66.47074127197266
73.8466796875
67.39737701416016
71.5750961303711
74.80303955078125
66.09866333007812
76.2394790649414
72.18446350097656
72.34270477294922
76.84468841552734
62.80622482299805
77.90154266357422
75.61956024169922
74.02914428710938
79.44679260253906
62.60013198852539
80.02345275878906
78.6404800415039
75.5575180053711
83.24471282958984
70.62911987304688
83.9293212890625
84.16789245605469
79.64273071289062
89.20038604736328
79.06177520751953
90.23414611816406
90.23698425292969
84.41519927978516
90.90959930419922
83.42247009277344
86.84616088867188
86.89196014404297
81.05425262451172
86.10843658447266
83.62718963623047
82.3768539428711
85.69318389892578
81.21519470214844
84.25933837890625
85.46573638916016
81.22393798828125
86.74092864990234
84.48873901367188
83.78736877441406
88.35016632080078
80.18914031982422
87.62142181396484
86.85236358642578
79.6153564453125
88.26587677001953
78.72500610351562
84.19444274902344
84.97463989257812
71.71512603759766
84.11425018310547
78.73336029052734
79.21281433105469
82.10213470458984
77.23006439208984
79.87879943847656
80.55846405029297
78.79671478271484
79.3678207397461
82.19561767578125
78.13359069824219
82.01300811767578
82.89542388916016
76.83102416992188
85.297119140625
82.63082122802734
83.13617706298828
88.7689208984375
76.63621520996094
90.33309936523438
91.29163360595703
82.12442016601562
95.30113220214844
90.0660629272461
91.20053100585938
94.66087341308594
77.32894134521484
92.43291473388672
91.26301574707031
81.52200317382812
92.31053924560547
85.68877410888672
86.10385131835938
85.92835235595703
74.70442962646484
78.5605239868164
80.1828842163086
71.57857513427734
83.70915985107422
83.31526947021484
81.31847381591797
90.24324035644531
80.33499145507812
92.25762939453125
93.8722152709961
84.9677734375
97.15072631835938
90.50680541992188
92.87836456298828
94.9458236694336
77.71854400634766
93.5995864868164
90.04107666015625
86.94244384765625
92.81053161621094
83.22003173828125
90.5036849975586
91.39022064208984
80.02965545654297
92.53472137451172
88.87163543701172
88.05852508544922
93.56404113769531
80.74007415771484
92.31816101074219
91.78961944580078
81.077880859375
92.1705093383789
84.20694732666016
86.87667083740234
87.97740173339844
77.59898376464844
85.98560333251953
81.00765991210938
81.97527313232422
82.34716796875
77.44566345214844
82.0699462890625
76.01405334472656
80.55569458007812
79.70256805419922
75.83695983886719
81.32640838623047
74.08991241455078
79.8348159790039
79.49425506591797
73.2916259765625
80.88471984863281
73.90248107910156
79.15702819824219
80.51785278320312
72.65807342529297
82.27465057373047
74.9822006225586
80.27589416503906
82.03857421875
64.2657241821289
83.0188217163086
78.65283203125
78.28968048095703
83.48575592041016
67.58035278320312
83.23658752441406
82.09398651123047
77.48710632324219
85.57425689697266
77.42135620117188
84.54765319824219
86.31510925292969
75.71280670166016
88.74748229980469
84.74073791503906
85.97785949707031
90.19233703613281
75.39288330078125
88.78196716308594
85.65812683105469
80.51351165771484
86.04451751708984
72.92452239990234
82.49703979492188
80.53966522216797
72.4976577758789
80.2369613647461
69.2715072631836
76.75019836425781
74.07691955566406
71.0212631225586
75.45940399169922
75.07423400878906
73.89732360839844
80.85501098632812
75.76813507080078
78.94257354736328
80.6975326538086
65.96886444091797
80.25090026855469
75.0544662475586
75.30169677734375
79.06208038330078
47.73577880859375
78.35348510742188
74.76194763183594
72.64250183105469
78.19381713867188
66.00067901611328
77.036865234375
76.58726501464844
69.9566879272461
78.29199981689453
73.71247100830078
76.87287139892578
77.11934661865234
78.26611328125
78.3001480102539
74.19183349609375
81.45886993408203
74.1191177368164
78.19847869873047
80.18929290771484
64.42174530029297
79.25405883789062
77.093994140625
70.02288055419922
78.39495086669922
73.38646697998047
76.5355453491211
80.20930480957031
61.62861633300781
82.12401580810547
77.67102813720703
78.88854217529297
84.1006851196289
66.32557678222656
84.9627914428711
83.34371185302734
79.95661926269531
87.97636413574219
78.03685760498047
88.02005004882812
88.88954162597656
81.38491821289062
91.83394622802734
85.10966491699219
88.71498107910156
89.9426040649414
77.8997802734375
88.4571304321289
82.58026123046875
82.71125793457031
84.8387451171875
74.03408813476562
82.9576644897461
78.76286315917969
78.25601959228516
80.87379455566406
72.87995910644531
79.53142547607422
76.59494018554688
75.72512817382812
78.76285552978516
72.49821472167969
77.68342590332031
75.35475158691406
76.2461929321289
77.44815826416016
73.35797882080078
77.91915893554688
74.88819885253906
77.13304138183594
78.45746612548828
73.85091400146484
79.77233123779297
75.09098815917969
79.24569702148438
80.5712661743164
74.85456848144531
83.09540557861328
78.26702117919922
82.69783020019531
84.79125213623047
77.23500061035156
87.54588317871094
82.7709732055664
86.0380859375
88.16129302978516
78.1008529663086
89.39019775390625
85.15858459472656
83.48490905761719
86.66622924804688
64.55083465576172
83.91226959228516
78.79047393798828
76.22661590576172
80.64066314697266
57.83824157714844
78.35552978515625
74.73575592041016
72.9116439819336
75.93634796142578
60.136234283447266
75.36856842041016
68.93126678466797
71.5274658203125
73.12702178955078
61.76679229736328
74.23772430419922
66.82072448730469
70.45350646972656
73.5073013305664
56.47796630859375
73.00211334228516
69.78759002685547
70.53028106689453
74.69535827636719
61.61760330200195
78.34701538085938
72.7995376586914
77.9608154296875
78.9774398803711
73.09590911865234
78.9599380493164
69.10016632080078
74.68840789794922
67.32587432861328
70.58470153808594
67.12505340576172
69.97826385498047
67.76114654541016
72.0572280883789
74.78641510009766
69.20158386230469
80.86951446533203
72.97593688964844
82.27222442626953
83.31845092773438
76.55196380615234
84.43704986572266
75.7591552734375
81.09557342529297
80.38095092773438
73.00394439697266
80.13605499267578
73.75176239013672
76.93324279785156
77.34580993652344
69.102783203125
77.54541778564453
70.80123138427734
75.23112487792969
73.40902709960938
69.39653778076172
75.20433044433594
71.09396362304688
76.07403564453125
75.08241271972656
76.3389663696289
75.40953826904297
77.39783477783203
75.41704559326172
76.78948974609375
76.31517028808594
75.15392303466797
77.43846893310547
73.20741271972656
76.64385223388672
75.54193115234375
74.97781372070312
77.34870147705078
73.8309326171875
76.094482421875
76.22380065917969
73.81938171386719
77.40839385986328
74.64745330810547
76.1405029296875
77.3041763305664
73.39385223388672
77.61294555664062
75.10162353515625
75.97682189941406
78.12046813964844
73.79729461669922
78.2020034790039
76.53490447998047
75.6975326538086
79.76636505126953
74.3732681274414
80.41932678222656
78.84502410888672
78.7744140625
81.91043853759766
77.11620330810547
82.26342010498047
81.32061767578125
80.0322494506836
84.29006958007812
79.55139923095703
84.87881469726562
83.68917846679688
81.74864959716797
85.5087661743164
76.04749298095703
83.4241714477539
78.07791900634766
78.35462951660156
78.761474609375
71.34415435791016
78.8150405883789
61.289794921875
79.48204803466797
71.48897552490234
78.99604797363281
79.39238739013672
75.73233795166016
83.18437194824219
75.20895385742188
84.34909057617188
83.54700469970703
81.81189727783203
88.11373138427734
79.62870788574219
88.72621154785156
87.60966491699219
83.64749145507812
89.65885925292969
80.26808166503906
87.11941528320312
85.8827133178711
79.04484558105469
86.78482055664062
78.13681030273438
83.21996307373047
83.75586700439453
70.69251251220703
83.8228530883789
77.69593048095703
79.06973266601562
82.68157958984375
63.309871673583984
81.52293395996094
80.0265121459961
74.5287094116211
82.33267974853516
81.5007553100586
79.5427017211914
83.77714538574219
85.89897155761719
74.88645935058594
87.99996948242188
86.22894287109375
82.4096908569336
90.50335693359375
80.41835021972656
88.32633972167969
88.35398864746094
78.9449691772461
88.61312866210938
82.10306549072266
84.65599822998047
86.37352752685547
77.6616439819336
86.13455200195312
81.88451385498047
81.2923583984375
83.45361328125
75.27813720703125
81.17549896240234
78.18125915527344
78.64168548583984
81.50253295898438
75.9618911743164
79.57955169677734
75.88463592529297
76.94334411621094
77.02949523925781
77.04409790039062
77.79451751708984
78.64064025878906
78.70854187011719
78.99909973144531
81.1837387084961
75.7765884399414
81.59915161132812
74.67033386230469
77.67255401611328
75.80130767822266
73.24948120117188
76.15486907958984
69.4615707397461
78.54315948486328
70.19635009765625
78.2788314819336
77.21488952636719
74.96420288085938
78.9393081665039
74.67618560791016
79.52079010009766
79.01136016845703
77.09679412841797
82.6994857788086
75.95928955078125
82.63716125488281
80.76334381103516
78.39368438720703
81.38447570800781
71.67118835449219
78.83708953857422
73.27701568603516
74.8908920288086
74.7982177734375
70.85884857177734
75.4815444946289
72.44823455810547
75.54261779785156
75.10406494140625
76.42501831054688
74.70265197753906
77.0136489868164
71.54960632324219
75.8006591796875
74.12653350830078
