71.11412048339844
70.66291809082031
71.49330139160156
73.54936981201172
75.34536743164062
75.71441650390625
77.20186614990234
78.52528381347656
78.94847869873047
79.09326171875
76.14049530029297
74.74203491210938
71.66132354736328
70.65371704101562
67.83172607421875
65.53936767578125
57.82517623901367
58.1461067199707
44.108211517333984
52.1982307434082
62.093502044677734
66.96489715576172
68.20355987548828
71.75453186035156
71.77484893798828
74.18780517578125
72.26113891601562
72.65277099609375
68.02154541015625
68.38268280029297
67.07351684570312
67.73316192626953
60.995121002197266
64.4420166015625
63.30124282836914
60.77231216430664
61.53587341308594
57.3895378112793
56.364898681640625
57.82804870605469
59.74972915649414
49.30702590942383
56.07173538208008
52.40364074707031
45.71590805053711
52.367794036865234
51.51030731201172
52.21223449707031
54.01565933227539
55.89683532714844
57.82356262207031
58.17170715332031
59.714935302734375
62.430091857910156
60.361839294433594
57.11998748779297
57.84966278076172
62.59138870239258
64.30351257324219
66.28248596191406
63.45961380004883
67.19084930419922
65.10352325439453
66.32278442382812
66.27948760986328
66.32000732421875
68.67761993408203
67.19965362548828
68.18746948242188
68.83983612060547
69.27029418945312
70.04924011230469
71.74957275390625
72.84202575683594
73.74029541015625
75.61638641357422
75.78089904785156
77.86753845214844
79.60813903808594
80.90376281738281
82.90455627441406
84.16065979003906
85.75728607177734
85.9075927734375
85.96219635009766
84.98542785644531
84.00956726074219
83.36109161376953
82.53883361816406
82.15376281738281
81.54033660888672
81.4642333984375
80.87168884277344
81.152587890625
80.90023803710938
80.62627410888672
80.89203643798828
80.55046844482422
81.05082702636719
81.21949005126953
81.40894317626953
81.85050964355469
82.3610610961914
82.46649169921875
82.88297271728516
83.1719970703125
83.11019134521484
82.91441345214844
81.8699951171875
80.0455322265625
77.26002502441406
73.76158142089844
67.86345672607422
67.0377197265625
68.92642211914062
70.95220947265625
71.09233093261719
69.19141387939453
69.7060775756836
68.81419372558594
64.09548950195312
63.3176383972168
56.44519805908203
48.009117126464844
59.27419662475586
59.012874603271484
64.39136505126953
63.04954528808594
67.89957427978516
69.08854675292969
70.96105194091797
71.18684387207031
72.37425994873047
74.31061553955078
74.92842102050781
76.38395690917969
76.27305603027344
79.15656280517578
79.99342346191406
81.71671295166016
83.04716491699219
82.98667907714844
82.98682403564453
80.9376449584961
80.29966735839844
78.31873321533203
78.42253112792969
76.71489715576172
76.58930969238281
75.75016784667969
75.17425537109375
74.24128723144531
74.08634948730469
73.32320404052734
72.79998779296875
73.988525390625
73.6038818359375
74.34664916992188
73.95243072509766
75.71733093261719
75.74271392822266
76.54055786132812
77.66323852539062
78.77780151367188
79.79175567626953
80.8223876953125
82.01102447509766
82.897705078125
84.12860107421875
84.70099639892578
85.79361724853516
85.87918090820312
86.56460571289062
86.72460174560547
86.81917572021484
86.8010482788086
86.604736328125
86.67125701904297
86.28826904296875
86.17332458496094
85.9146499633789
85.96784973144531
85.5523910522461
85.72476196289062
85.2599105834961
85.2740707397461
85.33377838134766
85.2149658203125
85.00732421875
84.80928039550781
84.91400909423828
84.86325073242188
84.9110107421875
84.94131469726562
85.30562591552734
85.01591491699219
85.39639282226562
85.4675521850586
85.56290435791016
85.7437973022461
85.89997863769531
86.27880096435547
86.29804229736328
86.77149963378906
86.9723129272461
87.2348861694336
87.0696792602539
86.97582244873047
86.76583099365234
86.77574920654297
87.17354583740234
87.51692962646484
88.13912963867188
88.5197982788086
89.27143859863281
90.03277587890625
90.46869659423828
91.09371948242188
91.71022033691406
92.14293670654297
92.26415252685547
92.09002685546875
91.7552719116211
91.03710174560547
90.30509948730469
89.45294952392578
88.41764831542969
87.65838623046875
86.52462768554688
85.74407958984375
84.80015563964844
83.89974975585938
83.04749298095703
82.42948150634766
81.54315948486328
80.66510772705078
79.96904754638672
79.3916015625
78.66384887695312
78.2490463256836
77.23411560058594
76.54866790771484
75.89402770996094
75.83086395263672
76.11878204345703
77.62838745117188
78.3253402709961
78.95332336425781
78.27093505859375
78.0688705444336
77.48896026611328
77.34180450439453
77.48512268066406
76.2074203491211
76.65625
75.6792984008789
75.3702621459961
74.8900146484375
75.11302947998047
74.01849365234375
72.98848724365234
73.46061706542969
73.25772857666016
73.46814727783203
74.75218963623047
75.47988891601562
77.67640686035156
77.8231201171875
78.39537048339844
78.5863265991211
78.63957214355469
78.82418823242188
79.5123519897461
79.38066864013672
80.12479400634766
80.04937744140625
80.23294830322266
80.40763854980469
80.87903594970703
81.04129791259766
81.51841735839844
81.48788452148438
81.27536010742188
81.31028747558594
81.60409545898438
82.47900390625
83.16644287109375
84.16527557373047
85.05082702636719
85.67134094238281
86.30548095703125
86.27960205078125
86.84110260009766
86.71001434326172
86.81875610351562
86.851318359375
86.60154724121094
86.40834045410156
85.60478210449219
84.71617889404297
84.01937866210938
83.28050994873047
82.46759033203125
81.7652816772461
81.07744598388672
80.2248764038086
79.83226776123047
79.25804901123047
78.82530212402344
78.30641174316406
78.03614807128906
77.53607177734375
77.51367950439453
77.51315307617188
77.02774047851562
77.22660827636719
76.57391357421875
76.7335205078125
76.17210388183594
76.23726654052734
76.73976135253906
76.97815704345703
76.36920928955078
76.01853942871094
75.60818481445312
73.96920013427734
71.97793579101562
70.59729766845703
69.23155975341797
69.37493133544922
69.7409439086914
70.66277313232422
70.33097839355469
71.12844848632812
71.3281478881836
71.23519134521484
71.5074462890625
71.72468566894531
72.49282836914062
72.11119842529297
72.79804229736328
72.9251937866211
72.97821807861328
74.07587432861328
73.35889434814453
74.39846801757812
74.74470520019531
74.62322998046875
75.46788024902344
75.62446594238281
76.03427124023438
76.80012512207031
77.39065551757812
77.90839385986328
78.76554107666016
79.35377502441406
80.37249755859375
81.03335571289062
81.74433135986328
82.8098373413086
83.85525512695312
85.00800323486328
85.83338165283203
86.59074401855469
87.21162414550781
87.22038269042969
87.1368179321289
86.51274108886719
86.12715148925781
85.20724487304688
84.44774627685547
83.82394409179688
82.9703369140625
82.53328704833984
82.12611389160156
81.78346252441406
80.74241638183594
80.2868881225586
79.3170166015625
78.72772216796875
78.25567626953125
76.40760040283203
76.46835327148438
75.78777313232422
75.41162109375
75.02745819091797
74.34526062011719
74.5317153930664
73.468505859375
73.83341979980469
72.30584716796875
72.18994903564453
71.61756896972656
71.24275970458984
69.9133529663086
69.67668151855469
71.35456085205078
72.8642807006836
73.78630065917969
73.81372833251953
73.288818359375
73.72919464111328
74.12654113769531
74.53836822509766
75.1448745727539
75.2397232055664
75.29127502441406
74.85385131835938
74.75468444824219
75.03739929199219
74.68132019042969
74.32686614990234
74.58331298828125
74.61701202392578
74.08403778076172
74.19937133789062
74.72504425048828
74.67171478271484
75.6494140625
76.19122314453125
76.43571472167969
76.21322631835938
76.03397369384766
75.67729949951172
75.70294189453125
75.75228118896484
76.2188720703125
76.25621795654297
75.94422912597656
75.99230194091797
76.17845916748047
76.15193176269531
76.14390563964844
76.04061126708984
76.33792877197266
76.26185607910156
76.77237701416016
76.66338348388672
76.74055480957031
77.0833740234375
76.9801254272461
77.32723236083984
77.00424194335938
77.29199981689453
77.62432098388672
78.08546447753906
77.83721160888672
78.38990783691406
78.36405944824219
78.94873046875
78.88751983642578
79.01993560791016
79.84339141845703
79.95677185058594
80.30172729492188
80.67513275146484
81.12060546875
81.31698608398438
81.5927505493164
82.07457733154297
82.29644775390625
82.39493560791016
82.54060363769531
82.56708526611328
82.46917724609375
82.31877899169922
81.90911865234375
81.70319366455078
81.70220184326172
81.10084533691406
81.71670532226562
81.79935455322266
82.28921508789062
83.13705444335938
84.12959289550781
85.08790588378906
85.96092224121094
86.3876724243164
86.45893096923828
86.29354858398438
86.04484558105469
85.37468719482422
84.84446716308594
84.2764892578125
83.56874084472656
82.99925231933594
82.23980712890625
81.60868835449219
81.0799331665039
80.79460906982422
80.05519104003906
79.38744354248047
79.06063079833984
78.62091827392578
77.79393005371094
77.24337005615234
77.61138916015625
76.6489486694336
76.53441619873047
75.79166412353516
75.74241638183594
75.76758575439453
75.1814193725586
74.22767639160156
74.0728530883789
73.35083770751953
72.9818115234375
72.22001647949219
71.10809326171875
69.9581527709961
69.03534698486328
65.4185791015625
56.39553451538086
60.028778076171875
70.02938842773438
74.32916259765625
76.78763580322266
78.69865417480469
79.81619262695312
79.57958984375
79.63189697265625
79.09978485107422
78.75499725341797
78.37080383300781
78.18367767333984
77.83607482910156
77.06566619873047
76.55641174316406
76.50634002685547
76.03307342529297
75.40907287597656
74.91015625
75.06486511230469
74.50077056884766
74.65367889404297
75.74383544921875
77.43901824951172
78.43142700195312
79.35437774658203
79.3675537109375
79.47576141357422
79.58633422851562
78.9788818359375
79.4258041381836
79.33979797363281
79.50784301757812
79.75579833984375
79.50788116455078
79.47461700439453
79.73892974853516
79.66657257080078
79.85942077636719
80.19624328613281
80.17533874511719
80.61898040771484
80.90272521972656
81.0575180053711
81.53439331054688
81.7704849243164
81.9800796508789
82.59007263183594
82.68589782714844
83.18987274169922
83.57818603515625
83.71150207519531
83.83846282958984
83.62366485595703
83.46623992919922
82.50758361816406
81.64474487304688
80.33721923828125
79.3766860961914
78.3072738647461
76.8002700805664
76.49137115478516
76.76677703857422
