77.9673843383789
77.50695037841797
83.10002899169922
74.21721649169922
83.59458923339844
81.2429428100586
78.34484100341797
81.78186798095703
70.03333282470703
77.72196197509766
75.23486328125
69.5030288696289
75.20651245117188
60.256778717041016
70.71588134765625
70.1498794555664
56.183311462402344
70.36997985839844
65.0623550415039
61.62313461303711
70.23233032226562
66.60615539550781
65.25943756103516
74.80577850341797
66.20925903320312
75.13685607910156
77.9619140625
62.385982513427734
79.94088745117188
74.55729675292969
73.24591827392578
75.45701599121094
63.298362731933594
70.51905822753906
69.57720184326172
62.11313247680664
67.9674301147461
65.12398529052734
62.17641830444336
67.68232727050781
57.79570007324219
66.34320068359375
68.71363067626953
52.96931457519531
68.75104522705078
63.112667083740234
65.4245376586914
70.24471282958984
58.476932525634766
71.20509338378906
66.79080200195312
70.47709655761719
72.6850814819336
63.31639862060547
72.72444915771484
69.75279235839844
71.31011962890625
74.1662368774414
67.7783203125
75.95696258544922
72.28861236572266
75.27116394042969
76.05558776855469
71.46189880371094
77.82511138916016
74.5312728881836
78.32280731201172
78.73294067382812
75.54027557373047
81.33826446533203
76.72115325927734
81.87157440185547
81.50507354736328
81.41838073730469
84.71243286132812
79.43002319335938
84.09063720703125
80.01675415039062
81.08464050292969
79.96591186523438
76.04688262939453
79.1059341430664
74.44239807128906
77.4601821899414
73.93523406982422
75.23409271240234
75.00288391113281
73.0780258178711
75.69329833984375
71.63087463378906
75.36927795410156
72.02827453613281
74.73921203613281
73.82967376708984
72.17762756347656
75.28814697265625
70.4018325805664
75.31073760986328
72.25604248046875
72.39175415039062
74.05812072753906
68.76889038085938
76.17579650878906
64.89305877685547
75.71209716796875
72.66353607177734
76.66320037841797
78.92119598388672
76.29444885253906
83.16077423095703
78.09532928466797
85.3036117553711
82.3127670288086
83.32343292236328
82.98037719726562
81.49337768554688
82.55264282226562
81.1796875
81.94990539550781
81.54290771484375
82.74175262451172
81.84156036376953
84.02165985107422
82.40599060058594
84.47022247314453
85.55828094482422
83.6278305053711
88.05620574951172
83.64287567138672
88.127197265625
86.64847564697266
82.13744354248047
85.70809936523438
64.09492492675781
82.66875457763672
68.21598052978516
82.36296081542969
70.0052490234375
83.9042739868164
82.2060775756836
83.78580474853516
87.06761169433594
81.70099639892578
86.86776733398438
82.29216766357422
84.61809539794922
84.88868713378906
80.48053741455078
84.52283477783203
77.27733612060547
81.98107147216797
79.72098541259766
76.47941589355469
80.3004379272461
69.52226257324219
79.01583099365234
75.96929168701172
74.12391662597656
78.99500274658203
60.92122268676758
78.8699951171875
75.47052001953125
75.07118225097656
79.97476959228516
62.5643196105957
81.5277328491211
77.12156677246094
79.70184326171875
83.533447265625
72.36746215820312
86.51177978515625
81.9604721069336
86.88887786865234
89.82428741455078
83.10076904296875
92.45623779296875
86.71048736572266
90.05931091308594
90.01466369628906
83.94076538085938
89.3084487915039
83.30316162109375
86.3236312866211
85.8607177734375
82.17647552490234
86.13374328613281
81.71643829345703
84.39604187011719
84.26142883300781
81.70976257324219
84.68769073486328
81.43360137939453
83.8023910522461
83.22566223144531
81.83355712890625
84.4267807006836
81.34292602539062
83.88036346435547
83.70830535888672
82.15526580810547
84.45909881591797
82.05143737792969
84.2053451538086
83.80274200439453
83.14740753173828
85.28865814208984
82.97248077392578
85.67118072509766
85.0354232788086
84.57913208007812
86.57500457763672
83.73747253417969
87.05281829833984
85.12892150878906
85.4681396484375
86.38922119140625
81.84717559814453
85.61644744873047
77.93608856201172
84.02214813232422
78.9524917602539
82.86393737792969
82.71318817138672
81.35879516601562
85.65067291259766
80.6065444946289
87.93685150146484
84.49604034423828
87.96916961669922
88.2498779296875
85.37996673583984
89.46186828613281
83.41220092773438
87.29058837890625
84.63408660888672
82.7574234008789
84.70331573486328
77.3507080078125
83.2416763305664
78.8942642211914
79.64415740966797
80.48727416992188
73.80790710449219
80.06328582763672
72.99391174316406
77.15380859375
76.97135162353516
71.90499114990234
77.4394760131836
69.93440246582031
75.47396850585938
74.1461410522461
70.77436065673828
75.43977355957031
62.28099822998047
74.52490997314453
69.46810913085938
71.01557159423828
72.30046081542969
62.19441604614258
71.77394104003906
57.30007553100586
71.52467346191406
63.437889099121094
70.52655792236328
68.06962585449219
74.1882095336914
75.23504638671875
78.44824981689453
79.86849975585938
79.08822631835938
81.2474594116211
76.20975494384766
80.64907836914062
77.30052947998047
79.33296203613281
78.5120849609375
74.51976776123047
79.95875549316406
73.84619140625
78.97618865966797
78.25115966796875
75.8447265625
80.15691375732422
73.4052963256836
79.50801086425781
78.15609741210938
74.82300567626953
82.04544830322266
69.0969009399414
85.04529571533203
80.57071685791016
84.47271728515625
86.88743591308594
80.19306182861328
88.4963607788086
83.90357208251953
86.27787780761719
87.6432113647461
79.7753677368164
87.19709777832031
82.32461547851562
83.26856231689453
84.30155181884766
76.0838623046875
83.47288513183594
78.7339096069336
79.2315902709961
81.70993041992188
73.1681900024414
80.75630950927734
76.59879302978516
76.9769287109375
79.76872253417969
72.00214385986328
79.6159896850586
75.74295043945312
76.74942779541016
78.7901382446289
71.95687866210938
79.20639038085938
75.52891540527344
76.53022003173828
79.61970520019531
72.64048767089844
80.58589935302734
77.23274993896484
79.2684326171875
81.67550659179688
75.29421997070312
83.20808410644531
79.96922302246094
82.30269622802734
84.74128723144531
79.04035186767578
85.99640655517578
82.53124237060547
84.18560791015625
87.22408294677734
79.74263763427734
87.8504638671875
82.67823028564453
83.2654037475586
83.85758209228516
72.58843231201172
81.96994018554688
74.04777526855469
77.49031829833984
77.06401062011719
67.49607849121094
76.87801361083984
64.25932312011719
74.03602600097656
72.75825500488281
67.00931549072266
73.4175796508789
51.30229568481445
71.63920593261719
67.72074890136719
65.55159759521484
69.45947265625
61.51065444946289
68.97030639648438
58.79474639892578
69.31070709228516
64.56362915039062
64.95999908447266
69.46206665039062
50.386714935302734
71.25116729736328
66.22911834716797
71.32386779785156
73.23422241210938
65.80120849609375
74.87798309326172
72.73478698730469
69.65494537353516
76.03202819824219
58.7750244140625
75.57122802734375
69.96017456054688
75.32008361816406
74.62499237060547
74.2029800415039
79.6266098022461
54.948184967041016
82.95126342773438
78.28805541992188
83.02011108398438
85.82103729248047
78.30260467529297
87.43042755126953
82.04857635498047
84.31361389160156
84.775634765625
78.76848602294922
84.56072235107422
79.897705078125
80.94743347167969
82.12600708007812
77.11387634277344
81.8661117553711
77.55314636230469
78.37071990966797
79.46894836425781
74.39524841308594
79.43913269042969
75.29082489013672
77.33113098144531
78.32270050048828
75.03299713134766
78.61963653564453
75.48136138916016
77.79336547851562
78.27362823486328
74.7808837890625
78.50259399414062
76.33487701416016
76.39916229248047
77.87728881835938
74.2127685546875
78.2862777709961
75.559814453125
76.79879760742188
78.06217956542969
74.35538482666016
79.13533782958984
75.63616943359375
77.68711853027344
78.84186553955078
74.9045181274414
79.7929458618164
77.04124450683594
78.90620422363281
79.73168182373047
74.6712875366211
80.457275390625
75.2620849609375
78.69293212890625
78.71403503417969
74.58306121826172
79.85020446777344
74.93647766113281
79.19088745117188
78.5713119506836
75.4924087524414
80.89109802246094
74.18209838867188
80.60482025146484
80.13143920898438
76.80963134765625
82.3184585571289
72.52399444580078
83.90672302246094
81.22843170166016
82.84078979492188
85.85304260253906
79.89239501953125
87.41830444335938
84.7873764038086
85.91477966308594
89.02519226074219
83.55488586425781
90.35440826416016
88.06611633300781
88.51738739013672
91.54110717773438
84.99406433105469
91.58812713623047
88.46952056884766
87.38065338134766
89.89991760253906
79.9958724975586
88.08573150634766
83.00299835205078
82.89488220214844
84.9012222290039
69.00193786621094
83.13468170166016
74.72460174560547
78.93567657470703
78.32617950439453
74.98857879638672
79.7736587524414
66.4440689086914
80.5718994140625
75.28550720214844
77.2623062133789
79.91149139404297
72.20082092285156
80.17237854003906
78.02178955078125
79.75562286376953
83.86444091796875
77.19699096679688
86.85755920410156
83.27099609375
85.51676940917969
86.8858871459961
80.86431884765625
86.66883850097656
82.0220947265625
84.21771240234375
84.26931762695312
80.27984619140625
84.69651794433594
80.35248565673828
82.81851196289062
82.74271392822266
80.16828155517578
83.49893188476562
80.3994369506836
81.71076965332031
82.38556671142578
80.43112182617188
82.58547973632812
82.41720581054688
80.17208099365234
83.21430969238281
79.5536880493164
79.36312866210938
79.83711242675781
72.97030639648438
80.57150268554688
61.59158706665039
81.02529907226562
75.5001220703125
78.97642517089844
81.06170654296875
71.54192352294922
82.85588836669922
76.55215454101562
81.52796936035156
82.88631439208984
74.62300109863281
84.04700469970703
77.64779663085938
80.56971740722656
81.19200134277344
68.25223541259766
79.69341278076172
74.57915496826172
72.26737213134766
78.0071029663086
64.50321960449219
75.1443862915039
75.50466918945312
64.23381805419922
72.19161224365234
73.48904418945312
59.141387939453125
72.43408966064453
71.47444152832031
64.96395111083984
73.09430694580078
68.5013198852539
71.67161560058594
73.49787902832031
67.25675201416016
75.71121215820312
72.61886596679688
72.90733337402344
75.51483917236328
68.78339385986328
74.58992004394531
72.6795883178711
71.56088256835938
74.8660888671875
66.34129333496094
73.37422180175781
69.9460220336914
68.12374114990234
70.14258575439453
62.55466079711914
70.60118103027344
64.19840240478516
