71.40001678466797
77.1100082397461
80.79583740234375
65.4986343383789
83.34979248046875
81.27037048339844
77.24649810791016
82.6806869506836
71.66742706298828
76.74980926513672
75.91154479980469
57.82102584838867
72.2911605834961
64.75679779052734
62.00179672241211
68.56294250488281
57.79104995727539
63.77383041381836
65.01524353027344
52.0697135925293
68.82918548583984
70.12324523925781
64.15228271484375
74.91422271728516
69.02265167236328
74.50767517089844
79.75798797607422
62.30514907836914
82.44937133789062
79.06504821777344
73.44833374023438
78.4867935180664
66.48090362548828
72.04743194580078
71.75119018554688
55.0052604675293
69.54181671142578
64.55281829833984
59.67378616333008
60.68766784667969
58.43837356567383
61.90115737915039
61.89113998413086
41.83745193481445
61.520111083984375
61.59169006347656
60.52671813964844
65.47249603271484
58.86210632324219
64.85342407226562
68.58617401123047
51.11014938354492
69.33102416992188
66.60697174072266
63.019874572753906
70.73395538330078
62.239593505859375
70.23385620117188
72.84437561035156
41.5212287902832
73.75395965576172
72.81444549560547
67.35924530029297
75.43183135986328
69.00729370117188
74.17894744873047
76.17117309570312
58.19527053833008
76.98257446289062
75.96968078613281
70.63063049316406
79.3904037475586
71.7867660522461
77.7276840209961
80.11801147460938
56.60582733154297
82.33147430419922
81.35514068603516
77.67681884765625
86.73199462890625
79.61376953125
86.75031280517578
89.47914123535156
63.34867858886719
90.09918975830078
86.67431640625
81.0867919921875
88.34288787841797
79.07996368408203
84.31591033935547
85.99506378173828
58.12940216064453
85.26872253417969
82.90461730957031
77.75572204589844
85.38662719726562
77.96163177490234
82.24742889404297
84.19198608398438
54.07002258300781
84.05803680419922
82.02275085449219
74.94818878173828
83.20289611816406
73.52159118652344
76.33540344238281
77.32533264160156
53.875362396240234
80.113525390625
79.29830169677734
74.8028564453125
83.43023681640625
75.36519622802734
81.69017791748047
84.28633117675781
47.21316146850586
85.16500854492188
82.57276153564453
77.80003356933594
86.19480895996094
78.46866607666016
83.89186096191406
86.55545806884766
44.03358840942383
87.20252227783203
85.52831268310547
79.62653350830078
89.44863891601562
82.1528549194336
86.91157531738281
90.4424819946289
68.3361587524414
91.51463317871094
91.097900390625
81.88694763183594
93.31829833984375
86.87118530273438
85.88015747070312
88.32561492919922
73.22322845458984
86.02600860595703
85.89261627197266
81.38617706298828
88.77034759521484
79.03247833251953
87.05152130126953
89.42875671386719
70.59954071044922
90.91814422607422
87.57505798339844
81.81666564941406
89.4278793334961
80.55792999267578
84.87126159667969
86.67399597167969
60.22636032104492
86.11708068847656
84.45083618164062
78.15289306640625
87.82804107666016
80.60675048828125
86.30542755126953
89.90040588378906
66.43240356445312
91.87165832519531
91.24562072753906
85.67633819580078
96.66817474365234
91.03943634033203
94.99727630615234
98.91384887695312
78.07212829589844
98.32810974121094
96.3772201538086
89.48837280273438
97.98540496826172
89.3927001953125
94.71147155761719
96.84559631347656
62.476898193359375
96.47148895263672
94.09403228759766
88.32245635986328
96.87456512451172
88.52159881591797
93.6486587524414
96.0754165649414
48.721290588378906
96.20063781738281
94.03723907470703
88.56385040283203
97.39540100097656
89.5589599609375
94.73065185546875
97.67424774169922
67.11029052734375
98.37859344482422
96.79236602783203
91.03164672851562
100.64852905273438
93.87154388427734
98.03704833984375
101.40653991699219
79.96310424804688
100.70777893066406
98.59473419189453
90.59690856933594
99.24080657958984
90.76946258544922
94.1237564086914
96.38809204101562
74.26278686523438
94.59151458740234
91.98991394042969
84.74948120117188
92.76834869384766
84.44845581054688
88.11038208007812
89.86962127685547
63.869388580322266
88.28314208984375
85.44375610351562
78.73045349121094
86.78795623779297
78.09203338623047
82.8219223022461
84.67227935791016
57.21104431152344
83.46878051757812
80.6235580444336
74.503173828125
82.74262237548828
74.17778015136719
78.69451141357422
80.44520568847656
56.364501953125
80.47604370117188
77.23579406738281
72.21538543701172
79.43157196044922
70.02848815917969
75.86521911621094
77.52250671386719
55.53831100463867
77.17398834228516
73.60087585449219
69.51703643798828
77.04412841796875
69.23435974121094
74.0179214477539
75.93865203857422
54.4051513671875
76.06993865966797
73.8198013305664
67.63451385498047
76.80293273925781
67.4715576171875
73.2979507446289
75.87451171875
40.47323226928711
75.51708984375
73.3194580078125
64.83991241455078
75.75806427001953
67.65633392333984
72.73716735839844
75.72724914550781
57.23249435424805
77.9116439819336
77.38245391845703
71.02555084228516
81.68987274169922
75.53795623779297
79.02285766601562
83.09487915039062
67.01904296875
82.50831604003906
82.40797424316406
68.66437530517578
81.08882904052734
73.53521728515625
69.95618438720703
70.3900375366211
62.38507080078125
59.63863754272461
60.99653244018555
67.60234069824219
75.04194641113281
66.95306396484375
76.84608459472656
79.49192810058594
65.69490051269531
82.55423736572266
79.09068298339844
79.43706512451172
85.06031036376953
74.09251403808594
85.62689971923828
88.30094146728516
61.42325973510742
89.09361267089844
86.53580474853516
81.11836242675781
88.72999572753906
79.76687622070312
84.96359252929688
86.81828308105469
61.77896499633789
85.7991943359375
83.41222381591797
77.7776870727539
85.96610260009766
77.65115356445312
82.58434295654297
85.1908950805664
55.969329833984375
85.28365325927734
83.37589263916016
78.1413345336914
86.578857421875
78.29460906982422
84.31641387939453
87.20499420166016
46.9812126159668
88.66899871826172
86.84420013427734
82.34492492675781
91.4673843383789
84.28999328613281
90.51602172851562
94.13359069824219
58.35609436035156
96.26866912841797
94.65113830566406
87.86901092529297
95.69730377197266
86.495361328125
89.39608764648438
90.49786376953125
62.31108856201172
87.75853729248047
84.31946563720703
77.49666595458984
85.13615417480469
75.43456268310547
79.6345443725586
81.37261962890625
31.05158233642578
79.62570190429688
76.24295043945312
69.13169860839844
77.2994384765625
67.84295654296875
72.66595458984375
73.5577163696289
50.37966537475586
70.96165466308594
69.9730224609375
61.70954132080078
69.44889831542969
59.780704498291016
67.13117980957031
69.6477279663086
41.776634216308594
71.34102630615234
69.45381927490234
65.26879119873047
73.17586517333984
62.942047119140625
68.95336151123047
72.2696533203125
47.50018310546875
74.89320373535156
73.39745330810547
71.4588623046875
79.8142318725586
73.58684539794922
79.71672058105469
84.04275512695312
54.364830017089844
86.87387084960938
86.7921142578125
80.47772979736328
91.63323211669922
85.87663269042969
88.51708221435547
91.32618713378906
74.65461730957031
89.5140380859375
86.5232162475586
81.78323364257812
87.92192077636719
76.4452133178711
84.81755065917969
85.69477844238281
56.315956115722656
85.17095947265625
82.3149642944336
76.79003143310547
84.7441635131836
76.65557861328125
81.09757995605469
83.13932037353516
48.156742095947266
83.07926177978516
80.73291778564453
75.23675537109375
82.97615814208984
74.21114349365234
79.45111083984375
81.34516143798828
58.03899383544922
80.8842544555664
76.7103271484375
74.92350769042969
82.35688781738281
76.99331665039062
82.62632751464844
86.95721435546875
64.99826049804688
86.7846450805664
84.81607818603516
77.75887298583984
86.67996215820312
79.12245178222656
83.08822631835938
85.59406280517578
61.24304962158203
85.45016479492188
83.2862777709961
77.83840942382812
86.12767028808594
78.52484130859375
83.39347839355469
85.84288787841797
59.93901443481445
85.97013092041016
83.37508392333984
78.74403381347656
86.75309753417969
78.8398208618164
84.24335479736328
86.9485855102539
55.5376091003418
86.9683837890625
85.03074645996094
79.61360931396484
88.5193099975586
80.8386459350586
85.85092163085938
88.6078872680664
51.59067916870117
89.32443237304688
87.7877426147461
81.95792388916016
91.16334533691406
83.93257904052734
88.802734375
91.724609375
64.92039489746094
91.6516342163086
89.67276000976562
82.71534729003906
91.32392120361328
83.21385955810547
87.95331573486328
90.76380157470703
54.0649299621582
92.32633972167969
91.23825073242188
85.99164581298828
95.89497375488281
88.92765808105469
93.57952880859375
96.38926696777344
70.17172241210938
95.62939453125
93.05039978027344
86.43755340576172
94.4573745727539
85.83665466308594
89.8973617553711
91.43959045410156
67.06753540039062
89.65815734863281
86.62852478027344
80.88568115234375
88.57584381103516
80.11405944824219
86.81014251708984
90.37767028808594
52.476383209228516
92.3174057006836
90.68559265136719
84.35482025146484
93.25764465332031
85.18476104736328
89.7689208984375
92.04045867919922
64.1794204711914
91.4617919921875
89.30577850341797
83.16864776611328
92.14617156982422
84.51753997802734
88.83528900146484
91.77301025390625
67.67379760742188
91.0876235961914
88.78568267822266
80.1008071899414
87.89047241210938
77.31529998779297
79.3307876586914
78.94075775146484
52.4075927734375
74.3675308227539
70.86353302001953
67.66728210449219
75.43424224853516
66.96588897705078
74.00140380859375
76.69145202636719
55.8553581237793
77.43712615966797
75.96493530273438
72.3001708984375
81.65866088867188
74.28233337402344
79.21495819091797
81.72342681884766
51.25533676147461
81.9239730834961
80.09998321533203
74.52265167236328
83.41937255859375
75.92835235595703
80.75606536865234
83.88070678710938
56.645912170410156
84.61963653564453
82.87487030029297
75.40412139892578
84.65066528320312
77.26060485839844
80.14595794677734
81.98397064208984
60.368160247802734
79.56946563720703
75.96774291992188
65.10490417480469
69.90665435791016
62.51716995239258
53.21913528442383
58.630435943603516
45.29970169067383
49.359012603759766
53.24199295043945
50.63975143432617
51.41281509399414
55.948768615722656
60.51739501953125
70.91651916503906
62.03193664550781
74.57302856445312
76.20259857177734
59.567447662353516
79.62919616699219
75.84696960449219
75.95272827148438
79.77651977539062
59.058815002441406
79.44701385498047
78.09699249267578
70.25991821289062
80.7457046508789
