68.39071655273438
75.51486206054688
75.69566345214844
54.129661560058594
75.03429412841797
70.80482482910156
64.29927825927734
71.62991333007812
65.12594604492188
65.33386993408203
66.68925476074219
53.74341583251953
62.308555603027344
57.84885787963867
54.916099548339844
43.39362335205078
55.24045944213867
50.385955810546875
64.47277069091797
53.37166976928711
67.33412170410156
65.4150161743164
61.8448600769043
66.95598602294922
56.666263580322266
62.98443603515625
64.82653045654297
50.769386291503906
62.89824676513672
60.17411422729492
43.628753662109375
59.90746307373047
46.33098220825195
41.6025505065918
54.02183532714844
43.028228759765625
53.92018127441406
46.53292465209961
39.7470703125
52.28632736206055
52.44879150390625
53.33242416381836
57.55148696899414
42.71860122680664
57.715484619140625
57.23008728027344
54.19731140136719
62.14613342285156
53.60206985473633
61.600502014160156
64.6218490600586
44.84101867675781
65.63655853271484
64.6201400756836
59.92646789550781
69.64556121826172
64.63248443603516
68.68480682373047
70.74146270751953
51.1467170715332
70.98342895507812
66.16813659667969
62.311824798583984
67.99140930175781
60.278499603271484
62.56454086303711
64.31349182128906
47.17714309692383
61.642234802246094
58.165809631347656
55.854496002197266
60.7411994934082
52.453697204589844
60.556034088134766
62.0259895324707
49.125831604003906
61.59723663330078
60.186763763427734
52.34174728393555
63.756404876708984
53.25767517089844
60.21470642089844
62.444427490234375
49.24848175048828
63.933128356933594
61.73164367675781
57.696048736572266
64.93991088867188
59.87894058227539
61.395240783691406
64.97252655029297
44.90355682373047
64.2672119140625
62.77941131591797
60.97816467285156
67.19668579101562
57.2607536315918
66.3129653930664
68.57828521728516
49.120147705078125
68.58946990966797
68.42326354980469
59.62715530395508
70.23806762695312
63.83291244506836
68.18978881835938
70.38424682617188
47.941986083984375
72.81734466552734
70.49160766601562
66.57860565185547
75.66735076904297
68.35755157470703
72.76513671875
76.09135437011719
55.38637924194336
75.16356658935547
73.29784393310547
67.69511413574219
74.32994842529297
63.234458923339844
68.59457397460938
68.43733978271484
55.05746078491211
62.36726760864258
53.34850311279297
55.42621994018555
56.8477783203125
52.22602462768555
65.0328369140625
68.48111724853516
55.347476959228516
73.60113525390625
74.10989379882812
67.54034423828125
79.64595794677734
75.12505340576172
78.98394012451172
82.87965393066406
64.33657836914062
83.55843353271484
80.32073974609375
77.15237426757812
83.72779083251953
75.19967651367188
80.08021545410156
82.47418212890625
62.793724060058594
81.48877716064453
79.89540100097656
74.45783233642578
83.27066802978516
73.92049407958984
82.87931060791016
85.43931579589844
66.59505462646484
87.88127136230469
86.80329132080078
80.8263931274414
91.33216857910156
84.90744018554688
89.24974060058594
92.13560485839844
70.64752197265625
91.8442153930664
87.91114044189453
84.2302474975586
90.07530975341797
80.64762115478516
85.19709777832031
87.77840423583984
70.04894256591797
87.08101654052734
85.58382415771484
80.03329467773438
87.03350830078125
73.9206314086914
82.54877471923828
81.94249725341797
65.37071990966797
79.93302154541016
77.68949890136719
65.61764526367188
78.27393341064453
70.45028686523438
76.61292266845703
78.68279266357422
59.84541702270508
80.5809097290039
78.1536636352539
73.32495880126953
81.7598876953125
74.52752685546875
77.89385986328125
81.21227264404297
60.43303680419922
81.5109634399414
79.28539276123047
76.09323120117188
84.12007141113281
75.6201400756836
82.5037841796875
85.33686065673828
60.10539627075195
86.07921600341797
84.86772155761719
78.27206420898438
87.89894104003906
79.4476089477539
85.03874206542969
86.39656066894531
62.947265625
86.29742431640625
84.11656951904297
78.20770263671875
87.28113555908203
79.5069351196289
83.57614135742188
85.68224334716797
53.305362701416016
84.4755859375
81.1847152709961
75.31504821777344
82.76849365234375
73.75614929199219
78.09832763671875
79.66531372070312
48.43779373168945
78.02960205078125
75.04583740234375
69.69651794433594
77.19082641601562
68.4111557006836
72.51483154296875
74.6362533569336
43.13478088378906
73.7891845703125
70.52134704589844
65.295654296875
72.8813247680664
64.2529525756836
69.1211929321289
71.22869110107422
40.28351974487305
72.09361267089844
69.92485809326172
63.693946838378906
73.65805053710938
65.65955352783203
71.21176147460938
73.248046875
46.71222686767578
73.08572387695312
70.73052215576172
64.85828399658203
72.7840805053711
63.27939224243164
68.71099853515625
69.32324981689453
42.7817497253418
66.95159912109375
65.34666442871094
59.39109802246094
68.94854736328125
60.01061248779297
66.28755950927734
67.3147964477539
48.539424896240234
65.491455078125
62.9617919921875
55.73081588745117
66.78008270263672
58.05046844482422
65.0746078491211
68.4596176147461
52.10879135131836
70.2328109741211
69.52944946289062
63.9644775390625
73.44371795654297
66.37635803222656
71.05342102050781
74.44894409179688
27.11707305908203
76.05890655517578
74.13372802734375
70.61156463623047
79.3656005859375
71.04875946044922
78.45307922363281
81.08228302001953
57.67681884765625
82.46215057373047
81.17130279541016
74.85536193847656
84.98556518554688
77.60738372802734
82.66154479980469
84.29650115966797
60.14561080932617
83.64529418945312
79.98030853271484
74.7724838256836
81.64216613769531
73.19310760498047
76.31658172607422
78.15800476074219
52.984676361083984
76.12583923339844
72.9643325805664
68.76243591308594
75.58916473388672
66.34793090820312
72.62067413330078
74.33541870117188
56.196250915527344
72.67051696777344
70.78518676757812
63.405757904052734
71.81006622314453
62.821651458740234
68.41922760009766
71.19357299804688
36.202003479003906
73.2203140258789
71.66954040527344
66.62361145019531
74.90032196044922
66.59361267089844
71.50579833984375
74.05101776123047
44.0550422668457
73.72834014892578
71.76287078857422
67.10060119628906
75.89118957519531
66.71460723876953
74.36732482910156
76.9568862915039
51.4708137512207
78.01367950439453
76.45629119873047
70.29810333251953
80.39977264404297
73.69209289550781
77.8623275756836
80.84999084472656
59.221229553222656
80.39816284179688
75.8158187866211
71.55967712402344
76.84976959228516
68.09526824951172
69.82160949707031
71.4319839477539
57.021400451660156
68.5397720336914
65.8680648803711
65.83350372314453
73.72769165039062
65.83131408691406
73.03314971923828
76.32601165771484
54.286109924316406
76.8067398071289
74.97124481201172
67.67240905761719
75.95853424072266
66.93640899658203
71.23332977294922
72.3025131225586
47.63264465332031
69.66533660888672
66.62937927246094
60.884456634521484
67.79378509521484
60.521846771240234
60.0776252746582
63.917720794677734
54.69453048706055
65.32382202148438
63.503963470458984
63.298160552978516
72.12712097167969
65.85311889648438
71.18413543701172
74.93565368652344
54.95246887207031
74.55376434326172
72.02251434326172
65.92964172363281
73.18680572509766
62.43467712402344
69.60984802246094
71.2701416015625
54.55657196044922
73.93002319335938
74.32747650146484
68.44152069091797
78.96527099609375
69.90050506591797
76.14472961425781
76.84358215332031
42.227806091308594
75.16266632080078
71.9504165649414
64.534912109375
72.5089340209961
63.89336395263672
68.1124038696289
70.69327545166016
49.2984619140625
71.74459838867188
69.64089965820312
65.20552825927734
74.31531524658203
67.16313934326172
72.67676544189453
75.80301666259766
45.50000762939453
76.08832550048828
72.75634765625
68.75855255126953
75.873779296875
66.97335052490234
71.83817291259766
74.12764739990234
51.96883010864258
72.97783660888672
70.5816650390625
66.0497055053711
73.60183715820312
62.26433181762695
70.0382080078125
72.1100082397461
45.737091064453125
70.9478988647461
68.88740539550781
64.13365936279297
71.07506561279297
62.01034164428711
70.38219451904297
74.00081634521484
52.189796447753906
76.31237030029297
74.84534454345703
69.37222290039062
78.08560943603516
69.76499938964844
73.98101806640625
75.71964263916016
53.15242385864258
72.79121398925781
70.92862701416016
63.728721618652344
73.0372543334961
63.68648910522461
72.35852813720703
74.35762786865234
47.54248046875
75.16651916503906
73.62409210205078
66.4310302734375
76.98143005371094
70.0455093383789
75.1907958984375
77.99845886230469
44.3956184387207
79.66168212890625
77.5643310546875
73.85722351074219
82.2616958618164
74.76065826416016
80.02449035644531
82.83447265625
54.03279495239258
82.69990539550781
80.29690551757812
74.34351348876953
82.02615356445312
73.05774688720703
77.3749008178711
78.51960754394531
52.4176025390625
76.81536102294922
73.13949584960938
68.98450469970703
76.38093566894531
66.96539306640625
73.48011016845703
75.96607971191406
54.323516845703125
76.09004211425781
74.80422973632812
67.28104400634766
77.84929656982422
70.12046813964844
75.96085357666016
78.85095977783203
52.3394889831543
81.0116958618164
79.23745727539062
75.24024200439453
84.17439270019531
77.08702087402344
82.16466522216797
85.49906921386719
56.77326965332031
85.975341796875
83.62313842773438
78.65760040283203
86.01233673095703
76.70243072509766
81.99610137939453
83.5029296875
49.40218734741211
81.94957733154297
78.9527359008789
72.05183410644531
80.10892486572266
71.52069091796875
76.00540161132812
77.53577423095703
54.100223541259766
77.15862274169922
74.11421966552734
68.41788482666016
76.4534912109375
68.76363372802734
72.10371398925781
74.84272003173828
51.844444274902344
73.16992950439453
69.49626922607422
66.18036651611328
74.77042388916016
68.52196502685547
74.12569427490234
78.7113265991211
55.24087905883789
80.72442626953125
78.8750228881836
74.66216278076172
82.19734191894531
72.98638916015625
79.09583282470703
81.13053894042969
53.88493728637695
81.29757690429688
79.35206604003906
73.61643981933594
82.504150390625
74.34959411621094
79.43631744384766
81.56515502929688
49.08876419067383
80.67597961425781
77.3068618774414
71.58885955810547
77.8365707397461
69.0551986694336
70.97293090820312
72.14263916015625
46.55403137207031
69.78524780273438
67.6165771484375
63.59495162963867
71.51409149169922
63.81913375854492
70.0070571899414
73.05510711669922
43.1265983581543
72.79074096679688
71.28241729736328
66.85199737548828
75.33049774169922
