70.01793670654297
76.28926849365234
80.21489715576172
39.911617279052734
82.96503448486328
80.89532470703125
75.66866302490234
83.20716857910156
73.47322845458984
77.52328491210938
78.95304870605469
49.540138244628906
76.38322448730469
72.46534729003906
66.72702026367188
73.5100326538086
64.76300048828125
67.44523620605469
68.7189712524414
47.361324310302734
66.79421997070312
62.91665267944336
62.17752456665039
66.22782135009766
61.083351135253906
68.1063461303711
71.28270721435547
50.02788543701172
71.4708480834961
67.63087463378906
57.277565002441406
67.77394104003906
62.069419860839844
65.2995834350586
65.72200012207031
46.601783752441406
65.5504379272461
64.23674011230469
57.801719665527344
67.58583068847656
57.53017044067383
65.72100830078125
68.20162200927734
47.904075622558594
69.50062561035156
68.23685455322266
61.71836471557617
71.29379272460938
64.76160430908203
69.18123626708984
72.49382781982422
52.43914031982422
73.22731018066406
71.4542007446289
67.37869262695312
75.6806640625
67.65740203857422
72.93301391601562
75.6628646850586
35.690757751464844
76.58224487304688
74.73249816894531
70.10874938964844
78.65325164794922
71.00507354736328
76.59370422363281
79.42855834960938
42.965267181396484
80.71407318115234
78.8652114868164
74.71681213378906
83.55270385742188
75.60758209228516
82.08415985107422
84.29522705078125
43.792484283447266
83.18943786621094
79.97943878173828
74.36912536621094
80.9107666015625
71.19640350341797
76.24745178222656
78.00067138671875
52.407711029052734
76.7324447631836
74.13053131103516
68.82283782958984
76.58167266845703
67.1461181640625
73.09500885009766
76.02803802490234
43.257423400878906
75.33586120605469
73.11237335205078
67.76448822021484
76.04800415039062
67.96113586425781
72.5069808959961
75.02996063232422
43.074119567871094
75.59496307373047
73.37034606933594
66.85693359375
77.06280517578125
69.19991302490234
74.91983795166016
78.26643371582031
45.859375
79.8698501586914
78.28535461425781
73.27938079833984
82.99079132080078
75.76155853271484
82.60049438476562
86.56279754638672
47.767921447753906
88.78865051269531
86.87222290039062
81.23497772216797
89.73027038574219
81.53661346435547
87.17636108398438
89.78974151611328
53.762062072753906
89.27806854248047
85.96637725830078
78.59012603759766
84.73841094970703
73.32728576660156
76.23045349121094
75.42916107177734
33.40094757080078
72.01859283447266
69.91248321533203
65.61839294433594
77.0103988647461
71.03521728515625
77.57867431640625
81.44705200195312
50.399200439453125
84.55599212646484
83.60034942626953
79.50212097167969
88.0042495727539
78.96878051757812
82.82587432861328
83.79849243164062
53.29008483886719
81.87816619873047
78.16071319580078
71.43143463134766
78.72596740722656
69.27381134033203
72.88080596923828
74.14026641845703
53.22324752807617
72.72189331054688
69.32731628417969
63.56982421875
72.47091674804688
64.3662338256836
67.1875
70.63518524169922
52.61029052734375
71.62124633789062
68.31758117675781
66.18802642822266
73.94605255126953
67.37378692626953
73.6995849609375
77.30777740478516
36.89958190917969
79.36158752441406
78.64723205566406
74.4452133178711
83.6963882446289
75.68042755126953
81.484130859375
84.86638641357422
48.859466552734375
87.73511505126953
86.11544799804688
80.50628662109375
88.63899230957031
79.67522430419922
84.53904724121094
86.41676330566406
42.61234664916992
85.61225128173828
83.06973266601562
77.07345581054688
85.49859619140625
76.96868133544922
82.24156188964844
84.4574966430664
49.72021484375
84.47501373291016
82.28267669677734
77.27510833740234
85.01831817626953
76.88017272949219
81.96289825439453
84.53291320800781
40.00252151489258
84.84483337402344
82.6989974975586
77.38298034667969
86.21995544433594
78.15328979492188
83.56623840332031
86.29737091064453
40.607582092285156
86.98884582519531
85.18130493164062
80.42790222167969
89.2966537475586
81.6161117553711
87.2386703491211
90.21247863769531
52.11273956298828
91.37089538574219
89.73025512695312
84.29900360107422
93.06147003173828
84.82881927490234
88.92127990722656
90.56295013427734
55.52190017700195
88.26660919189453
84.9276123046875
78.64533233642578
85.76006317138672
76.24833679199219
80.5777359008789
82.06315612792969
41.98476028442383
80.58596801757812
77.11317443847656
71.05050659179688
78.3354263305664
69.53184509277344
74.52970886230469
76.32246398925781
48.59962844848633
77.50643157958984
75.7647476196289
70.841796875
78.85710144042969
70.39038848876953
74.30811309814453
76.53382873535156
47.04217529296875
75.71141815185547
72.31068420410156
67.39183044433594
74.72393035888672
66.41979217529297
70.66353607177734
72.58087158203125
43.58974838256836
71.50186157226562
69.47895050048828
63.787174224853516
72.16596984863281
62.86381530761719
69.81629180908203
73.1874008178711
46.705284118652344
77.10340118408203
75.69979095458984
70.60763549804688
79.02516174316406
70.19510650634766
75.66533660888672
77.8692855834961
42.63093948364258
77.3817367553711
75.0373306274414
69.03196716308594
78.11739349365234
70.62968444824219
76.068603515625
78.68757629394531
42.805294036865234
79.96475219726562
77.75776672363281
72.16914367675781
81.28218078613281
73.29698181152344
79.28838348388672
82.2736587524414
41.37939453125
85.03933715820312
83.87614440917969
79.56818389892578
88.47891998291016
80.47992706298828
85.66890716552734
87.69754028320312
43.799739837646484
86.53964233398438
83.7015609741211
77.52586364746094
85.20144653320312
75.94979858398438
80.61135864257812
82.50821685791016
52.314659118652344
81.3545913696289
78.5455322265625
72.52558898925781
80.58979797363281
72.08497619628906
77.19271850585938
79.45968627929688
43.77851104736328
78.59538269042969
76.90316009521484
71.08564758300781
79.50541687011719
71.38517761230469
77.08402252197266
79.52718353271484
47.723846435546875
80.61541748046875
78.49208068847656
73.1028060913086
82.3710708618164
74.74775695800781
80.59989929199219
83.44951629638672
45.68836212158203
83.3928451538086
80.60932922363281
75.38531494140625
83.82945251464844
75.70698547363281
83.09378814697266
86.6506576538086
54.41474151611328
87.70841217041016
84.7196273803711
77.62083435058594
84.56480407714844
74.73252868652344
78.34111022949219
79.28456115722656
44.11250686645508
77.30171203613281
73.83592224121094
67.33930969238281
74.23177337646484
65.2063980102539
68.6465072631836
70.27312469482422
48.31904602050781
67.33193969726562
64.38004302978516
60.081302642822266
66.41107940673828
58.778602600097656
61.320613861083984
65.73844909667969
52.18228530883789
66.23035430908203
66.43657684326172
62.36186981201172
71.47574615478516
64.5503921508789
70.88829040527344
74.96760559082031
50.192718505859375
75.87438201904297
72.99347686767578
67.79495239257812
74.533935546875
65.1787109375
68.75098419189453
70.81747436523438
46.81758499145508
72.18976593017578
70.6883544921875
66.60340881347656
74.65823364257812
67.04537963867188
72.58560943603516
75.94985961914062
40.98737335205078
78.25285339355469
77.40204620361328
74.12986755371094
83.57154083251953
76.37279510498047
82.41099548339844
84.98808288574219
49.62922668457031
84.53883361816406
81.78166961669922
75.55521392822266
83.8059310913086
75.38056182861328
80.3609619140625
81.9839096069336
46.44654083251953
80.37435913085938
77.42893981933594
72.03053283691406
79.33111572265625
70.89319610595703
76.0951919555664
78.658447265625
52.665225982666016
78.77364349365234
76.20770263671875
71.47496795654297
79.43745422363281
70.73101806640625
76.49407196044922
78.451171875
44.97287368774414
77.61697387695312
75.15081787109375
69.87358093261719
77.74179077148438
70.19294738769531
74.91400909423828
77.23885345458984
43.44190216064453
77.24432373046875
75.50929260253906
70.10513305664062
78.31684875488281
69.99961853027344
75.81401062011719
78.19416809082031
46.897438049316406
79.5053939819336
78.06815338134766
73.09656524658203
82.09969329833984
74.29977416992188
79.9622802734375
82.19729614257812
50.114925384521484
82.13822937011719
79.62560272216797
74.08133697509766
82.38893127441406
74.43289947509766
79.76245880126953
82.61506652832031
50.087646484375
83.5103530883789
81.84933471679688
76.7593765258789
85.72077178955078
78.12203979492188
83.44645690917969
86.5652084350586
53.332027435302734
87.57657623291016
85.94351196289062
80.75591278076172
89.76313018798828
81.98920440673828
86.05445098876953
87.7208023071289
56.32575988769531
84.79287719726562
81.25125122070312
76.13671112060547
84.17742156982422
76.3235855102539
83.14580535888672
86.07840728759766
44.7137565612793
86.7545394897461
84.26878356933594
78.36662292480469
86.4295883178711
77.11454010009766
81.93592834472656
83.851318359375
50.96444320678711
82.17153930664062
79.21028900146484
73.00690460205078
80.53935241699219
71.62731170654297
76.02608489990234
77.74349212646484
46.692893981933594
78.43092346191406
76.6922836303711
72.91168975830078
82.68495178222656
75.8398666381836
82.63545989990234
86.1268310546875
32.66123580932617
87.1716537475586
84.9208755493164
79.31336975097656
87.40335083007812
78.74458312988281
83.69727325439453
85.81610870361328
45.20343017578125
85.1463394165039
82.49230194091797
76.934326171875
85.18364715576172
76.99504852294922
82.04340362548828
84.51142883300781
45.254859924316406
84.41050720214844
82.26854705810547
76.9061050415039
85.49410247802734
77.1141128540039
82.5333023071289
84.30030822753906
46.38901901245117
81.58523559570312
77.50423431396484
70.90362548828125
79.1373519897461
71.5729751586914
76.83547973632812
79.27479553222656
48.50790786743164
80.039306640625
77.64090728759766
72.13443756103516
79.82803344726562
71.07577514648438
75.5230484008789
76.51411437988281
43.97995376586914
73.5570068359375
70.02018737792969
62.80034255981445
69.03560638427734
60.79077911376953
63.556480407714844
65.56256866455078
48.903568267822266
71.12079620361328
71.23934173583984
65.00969696044922
75.37734985351562
67.5442123413086
73.06148529052734
75.52338409423828
45.38624572753906
76.32894897460938
74.22254943847656
67.74076843261719
77.14144897460938
67.98843383789062
72.22743225097656
74.74959564208984
42.05079650878906
74.6573715209961
71.9261703491211
66.36470031738281
74.96815490722656
65.99388885498047
69.97482299804688
71.68736267089844
47.199195861816406
70.75409698486328
68.40377807617188
65.18633270263672
71.46334075927734
