63.58992385864258
68.64481353759766
72.12718963623047
53.095245361328125
75.54959869384766
73.11724853515625
69.33467102050781
79.14901733398438
71.72216033935547
78.23921966552734
80.36534881591797
55.733055114746094
76.98009490966797
72.84170532226562
64.77448272705078
70.03687286376953
50.354530334472656
61.44353485107422
61.89270782470703
46.3948860168457
50.98820495605469
52.72597885131836
60.75767135620117
67.31070709228516
61.40038299560547
70.68309783935547
75.0770034790039
46.697330474853516
79.37625122070312
77.46173095703125
70.45011901855469
76.72610473632812
67.74061584472656
71.23944854736328
70.42329406738281
38.441856384277344
68.82611083984375
63.95919418334961
60.73472595214844
67.11459350585938
56.30812072753906
61.77128219604492
62.485897064208984
53.498069763183594
61.31401443481445
63.51057815551758
57.151607513427734
64.59271240234375
57.97232437133789
60.85005187988281
60.96430969238281
54.03852081298828
65.07821655273438
62.716739654541016
57.71516036987305
67.60710906982422
57.8857421875
63.6138916015625
66.55669403076172
54.15420150756836
68.86722564697266
67.80805969238281
62.026546478271484
71.67512512207031
61.28247833251953
68.40937042236328
69.54753875732422
57.36722946166992
70.4634017944336
68.50489044189453
64.17595672607422
72.96939849853516
66.10673522949219
70.48847961425781
73.90604400634766
57.256229400634766
76.73011779785156
75.5515365600586
71.57764434814453
81.61658477783203
74.90717315673828
82.29603576660156
86.5928726196289
44.802730560302734
88.8858413696289
86.4246826171875
79.91911315917969
87.79805755615234
78.6178970336914
83.39969635009766
85.48819732666016
53.35736846923828
85.04544830322266
82.66802978515625
76.8553466796875
85.24612426757812
76.40436553955078
80.9853515625
81.50403594970703
52.18589401245117
74.55718231201172
69.74479675292969
59.75261688232422
71.78007507324219
66.13568115234375
71.357421875
75.94011688232422
49.33134460449219
77.52918243408203
75.76748657226562
71.61859130859375
80.18512725830078
72.06700134277344
78.50402069091797
81.03881072998047
52.917991638183594
82.19679260253906
80.58335876464844
75.7037353515625
84.70658111572266
77.41655731201172
82.78268432617188
86.17581176757812
56.70865249633789
87.95092010498047
86.73619079589844
82.43762969970703
92.19075012207031
85.34263610839844
90.97930908203125
93.54949951171875
60.49043273925781
91.1786880493164
87.64878845214844
80.4206314086914
87.71680450439453
78.01764678955078
82.40991973876953
83.79801940917969
38.93076705932617
81.66131591796875
79.13304138183594
74.45896911621094
83.72928619384766
76.41674041748047
83.68822479248047
87.54126739501953
53.528350830078125
88.9277572631836
86.16117858886719
80.00825500488281
87.3263168334961
77.95852661132812
82.69841766357422
84.60953521728516
46.565616607666016
84.07080078125
82.0456771850586
77.01927185058594
85.68213653564453
77.95362854003906
84.01192474365234
87.16812896728516
44.55963134765625
89.15892028808594
88.09667205810547
83.49555206298828
92.90176391601562
85.46760559082031
90.96566772460938
93.71421813964844
49.39346694946289
93.52708435058594
91.00462341308594
85.22708892822266
93.43319702148438
84.83379364013672
89.8525619506836
91.95462036132812
40.29990005493164
91.68451690673828
89.38945007324219
84.23343658447266
92.46516418457031
84.22469329833984
89.73561096191406
92.22122192382812
27.225910186767578
92.58753967285156
90.56121826171875
85.42208862304688
94.18350982666016
86.15743255615234
91.82950592041016
94.70650482177734
56.99697494506836
95.68851470947266
93.98780059814453
88.78939819335938
97.76290130615234
89.83871459960938
94.7519302368164
96.70829772949219
59.08421325683594
95.03387451171875
91.84889221191406
85.243896484375
92.6838607788086
83.53064727783203
87.65657043457031
89.0581283569336
50.57902526855469
87.44635009765625
84.35225677490234
78.47335815429688
86.1890869140625
76.92064666748047
82.05497741699219
83.74986267089844
51.29791259765625
83.05013275146484
80.04999542236328
73.80525970458984
82.18603515625
74.12824249267578
78.01383209228516
80.10389709472656
38.71504211425781
77.45539093017578
73.1860122680664
64.06411743164062
71.11930084228516
58.32881546020508
64.41851043701172
66.43899536132812
50.55360794067383
67.61659240722656
66.38184356689453
63.7454719543457
71.79239654541016
63.782684326171875
68.67750549316406
70.26079559326172
44.4775390625
70.28120422363281
67.87808990478516
61.90104293823242
69.24044036865234
63.090599060058594
66.50792694091797
67.48773956298828
50.12065124511719
68.56367492675781
66.0171890258789
60.22871398925781
68.5866470336914
60.653656005859375
69.11164093017578
71.6720962524414
45.03864288330078
74.59341430664062
73.69705963134766
68.13168334960938
76.57083129882812
67.90132904052734
71.73046875
73.67927551269531
49.5828742980957
72.52458190917969
68.09378051757812
61.84821319580078
71.20513916015625
64.75872039794922
72.12775421142578
76.38018035888672
46.018218994140625
80.29978942871094
78.90251922607422
73.64665222167969
82.25983428955078
74.1351318359375
78.95597839355469
81.42386627197266
47.475372314453125
81.95945739746094
80.09724426269531
75.39207458496094
84.37470245361328
76.57070922851562
82.93742370605469
85.59705352783203
47.999881744384766
87.31613159179688
85.78526306152344
81.52410125732422
90.69835662841797
83.14961242675781
88.91835021972656
91.173828125
52.77320098876953
90.1506576538086
86.99674987792969
80.84609985351562
88.18826293945312
78.88092803955078
83.43260192871094
84.97989654541016
44.43235778808594
83.65652465820312
81.1307373046875
75.00538635253906
83.02841186523438
74.21726989746094
79.40115356445312
81.59455871582031
44.47097396850586
81.49641418457031
79.18864440917969
74.33495330810547
83.09336853027344
74.85948181152344
80.870849609375
83.35933685302734
52.19258499145508
83.25997161865234
80.08399200439453
73.11512756347656
81.84429168701172
74.02677154541016
80.29243469238281
84.03504943847656
51.96259307861328
86.39813232421875
84.11357116699219
77.55332946777344
84.6901626586914
75.28644561767578
78.47648620605469
79.35352325439453
46.88535690307617
76.14336395263672
73.13323211669922
66.22618103027344
72.90155792236328
64.89414978027344
66.3653793334961
67.1907958984375
56.04930114746094
66.18479919433594
62.526153564453125
57.86048889160156
63.82413101196289
53.655311584472656
62.72919845581055
62.925010681152344
50.417911529541016
63.3406867980957
60.295989990234375
56.849159240722656
66.36583709716797
57.37159729003906
63.904502868652344
66.70983123779297
48.97945022583008
69.30667877197266
67.7469253540039
62.5953369140625
70.72498321533203
62.6665153503418
66.66454315185547
69.62168884277344
52.25956344604492
69.23870849609375
67.5146255493164
62.65289306640625
69.791748046875
62.548583984375
68.7313003540039
71.03646850585938
43.6912841796875
73.14796447753906
71.86347961425781
67.43826293945312
76.78463745117188
70.33462524414062
76.75634765625
80.91492462158203
54.3400993347168
83.78862762451172
82.76242065429688
77.53943634033203
86.09479522705078
76.8397216796875
80.21617889404297
80.52405548095703
39.1881103515625
78.95751190185547
75.90087890625
70.4213638305664
77.60936737060547
69.05440521240234
74.93407440185547
78.03853607177734
54.23283386230469
78.05147552490234
75.77616119384766
70.85491180419922
78.74004364013672
70.14971160888672
75.99415588378906
77.9734115600586
44.095970153808594
77.76176452636719
75.62069702148438
70.10945129394531
78.17445373535156
70.61156463623047
74.50038146972656
77.1436996459961
51.59597396850586
77.20149993896484
75.65280151367188
70.8835220336914
79.45368957519531
71.38745880126953
77.43865203857422
79.77578735351562
47.794898986816406
79.9638671875
77.9757308959961
73.53304290771484
80.81924438476562
72.56488800048828
78.35157012939453
80.2900619506836
47.42548751831055
80.5406494140625
78.73477172851562
72.91911315917969
81.87762451171875
74.26905822753906
79.49622344970703
82.1548080444336
43.775569915771484
83.19070434570312
81.28437805175781
76.74175262451172
85.55590057373047
77.72696685791016
83.97640228271484
86.85037231445312
44.98865509033203
87.41596984863281
84.87455749511719
78.36862182617188
85.19467163085938
75.69483184814453
78.28150177001953
78.7347640991211
50.75286865234375
75.6646499633789
72.9247817993164
68.54602813720703
77.55442810058594
70.50563049316406
76.96034240722656
80.42254638671875
42.83612060546875
82.38859558105469
80.96298217773438
76.81439971923828
86.19463348388672
79.50811767578125
85.53008270263672
88.899169921875
53.93048095703125
90.82720947265625
89.31446838378906
84.23029327392578
92.73502349853516
84.28072357177734
89.08025360107422
90.92410278320312
31.55774688720703
89.99137878417969
87.41280364990234
82.18604278564453
90.61849212646484
82.45280456542969
87.4960708618164
89.75463104248047
49.48442459106445
89.21875762939453
86.73275756835938
81.2558364868164
89.744384765625
81.30509948730469
86.71199035644531
89.23915100097656
44.1424446105957
89.50898742675781
87.47904205322266
81.66560363769531
89.82648468017578
80.68128967285156
84.31504821777344
84.81941223144531
40.827430725097656
80.40664672851562
75.37903594970703
66.93146514892578
72.96112823486328
62.332786560058594
67.86670684814453
66.75495910644531
47.38433074951172
68.36471557617188
67.87769317626953
63.32894515991211
72.22777557373047
63.8569221496582
69.82938385009766
72.04122924804688
44.16923522949219
73.3754653930664
71.36158752441406
67.79546356201172
76.77288818359375
69.39076232910156
75.18836212158203
77.6627426147461
46.042381286621094
77.26942443847656
75.42242431640625
69.91084289550781
78.87655639648438
70.4138412475586
74.80989837646484
75.43138122558594
42.44025421142578
70.88859558105469
66.20215606689453
57.5097541809082
61.45689392089844
46.71152114868164
55.900272369384766
66.15203857421875
44.15583419799805
70.74088287353516
69.15155029296875
65.36786651611328
72.8165512084961
61.62912368774414
69.05615997314453
71.7741470336914
48.325321197509766
73.44754791259766
70.9654541015625
67.09760284423828
75.78068542480469
68.30016326904297
73.88016510009766
77.16271209716797
43.085609436035156
78.06108093261719
76.33932495117188
71.12773895263672
80.21249389648438
71.90373229980469
76.57152557373047
78.17761993408203
44.2066650390625
75.33615112304688
72.09880828857422
67.5667724609375
74.63944244384766
