71.08647155761719
71.4783706665039
71.21691131591797
75.12646484375
73.52832794189453
76.64974212646484
77.0400619506836
79.3389663696289
80.60596466064453
80.4917984008789
83.84129333496094
80.24842834472656
83.01909637451172
75.37442016601562
78.43321228027344
71.86682891845703
74.37651062011719
67.57508087158203
67.60905456542969
64.9789047241211
64.49443817138672
61.9301643371582
70.65390014648438
69.95874786376953
76.84629821777344
75.16435241699219
80.20073699951172
77.46224212646484
79.2657699584961
75.58451080322266
77.00784301757812
73.21723937988281
74.71802520751953
71.32666015625
72.41105651855469
67.79121398925781
70.65576934814453
67.43964385986328
68.39334869384766
66.65059661865234
66.78346252441406
64.5997543334961
64.22313690185547
64.72684478759766
54.32699966430664
66.92457580566406
49.04600143432617
64.80901336669922
47.607303619384766
63.05934143066406
58.27590560913086
60.41169738769531
60.150211334228516
62.62759780883789
59.3385124206543
59.78666305541992
53.879791259765625
60.4498176574707
60.27670669555664
58.38236618041992
60.45298767089844
66.95170593261719
64.83187103271484
57.524837493896484
64.83439636230469
60.14992141723633
67.03797912597656
58.70426940917969
66.94942474365234
58.6931037902832
66.8262939453125
61.88819122314453
68.73487854003906
64.67279815673828
68.98621368408203
69.6054916381836
69.59636688232422
72.10405731201172
69.84786987304688
74.72634887695312
73.43108367919922
77.00060272216797
75.81004333496094
79.82159423828125
79.79051971435547
82.68746948242188
82.572998046875
84.31099700927734
83.63301086425781
83.92212677001953
82.40657043457031
82.82589721679688
81.690185546875
81.87635803222656
80.99935150146484
81.61325073242188
80.43521881103516
81.64306640625
80.48612213134766
81.35649108886719
80.88079071044922
81.09615325927734
81.72223663330078
81.12931823730469
82.3633041381836
80.65193176269531
83.31533813476562
79.17212677001953
81.37177276611328
74.12110137939453
75.61006164550781
55.668155670166016
73.45024108886719
68.61699676513672
74.67798614501953
71.33318328857422
74.53656005859375
70.82667541503906
71.7442398071289
68.47811889648438
67.94715118408203
67.6745834350586
63.32008361816406
67.03852081298828
59.4682502746582
68.63136291503906
67.73778533935547
68.9402084350586
69.61250305175781
71.2709732055664
73.77961730957031
71.94535827636719
75.43180084228516
73.41146850585938
77.7047119140625
75.49214172363281
79.90547943115234
78.17225646972656
81.46713256835938
81.67462921142578
83.247314453125
85.12934875488281
82.90492248535156
85.63410949707031
78.92459106445312
81.71748352050781
71.05109405517578
78.11634826660156
69.94805908203125
74.25164794921875
71.56316375732422
70.4217529296875
71.20035552978516
62.509765625
69.83050537109375
58.255210876464844
69.62577819824219
64.56132507324219
67.80452728271484
66.2735595703125
63.665565490722656
69.13597106933594
64.93122100830078
70.81425476074219
64.39104461669922
70.6011962890625
66.89102935791016
71.68682861328125
68.61548614501953
71.36589050292969
72.28380584716797
72.72602844238281
75.1095962524414
72.20884704589844
76.80731964111328
74.09709167480469
79.35964965820312
78.15560150146484
81.30013275146484
79.11598205566406
81.0246353149414
79.51057434082031
79.59927368164062
79.41297149658203
78.5840835571289
78.49253845214844
77.53075408935547
78.37860107421875
77.43064880371094
78.07525634765625
77.57144927978516
77.39994049072266
77.44363403320312
77.02497863769531
77.56828308105469
76.72473907470703
77.35238647460938
76.75993347167969
77.78946685791016
76.80470275878906
77.19141387939453
77.0942611694336
77.09803009033203
77.6929702758789
77.13897705078125
78.37767028808594
77.00186920166016
79.03482055664062
77.53099822998047
78.9510269165039
77.9374771118164
79.01737213134766
78.5108413696289
79.22593688964844
79.91764068603516
79.48233032226562
80.94847869873047
79.60527801513672
81.96807861328125
80.55309295654297
82.55899047851562
81.73377990722656
82.99024963378906
83.15142822265625
83.9293212890625
85.10318756103516
85.10308074951172
87.04547882080078
86.33621215820312
88.83271026611328
87.57527923583984
90.02737426757812
88.48621368408203
89.26165008544922
87.8047866821289
86.94342041015625
85.9180908203125
83.93733978271484
84.07658386230469
81.32869720458984
82.31299591064453
78.99726867675781
79.84071350097656
77.9881362915039
78.25239562988281
77.93344116210938
77.66206359863281
78.31620025634766
76.63715362548828
77.76555633544922
74.92227935791016
76.89066314697266
72.86488342285156
74.8691635131836
72.12882995605469
73.83167266845703
72.46874237060547
71.65605926513672
72.13571166992188
69.98115539550781
70.36014556884766
65.78974914550781
71.34546661376953
68.65025329589844
75.76162719726562
72.21370697021484
79.77338409423828
75.30467987060547
79.80259704589844
75.76902770996094
78.21804809570312
76.57337188720703
76.38583374023438
76.1425552368164
73.42930603027344
77.5615463256836
76.75212097167969
80.03767395019531
77.99376678466797
80.91033935546875
79.21344757080078
80.95858764648438
80.456787109375
81.0913314819336
81.83680725097656
81.54315185546875
83.6921615600586
82.64842987060547
84.83431243896484
84.01009368896484
85.9850082397461
85.8727798461914
86.66649627685547
86.56893920898438
85.88359832763672
86.34949493408203
84.70652770996094
85.3084487915039
82.6991958618164
83.46660614013672
81.3768081665039
82.16336822509766
81.46517181396484
81.18142700195312
80.8111343383789
79.8709716796875
80.05150604248047
78.90401458740234
78.94629669189453
78.1767807006836
78.7456283569336
78.12451934814453
77.96835327148438
77.31352233886719
76.63224029541016
77.37763977050781
76.06671905517578
77.40406036376953
77.15274047851562
76.8437271118164
77.53153991699219
77.21537017822266
78.32447052001953
77.03190612792969
78.6938247680664
76.59657287597656
76.9499740600586
74.41842651367188
72.62665557861328
71.07085418701172
68.47722625732422
67.00299072265625
64.33291625976562
66.42485809326172
64.04556274414062
68.78815460205078
64.83049774169922
69.39045715332031
63.521827697753906
70.06526947021484
66.58943176269531
71.766845703125
67.3961410522461
72.09880828857422
71.40522003173828
72.63726043701172
73.20806121826172
73.56658172607422
74.91480255126953
75.12571716308594
76.8312759399414
76.35453796386719
78.85295867919922
77.96688842773438
81.00670623779297
78.6736831665039
79.6612777709961
76.32430267333984
76.80360412597656
72.97802734375
73.737060546875
71.0602798461914
72.58798217773438
72.25487518310547
74.14036560058594
74.5306396484375
77.02272033691406
77.00354766845703
78.31551361083984
79.12645721435547
79.87974548339844
79.74854278564453
79.34703826904297
80.88645935058594
79.88619232177734
81.83140563964844
79.22569274902344
79.8416748046875
77.31341552734375
78.01216888427734
76.05086517333984
75.80962371826172
74.55622100830078
73.29972076416016
73.74988555908203
71.26371002197266
71.68289184570312
67.55567169189453
71.66751098632812
65.9206314086914
70.38040161132812
65.68518829345703
72.59461212158203
68.4893798828125
74.58866119384766
72.86114501953125
76.08094787597656
74.52195739746094
74.8714599609375
74.37798309326172
72.28742980957031
72.66085052490234
73.32413482666016
75.21699523925781
76.25543212890625
78.37499237060547
77.76799011230469
79.20686340332031
77.5649185180664
78.57484436035156
77.91141510009766
77.89895629882812
77.1347885131836
77.48788452148438
77.18895721435547
77.00099182128906
77.23078918457031
76.80419921875
77.07530975341797
77.20418548583984
76.9578857421875
77.06616973876953
76.74846649169922
77.18927001953125
76.78424835205078
76.69963073730469
76.3009262084961
77.29142761230469
77.05492401123047
77.17108917236328
77.2157211303711
76.96913146972656
77.40965270996094
76.87151336669922
77.78388214111328
77.31639862060547
78.23865509033203
77.65007781982422
78.58389282226562
78.14543151855469
78.53841400146484
78.24055480957031
78.41703033447266
79.2237319946289
79.23587036132812
79.6651382446289
79.64006805419922
80.92716979980469
79.91529083251953
81.30297088623047
80.86339569091797
81.92809295654297
81.69465637207031
82.64251708984375
82.95484161376953
82.80123901367188
83.83316040039062
83.1681137084961
83.84232330322266
82.7103042602539
82.88138580322266
81.11327362060547
81.49917602539062
80.22982025146484
81.2007064819336
81.81549072265625
82.61512756347656
83.61322021484375
84.40020751953125
85.43585205078125
85.58967590332031
86.3227310180664
86.19519805908203
86.39128112792969
85.95084381103516
85.60037231445312
84.95181274414062
84.53214263916016
84.49808502197266
83.42144775390625
83.68754577636719
82.9477310180664
83.49043273925781
83.07276153564453
83.57356262207031
83.23692321777344
83.27014923095703
83.03250122070312
82.34113311767578
82.23478698730469
81.1683349609375
81.95675659179688
80.92384338378906
81.87232971191406
80.66585540771484
81.17765045166016
79.76517486572266
80.67735290527344
79.28974151611328
79.60537719726562
78.96392822265625
78.57472229003906
78.37683868408203
78.21310424804688
78.19429016113281
76.87714385986328
77.53719329833984
76.38128662109375
76.13175964355469
76.14710235595703
77.14067077636719
77.35464477539062
78.1185302734375
78.12458801269531
77.4503402709961
77.69988250732422
77.68645477294922
76.2892074584961
75.73786163330078
74.64403533935547
76.35394287109375
75.12335968017578
76.85183715820312
75.9968032836914
77.22777557373047
76.70996856689453
77.40739440917969
77.0362319946289
77.49589538574219
77.05693817138672
77.03447723388672
77.0796890258789
77.50458526611328
77.81037902832031
78.40315246582031
79.89573669433594
80.11302947998047
81.22631072998047
80.90157318115234
81.57533264160156
81.37633514404297
81.69474029541016
81.15312957763672
81.496826171875
80.71293640136719
80.8783950805664
79.61817932128906
79.47557067871094
78.82877349853516
79.72297668457031
80.00153350830078
81.12939453125
81.40165710449219
82.37049102783203
82.55364227294922
83.30567932128906
83.43919372558594
83.93356323242188
84.33033752441406
84.70692443847656
84.82786560058594
84.85990905761719
84.96046447753906
84.79961395263672
84.73236846923828
84.1463851928711
84.04418182373047
83.2398681640625
82.85205078125
81.89909362792969
81.29425811767578
80.47119140625
79.38615417480469
78.45429229736328
76.75953674316406
76.99107360839844
