71.47863006591797
80.41358184814453
83.90296936035156
61.03559112548828
85.79039764404297
82.41105651855469
77.10108947753906
82.72674560546875
74.62604522705078
74.94721221923828
76.46991729736328
62.443321228027344
72.79116821289062
69.1333236694336
64.03118133544922
69.94208526611328
64.76998138427734
58.20894241333008
62.465633392333984
57.87336349487305
60.593021392822266
55.053218841552734
64.58195495605469
70.891845703125
64.1892318725586
72.99751281738281
76.30024719238281
64.76195526123047
76.43668365478516
75.2301025390625
72.13418579101562
75.87863159179688
64.13972473144531
70.61431884765625
72.11725616455078
59.780574798583984
64.17231750488281
56.48564910888672
61.445499420166016
59.25046157836914
51.376441955566406
56.908939361572266
57.49740219116211
51.437496185302734
59.445159912109375
60.84633255004883
63.58528518676758
64.18022918701172
58.81781768798828
59.8797721862793
56.20936965942383
47.419898986816406
70.46542358398438
67.90764617919922
61.4330940246582
70.447265625
64.57113647460938
70.80887603759766
70.9022216796875
51.862979888916016
73.66464233398438
70.632080078125
62.64740753173828
73.48719024658203
66.4354248046875
73.983642578125
76.0764389038086
55.12629699707031
77.72046661376953
75.83169555664062
70.6345443725586
79.68817901611328
70.96965789794922
79.50677490234375
81.90567779541016
58.01258850097656
83.34858703613281
82.60429382324219
77.4113998413086
87.30435943603516
80.49340057373047
87.64156341552734
91.7486343383789
60.201560974121094
94.64928436279297
93.64356231689453
88.70340728759766
96.6160659790039
87.40331268310547
92.57198333740234
94.14615631103516
64.89163970947266
92.61663818359375
90.12752532958984
85.3199462890625
93.35122680664062
85.05717468261719
90.31298065185547
93.05363464355469
59.81585693359375
93.21642303466797
91.3271255493164
86.0273208618164
94.53350067138672
86.33192443847656
91.06840515136719
92.85484313964844
56.780372619628906
90.51005554199219
86.86974334716797
80.55900573730469
87.31023406982422
77.21145629882812
81.42267608642578
80.95487976074219
56.115055084228516
75.3128662109375
70.0279312133789
58.7381706237793
63.66279983520508
59.297359466552734
72.89627075195312
77.76663970947266
60.12501525878906
81.52356719970703
81.95983123779297
77.34996795654297
88.44268035888672
81.85595703125
89.59656524658203
93.80684661865234
70.46729278564453
96.73072814941406
95.88457489013672
90.43293762207031
98.93405151367188
90.4592514038086
95.25908660888672
97.70995330810547
70.91260528564453
96.83482360839844
94.64059448242188
88.6348648071289
95.56378173828125
85.73017120361328
89.00930786132812
88.41952514648438
66.32272338867188
84.08424377441406
81.55125427246094
78.86091613769531
88.65701293945312
82.56727600097656
88.9482650756836
93.25846099853516
60.71271896362305
97.261962890625
96.86573791503906
91.90007019042969
101.23069763183594
92.70115661621094
97.63233184814453
99.35794067382812
69.52222442626953
97.77196502685547
95.02609252929688
89.72196960449219
97.71392059326172
89.20771026611328
94.4300537109375
96.91436767578125
68.64830780029297
96.69603729248047
94.51749420166016
89.84722137451172
98.15591430664062
89.94341278076172
94.96337127685547
96.9987564086914
66.74188232421875
94.79552459716797
90.98583984375
84.75328826904297
90.58493041992188
79.96615600585938
83.78062438964844
84.30824279785156
56.909149169921875
79.91024017333984
76.71903991699219
73.33340454101562
79.85717010498047
72.48099517822266
75.5854721069336
78.321044921875
61.478580474853516
80.93072509765625
78.58158111572266
73.76394653320312
81.5756607055664
74.27505493164062
78.26189422607422
80.55772399902344
61.24458312988281
82.35504913330078
80.5979232788086
73.28695678710938
83.39497375488281
75.08875274658203
81.59889221191406
84.51264190673828
56.96627426147461
85.17797088623047
83.56331634521484
77.31242370605469
86.60784912109375
78.30670166015625
85.19000244140625
88.23343658447266
63.11933898925781
89.10315704345703
87.6320571899414
82.6423110961914
91.94837188720703
84.50263977050781
90.77574920654297
93.99152374267578
68.17387390136719
93.83770751953125
91.410400390625
84.18569946289062
92.13148498535156
82.74090576171875
86.5768814086914
88.08148956298828
58.898860931396484
85.68695831298828
82.58976745605469
75.43671417236328
83.93828582763672
74.78661346435547
82.35153198242188
85.63714599609375
55.20795440673828
85.36124420166016
82.84222412109375
76.70252990722656
84.52201080322266
74.92635345458984
80.21394348144531
82.5386962890625
60.33816909790039
80.62088775634766
77.9339828491211
73.65351867675781
81.30022430419922
72.1510238647461
77.60089111328125
79.62198638916016
58.61581802368164
77.55615997314453
74.05238342285156
73.2132797241211
80.97858428955078
75.84586334228516
78.40425109863281
81.54686737060547
59.75506591796875
78.44068145751953
73.43778228759766
66.53742218017578
73.42131042480469
66.51837921142578
67.85260009765625
71.72378540039062
60.37253952026367
79.23505401611328
79.4577865600586
74.45549774169922
84.17012786865234
76.81148529052734
82.76763153076172
85.51050567626953
55.468936920166016
87.00814056396484
85.33146667480469
79.2237319946289
89.26860046386719
82.11217498779297
88.39311981201172
91.35913848876953
60.44688415527344
93.40941619873047
92.1705551147461
86.8041763305664
96.06322479248047
87.78555297851562
92.81729125976562
94.36278533935547
33.391883850097656
92.68184661865234
89.64550018310547
82.76255798339844
90.63567352294922
81.21939849853516
85.75177001953125
87.22124481201172
47.62225341796875
85.83779907226562
82.86181640625
76.94564056396484
85.11424255371094
76.40538024902344
81.4277114868164
84.14874267578125
53.527164459228516
83.78853607177734
81.40733337402344
74.8434066772461
84.10963439941406
74.97493743896484
81.79315185546875
84.25318145751953
49.48666763305664
84.4495849609375
82.50316619873047
78.18893432617188
86.39788818359375
78.61077880859375
84.68798828125
87.57915496826172
48.35997772216797
89.05382537841797
87.59367370605469
84.18297576904297
93.59820556640625
87.18184661865234
92.49964141845703
95.65812683105469
70.03048706054688
94.67965698242188
90.74497985839844
83.20529174804688
90.19916534423828
80.89928436279297
83.52099609375
84.784912109375
64.3002700805664
82.91522979736328
79.20507049560547
70.10543060302734
78.52068328857422
68.50797271728516
75.16468811035156
75.81046295166016
59.169158935546875
74.53409576416016
73.2060775756836
65.6593246459961
74.73033142089844
63.381683349609375
75.12469482421875
77.234619140625
59.12295150756836
75.88146209716797
73.65029907226562
72.88813781738281
81.56564331054688
75.64044952392578
81.81265258789062
86.06021118164062
61.291038513183594
86.71104431152344
83.26776885986328
77.84136199951172
84.55921173095703
74.1241226196289
75.82818603515625
76.71882629394531
53.33131408691406
74.52677154541016
72.2422866821289
68.74852752685547
76.37161254882812
70.62701416015625
78.41339874267578
82.70177459716797
53.26673889160156
85.96307373046875
84.54960632324219
78.7947998046875
87.07167053222656
78.53130340576172
82.08877563476562
83.59785461425781
62.7700309753418
83.20551300048828
80.13917541503906
74.00200653076172
81.88679504394531
73.28756713867188
77.83888244628906
79.55957794189453
61.5374755859375
82.50780487060547
81.60877990722656
75.81859588623047
85.14891052246094
75.65599822998047
82.43656158447266
84.4430160522461
49.9887809753418
84.13156127929688
82.17088317871094
75.75922393798828
84.1429672241211
75.79037475585938
81.69097900390625
83.7754135131836
57.718624114990234
83.35274505615234
80.77556610107422
75.08618927001953
84.03546905517578
75.98637390136719
81.89173126220703
83.81982421875
59.131160736083984
83.49053192138672
81.4651107788086
76.32478332519531
85.05748748779297
76.2311019897461
82.25121307373047
84.78018951416016
61.67739486694336
84.60301208496094
82.57926177978516
78.58306121826172
86.16432189941406
78.33712768554688
83.35244750976562
85.82977294921875
53.7819938659668
85.55146026611328
82.88838195800781
78.62481689453125
86.81688690185547
79.15941619873047
84.05776977539062
87.0169448852539
57.82526779174805
88.15100860595703
86.32056427001953
81.6746826171875
90.52277374267578
83.6382064819336
87.55706024169922
89.87580108642578
62.715084075927734
88.16645812988281
84.67086029052734
77.73391723632812
86.00251007080078
78.3897476196289
83.08126831054688
85.44990539550781
55.56200408935547
86.2609634399414
83.91140747070312
78.86597442626953
88.03904724121094
80.21456909179688
87.22906494140625
90.70784759521484
57.12126159667969
92.45868682861328
91.02015686035156
85.22659301757812
93.89207458496094
85.11487579345703
90.14390563964844
91.7762451171875
57.0832405090332
90.49142456054688
87.2297134399414
81.21833801269531
88.60814666748047
79.51229095458984
84.52513885498047
85.92994689941406
42.6572380065918
84.20645904541016
81.13990020751953
73.26903533935547
80.01554870605469
67.17699432373047
70.91399383544922
67.12259674072266
57.36410140991211
78.51343536376953
80.71529388427734
77.54662322998047
88.82659149169922
82.88672637939453
88.12618255615234
91.5641098022461
59.994110107421875
91.73877716064453
89.20157623291016
83.70356750488281
91.75961303710938
83.12008666992188
88.35147857666016
90.52201843261719
58.93278884887695
89.57184600830078
86.82869720458984
81.15616607666016
88.0107650756836
79.11528778076172
83.7807388305664
86.42832946777344
60.74235534667969
86.44359588623047
83.71605682373047
78.030517578125
86.0844497680664
78.21369934082031
82.73746490478516
86.17059326171875
55.54245376586914
87.63259887695312
85.44419860839844
80.33453369140625
88.48397827148438
79.21870422363281
83.20516204833984
83.58806610107422
49.243385314941406
80.14153289794922
77.38932037353516
72.00867462158203
82.68358612060547
75.53720092773438
80.33421325683594
83.361083984375
58.58696365356445
82.63671875
80.50202941894531
74.55789184570312
83.59813690185547
76.34789276123047
82.89501190185547
86.23856353759766
56.90746307373047
88.25480651855469
86.36070251464844
80.18429565429688
88.93978881835938
79.98291015625
84.08524322509766
85.22484588623047
48.445716857910156
83.40987396240234
79.71775817871094
72.90154266357422
80.54582214355469
69.43161010742188
76.63147735595703
78.8166732788086
63.619667053222656
79.60465240478516
77.47954559326172
70.78083801269531
79.86128234863281
