68.65823364257812
74.82549285888672
79.11229705810547
57.52749252319336
81.36958312988281
78.73322296142578
73.59630584716797
79.2232894897461
68.24945831298828
69.6968994140625
70.2689437866211
51.130950927734375
62.74091339111328
58.853126525878906
55.701866149902344
65.77676391601562
57.23807907104492
70.81324005126953
75.15850067138672
58.059574127197266
78.17190551757812
74.36394500732422
70.49468994140625
76.01876068115234
66.1273422241211
70.23793029785156
70.81776428222656
46.658470153808594
68.30479431152344
64.45761108398438
51.390525817871094
65.17066192626953
47.363346099853516
57.20745086669922
59.86502456665039
46.91661834716797
55.455223083496094
50.07099914550781
47.23935317993164
48.37797927856445
54.045230865478516
46.88910675048828
16.296579360961914
44.8057975769043
58.16362380981445
55.58316421508789
51.72346878051758
61.80157470703125
57.231773376464844
59.03218460083008
64.15125274658203
51.286277770996094
66.11046600341797
63.990543365478516
57.11199951171875
69.85161590576172
62.585235595703125
68.01701354980469
70.61127471923828
56.423458099365234
72.21038055419922
69.41735076904297
65.51934051513672
74.43729400634766
66.78846740722656
72.496826171875
76.32774353027344
55.487709045410156
77.46556854248047
76.09225463867188
72.89515686035156
81.72207641601562
74.11536407470703
81.52650451660156
85.31961822509766
68.1513900756836
88.84783935546875
86.5055160522461
83.80740356445312
90.06256866455078
79.7458724975586
85.14737701416016
86.14613342285156
46.08804702758789
84.73577117919922
81.78265380859375
75.83480834960938
83.86985778808594
74.93450927734375
80.2005615234375
82.44834899902344
53.20331573486328
81.78146362304688
79.78473663330078
74.12996673583984
82.54743957519531
74.08338928222656
79.6595687866211
82.1332015991211
53.23625946044922
82.05463409423828
80.20712280273438
75.72389221191406
83.45699310302734
75.95154571533203
80.95451354980469
83.73704528808594
53.931053161621094
84.41828155517578
82.9062271118164
77.00886535644531
86.25576782226562
79.29435729980469
82.50421142578125
84.86553192138672
62.96449661254883
78.40618896484375
74.74433898925781
68.43048095703125
79.60965728759766
72.1452865600586
76.53377532958984
78.20665740966797
57.25954818725586
74.73986053466797
70.90654754638672
66.3338623046875
71.44538879394531
64.71892547607422
70.68582916259766
75.46088409423828
57.768131256103516
79.68417358398438
79.04476165771484
75.95703125
85.67338562011719
77.58432006835938
85.57193756103516
88.02452850341797
64.92877197265625
86.78580474853516
82.9937515258789
77.06138610839844
85.00774383544922
75.11400604248047
80.95124816894531
82.02360534667969
51.02617263793945
80.30416870117188
77.10470581054688
70.84024810791016
79.08800506591797
70.61150360107422
75.1731185913086
77.70692443847656
47.009761810302734
77.81855010986328
75.57254028320312
70.4659423828125
79.06537628173828
71.7192153930664
77.7623519897461
80.73477935791016
56.18778991699219
83.3045425415039
81.75193786621094
78.05937957763672
87.1769790649414
79.07546997070312
86.225830078125
87.90496063232422
59.994361877441406
86.94139862060547
82.94998931884766
77.635498046875
84.16332244873047
74.86064147949219
81.90191650390625
86.0018310546875
61.28514862060547
88.4259262084961
87.31001281738281
81.00228881835938
90.38248443603516
82.3759994506836
87.10275268554688
89.52059173583984
63.0317497253418
89.03594970703125
86.74546813964844
81.12078857421875
89.4612045288086
81.03474426269531
86.32705688476562
88.60066223144531
60.02324676513672
88.49539947509766
86.27764892578125
81.01243591308594
89.37984466552734
80.97791290283203
86.31462860107422
88.79837036132812
57.223876953125
89.15602111816406
87.04624938964844
81.99739074707031
90.41380310058594
82.37641906738281
87.9114761352539
90.59190368652344
58.69753646850586
91.07777404785156
89.0378189086914
83.62603759765625
92.45606994628906
84.58716583251953
90.17062377929688
93.24272155761719
62.726375579833984
94.2147445678711
92.7362289428711
87.07439422607422
96.53865814208984
89.38040924072266
93.36919403076172
95.93416595458984
72.60951232910156
94.38098907470703
91.61786651611328
84.54932403564453
92.50143432617188
83.7083740234375
87.3388671875
88.9442138671875
64.96183013916016
87.10736846923828
84.0707015991211
77.77888488769531
85.2917709350586
76.32707214355469
80.53180694580078
82.3427963256836
59.97319030761719
82.30522155761719
80.81794738769531
76.25263214111328
84.70448303222656
76.33895874023438
81.005126953125
83.11129760742188
57.272743225097656
82.17487335205078
79.81290435791016
73.168701171875
81.8368148803711
73.61997985839844
77.77788543701172
79.86449432373047
55.65630340576172
79.28746795654297
77.0486068725586
71.44261932373047
81.0251235961914
72.7378921508789
79.86225128173828
82.57291412353516
57.42033386230469
82.87757110595703
80.506591796875
75.67876434326172
83.65924072265625
75.51956939697266
80.7509994506836
83.38672637939453
57.52142333984375
83.95026397705078
81.9734878540039
77.03280639648438
85.59112548828125
77.38622283935547
83.49866485595703
86.17648315429688
59.665985107421875
87.39947509765625
85.50304412841797
81.2756576538086
89.65614318847656
81.54095458984375
87.59143829345703
89.75521850585938
61.94415283203125
89.55927276611328
86.35066986083984
81.09588623046875
88.36489868164062
79.25962829589844
84.66019439697266
85.99249267578125
60.56507110595703
84.42991638183594
79.88298034667969
77.16188049316406
82.71221160888672
74.81993865966797
79.54572296142578
82.35191345214844
55.52861022949219
81.4599609375
79.2060775756836
71.9137954711914
80.83468627929688
72.19251251220703
76.79165649414062
79.1489486694336
48.49642562866211
78.37322998046875
75.4940185546875
70.08378601074219
78.16356658935547
69.92559814453125
74.95157623291016
77.37316131591797
41.81277847290039
77.04714965820312
75.22003173828125
67.71306610107422
76.46833038330078
69.08088684082031
71.65773010253906
73.982666015625
49.70260238647461
73.75486755371094
71.28519439697266
65.9423599243164
74.07439422607422
65.99776458740234
71.70526123046875
73.61128997802734
51.354915618896484
74.67797088623047
71.61119842529297
67.25869750976562
75.43760681152344
66.84688568115234
73.10466766357422
75.19190979003906
48.73549270629883
75.69561767578125
74.08628845214844
68.13530731201172
77.23213195800781
68.98550415039062
75.20209503173828
78.1094741821289
47.395084381103516
78.75031280517578
76.57443237304688
72.83187866210938
81.40340423583984
73.59170532226562
79.42724609375
82.42546081542969
50.356285095214844
84.27173614501953
82.93391418457031
78.08934020996094
87.95691680908203
81.04576110839844
86.76282501220703
90.1474609375
67.63996887207031
89.66047668457031
86.87650299072266
79.6501235961914
86.73519134521484
76.82489013671875
81.82596588134766
83.33470916748047
57.42612075805664
83.99491882324219
82.61709594726562
76.92615509033203
86.22766876220703
78.3488540649414
81.94988250732422
83.88811492919922
61.305320739746094
82.23892974853516
78.62925720214844
74.98445892333984
83.263916015625
76.45801544189453
81.33185577392578
83.85193634033203
61.21312713623047
83.10400390625
80.43522644042969
74.06568908691406
82.45671081542969
74.13621520996094
78.46304321289062
80.39778137207031
54.770389556884766
80.69153594970703
78.74530792236328
73.64562225341797
82.04579162597656
73.9129638671875
78.89806365966797
81.33785247802734
57.038917541503906
81.17728424072266
79.0161361694336
72.84786224365234
82.0622787475586
73.80379486083984
78.81961059570312
81.82850646972656
52.68762969970703
82.43485260009766
80.95875549316406
75.31999969482422
84.8519287109375
78.636474609375
80.57868957519531
84.17146301269531
71.55132293701172
80.5869369506836
76.10671997070312
71.99591064453125
72.7333755493164
63.16754150390625
68.5531234741211
63.254791259765625
60.154972076416016
68.64049530029297
69.80545043945312
65.90006256103516
76.87389373779297
70.26505279541016
74.48400115966797
77.77334594726562
40.42186737060547
78.07472229003906
75.47313690185547
70.92291259765625
79.46869659423828
71.52104187011719
76.63125610351562
79.40727233886719
47.723716735839844
79.86959838867188
77.85204315185547
72.88365936279297
81.52058410644531
73.79104614257812
79.45692443847656
81.96141815185547
48.73874282836914
82.55158996582031
81.04219055175781
75.8219223022461
84.82616424560547
77.282958984375
82.56484985351562
85.5046157836914
58.94272232055664
85.71946716308594
83.45946502685547
77.77297973632812
85.13904571533203
76.34785461425781
80.42585754394531
81.91493225097656
64.40559387207031
80.51289367675781
75.88025665283203
75.44003295898438
80.888916015625
70.86632537841797
81.1815185546875
83.9046859741211
70.28587341308594
85.70511627197266
85.2793197631836
76.0347900390625
87.74968719482422
80.98143768310547
83.42819213867188
86.10359191894531
64.00213623046875
84.4990463256836
82.05218505859375
75.2308578491211
83.43766784667969
75.408203125
78.95868682861328
81.02486419677734
55.34074401855469
79.07846069335938
76.16764068603516
70.287353515625
77.81147003173828
68.2767105102539
73.77788543701172
74.9067611694336
45.648555755615234
73.52704620361328
70.44403839111328
64.64073944091797
70.33192443847656
58.8599967956543
64.34520721435547
65.43903350830078
41.62493896484375
70.96333312988281
71.89241027832031
69.11186218261719
79.78926086425781
73.5175552368164
79.07322692871094
82.18342590332031
51.771480560302734
81.06547546386719
78.48818969726562
72.60479736328125
80.08277893066406
71.01428985595703
75.53514099121094
77.32476043701172
50.192203521728516
75.024658203125
73.29803466796875
67.18305969238281
76.40005493164062
70.28421783447266
77.23472595214844
81.78511047363281
56.880340576171875
83.83666229248047
82.33951568603516
76.44571685791016
84.74716186523438
76.71532440185547
81.1680908203125
83.10513305664062
58.172637939453125
82.63130187988281
80.50955963134766
74.48711395263672
83.14254760742188
74.36124420166016
79.04239654541016
80.32341003417969
61.141639709472656
79.602783203125
77.03878784179688
73.59795379638672
80.94084930419922
72.94667053222656
78.5442123413086
81.1688461303711
42.83606719970703
81.953857421875
80.27336120605469
75.0718002319336
83.8812484741211
76.94178009033203
80.9450912475586
84.22038269042969
63.767520904541016
82.90462493896484
80.12507629394531
72.36033630371094
80.93563079833984
