74.76624298095703
77.26752471923828
77.40695190429688
78.84466552734375
80.04586029052734
79.8536148071289
79.79006958007812
77.06318664550781
75.22441864013672
70.08162689208984
69.66036987304688
69.72135162353516
52.824737548828125
63.48368453979492
55.39174270629883
58.60224533081055
63.88688659667969
69.21821594238281
69.27461242675781
75.02677917480469
73.30595397949219
77.40345001220703
75.7008285522461
76.42036437988281
75.27872467041016
73.75908660888672
73.23431396484375
70.76509094238281
68.2319564819336
68.77912139892578
65.0281753540039
68.08614349365234
62.84609603881836
63.50526809692383
60.62944793701172
63.98472213745117
61.408416748046875
57.19925308227539
62.072811126708984
36.16617965698242
61.369407653808594
54.597015380859375
49.62055206298828
58.88834762573242
60.45096969604492
52.28952407836914
63.93764877319336
63.29640197753906
61.63484191894531
63.51713943481445
52.461822509765625
65.15760040283203
63.30500030517578
66.47650909423828
67.87724304199219
61.930641174316406
70.83704376220703
68.78947448730469
69.7803726196289
71.05752563476562
70.45343017578125
72.83712768554688
70.81050109863281
72.30477905273438
73.28396606445312
72.4150390625
74.3227767944336
75.75657653808594
76.54450225830078
76.8464126586914
78.05403137207031
79.38085174560547
80.28809356689453
82.22784423828125
82.99183654785156
85.42536926269531
86.2795181274414
87.75426483154297
88.83364868164062
89.05416107177734
89.29664611816406
87.64852142333984
87.37895965576172
86.08787536621094
85.28712463378906
85.13743591308594
83.833740234375
84.08573913574219
83.1553726196289
83.25740051269531
82.84610748291016
82.50830078125
82.4231948852539
81.88533020019531
82.20506286621094
82.36153411865234
81.89189147949219
82.83961486816406
82.0333480834961
82.9274673461914
82.91617584228516
82.70487976074219
83.18736267089844
83.18106079101562
83.89617156982422
83.51774597167969
84.19827270507812
84.77208709716797
84.58915710449219
85.13572692871094
85.4504623413086
85.25172424316406
85.71735382080078
84.1214828491211
82.3593521118164
78.96852111816406
76.17924499511719
76.17791748046875
77.61600494384766
77.45243072509766
76.94168090820312
75.4905014038086
74.65885925292969
74.3565902709961
69.63195037841797
67.44701385498047
66.98748016357422
68.368896484375
69.33049774169922
73.06075286865234
73.09832000732422
75.35803985595703
78.30147552490234
80.27576446533203
82.17731475830078
82.64961242675781
84.76629638671875
85.49411010742188
86.9301986694336
86.4975357055664
84.95358276367188
84.20850372314453
82.18404388427734
82.56974792480469
82.37915802001953
82.01644897460938
82.25984191894531
80.14636993408203
80.2157974243164
79.02513885498047
79.89228057861328
77.81188201904297
78.0926742553711
77.69404602050781
77.81436157226562
77.9209213256836
77.31279754638672
78.06803894042969
77.8347396850586
78.3536605834961
79.38929748535156
78.8991470336914
80.31016540527344
81.42536926269531
82.39681243896484
83.8833236694336
84.18339538574219
85.5057373046875
86.16365051269531
87.33516693115234
87.8485107421875
88.08831787109375
88.22779083251953
87.3792495727539
86.89735412597656
85.9212417602539
86.0245361328125
86.46537780761719
87.75675201416016
88.55355834960938
88.97708129882812
89.2750015258789
89.28285217285156
89.22608947753906
88.82540130615234
88.84771728515625
88.78721618652344
88.61056518554688
88.5894546508789
88.2107925415039
88.11017608642578
88.13434600830078
87.86260986328125
88.14923858642578
87.66348266601562
87.76329040527344
87.69664001464844
88.0203857421875
88.0584487915039
88.05563354492188
87.88512420654297
88.15213012695312
88.303466796875
88.63249969482422
88.42253112792969
89.12114715576172
88.8481216430664
89.18225860595703
89.3769302368164
89.61662292480469
90.0242691040039
90.13407897949219
90.46395111083984
90.96984100341797
91.08972930908203
91.59371185302734
91.84870147705078
92.43682861328125
93.04843139648438
93.74730682373047
94.21797180175781
94.54273986816406
95.33882904052734
95.46186065673828
95.62369537353516
95.34398651123047
94.70673370361328
94.315673828125
93.6903076171875
92.42284393310547
91.75662994384766
90.69767761230469
90.01586151123047
89.00829315185547
88.30948638916016
87.2490234375
86.64680480957031
85.5457992553711
84.68510437011719
84.2541275024414
83.01876831054688
82.54032897949219
82.00099182128906
81.10063171386719
81.5560531616211
82.02543640136719
83.00963592529297
82.04903411865234
82.34367370605469
82.35211181640625
81.05593872070312
81.63986206054688
80.64025115966797
80.62796783447266
79.87492370605469
79.48926544189453
79.50142669677734
78.1255874633789
78.90261840820312
78.30867767333984
77.86945343017578
78.99396514892578
78.381103515625
79.55970001220703
80.31753540039062
81.45122528076172
82.52933502197266
82.02582550048828
82.41509246826172
82.52212524414062
82.47473907470703
82.73192596435547
82.76958465576172
82.99777221679688
82.7599105834961
83.1106948852539
83.3235092163086
83.56159973144531
84.13331604003906
83.70944213867188
84.67688751220703
85.0202407836914
85.36018371582031
85.83370971679688
86.33196258544922
86.71920013427734
87.34226989746094
87.7913589477539
88.22565460205078
88.46843719482422
88.72023010253906
88.59233093261719
88.38262176513672
88.0665054321289
87.9935302734375
88.40889739990234
88.62484741210938
88.64503479003906
88.03782653808594
87.74626922607422
87.33599853515625
86.6566390991211
86.0114974975586
85.37461853027344
84.88265991210938
83.9891128540039
83.1670913696289
82.95278930664062
82.0738296508789
81.74158477783203
81.15155029296875
80.5418701171875
80.41154479980469
79.88096618652344
79.96538543701172
78.76319122314453
78.69282531738281
78.83738708496094
78.41136932373047
78.68292236328125
78.67037200927734
78.5999526977539
78.51622009277344
78.18696594238281
78.03936767578125
76.72313690185547
75.44828796386719
74.00701141357422
72.89208984375
71.7868423461914
72.19768524169922
71.51708984375
71.12721252441406
72.50679016113281
72.766357421875
72.29535675048828
72.04776000976562
71.9947738647461
73.15511322021484
72.19558715820312
72.06989288330078
73.44153594970703
72.85554504394531
74.55951690673828
72.93124389648438
73.5757064819336
75.99820709228516
74.25335693359375
74.91224670410156
74.68804931640625
75.74047088623047
76.76244354248047
75.4395751953125
77.33012390136719
77.20368957519531
77.6752700805664
77.74689483642578
77.53724670410156
79.4457015991211
79.63407897949219
80.52722930908203
80.6500015258789
81.80223083496094
82.23231506347656
83.34708404541016
84.94156646728516
85.58434295654297
86.2468490600586
87.31707000732422
87.91206359863281
88.50301361083984
87.87521362304688
87.46953582763672
85.84786224365234
85.03424072265625
83.75748443603516
82.96516418457031
82.9007568359375
82.31775665283203
82.89209747314453
83.56190490722656
83.77618408203125
84.15615844726562
83.34427642822266
82.44920349121094
81.19612121582031
80.26580047607422
80.08802032470703
80.90383911132812
82.78884887695312
83.74224090576172
84.4012451171875
84.33065795898438
84.30708312988281
83.63232421875
82.94688415527344
83.11670684814453
82.08897399902344
81.92790985107422
81.66123962402344
80.70471954345703
80.5994873046875
80.2952880859375
80.17729949951172
80.41751861572266
80.50506591796875
80.58073425292969
80.33939361572266
81.00645446777344
81.16555786132812
80.38591003417969
81.07386779785156
79.8873519897461
80.20532989501953
79.85359954833984
79.69965362548828
80.0486068725586
80.28272247314453
80.8441162109375
80.83702087402344
81.24053955078125
81.63430786132812
79.83402252197266
79.02516174316406
77.94435119628906
75.14380645751953
73.87476348876953
73.4774169921875
73.17662811279297
73.85204315185547
72.65568542480469
75.01525115966797
74.9166488647461
75.18014526367188
75.50646209716797
75.62635040283203
76.9434585571289
76.0625991821289
77.32967376708984
77.77572631835938
77.5224380493164
78.29468536376953
78.36725616455078
78.68180847167969
78.22372436523438
79.01371765136719
79.34422302246094
79.33830261230469
79.67047119140625
79.34635925292969
80.03704071044922
80.27295684814453
79.980224609375
80.93338012695312
81.03856658935547
81.03089904785156
81.80609130859375
81.97859191894531
82.04035186767578
82.41648864746094
82.57539367675781
83.00645446777344
83.64136505126953
83.98812866210938
84.01341247558594
84.5691146850586
84.49366760253906
84.61261749267578
83.85279083251953
83.01070404052734
81.61287689208984
79.01590728759766
79.86517333984375
80.2988052368164
81.83753204345703
83.49099731445312
84.4311294555664
85.4372787475586
86.48558044433594
87.01161193847656
88.06275939941406
88.25383758544922
88.69384765625
88.33470153808594
88.27507019042969
87.81838989257812
87.31354522705078
86.77410125732422
86.15319061279297
85.36280059814453
84.49493408203125
84.2329330444336
83.40776062011719
83.076416015625
82.88908386230469
81.12969970703125
80.66303253173828
80.53776550292969
79.47969055175781
80.02094268798828
78.17416381835938
78.53193664550781
77.77651977539062
76.07826232910156
76.05397033691406
75.20214080810547
75.03546142578125
73.41891479492188
73.2930908203125
73.73173522949219
72.55055236816406
69.3221664428711
73.02271270751953
71.87432861328125
74.43302154541016
75.72057342529297
77.73775482177734
79.00613403320312
79.7470703125
80.27848815917969
80.45246887207031
81.08606719970703
80.84902954101562
80.66192626953125
80.41275024414062
79.44855499267578
79.63475799560547
78.70903778076172
78.70699310302734
77.48725128173828
77.4148941040039
76.57506561279297
75.70469665527344
75.15086364746094
75.35260772705078
76.28211975097656
77.62954711914062
79.75529479980469
81.45987701416016
83.39305877685547
83.4812240600586
84.2987060546875
83.64570617675781
83.74247741699219
83.11318969726562
82.68839263916016
82.35234069824219
81.74404907226562
81.8652572631836
81.53374481201172
81.79286193847656
81.74217987060547
81.45687103271484
81.99759674072266
81.65989685058594
82.35514068603516
82.442626953125
82.7215576171875
82.75980377197266
82.67723083496094
83.45662689208984
83.72350311279297
83.57877349853516
84.43717956542969
84.03607177734375
85.10028839111328
85.22557830810547
85.20309448242188
85.40867614746094
85.0294189453125
84.79682922363281
83.18729400634766
82.65716552734375
81.90994262695312
79.96986389160156
80.32221221923828
