73.49011993408203
75.74808502197266
79.19757843017578
63.50611114501953
81.81112670898438
81.3592758178711
77.14020538330078
86.75540924072266
81.18029022216797
87.11868286132812
89.14222717285156
57.769744873046875
86.80543518066406
81.98480987548828
74.65191650390625
80.68228149414062
70.6971206665039
73.61808776855469
73.97915649414062
51.26115798950195
59.87574768066406
56.16476058959961
64.82670593261719
67.50418090820312
53.54344940185547
69.72297668457031
75.40254211425781
62.6837272644043
81.13445281982422
81.67437744140625
77.9972915649414
87.65631866455078
77.76280212402344
84.58251190185547
84.60050964355469
62.850738525390625
80.69389343261719
77.68146514892578
72.35043334960938
78.86908721923828
69.75291442871094
74.0970458984375
76.45191955566406
50.48374938964844
72.80931854248047
66.56910705566406
66.95367431640625
72.99259948730469
63.8617057800293
66.92731475830078
70.69891357421875
61.430328369140625
68.96063232421875
66.52245330810547
65.66512298583984
73.94414520263672
65.49205017089844
70.24539947509766
73.22798156738281
46.55031204223633
73.5152587890625
71.25929260253906
68.37061309814453
75.68244171142578
68.6742935180664
72.9579849243164
75.02333068847656
60.12651824951172
72.80513763427734
71.0938949584961
71.79669952392578
77.25446319580078
69.8032455444336
74.11843872070312
75.35651397705078
61.67654037475586
75.6522445678711
71.83750915527344
70.1031723022461
77.6597671508789
71.8884048461914
75.45825958251953
77.82914733886719
48.157936096191406
78.94499969482422
78.48686981201172
77.03485870361328
86.01356506347656
79.32648468017578
85.02178192138672
87.75740814208984
61.304935455322266
87.62102508544922
84.14466094970703
77.3497543334961
82.8217544555664
71.57868957519531
77.99928283691406
80.78121948242188
64.10980224609375
82.53850555419922
80.14476776123047
75.01253509521484
83.60096740722656
74.82383728027344
81.88729095458984
84.5207748413086
55.751129150390625
85.68580627441406
83.80853271484375
78.420166015625
87.65696716308594
79.46324157714844
85.76895904541016
88.78813934326172
55.81174850463867
89.53409576416016
87.9224624633789
82.98055267333984
91.95460510253906
84.25013732910156
90.6461181640625
93.72350311279297
46.744171142578125
95.35260009765625
94.21317291259766
89.37239837646484
99.36685180664062
92.61599731445312
98.200439453125
101.75588989257812
73.42472839355469
102.32521057128906
100.30936431884766
93.40361022949219
101.28892517089844
91.66767120361328
94.23410034179688
94.36253356933594
56.740509033203125
89.224609375
85.8034439086914
76.28260040283203
84.98283386230469
76.70062255859375
82.2491683959961
86.27983856201172
62.80900573730469
88.88448333740234
86.87361145019531
80.41162109375
86.32815551757812
75.50907135009766
74.69498443603516
76.95745086669922
59.30561065673828
73.32311248779297
66.6769790649414
70.23428344726562
74.69832611083984
69.37747192382812
72.69461822509766
75.1684799194336
60.78717041015625
75.11329650878906
71.39469909667969
72.14420318603516
78.24227905273438
70.10647583007812
70.94364166259766
74.9338150024414
54.90046691894531
74.37805938720703
70.44877624511719
70.4818115234375
78.05620574951172
71.03949737548828
79.05807495117188
84.37691497802734
61.91459274291992
87.3001480102539
84.62522888183594
79.20294189453125
87.59468841552734
78.58306884765625
83.53254699707031
85.53865051269531
58.87746810913086
85.81928253173828
83.64020538330078
77.31010437011719
86.4216079711914
77.61722564697266
82.90192413330078
85.09172058105469
60.83055114746094
85.3897476196289
82.83719635009766
77.03868865966797
86.4775390625
79.22542572021484
85.26798248291016
88.54142761230469
57.42018508911133
89.39787292480469
87.47892761230469
81.72881317138672
90.86114501953125
82.6324691772461
88.57962036132812
91.52050018310547
55.893455505371094
92.37704467773438
90.61123657226562
85.83123016357422
94.72885131835938
87.25387573242188
93.08506774902344
96.34353637695312
68.80072784423828
96.96685791015625
95.11588287353516
88.71128845214844
96.98395538330078
88.47309875488281
91.8315658569336
93.64726257324219
54.883140563964844
91.57447814941406
88.50328826904297
82.63300323486328
90.07830047607422
81.34063720703125
84.6031265258789
86.28924560546875
52.577369689941406
84.1075439453125
81.22785186767578
74.56085205078125
83.03421020507812
74.32916259765625
78.78724670410156
81.32810974121094
57.12504959106445
81.16934204101562
78.8419418334961
73.5134506225586
81.33878326416016
73.70995330810547
78.86309814453125
80.96377563476562
54.87251663208008
82.08868408203125
79.72318267822266
69.93170928955078
77.7172622680664
67.8339614868164
72.42608642578125
73.00527954101562
61.166404724121094
73.87114715576172
73.33616638183594
65.19242095947266
74.77894592285156
68.92501068115234
75.67849731445312
78.2241439819336
54.98546600341797
76.54456329345703
74.81730651855469
72.05611419677734
80.73867797851562
76.05252075195312
79.86819458007812
84.45716857910156
62.307613372802734
89.61592102050781
88.98851013183594
83.24052429199219
91.72167205810547
83.1722640991211
87.91838836669922
89.7725601196289
52.416072845458984
89.90202331542969
87.95606231689453
82.74442291259766
91.64183044433594
83.20281982421875
90.02484130859375
93.14347076416016
59.87300109863281
94.48967742919922
92.91863250732422
88.1514892578125
96.60540771484375
88.36093139648438
92.53126525878906
93.96257781982422
54.92383575439453
92.23210906982422
88.94325256347656
83.72972869873047
91.41666412353516
82.93499755859375
88.61224365234375
91.07544708251953
62.623573303222656
91.81167602539062
89.5336685180664
83.61428833007812
91.713134765625
83.25870513916016
88.24681091308594
90.29800415039062
61.584598541259766
90.17938995361328
87.64668273925781
82.25101470947266
90.66381072998047
82.20745086669922
88.05677795410156
90.55308532714844
57.375850677490234
91.66998291015625
90.03278350830078
85.44420623779297
94.62838745117188
87.05780029296875
93.6068115234375
96.87093353271484
54.98384475708008
96.86673736572266
93.52950286865234
86.45933532714844
92.94148254394531
82.90045166015625
86.3945541381836
86.96622467041016
54.294281005859375
83.09974670410156
79.28401947021484
73.98894500732422
79.23677062988281
70.39551544189453
72.28158569335938
75.34132385253906
53.750770568847656
74.86302185058594
73.45145416259766
71.29745483398438
79.90187072753906
72.50581359863281
80.50176239013672
83.84797668457031
51.906009674072266
84.84069061279297
82.19373321533203
77.2491455078125
83.3521499633789
75.56713104248047
80.32131958007812
82.9864273071289
57.16645812988281
84.72438049316406
82.9799575805664
78.91900634765625
86.38908386230469
78.38428497314453
83.3075180053711
85.85700988769531
52.72711944580078
86.48159790039062
82.97220611572266
76.23492431640625
83.54435729980469
74.05347442626953
78.70431518554688
78.75254821777344
58.186702728271484
77.95542907714844
75.2292709350586
70.12310791015625
78.16324615478516
73.62621307373047
78.54497528076172
83.13086700439453
52.09752655029297
87.33702850341797
86.37287902832031
81.26819610595703
89.170166015625
79.72806549072266
84.29457092285156
85.92146301269531
57.92497253417969
83.96400451660156
80.56251525878906
73.7496337890625
80.84857940673828
70.85662078857422
77.22209167480469
78.52481079101562
53.681915283203125
83.4974136352539
83.59525299072266
79.38756561279297
89.28895568847656
81.89399719238281
87.24470520019531
89.55874633789062
58.11220169067383
89.01522064208984
86.2395248413086
80.88690185546875
88.83080291748047
79.87153625488281
85.60148620605469
87.51529693603516
56.42194747924805
87.16604614257812
84.8455810546875
80.23661804199219
88.51555633544922
80.16810607910156
86.04517364501953
88.11222076416016
48.295249938964844
87.76167297363281
85.61532592773438
80.95693969726562
89.03205108642578
80.99493408203125
86.56664276123047
89.22212219238281
54.05657196044922
89.83695220947266
87.7874526977539
83.5274658203125
91.74651336669922
84.2430191040039
89.39036560058594
92.22406005859375
58.840579986572266
93.34595489501953
91.70352935791016
87.14820098876953
95.8464126586914
87.76492309570312
92.38633728027344
93.87849426269531
60.617305755615234
90.2046127319336
85.43439483642578
77.5906753540039
85.61418151855469
76.186279296875
82.40882110595703
85.99463653564453
58.88839340209961
88.42660522460938
87.33715057373047
82.80963897705078
92.14875793457031
84.52745819091797
90.48230743408203
93.19023132324219
42.690086364746094
93.6207504272461
91.67089080810547
86.64799499511719
96.17221069335938
88.9692153930664
95.39637756347656
98.42140197753906
56.49724197387695
98.88270568847656
96.29934692382812
90.37673950195312
98.10813903808594
89.35786437988281
94.14412689208984
96.00511169433594
51.093692779541016
95.5824966430664
93.36859893798828
88.36563873291016
96.68388366699219
88.37451171875
93.68412780761719
96.08582305908203
57.46053695678711
96.29701232910156
94.2103500366211
89.20235443115234
97.50843811035156
89.21522521972656
93.52782440185547
94.51225280761719
55.74000549316406
90.77230072021484
86.40137481689453
78.11029815673828
84.11448669433594
73.79354095458984
75.7223129272461
75.43696594238281
47.418853759765625
68.69200134277344
63.22781753540039
53.00569534301758
66.76990509033203
62.23115539550781
66.3039779663086
71.93143463134766
57.56349182128906
70.78470611572266
68.86636352539062
62.672096252441406
69.0481948852539
63.03375244140625
72.2425308227539
77.16802978515625
55.399566650390625
78.57786560058594
77.26991271972656
72.57608795166016
80.89520263671875
73.86283111572266
76.77287292480469
80.07918548583984
60.54184341430664
81.48633575439453
79.1463851928711
74.00840759277344
82.8334732055664
74.9346923828125
80.12777709960938
82.17005920410156
49.02784729003906
80.36009979248047
77.08354187011719
67.29867553710938
76.59998321533203
69.18157958984375
74.04188537597656
76.60090637207031
51.54749298095703
78.02762603759766
77.2727279663086
70.12403106689453
80.3717269897461
73.43378448486328
79.90169525146484
82.17124938964844
39.87668228149414
82.49887084960938
79.66338348388672
74.27912139892578
82.75004577636719
74.76388549804688
81.03594970703125
84.27032470703125
49.606605529785156
85.50806427001953
84.02091979980469
78.05551147460938
87.73200225830078
79.81019592285156
85.58406829833984
87.59259796142578
51.297119140625
85.572021484375
82.63683319091797
77.13371276855469
85.43086242675781
