72.69324493408203
81.9609146118164
84.33209228515625
64.3105239868164
86.94034576416016
86.13347625732422
81.29641723632812
88.93526458740234
78.02428436279297
83.07337951660156
84.64179992675781
57.94186782836914
81.34870147705078
78.25104522705078
71.9596176147461
76.69464111328125
67.08345031738281
72.11178588867188
71.67767333984375
51.26019287109375
70.57052612304688
69.96284484863281
68.85198974609375
76.11563110351562
70.45781707763672
77.64411163330078
81.94915008544922
56.951778411865234
84.26299285888672
80.10868835449219
75.04944610595703
81.03609466552734
70.410888671875
75.61602783203125
75.05278015136719
52.76575469970703
70.40184783935547
69.34127044677734
60.68649673461914
69.16194915771484
65.83844757080078
59.97312545776367
63.61506652832031
45.465213775634766
53.26084518432617
64.49478149414062
54.29106903076172
67.52467346191406
58.46863555908203
64.9906234741211
63.13833999633789
47.22069549560547
65.20375061035156
69.26727294921875
64.42537689208984
72.2134780883789
62.1852912902832
69.2974853515625
73.554443359375
51.700965881347656
73.74153900146484
71.7609634399414
65.50853729248047
75.210693359375
67.12896728515625
72.37049102783203
75.42542266845703
47.22481918334961
77.283447265625
76.3066635131836
68.74478149414062
79.69451904296875
71.29073333740234
78.34078216552734
80.86781311035156
46.423954010009766
82.67472076416016
80.87359619140625
75.82831573486328
85.29107666015625
78.04115295410156
84.2607650756836
87.58126831054688
56.74705123901367
89.6717529296875
88.39422607421875
84.52552032470703
93.21463775634766
84.8930435180664
89.94384765625
91.49474334716797
42.65632247924805
89.85653686523438
87.01203918457031
81.10298156738281
88.9155502319336
79.8875961303711
85.2226791381836
87.13227844238281
58.676544189453125
84.75765228271484
80.69963836669922
69.0530014038086
73.33484649658203
60.294288635253906
65.5642318725586
72.63264465332031
50.32361602783203
75.96530151367188
77.2450180053711
70.47608947753906
80.20352172851562
71.90596771240234
77.12535095214844
80.62227630615234
50.85794448852539
80.9113540649414
79.51290130615234
74.23079681396484
83.30874633789062
75.60938262939453
80.40652465820312
82.798583984375
52.2157096862793
83.5716781616211
81.03443145751953
76.31539154052734
84.70503234863281
77.67396545410156
82.859619140625
85.14942169189453
52.01190185546875
85.98529052734375
84.77066040039062
79.5277099609375
88.89702606201172
81.695068359375
87.94007873535156
91.88215637207031
55.56488037109375
94.32476806640625
92.56590270996094
87.6366958618164
95.99158477783203
87.58668518066406
93.14617919921875
94.96311950683594
63.209083557128906
92.85384368896484
91.49134826660156
85.85160064697266
95.17034149169922
86.83223724365234
88.24423217773438
88.82099151611328
55.0595817565918
82.53414154052734
76.09151458740234
66.40198516845703
73.65010833740234
58.63654327392578
61.22571563720703
64.49641418457031
58.827938079833984
72.72388458251953
73.7508773803711
71.5179443359375
81.73648071289062
75.48734283447266
82.12519836425781
85.8764877319336
46.70489501953125
88.22412872314453
87.31807708740234
82.95973205566406
92.9486312866211
85.9358139038086
92.66928100585938
96.28043365478516
58.595523834228516
98.4649429321289
96.586669921875
90.4928207397461
98.02906799316406
88.58623504638672
92.10037231445312
93.0689926147461
61.30771255493164
90.40125274658203
86.94700622558594
80.23687744140625
87.98338317871094
78.22591400146484
82.62487030029297
84.21202850341797
51.4811897277832
81.96923065185547
78.91207885742188
73.79862976074219
80.4962158203125
72.01140594482422
75.91964721679688
78.69425201416016
57.69682312011719
77.95478820800781
75.5568618774414
69.2878189086914
80.09810638427734
71.90283966064453
77.94058227539062
81.9694595336914
59.456275939941406
84.5130386352539
84.12168884277344
79.47472381591797
88.11978149414062
80.75545501708984
85.21406555175781
87.25221252441406
58.44752502441406
86.97679901123047
84.3860092163086
78.77567291259766
87.7982177734375
79.33118438720703
84.85906982421875
87.33931732177734
61.498897552490234
88.25343322753906
86.56014251708984
81.47916412353516
90.64690399169922
83.14671325683594
88.433349609375
91.34256744384766
63.30788803100586
90.20439910888672
87.29380798339844
80.05086517333984
87.96405792236328
78.94302368164062
82.98689270019531
84.50201416015625
55.28505325317383
82.95337677001953
80.39341735839844
73.79314422607422
81.27721405029297
73.247802734375
76.58663177490234
79.64185333251953
31.078371047973633
77.57276153564453
75.46215057373047
69.15791320800781
76.31755828857422
69.12317657470703
72.57131958007812
75.83248901367188
43.13296127319336
75.74392700195312
72.93038940429688
66.07032012939453
74.3775863647461
68.11998748779297
72.71652221679688
74.17540740966797
48.91429138183594
75.85404968261719
72.49943542480469
65.61820220947266
72.47603607177734
58.1612663269043
58.79462814331055
62.96083450317383
50.689788818359375
74.29312896728516
74.42739868164062
71.1731948852539
81.33806610107422
75.53330993652344
83.2550277709961
88.18975830078125
64.13027954101562
92.4432373046875
91.03401184082031
85.49508666992188
93.55077362060547
85.21178436279297
89.80158996582031
92.23844146728516
47.71835708618164
92.32875061035156
90.33922576904297
85.3071060180664
94.07933044433594
86.09156799316406
91.52593231201172
94.14557647705078
48.125030517578125
94.69823455810547
92.72126007080078
87.6810073852539
96.42918395996094
88.16303253173828
93.21302795410156
95.14366149902344
52.18074417114258
93.76720428466797
90.7566146850586
84.62013244628906
92.32442474365234
83.25923919677734
88.31346893310547
90.01133728027344
54.51466751098633
89.55680847167969
86.83985137939453
81.03466033935547
89.91354370117188
81.7821044921875
86.8505859375
89.51860809326172
56.08640670776367
90.00560760498047
88.17332458496094
82.9677505493164
91.47602844238281
82.54388427734375
88.00663757324219
90.37608337402344
57.815711975097656
91.63699340820312
90.56333923339844
86.18379211425781
95.54280853271484
88.111328125
93.1116943359375
94.29196166992188
42.536380767822266
91.45773315429688
87.44364929199219
80.55286407470703
87.4583511352539
78.10221862792969
82.2769775390625
83.04557800292969
47.837589263916016
80.90188598632812
77.34756469726562
70.58040618896484
78.13230895996094
69.17807006835938
73.6441650390625
75.20214080810547
46.574947357177734
72.17403411865234
69.4917984008789
63.51144027709961
71.12764739990234
63.19757080078125
68.25332641601562
70.50344848632812
53.1833381652832
73.2383041381836
71.1056900024414
68.92607116699219
77.85103607177734
70.11251068115234
77.44500732421875
79.18025207519531
57.243892669677734
80.10784912109375
78.25688171386719
73.03703308105469
83.04557037353516
76.25019073486328
81.98234558105469
85.23081970214844
55.87705612182617
88.2232437133789
87.43113708496094
83.43939971923828
93.45428466796875
86.8475341796875
92.69771575927734
95.70887756347656
62.11613082885742
94.892578125
91.80386352539062
84.71556854248047
91.67244720458984
81.11547088623047
85.62225341796875
86.81393432617188
55.706024169921875
86.78485870361328
84.0851821899414
78.18010711669922
86.90389251708984
78.23969268798828
82.87454986572266
85.60591125488281
54.54204177856445
85.45481872558594
82.9090805053711
76.88072967529297
85.529052734375
76.98063659667969
82.53443908691406
84.56925964355469
47.82732391357422
84.65447235107422
81.40140533447266
75.57765197753906
84.31017303466797
74.27823638916016
80.22035217285156
81.88489532470703
56.692100524902344
81.57661437988281
80.389892578125
75.91987609863281
86.4784927368164
80.438232421875
86.27579498291016
88.72826385498047
52.899147033691406
88.7761001586914
86.10969543457031
80.86726379394531
89.3791275024414
81.20563507080078
86.58214569091797
88.81146240234375
47.483001708984375
89.05654907226562
86.96131134033203
81.96553039550781
90.22460174560547
82.2754898071289
87.46253204345703
89.89405822753906
56.357608795166016
89.9614486694336
87.70289611816406
82.87907409667969
91.30818939208984
83.29825592041016
89.22675323486328
92.02491760253906
58.050174713134766
92.7940902709961
91.0790786743164
86.00526428222656
95.00384521484375
87.5633773803711
93.00089263916016
95.862060546875
64.62841796875
95.8853759765625
93.5450439453125
86.85077667236328
94.65411376953125
85.12289428710938
89.5777587890625
91.72563934326172
34.40220642089844
92.6841812133789
91.1298599243164
86.60784912109375
95.93120574951172
88.13734436035156
94.35846710205078
97.3361587524414
56.88167190551758
98.31108856201172
96.09503936767578
90.62487030029297
98.4640884399414
89.65228271484375
94.33499145507812
96.10215759277344
54.60332489013672
95.01737976074219
92.24171447753906
86.29330444335938
94.37771606445312
85.87553405761719
91.4638442993164
94.3350601196289
53.50749969482422
94.84069061279297
92.590576171875
86.92878723144531
95.380126953125
86.97091674804688
92.15227508544922
94.6724624633789
61.24251937866211
94.75077056884766
92.66997528076172
87.15021514892578
95.73155212402344
87.27119445800781
91.27937316894531
91.97856140136719
53.576202392578125
86.2904281616211
80.80755615234375
71.32698822021484
79.01923370361328
69.96533203125
77.69705200195312
80.16490936279297
48.80351257324219
81.30062103271484
79.78580474853516
73.23121643066406
84.35023498535156
78.9657974243164
85.45834350585938
88.81273651123047
52.76079177856445
89.4114761352539
87.42219543457031
81.41606140136719
90.26107025146484
82.08840942382812
86.55903625488281
88.23428344726562
51.45392608642578
86.6181869506836
83.54923248291016
77.92684173583984
84.45832061767578
74.50399017333984
79.00270080566406
78.08065032958984
46.056488037109375
73.43025207519531
71.70502471923828
65.57180786132812
75.72431182861328
69.42630004882812
74.70305633544922
79.4246826171875
55.86046600341797
81.65853118896484
80.25321197509766
75.39334869384766
85.20478057861328
78.13159942626953
82.0383529663086
83.71736907958984
52.5558967590332
80.61431121826172
76.47091674804688
70.42889404296875
77.26194763183594
67.33517456054688
74.28821563720703
76.71075439453125
51.36850357055664
77.36087036132812
75.67513275146484
69.665283203125
80.15877532958984
73.16179656982422
78.15814971923828
80.96441650390625
56.34025955200195
82.16305541992188
80.46092987060547
74.69352722167969
84.4829330444336
