71.90792083740234
76.49781036376953
79.71085357666016
56.508792877197266
83.15132904052734
81.08999633789062
78.28099060058594
87.5492172241211
80.61685180664062
86.14683532714844
87.49211120605469
50.5556526184082
83.643310546875
78.5501937866211
72.7179183959961
79.60816192626953
67.2420883178711
71.9682388305664
69.2560043334961
57.294376373291016
58.9942626953125
61.18342590332031
58.439659118652344
68.55442810058594
63.98056411743164
71.39649200439453
76.66180419921875
54.1866455078125
81.47567749023438
81.69442749023438
79.24803924560547
86.47026062011719
77.26860809326172
80.54596710205078
81.62909698486328
56.89595413208008
79.20750427246094
75.45741271972656
68.9611587524414
76.70606994628906
66.0691146850586
72.46952056884766
73.43077850341797
59.700687408447266
70.76183319091797
68.01268005371094
60.703060150146484
70.51165771484375
60.15403747558594
64.43978118896484
65.67453002929688
44.116573333740234
69.07434844970703
66.04656982421875
59.731510162353516
70.23170471191406
56.52461624145508
71.59159851074219
71.2192611694336
37.99646759033203
72.19605255126953
71.80352020263672
67.05670928955078
74.5784912109375
65.96684265136719
72.11505889892578
73.90882110595703
50.04557800292969
74.60990142822266
72.26890563964844
66.64873504638672
75.61351013183594
66.97547149658203
74.07721710205078
76.45199584960938
47.25165557861328
76.37053680419922
74.87767791748047
69.30829620361328
77.98756408691406
71.16081237792969
76.609375
79.84491729736328
56.0749626159668
82.49368286132812
82.52440643310547
79.24213409423828
89.01422882080078
81.43196105957031
86.77318572998047
89.1557846069336
62.39007568359375
88.94835662841797
85.97111511230469
79.81194305419922
85.39724731445312
73.62214660644531
77.07738494873047
79.50796508789062
49.633644104003906
80.4910888671875
79.39579772949219
75.38916778564453
82.72909545898438
75.15925598144531
81.25794219970703
83.7081527709961
52.54878616333008
84.56976318359375
82.78490447998047
77.74372100830078
86.52574157714844
78.7232437133789
84.26043701171875
87.22393035888672
46.8898811340332
87.6402587890625
86.08540344238281
81.1662368774414
89.74889373779297
82.88935852050781
87.95449829101562
90.93729400634766
58.75215530395508
92.08197021484375
90.66625213623047
85.46794891357422
95.10674285888672
87.85990142822266
93.91204833984375
97.45034790039062
71.67733001708984
99.53433990478516
98.51380157470703
92.07418823242188
101.02783966064453
92.26748657226562
93.89630126953125
94.19293212890625
69.05136108398438
90.18138122558594
88.02855682373047
81.40699768066406
90.96208953857422
83.5339126586914
88.58413696289062
91.3904800415039
64.25116729736328
90.17827606201172
86.9064712524414
77.75203704833984
84.57037353515625
74.36039733886719
76.34139251708984
77.91470336914062
59.362648010253906
74.64409637451172
70.43806457519531
65.36408233642578
73.55615997314453
64.16072082519531
69.11865234375
73.60490417480469
56.553466796875
72.98188781738281
70.799560546875
65.249755859375
74.62967681884766
63.47906494140625
72.87189483642578
74.0790023803711
52.7261848449707
75.6220474243164
73.88697052001953
68.80521392822266
78.03430938720703
68.98495483398438
75.37501525878906
76.23221588134766
44.38191223144531
75.00853729248047
73.82672882080078
68.83537292480469
77.8952407836914
69.61905670166016
75.20401000976562
77.81865692138672
57.368160247802734
77.79413604736328
75.81626892089844
69.47840881347656
78.6104736328125
71.53783416748047
75.78448486328125
78.0516586303711
56.180747985839844
77.97146606445312
73.74842071533203
70.39340209960938
77.9609146118164
72.59667205810547
78.51830291748047
83.63169860839844
54.043701171875
86.00585174560547
84.37305450439453
78.94445037841797
87.40536499023438
79.91622924804688
84.6169204711914
86.8812026977539
55.782752990722656
87.46065521240234
85.00301361083984
80.44587707519531
89.04882049560547
80.91499328613281
86.73275756835938
89.6423568725586
56.513004302978516
90.50135040283203
88.79065704345703
83.83245849609375
93.21418762207031
86.03241729736328
91.16333770751953
94.36226654052734
67.9719009399414
93.82949829101562
91.47793579101562
84.3775405883789
92.74089813232422
83.55145263671875
87.21731567382812
89.1115951538086
57.591854095458984
86.5822525024414
82.55455017089844
76.55606079101562
83.97273254394531
74.7800521850586
80.11286163330078
81.72504425048828
57.588890075683594
81.06097412109375
78.13268280029297
71.96623229980469
81.12130737304688
72.70475006103516
77.77558898925781
80.61578369140625
52.84333801269531
80.39559173583984
78.17839813232422
72.76483154296875
80.28724670410156
71.82146453857422
72.67630767822266
71.16978454589844
47.66783905029297
70.40448760986328
66.93487548828125
64.53852844238281
71.44097900390625
59.34526443481445
68.44541931152344
72.20266723632812
53.04600524902344
73.55418395996094
71.79660034179688
70.15925598144531
78.12162780761719
70.35260772705078
79.02052307128906
83.21739196777344
54.22088623046875
87.92218780517578
87.4800033569336
83.1800308227539
91.98188781738281
83.25306701660156
88.11466979980469
89.80996704101562
47.34819030761719
89.82701873779297
87.61965942382812
82.37776947021484
91.37397766113281
83.45272064208984
89.44261169433594
92.39807891845703
55.39195251464844
93.93783569335938
92.45309448242188
87.81824493408203
96.78841400146484
88.93447875976562
93.9443130493164
95.98434448242188
57.87793731689453
94.5389404296875
91.39724731445312
85.15434265136719
92.79698944091797
83.8768081665039
88.43209838867188
90.07325744628906
56.44034194946289
89.64815521240234
86.93585968017578
81.51461029052734
90.03889465332031
81.04563903808594
86.99921417236328
89.13639068603516
44.96885681152344
88.9476547241211
87.1352310180664
81.6307373046875
90.18407440185547
81.79066467285156
87.11480712890625
89.52220153808594
59.41962432861328
90.38530731201172
88.77279663085938
83.94806671142578
93.30069732666016
86.18922424316406
92.15943145751953
95.70813751220703
43.13888931274414
96.84117889404297
94.19085693359375
87.35533142089844
94.25115203857422
83.9406967163086
87.68975067138672
88.29547882080078
53.41816711425781
84.93392944335938
80.88459014892578
74.04547119140625
81.17888641357422
70.54374694824219
75.27264404296875
75.47142028808594
51.114864349365234
73.93901824951172
71.60603332519531
65.08421325683594
76.13668823242188
70.88077545166016
76.75289916992188
80.6483383178711
49.7247428894043
83.8216781616211
82.76266479492188
77.40766143798828
86.17922973632812
77.40772247314453
81.53421783447266
83.08050537109375
61.12737274169922
83.01044464111328
80.88851165771484
76.38079071044922
84.68151092529297
76.82978057861328
80.98982238769531
83.33274841308594
47.587158203125
82.72071075439453
80.25349426269531
73.46595001220703
81.26359558105469
72.25582885742188
76.18057250976562
76.71992492675781
51.95634078979492
76.03959655761719
74.59725952148438
68.48209381103516
77.90518951416016
72.07557678222656
78.55838012695312
82.1611557006836
54.393646240234375
85.99126434326172
84.5912857055664
80.29020690917969
87.69832611083984
78.78113555908203
83.17414855957031
84.68321990966797
49.992130279541016
82.62471771240234
79.5665283203125
73.3510513305664
81.50713348388672
72.19632720947266
76.21133422851562
77.73584747314453
53.40858840942383
76.82949829101562
74.535400390625
70.72095489501953
81.98833465576172
76.28743743896484
83.14995574951172
86.95868682861328
29.35338020324707
88.23993682861328
86.1364517211914
80.27022552490234
88.73456573486328
80.03585815429688
85.2099380493164
87.08621978759766
51.01811981201172
87.36671447753906
85.21713256835938
79.682373046875
88.76538848876953
79.8263168334961
85.4581298828125
87.72077941894531
51.720008850097656
87.64827728271484
85.39838409423828
79.79878997802734
88.52935028076172
80.587646484375
86.19549560546875
88.53768920898438
54.1810302734375
89.21501922607422
87.1483154296875
82.13885498046875
90.89351654052734
83.11123657226562
88.40663146972656
91.43370819091797
50.788978576660156
92.3380126953125
90.59402465820312
86.2626724243164
94.86055755615234
87.1695327758789
92.44171905517578
94.55863189697266
60.25865173339844
91.9913330078125
87.79666900634766
81.0575180053711
86.83320617675781
77.21469116210938
82.1986312866211
84.44673919677734
56.34272003173828
86.55965423583984
85.23298645019531
81.16609954833984
90.51248168945312
83.12249755859375
89.29853057861328
92.33583068847656
50.24610900878906
93.29650115966797
91.18768310546875
86.56617736816406
95.15008544921875
87.42532348632812
93.9324951171875
97.06961822509766
52.309852600097656
97.797119140625
95.37503051757812
89.7039794921875
97.61433410644531
88.64334869384766
93.44609832763672
95.31896209716797
56.24663162231445
94.5390625
92.11323547363281
87.00664520263672
95.36417388916016
87.16082000732422
92.54041290283203
94.7724609375
52.99204635620117
94.99430847167969
92.84759521484375
87.56639862060547
96.219970703125
88.13409423828125
92.831787109375
94.44768524169922
45.760780334472656
90.71479034423828
86.32935333251953
78.63947296142578
83.78144836425781
72.86505889892578
74.9096908569336
73.5948715209961
45.72349166870117
69.79935455322266
67.32884216308594
65.11088562011719
74.8273696899414
67.79747772216797
72.60490417480469
77.11739349365234
43.216957092285156
77.06549072265625
74.67021179199219
69.15422058105469
72.80642700195312
56.79181671142578
63.05525588989258
73.16449737548828
49.56065368652344
75.85062408447266
74.69850158691406
68.74300384521484
77.65383911132812
68.54512023925781
74.76528930664062
77.76297760009766
52.97919845581055
78.70197296142578
76.98779296875
72.67156982421875
80.37306213378906
71.23941040039062
77.13761138916016
79.71186065673828
54.73857879638672
79.73816680908203
78.91798400878906
74.12659454345703
81.77786254882812
74.42826080322266
79.02564239501953
80.42010498046875
43.199161529541016
77.18681335449219
74.97468566894531
68.83399963378906
78.55416107177734
71.70076751708984
76.88516235351562
79.92549896240234
57.02466583251953
79.71263885498047
78.54877471923828
72.98734283447266
81.76122283935547
74.38592529296875
80.22056579589844
82.56775665283203
50.086116790771484
84.08657836914062
82.16118621826172
77.19390869140625
86.55093383789062
78.99695587158203
84.54468536376953
87.2761459350586
62.02572250366211
86.88848114013672
84.03831481933594
77.75375366210938
85.50289154052734
