72.12411499023438
73.67407989501953
78.73172760009766
60.55777359008789
81.99214172363281
81.38748168945312
76.25379180908203
85.66940307617188
76.32646179199219
81.41986083984375
81.77992248535156
56.84135055541992
77.91587829589844
73.35918426513672
67.45579528808594
73.73888397216797
65.58076477050781
70.92060852050781
70.35041809082031
54.47813034057617
69.66590881347656
66.48091125488281
66.35433959960938
76.03925323486328
70.08263397216797
73.3377914428711
77.8104476928711
60.77475357055664
78.00543212890625
74.0880126953125
60.83393859863281
70.19871520996094
52.8365364074707
68.22909545898438
67.43002319335938
60.70799255371094
59.44876480102539
60.21367263793945
62.56554412841797
68.49765014648438
64.94669342041016
64.89139556884766
66.1353988647461
54.6048698425293
70.6271743774414
67.70928192138672
66.48167419433594
74.44402313232422
68.7018051147461
69.64413452148438
72.37104797363281
60.82502746582031
74.8934555053711
73.76142120361328
68.29078674316406
77.287353515625
71.33355712890625
74.09866333007812
76.0331039428711
60.320823669433594
78.588623046875
76.50727844238281
70.7090835571289
79.43628692626953
72.28475189208984
76.82443237304688
79.40606689453125
58.20587921142578
81.08454895019531
79.66571807861328
72.846435546875
83.54682922363281
75.9761962890625
82.19894409179688
85.67450714111328
61.77641296386719
88.451904296875
87.11199188232422
81.60374450683594
89.40157318115234
79.68073272705078
84.30390930175781
85.36520385742188
57.305503845214844
82.82349395751953
80.23628997802734
73.6874771118164
81.33451080322266
72.72212219238281
78.37296295166016
80.6294174194336
56.334110260009766
79.09846496582031
76.8436508178711
71.26962280273438
79.55632019042969
70.50857543945312
76.69110107421875
79.3968734741211
62.0499153137207
77.9110107421875
75.48188781738281
69.73458099365234
79.1884994506836
70.03079986572266
77.20552825927734
79.69148254394531
58.07804489135742
79.59822082519531
77.63480377197266
73.10131072998047
81.45548248291016
72.93988800048828
80.10343170166016
82.72820281982422
51.04269027709961
82.8708267211914
81.11833190917969
77.38309478759766
85.0733871459961
75.75703430175781
80.09577178955078
79.7022933959961
53.58266067504883
77.42811584472656
75.32496643066406
72.32258605957031
78.5606689453125
69.75617218017578
67.17436981201172
62.02861022949219
49.67604064941406
65.55025482177734
68.39122772216797
66.0230484008789
76.92762756347656
70.25546264648438
78.19628143310547
81.99962615966797
50.92706298828125
85.12086486816406
84.62030792236328
81.94247436523438
91.36083221435547
83.80309295654297
88.50511169433594
89.98237609863281
60.99785614013672
88.6630859375
85.98127746582031
80.45014190673828
88.97276306152344
80.68617248535156
86.29956817626953
88.93982696533203
60.82198715209961
90.07109069824219
88.45838165283203
83.91773223876953
93.05055236816406
85.34071350097656
92.06916046142578
95.2599105834961
63.77886962890625
96.759521484375
94.87261199951172
90.03089141845703
97.99053192138672
89.19210052490234
93.97941589355469
95.71644592285156
54.41900634765625
94.67137908935547
92.16803741455078
87.17973327636719
95.2071304321289
86.83174133300781
91.61249542236328
93.8328628540039
53.63245391845703
93.55516815185547
91.01969909667969
86.1924057006836
94.19876861572266
85.98751831054688
91.0450439453125
93.4142074584961
55.26820755004883
93.68189239501953
91.4438247680664
86.5844497680664
94.98365020751953
86.83011627197266
92.42095947265625
95.08737182617188
62.48303985595703
96.02631378173828
94.15939331054688
89.46526336669922
98.33456420898438
90.57320404052734
96.37251281738281
99.00527954101562
67.440185546875
98.51709747314453
95.17249298095703
88.24893188476562
95.60936737060547
86.60057067871094
92.13927459716797
94.51547241210938
66.45397186279297
94.39871978759766
91.50927734375
85.41710662841797
92.89415740966797
83.66687774658203
88.54988098144531
89.93609619140625
60.87004852294922
88.20488739013672
85.27766418457031
78.99949645996094
86.71955871582031
76.96574401855469
82.79251861572266
84.37106323242188
56.77154541015625
82.77122497558594
79.88394165039062
74.50739288330078
81.40257263183594
72.29353332519531
78.015380859375
80.14659881591797
54.2022590637207
79.00616455078125
76.30103302001953
70.00896453857422
78.37895965576172
69.61512756347656
75.48252868652344
77.4311294555664
57.03891372680664
76.25426483154297
73.17969512939453
69.26880645751953
75.12814331054688
66.57013702392578
72.49954223632812
74.27740478515625
54.186336517333984
74.28114318847656
71.62265014648438
67.8684310913086
74.9933090209961
66.42420196533203
73.30253601074219
76.41957092285156
48.135623931884766
75.12065124511719
72.12993621826172
70.12528228759766
77.05081176757812
69.03872680664062
73.83551025390625
74.64131164550781
57.87102127075195
73.94435119628906
71.90328216552734
65.96746063232422
77.26214599609375
70.02479553222656
78.76570129394531
80.9307632446289
57.196712493896484
80.76144409179688
78.05663299560547
73.03401184082031
81.3609619140625
72.99130249023438
79.14903259277344
82.11589050292969
53.544227600097656
82.82478332519531
81.15486145019531
77.247314453125
85.87074279785156
78.39411163330078
84.46353912353516
87.65885925292969
55.02998733520508
89.7834243774414
88.46208190917969
84.54248809814453
93.72053527832031
86.03850555419922
91.29842376708984
93.23710632324219
62.01591873168945
91.83642578125
88.63240814208984
82.25572967529297
89.78054809570312
80.87741088867188
85.35176849365234
87.28205108642578
61.15376663208008
86.50554656982422
83.95315551757812
77.8254165649414
85.9348373413086
77.37652587890625
83.00139617919922
85.07443237304688
54.342525482177734
85.36077117919922
83.18289947509766
77.43513488769531
86.1709213256836
77.82731628417969
83.54207611083984
85.82308197021484
57.2686767578125
84.00799560546875
80.97723388671875
74.64698791503906
82.63707733154297
74.40677642822266
81.43358612060547
84.41532897949219
56.52116775512695
84.63031005859375
81.61945343017578
73.18241882324219
81.28961181640625
72.40420532226562
79.47290802001953
82.60174560546875
58.43714141845703
85.05906677246094
84.44979095458984
80.33090209960938
90.22264862060547
83.10456085205078
90.13981628417969
92.68873596191406
51.26673889160156
90.96764373779297
87.12872314453125
80.89836883544922
87.42176055908203
78.00540161132812
81.75477600097656
82.91144561767578
48.780147552490234
81.1134262084961
77.90589141845703
72.752197265625
79.9013900756836
72.19884490966797
75.91856384277344
77.11205291748047
55.03249740600586
77.65010070800781
76.22842407226562
71.97905731201172
79.30371856689453
70.38355255126953
74.88323974609375
77.14973449707031
54.38752365112305
76.27859497070312
72.38006591796875
67.65790557861328
75.69261932373047
66.9739990234375
69.79093170166016
71.75132751464844
39.125526428222656
70.5897216796875
65.69526672363281
62.60064697265625
69.82225036621094
64.58705139160156
67.15768432617188
70.74689483642578
53.492897033691406
73.86778259277344
74.43795013427734
73.73609161376953
82.60741424560547
75.9695816040039
81.35420989990234
83.22650146484375
48.13465881347656
81.67190551757812
77.5561752319336
72.66674041748047
78.78946685791016
70.97055053710938
75.22576904296875
78.21392059326172
55.83373260498047
81.43827819824219
80.19515991210938
75.81884002685547
83.73585510253906
75.49414825439453
80.22245788574219
82.14863586425781
17.12807273864746
81.789794921875
79.0185775756836
74.23501586914062
82.03367614746094
73.47724151611328
78.73969268798828
80.61944580078125
56.63560485839844
81.27545166015625
79.39884185791016
74.51919555664062
82.8945541381836
75.01095581054688
79.94839477539062
82.16768646240234
49.13511276245117
82.23316192626953
78.80328369140625
70.98992156982422
79.71729278564453
72.30601501464844
75.70658874511719
78.42826843261719
42.92499542236328
79.26504516601562
77.19681549072266
72.22383117675781
80.45027160644531
72.3427734375
77.37589263916016
80.48589324951172
47.30466079711914
81.2786865234375
78.94296264648438
73.00831604003906
82.2272720336914
74.10481262207031
79.49357604980469
82.02357482910156
37.6411018371582
82.81973266601562
80.57611846923828
74.44868469238281
83.33139038085938
74.24273681640625
80.13429260253906
82.72972869873047
58.532005310058594
83.81441497802734
81.93427276611328
75.84788513183594
84.56256866455078
76.64338684082031
83.19573211669922
86.35211944580078
53.428279876708984
88.35929107666016
86.7381820678711
81.30106353759766
89.58777618408203
80.7730941772461
85.76934814453125
86.82791900634766
52.92382049560547
84.21863555908203
80.78297424316406
74.95113372802734
81.27367401123047
71.63272094726562
75.95997619628906
77.25338745117188
57.67216873168945
78.38663482666016
78.58008575439453
74.22501373291016
83.48519134521484
74.72903442382812
80.4199447631836
81.67224884033203
46.85745620727539
79.3841552734375
76.29488372802734
69.8763427734375
77.05201721191406
67.49994659423828
72.68043518066406
74.8875503540039
52.902015686035156
73.318115234375
72.21744537353516
66.22097778320312
77.57508850097656
71.47591400146484
80.07907104492188
83.92525482177734
58.61066818237305
84.49370574951172
81.41069030761719
75.54243469238281
82.64747619628906
74.81917572021484
80.65131378173828
83.45441436767578
56.48084259033203
83.03608703613281
80.40573120117188
75.1194839477539
82.74224090576172
74.0094985961914
78.3646469116211
79.83955383300781
53.461544036865234
78.22196197509766
74.8740005493164
70.5963363647461
77.60781860351562
68.5082015991211
71.8606948852539
75.0201644897461
42.14772033691406
74.98943328857422
75.13084411621094
72.49481964111328
81.89875793457031
75.20722198486328
82.15206909179688
85.11830139160156
57.96308898925781
86.2957763671875
84.1715316772461
79.59697723388672
87.79991912841797
79.12321472167969
83.26415252685547
84.24980926513672
56.803287506103516
81.03068542480469
77.31169128417969
72.22415924072266
80.16693115234375
72.94087982177734
78.4176254272461
81.7977066040039
49.54423522949219
83.38960266113281
81.97821807861328
77.5365219116211
86.31204986572266
78.39862060546875
84.27945709228516
87.19175720214844
44.496543884277344
88.33677673339844
86.39221954345703
81.84770965576172
89.51226043701172
80.90117645263672
85.7164535522461
86.74846649169922
56.73746871948242
84.8839340209961
81.23152160644531
74.37178039550781
81.38796997070312
