74.85359191894531
75.50218200683594
78.28273010253906
69.74363708496094
81.57774353027344
78.89125061035156
66.77991485595703
75.71855163574219
67.37808990478516
73.38169860839844
72.90271759033203
60.20582580566406
72.47553253173828
69.43073272705078
58.808250427246094
59.50419616699219
57.80900955200195
65.3709945678711
65.44071960449219
63.35001754760742
70.46434020996094
70.1864242553711
60.74961471557617
71.02025604248047
68.61775207519531
70.0573501586914
71.6695785522461
64.8282241821289
75.1967544555664
71.52488708496094
58.16423034667969
68.78729248046875
64.35923767089844
56.87314224243164
55.80317687988281
57.47620391845703
64.01884460449219
60.0331916809082
58.128787994384766
64.94491577148438
58.54253005981445
54.5374870300293
58.3700065612793
54.18350601196289
67.99861907958984
65.28298950195312
57.99279022216797
68.5630874633789
60.72865295410156
65.37411499023438
69.01629638671875
48.554630279541016
72.61761474609375
70.05536651611328
63.74839401245117
72.94652557373047
66.44478607177734
71.36070251464844
73.7981185913086
51.50183868408203
76.24190521240234
73.85559844970703
66.9481430053711
77.29785919189453
70.05427551269531
76.94312286376953
79.75088500976562
57.78363800048828
80.55020904541016
79.74354553222656
72.8954086303711
82.75927734375
72.48637390136719
80.55137634277344
81.8200454711914
59.80594253540039
78.24236297607422
74.5556411743164
70.58036041259766
76.99398040771484
66.08037567138672
72.23649597167969
74.17707061767578
57.54132080078125
72.16549682617188
69.73221588134766
68.80653381347656
75.27775573730469
67.84315490722656
68.00885009765625
72.75887298583984
54.54111099243164
74.54547882080078
71.28219604492188
65.40889739990234
73.58458709716797
67.8097915649414
71.37737274169922
71.35466003417969
62.69308853149414
74.00200653076172
72.60946655273438
59.516746520996094
68.78337860107422
48.68806457519531
74.33172607421875
76.86678314208984
66.99928283691406
72.95980834960938
71.08605194091797
75.58616638183594
83.35475158691406
79.48828125
80.06804656982422
84.64918518066406
72.98008728027344
86.55988311767578
83.4133071899414
78.9000015258789
86.36419677734375
79.13551330566406
81.40267181396484
83.92869567871094
65.4663314819336
86.20046997070312
84.4647216796875
77.42745208740234
87.36090850830078
79.77487182617188
85.33765411376953
87.23848724365234
70.15689849853516
86.55802917480469
83.27153015136719
70.07362365722656
81.52918243408203
73.19608306884766
83.24496459960938
87.28199005126953
70.0858383178711
88.21134185791016
87.05017852783203
83.73945617675781
90.78054809570312
81.69343566894531
85.08404541015625
86.6695556640625
63.668025970458984
83.7611083984375
80.12025451660156
75.14563751220703
82.16395568847656
73.79460906982422
76.48735046386719
78.19319915771484
49.138492584228516
77.25518798828125
74.61500549316406
67.76190185546875
76.33370971679688
69.05875396728516
73.7444076538086
75.95875549316406
47.47603988647461
76.7095718383789
74.757568359375
70.30754852294922
79.42237091064453
72.474609375
77.77977752685547
82.05242919921875
51.08027648925781
84.84600830078125
83.98255157470703
80.30742645263672
89.18407440185547
81.0111083984375
85.754150390625
87.26753234863281
54.9332160949707
86.21929168701172
83.3368911743164
76.40058135986328
84.76715850830078
75.62126922607422
81.1767578125
82.89171600341797
60.943031311035156
81.92469787597656
79.83365631103516
74.23432159423828
82.56871795654297
74.33416748046875
78.97212219238281
81.45095825195312
41.049583435058594
81.56968688964844
79.6045913696289
73.25897979736328
82.25445556640625
73.56218719482422
79.86894989013672
82.08781433105469
35.86415481567383
82.34822082519531
80.33357238769531
74.94488525390625
83.57659149169922
74.87213134765625
81.13233947753906
83.57820129394531
48.64371871948242
83.95858764648438
82.04689025878906
77.47846984863281
86.07606506347656
78.09403991699219
83.39537048339844
85.4784927368164
59.563541412353516
83.47297668457031
79.91148376464844
74.4346923828125
81.56404113769531
73.5403060913086
78.24400329589844
80.91194152832031
52.518558502197266
82.82146453857422
81.3023452758789
75.39263153076172
85.25519561767578
77.32788848876953
84.20365905761719
87.19066619873047
58.69301223754883
87.35942077636719
84.9326400756836
79.46501159667969
87.06342315673828
77.84423828125
82.36854553222656
83.78714752197266
56.38089370727539
81.59260559082031
78.06845092773438
72.83536529541016
80.07677459716797
71.48309326171875
75.15269470214844
76.87789154052734
44.394309997558594
75.51860809326172
72.28870391845703
66.30721282958984
74.21244049072266
66.34381103515625
69.6554183959961
71.72870635986328
49.75900650024414
72.5284194946289
71.41041564941406
64.13179016113281
75.21611785888672
68.70771026611328
77.86343383789062
80.85845947265625
57.828155517578125
79.26596069335938
76.14423370361328
72.4153060913086
79.91117095947266
71.51860046386719
75.3305892944336
77.97093200683594
48.38226318359375
77.73426055908203
75.36512756347656
70.51763916015625
78.9907455444336
71.02752685546875
75.4001235961914
78.42642974853516
54.48686218261719
80.61972045898438
78.7997055053711
72.32530212402344
81.57366943359375
73.05393981933594
79.23535919189453
81.4107666015625
49.64340591430664
81.51685333251953
79.34235382080078
73.85334014892578
82.89916229248047
74.05394744873047
80.62631225585938
82.8553466796875
46.65120315551758
82.4949951171875
80.22860717773438
73.97685241699219
82.55546569824219
73.74987030029297
78.95403289794922
80.69612121582031
46.863555908203125
79.82341003417969
76.69393920898438
70.90652465820312
78.77330780029297
70.12481689453125
74.67828369140625
77.40238952636719
41.724117279052734
76.90686798095703
74.29642486572266
69.9771957397461
77.52046966552734
68.94065856933594
74.49776458740234
77.0084228515625
42.56887435913086
77.70872497558594
75.98722839355469
71.12744903564453
80.02685546875
72.39613342285156
77.3064193725586
80.69845581054688
51.03913879394531
82.4012680053711
80.95745849609375
76.10275268554688
84.46310424804688
75.6564712524414
79.481201171875
80.4251480102539
52.342796325683594
78.86972045898438
75.7911148071289
69.6751937866211
78.92306518554688
70.5809097290039
76.07750701904297
77.64741516113281
48.400917053222656
74.97354888916016
71.69554901123047
65.08438110351562
72.24030303955078
63.96293640136719
66.94864654541016
68.22297668457031
38.63096618652344
66.06892395019531
62.34617614746094
55.035888671875
64.16983032226562
59.11667251586914
59.37353515625
61.923439025878906
51.8742561340332
60.59755325317383
60.6870002746582
59.163818359375
66.94882202148438
59.154605865478516
64.60507202148438
67.5802001953125
32.1455192565918
70.786376953125
69.9426498413086
64.90797424316406
74.83767700195312
66.67738342285156
72.41706085205078
74.5658187866211
45.59789276123047
73.25737762451172
70.95426940917969
63.28153610229492
72.24498748779297
64.21298217773438
71.47254180908203
74.95378112792969
53.850521087646484
78.39569854736328
77.49898529052734
74.48989868164062
83.7170639038086
76.42129516601562
81.74565124511719
84.31380462646484
40.79618835449219
84.07542419433594
81.37747192382812
75.4478759765625
83.27168273925781
74.8423080444336
79.38007354736328
81.36986541748047
51.03696823120117
79.87235260009766
77.36163330078125
72.04926300048828
79.93098449707031
71.64305114746094
77.05622863769531
79.19237518310547
50.3027458190918
78.93777465820312
77.00570678710938
71.26456451416016
79.72809600830078
72.04676055908203
76.29727172851562
78.51493835449219
45.63175582885742
77.55118560791016
75.1385726928711
68.91153717041016
77.74954986572266
69.5596694946289
75.64820861816406
78.07319641113281
48.48143768310547
78.2663803100586
76.4176025390625
71.39933013916016
79.55681610107422
72.0300521850586
77.6730728149414
79.80989837646484
47.98453903198242
79.88230895996094
77.88819122314453
72.59552764892578
80.4043197631836
71.49555206298828
76.27599334716797
77.55972290039062
48.17564392089844
76.51986694335938
73.242919921875
69.48497009277344
77.16511535644531
69.17115783691406
73.88384246826172
76.29190063476562
48.92888259887695
77.19915771484375
75.50891876220703
71.04510498046875
80.39572143554688
72.54473114013672
78.89530944824219
81.88264465332031
34.41557693481445
83.1864013671875
81.21862030029297
76.5099868774414
85.46421813964844
77.59089660644531
83.50709533691406
86.28541564941406
44.76691818237305
86.84066772460938
84.63531494140625
78.65365600585938
87.43599700927734
78.98079681396484
85.34143829345703
88.24510955810547
57.881187438964844
88.41276550292969
85.91349792480469
79.96727752685547
87.53746795654297
78.38159942626953
82.47623443603516
83.32595825195312
51.50323486328125
80.31922912597656
75.79965209960938
70.12640380859375
76.5096206665039
68.87055206298828
74.44615173339844
76.9323501586914
51.12548065185547
77.31343078613281
75.31377410888672
69.62326049804688
79.01863861083984
71.84392547607422
78.86016845703125
82.60916900634766
48.53721618652344
84.56298065185547
82.77091217041016
77.88786315917969
85.94544219970703
77.72181701660156
82.12278747558594
84.20101928710938
40.56801223754883
83.67364501953125
80.62995910644531
74.95350646972656
83.5757064819336
75.26692199707031
80.59727478027344
82.78658294677734
38.22088623046875
82.88531494140625
80.54969787597656
75.28182220458984
83.51663970947266
75.2684097290039
79.6207504272461
80.71593475341797
39.03971481323242
78.3946533203125
75.99281311035156
71.61246490478516
80.02728271484375
72.06007385253906
77.78097534179688
80.51679992675781
52.254600524902344
81.2434310913086
79.15674591064453
74.67669677734375
82.58914947509766
74.30179595947266
77.86494445800781
79.7918701171875
49.56474685668945
78.12055206298828
74.96968841552734
69.22767639160156
75.64490509033203
66.59867858886719
68.78362274169922
69.5302963256836
51.15825653076172
68.54105377197266
64.07991027832031
60.85796356201172
70.00717163085938
62.45365524291992
67.29904174804688
70.0198974609375
49.075557708740234
71.47848510742188
68.89405059814453
64.97333526611328
73.47909545898438
66.39340209960938
71.1185302734375
73.84632110595703
51.500091552734375
75.08290100097656
72.77225494384766
65.9209976196289
73.79292297363281
65.62606048583984
70.45479583740234
71.58527374267578
51.28153991699219
69.25727081298828
66.9761962890625
59.94744110107422
67.71926879882812
