68.62920379638672
74.23635864257812
78.98847961425781
58.685699462890625
79.92371368408203
79.23311614990234
75.67115020751953
85.45286560058594
78.11304473876953
83.6749038696289
85.71696472167969
51.115211486816406
82.97765350341797
77.53768157958984
70.77234649658203
78.55848693847656
69.83902740478516
72.4118423461914
74.79341125488281
52.71964645385742
72.91355895996094
71.2641830444336
63.597904205322266
71.76374816894531
66.7710952758789
73.65226745605469
77.00455474853516
60.442569732666016
79.82173919677734
78.7251968383789
72.5245132446289
81.12626647949219
71.69111633300781
72.8230972290039
71.63202667236328
58.22957229614258
68.27214813232422
65.22771453857422
52.74271011352539
62.985618591308594
53.298614501953125
63.780277252197266
69.88684844970703
43.43195343017578
68.92598724365234
67.38574981689453
60.844730377197266
71.25721740722656
64.69965362548828
71.11112976074219
74.2595443725586
55.261329650878906
73.39717864990234
71.42515563964844
68.48722839355469
76.5190658569336
68.8034439086914
73.88240051269531
76.82881164550781
49.94976806640625
76.38656616210938
73.2668228149414
71.08992767333984
78.4130630493164
69.86331939697266
76.74397277832031
78.48107147216797
58.05305480957031
78.41541290283203
76.96508026123047
71.56076049804688
80.99906158447266
73.390869140625
79.74034118652344
82.24824523925781
55.42546463012695
83.7675552368164
82.25914001464844
78.63035583496094
87.79065704345703
81.20372009277344
86.76026153564453
89.30439758300781
53.41261672973633
88.1130599975586
84.82860565185547
78.09732055664062
85.9483642578125
77.18830108642578
81.09415435791016
82.86685943603516
34.455230712890625
82.1361312866211
79.8355484008789
73.477294921875
82.09514617919922
73.4288330078125
77.2376937866211
79.9496078491211
50.99405288696289
80.15563201904297
77.15135955810547
71.44110870361328
80.85308074951172
73.50902557373047
77.7087173461914
80.37808227539062
49.28566360473633
81.87391662597656
80.18016815185547
75.9608154296875
83.72842407226562
75.80187225341797
81.79139709472656
84.60741424560547
54.57158279418945
86.30017852783203
84.6240005493164
80.11713409423828
89.08201599121094
81.26518249511719
87.40045928955078
89.54560852050781
55.79329299926758
87.97015380859375
84.20430755615234
78.19417572021484
84.76164245605469
74.31726837158203
79.83043670654297
81.80684661865234
54.833351135253906
81.03804016113281
78.42295837402344
73.96724700927734
82.07643127441406
74.7623062133789
79.68620300292969
83.16687774658203
58.47346115112305
85.05046081542969
83.58573913574219
78.70858764648438
87.13900756835938
77.52486419677734
81.08378601074219
81.15047454833984
53.82946014404297
78.74346923828125
77.59905242919922
74.8695068359375
85.85299682617188
79.6380386352539
86.39107513427734
90.237548828125
56.04899978637695
93.25994110107422
91.92237091064453
87.92459869384766
96.3541030883789
87.5457992553711
92.85151672363281
94.50193786621094
60.11804962158203
93.36421966552734
90.53815460205078
84.6397705078125
92.38668823242188
83.72635650634766
88.5255355834961
90.71859741210938
51.065711975097656
89.91026306152344
87.25321197509766
81.72598266601562
91.02830505371094
84.3631591796875
90.96267700195312
94.11544036865234
49.95841979980469
94.61033630371094
92.33773803710938
87.10621643066406
95.5307388305664
87.29096984863281
93.00543975830078
95.52750396728516
55.586814880371094
95.99531555175781
94.07939147949219
89.07586669921875
97.9060287475586
89.95307159423828
95.97789764404297
98.82196044921875
62.10920333862305
100.03144073486328
98.18851470947266
93.47264099121094
101.85004425048828
92.98836517333984
98.04175567626953
99.30919647216797
66.60174560546875
97.25521087646484
93.87887573242188
87.71759796142578
94.81966400146484
85.46178436279297
89.7683334350586
91.0656967163086
58.79414367675781
89.3250732421875
86.29682922363281
80.11668395996094
87.58599853515625
79.14962768554688
82.95235443115234
84.7269058227539
55.112213134765625
83.8254623413086
80.63190460205078
75.01892852783203
82.51117706298828
73.57328033447266
77.91326141357422
80.25828552246094
59.091957092285156
78.84334564208984
75.46498107910156
69.83842468261719
78.2063980102539
69.19808959960938
73.84286499023438
76.10892486572266
52.9070930480957
76.06715393066406
73.51333618164062
68.03308868408203
75.51741027832031
67.28972625732422
71.28196716308594
74.0723648071289
44.45614242553711
74.69058227539062
70.938232421875
63.825374603271484
70.26392364501953
63.682987213134766
67.89910125732422
69.65469360351562
48.82118606567383
72.75446319580078
71.0827865600586
63.63639450073242
74.01004791259766
66.06202697753906
70.55123138427734
73.21670532226562
52.088531494140625
75.9372787475586
74.06141662597656
68.57706451416016
77.52571105957031
70.76148986816406
76.58088684082031
78.84038543701172
49.0810546875
78.06114196777344
76.4620361328125
72.63349914550781
81.48902893066406
74.36421203613281
79.86609649658203
82.75104522705078
48.041072845458984
82.5363998413086
80.22540283203125
74.69857788085938
82.63495635986328
74.79048156738281
79.5732421875
82.51844024658203
57.19212341308594
84.0924072265625
82.64010620117188
77.37373352050781
86.91744995117188
79.08641815185547
85.4260482788086
88.38619995117188
57.97340774536133
90.40444946289062
89.36654663085938
85.1418685913086
94.17628479003906
86.0999984741211
92.03751373291016
93.90096282958984
56.27488327026367
92.190673828125
88.93048095703125
82.81954956054688
90.43550872802734
81.13372802734375
85.83500671386719
87.671630859375
57.80571365356445
86.35324096679688
83.43755340576172
78.29888153076172
86.25946807861328
77.91287231445312
82.9639663696289
84.82506561279297
57.603702545166016
84.54825592041016
82.03632354736328
77.28083801269531
85.22026824951172
77.31089782714844
82.26138305664062
84.83533477783203
58.03462600708008
85.3638916015625
83.26599884033203
78.58439636230469
87.32017517089844
79.17138671875
84.75138854980469
87.43565368652344
58.26637649536133
87.4593505859375
85.19035339355469
79.73860931396484
88.86204528808594
81.70223236083984
87.74897766113281
91.34654998779297
55.47393798828125
94.02812957763672
92.22419738769531
87.18880462646484
94.32723236083984
84.19672393798828
87.9986801147461
88.56914520263672
58.41668701171875
85.4328384399414
81.54784393310547
74.20145416259766
81.59741973876953
71.67745208740234
76.2599868774414
77.17847442626953
47.384300231933594
74.8362808227539
71.80570983886719
63.100399017333984
73.93155670166016
66.60826110839844
72.7822036743164
75.33059692382812
48.760711669921875
76.295166015625
74.64749908447266
67.74661254882812
75.51322174072266
68.74443054199219
72.04683685302734
75.27455139160156
45.52204895019531
77.66095733642578
75.93026733398438
70.44769287109375
79.31780242919922
70.93319702148438
75.81473541259766
79.13552856445312
57.34091567993164
82.45069885253906
81.46844482421875
77.52853393554688
87.62224578857422
80.80977630615234
87.77957153320312
91.38441467285156
60.583499908447266
92.8242416381836
90.17920684814453
84.40692901611328
92.06368255615234
82.70270538330078
87.61149597167969
89.14506530761719
53.345184326171875
87.84728240966797
85.12439727783203
79.26042175292969
86.97358703613281
77.50179290771484
82.87981414794922
84.15483856201172
57.58625793457031
83.06404876708984
80.95869445800781
75.15357208251953
83.2735595703125
74.9896469116211
80.71502685546875
82.98631286621094
50.857486724853516
82.16102600097656
80.51058959960938
74.74969482421875
82.81661224365234
74.06233215332031
79.31298065185547
82.3344497680664
48.962493896484375
82.6035385131836
81.51216125488281
76.291259765625
85.04446411132812
76.13482666015625
81.81336212158203
84.09860229492188
54.70677185058594
84.05374145507812
81.74732971191406
76.68270111083984
85.10768127441406
76.98819732666016
82.91190338134766
85.3064193725586
47.62253189086914
85.48677825927734
83.22389221191406
78.65434265136719
87.1640853881836
79.05667877197266
84.83155822753906
87.66431427001953
54.80794906616211
87.65472412109375
84.50035858154297
79.0258560180664
85.55379486083984
75.19068908691406
77.45237731933594
77.98673248291016
54.461395263671875
75.15868377685547
74.06048583984375
69.00684356689453
78.45012664794922
71.37416076660156
77.67659759521484
80.43325805664062
43.6936149597168
81.02070617675781
79.55209350585938
75.51322174072266
83.9023208618164
76.67655944824219
82.85488891601562
86.96696472167969
47.146324157714844
90.2374038696289
88.90168762207031
85.12000274658203
93.83179473876953
85.9065170288086
91.41167449951172
93.76556396484375
60.404937744140625
93.38484954833984
90.46728515625
84.89153289794922
92.03543853759766
82.94269561767578
86.9006118774414
88.23018646240234
53.18364715576172
86.00845336914062
82.43729400634766
76.78982543945312
84.80381774902344
77.2831802368164
82.89131164550781
86.78292846679688
49.75297164916992
89.79055786132812
88.38819122314453
84.34727478027344
92.42475128173828
83.72250366210938
88.92888641357422
90.59223937988281
61.101112365722656
89.70059204101562
86.77180480957031
81.15584564208984
88.7813949584961
79.98542022705078
84.85892486572266
86.6649398803711
44.7996940612793
85.76397705078125
83.16533660888672
77.70223236083984
86.97813415527344
78.67985534667969
84.78063201904297
87.12261199951172
52.161922454833984
86.60737609863281
83.87086486816406
77.59538269042969
85.82649230957031
77.32508850097656
81.8908920288086
83.4706802368164
49.21574783325195
81.76192474365234
79.5068359375
74.59213256835938
84.09581756591797
77.19133758544922
84.04801177978516
87.48926544189453
55.63753890991211
88.96682739257812
86.36115264892578
80.80475616455078
87.83069610595703
78.1880111694336
83.30509185791016
85.25505828857422
55.53147506713867
85.02355194091797
82.01887512207031
75.87200164794922
82.05736541748047
70.94088745117188
74.34022521972656
74.15321350097656
48.77388000488281
60.54372787475586
61.94539260864258
64.49993896484375
77.55480194091797
71.88304138183594
78.76038360595703
81.93889617919922
29.910940170288086
81.95553588867188
78.57313537597656
72.0033950805664
78.9248275756836
69.66246032714844
72.9598388671875
74.7126235961914
46.6491584777832
72.49405670166016
69.56682586669922
65.12666320800781
72.6494369506836
64.13665771484375
70.35596466064453
72.07843017578125
56.611549377441406
73.03318786621094
70.7051773071289
64.29283905029297
74.9187240600586
