71.08839416503906
78.41230010986328
81.44056701660156
52.99083709716797
80.96907806396484
77.08668518066406
70.74430847167969
77.07195281982422
68.4781265258789
69.97407531738281
71.5936050415039
51.36827850341797
67.89119720458984
66.21060180664062
59.686195373535156
65.77951049804688
60.94751739501953
63.90534973144531
69.53196716308594
54.507991790771484
75.39180755615234
73.49894714355469
68.90706634521484
76.83545684814453
64.16149139404297
68.81102752685547
70.37438201904297
50.55670928955078
64.84725189208984
61.53369903564453
61.20340347290039
60.65360641479492
56.468379974365234
58.928489685058594
62.83784866333008
53.91142654418945
61.987525939941406
57.75123977661133
60.49784851074219
64.57526397705078
62.91148376464844
61.69192123413086
65.97541046142578
56.89384078979492
68.95035552978516
66.4675064086914
62.19791030883789
70.71710968017578
64.63333892822266
67.07463073730469
72.6541748046875
48.21933364868164
74.04266357421875
71.35380554199219
64.9020767211914
75.21012115478516
66.32681274414062
74.30311584472656
76.92948913574219
50.332889556884766
76.7912826538086
74.24462127685547
69.10952758789062
75.41876220703125
66.1697769165039
67.6925277709961
70.13236236572266
55.761165618896484
70.06034088134766
66.85344696044922
59.628761291503906
71.0596923828125
62.70811080932617
66.90049743652344
69.0359115600586
52.07017517089844
70.86246490478516
67.63978576660156
58.96168518066406
70.76692199707031
58.9150276184082
68.45092010498047
72.17398834228516
43.54640197753906
69.632080078125
67.43975067138672
62.15483856201172
72.40081024169922
63.97458267211914
69.71650695800781
71.77191925048828
52.34072494506836
70.67581176757812
70.00891876220703
64.99400329589844
73.02318572998047
64.6373062133789
70.2923355102539
71.87080383300781
51.82261657714844
72.92542266845703
71.55620574951172
66.46944427490234
74.15736389160156
64.45515441894531
71.73951721191406
74.2233657836914
43.212677001953125
75.24293518066406
72.99108123779297
67.72322082519531
76.85437774658203
67.66230773925781
74.85514831542969
77.4602279663086
52.117923736572266
78.10225677490234
76.18565368652344
71.02288818359375
80.0395278930664
70.97945404052734
75.36174774169922
76.34400177001953
50.9796142578125
72.31874084472656
68.58329010009766
65.38060760498047
72.02305603027344
66.7394027709961
69.56864166259766
72.93609619140625
42.3195686340332
75.30042266845703
74.8218002319336
68.90471649169922
79.25119018554688
72.13095092773438
79.50463104248047
83.61062622070312
57.796810150146484
85.93495178222656
84.08055877685547
79.10088348388672
86.18509674072266
77.12010192871094
81.13035583496094
83.31707763671875
53.200557708740234
83.52693939208984
81.55035400390625
75.51761627197266
84.96517181396484
76.8227767944336
83.33267974853516
86.20089721679688
55.37312698364258
87.79277801513672
86.37602996826172
82.55377960205078
91.28073120117188
83.19847869873047
88.61869812011719
89.63308715820312
63.15048599243164
87.16817474365234
84.47830200195312
80.20965576171875
89.34165954589844
81.67545318603516
87.47559356689453
90.16161346435547
47.793128967285156
89.87159729003906
87.19290161132812
81.48770141601562
89.10350036621094
80.41908264160156
85.12837982177734
87.66397857666016
48.750850677490234
87.61861419677734
85.03648376464844
80.2476806640625
88.22986602783203
79.66620635986328
85.1997299194336
87.61766815185547
32.81133270263672
87.95773315429688
85.71082305908203
80.66045379638672
88.99402618408203
80.77473449707031
86.42035675048828
89.01605224609375
47.13316345214844
89.53450012207031
87.57780456542969
82.68273162841797
91.39501190185547
83.67372131347656
89.35601043701172
92.27824401855469
55.19124221801758
93.33350372314453
91.62124633789062
86.54815673828125
95.34210205078125
86.83554077148438
91.56434631347656
92.95978546142578
55.05157470703125
91.35150909423828
88.5638198852539
83.45489501953125
91.93989562988281
83.54239654541016
88.4575424194336
90.16754913330078
55.73521423339844
88.39582061767578
85.1287841796875
78.9900894165039
86.5522689819336
76.94349670410156
81.83381652832031
83.40686798095703
56.38318634033203
82.21463012695312
79.13807678222656
73.21524810791016
80.65766906738281
70.9529800415039
76.5644302368164
78.08492279052734
47.02018737792969
76.95958709716797
75.07146453857422
68.32372283935547
76.56929779052734
67.1646957397461
72.62319946289062
75.00790405273438
47.63325119018555
74.51095581054688
72.09813690185547
66.50099182128906
75.47825622558594
66.25466918945312
71.16824340820312
73.84769439697266
50.65188217163086
74.38014221191406
71.24429321289062
66.71161651611328
74.99004364013672
67.4037094116211
70.9877700805664
74.11559295654297
54.67961502075195
70.89720153808594
67.47700500488281
55.420631408691406
72.24873352050781
62.163326263427734
69.94633483886719
71.16573333740234
56.02870178222656
66.91915130615234
67.0169677734375
61.96334457397461
70.45881652832031
62.267086029052734
68.20550537109375
70.57450866699219
49.82366180419922
72.17665100097656
70.90413665771484
68.08100128173828
76.18338012695312
69.84992218017578
74.75362396240234
77.72005462646484
53.68144989013672
79.48554229736328
77.67575073242188
72.50057220458984
82.26505279541016
75.54621887207031
81.25949096679688
84.55606079101562
45.47238540649414
86.42758178710938
84.9692611694336
80.42195129394531
90.00833129882812
82.7162094116211
88.2052230834961
90.26129150390625
48.23711395263672
88.94303131103516
85.49031829833984
79.03965759277344
86.5994873046875
77.31401062011719
81.87262725830078
83.25188446044922
49.33795928955078
81.54450988769531
78.64100646972656
72.95345306396484
80.3384017944336
71.2279052734375
76.92354583740234
78.20759582519531
50.64259338378906
77.01258850097656
73.92587280273438
69.10773468017578
76.53192901611328
68.68075561523438
74.48992919921875
78.6030502319336
41.464202880859375
79.25135040283203
77.12129211425781
71.45836639404297
79.78775024414062
71.32525634765625
76.66776275634766
78.90969848632812
51.849735260009766
80.0127944946289
78.06517028808594
72.54658508300781
81.54290771484375
73.26583862304688
79.29798126220703
82.3592529296875
42.067115783691406
83.26335144042969
81.52808380126953
76.90261840820312
86.29485321044922
79.11503601074219
84.3947982788086
86.9848403930664
54.64397048950195
84.70841217041016
80.91451263427734
73.40412139892578
79.86550903320312
69.83598327636719
73.1156005859375
74.02549743652344
34.773319244384766
72.10478973388672
69.0199203491211
62.25442123413086
71.9141845703125
63.23800277709961
71.16144561767578
75.10088348388672
51.89356994628906
77.30240631103516
74.75918579101562
69.97513580322266
77.98251342773438
69.35237884521484
73.86981964111328
75.08444213867188
46.51262283325195
72.9477767944336
68.79876708984375
62.64208221435547
71.21234893798828
61.28644943237305
65.78697204589844
66.69914245605469
46.000579833984375
68.67620086669922
67.4599838256836
63.16838836669922
72.84077453613281
65.8803482055664
71.30671691894531
75.35745239257812
50.0189094543457
77.11676788330078
75.80342102050781
69.16634368896484
77.76075744628906
68.8247299194336
75.86323547363281
79.3093032836914
55.117469787597656
81.67902374267578
80.28541564941406
74.71150970458984
82.0848388671875
73.11284637451172
76.73963165283203
78.08715057373047
49.49943161010742
76.24237823486328
73.0791244506836
67.25865936279297
74.6944580078125
65.44660949707031
71.10299682617188
73.5431137084961
45.1867790222168
76.18964385986328
75.65950012207031
70.75833129882812
80.60431671142578
72.7383041381836
79.65153503417969
82.01264953613281
47.85209274291992
81.34420013427734
78.46540832519531
72.62969970703125
80.56189727783203
71.70252990722656
76.22203826904297
78.4251937866211
46.39759063720703
77.33601379394531
74.7954330444336
69.49698638916016
76.90302276611328
69.34183502197266
72.67745971679688
74.983154296875
53.0823974609375
76.81492614746094
75.98558044433594
72.33609771728516
81.15023803710938
73.1548080444336
79.33157348632812
81.49723052978516
39.19329071044922
82.05648040771484
80.06307983398438
73.48149108886719
82.14411163330078
72.6648941040039
76.79231262207031
78.16545104980469
46.96147537231445
77.1877670288086
74.92129516601562
71.75342559814453
79.2896499633789
70.77105712890625
76.28980255126953
78.7817611694336
46.95199966430664
79.33036804199219
77.44490814208984
71.60249328613281
80.44274139404297
72.82286071777344
78.46055603027344
81.18667602539062
40.32193374633789
82.5533676147461
80.61724090576172
75.10844421386719
83.5424575805664
74.44422912597656
79.85492706298828
81.74939727783203
52.79746627807617
80.94877624511719
78.65237426757812
74.04315948486328
82.2758560180664
73.83184814453125
78.20160675048828
79.85831451416016
31.746713638305664
77.02473449707031
74.09797668457031
65.56468200683594
73.98612976074219
65.2372817993164
69.7154541015625
73.3375244140625
42.45570373535156
74.17235565185547
73.21455383300781
68.73977661132812
78.19670867919922
70.95417785644531
76.97854614257812
80.57747650146484
39.18318557739258
82.45732116699219
81.22265625
76.66822814941406
86.25765991210938
78.71788024902344
85.4044189453125
88.67396545410156
42.09624099731445
90.17402648925781
88.35094451904297
83.22581481933594
91.3107681274414
82.54244232177734
87.29846954345703
88.690673828125
50.04854965209961
87.19229888916016
84.24034881591797
78.04072570800781
86.00923919677734
76.5365219116211
81.86534118652344
83.7498550415039
41.776737213134766
82.47755432128906
79.8713607788086
74.07308959960938
81.8257827758789
72.58956146240234
78.07518005371094
79.445556640625
50.49024963378906
78.06228637695312
76.20372009277344
72.0948715209961
82.09149932861328
76.77008819580078
83.1084976196289
85.80235290527344
48.774478912353516
86.19503784179688
83.78367614746094
77.99468231201172
85.75843811035156
76.91860961914062
82.06377410888672
84.38980865478516
48.589534759521484
84.72644805908203
82.87527465820312
77.68087005615234
86.03733825683594
77.6898193359375
83.19447326660156
85.4724349975586
52.23087692260742
84.52787780761719
81.93531799316406
76.4110107421875
84.94346618652344
77.03340148925781
82.00471496582031
84.60208129882812
42.227935791015625
83.37284088134766
79.92708587646484
73.26822662353516
80.43860626220703
71.45423126220703
75.63677978515625
77.35357666015625
42.28779983520508
75.72982025146484
72.08332061767578
66.64048767089844
74.32823944091797
