47.695892333984375
54.64512252807617
50.44563674926758
55.736751556396484
57.924278259277344
50.270198822021484
32.64627456665039
39.14400863647461
44.63739013671875
56.785614013671875
35.48655700683594
56.73980712890625
53.59346008300781
59.14229965209961
51.0453987121582
51.11781692504883
52.477481842041016
38.96409606933594
60.481746673583984
54.0885009765625
50.21253967285156
49.761863708496094
47.51535415649414
49.19046401977539
38.21134948730469
53.132686614990234
50.51415252685547
55.104164123535156
56.015419006347656
56.55338668823242
53.06779861450195
58.29928970336914
52.78475570678711
54.4315071105957
48.4486198425293
36.93619155883789
42.78972244262695
47.891151428222656
45.34649658203125
49.32996368408203
48.78773498535156
54.106903076171875
45.27915954589844
44.258846282958984
50.042850494384766
44.724735260009766
53.36005783081055
55.00877380371094
44.393123626708984
49.35542297363281
55.594581604003906
31.47524070739746
44.35356903076172
45.95933532714844
46.951759338378906
48.5082893371582
52.21575164794922
49.27819061279297
52.47549057006836
51.52677917480469
45.164222717285156
47.131038665771484
56.24646759033203
51.56279754638672
45.48842239379883
47.28909683227539
49.595489501953125
48.82577133178711
44.767093658447266
47.78277587890625
49.112178802490234
40.640625
49.48164367675781
53.62294006347656
45.20331573486328
31.06781005859375
49.112613677978516
49.67382049560547
52.731964111328125
51.883270263671875
43.93926239013672
42.05136489868164
53.34209442138672
50.705501556396484
48.56574249267578
50.501060485839844
43.38588333129883
43.39177703857422
53.84269714355469
52.245662689208984
47.086036682128906
42.22362518310547
54.780277252197266
45.40449905395508
52.70307922363281
41.79108428955078
47.45624923706055
50.113624572753906
51.661739349365234
49.69000244140625
44.10783767700195
55.197750091552734
54.78263854980469
41.5622673034668
57.04080581665039
52.18792724609375
45.205474853515625
47.44144821166992
33.579742431640625
48.18479919433594
56.30747985839844
38.6934700012207
49.8200798034668
46.587890625
44.507503509521484
46.49327850341797
52.4334831237793
39.49108123779297
44.75708770751953
47.4599609375
50.91886901855469
51.99821853637695
51.18804931640625
55.19987487792969
41.816890716552734
47.8726806640625
53.3941764831543
50.52573013305664
45.38303756713867
35.04462432861328
52.28884506225586
52.62546157836914
49.0699577331543
50.654197692871094
52.38750076293945
53.72349548339844
44.27019500732422
56.364315032958984
42.44940948486328
50.08147430419922
42.39091491699219
46.844581604003906
55.26292037963867
47.81679153442383
48.46065139770508
52.86408996582031
50.720947265625
51.56122970581055
54.939781188964844
49.36986541748047
46.483882904052734
46.287715911865234
48.16970443725586
42.238670349121094
51.21303939819336
49.90244674682617
56.23428726196289
49.003814697265625
50.64651107788086
56.264739990234375
52.965599060058594
51.92239761352539
47.33042526245117
47.54520797729492
50.623226165771484
46.28290557861328
38.35980224609375
51.250999450683594
48.304649353027344
50.81303405761719
36.90800857543945
49.148399353027344
50.210426330566406
50.070255279541016
48.618064880371094
43.928245544433594
53.133575439453125
51.456573486328125
48.258140563964844
44.49957275390625
43.95741271972656
43.424434661865234
47.02370071411133
45.553245544433594
52.12535858154297
51.68915939331055
49.49331283569336
55.02852249145508
58.09465789794922
58.62168884277344
53.07548904418945
52.13376998901367
47.62087631225586
51.39016342163086
46.45908737182617
55.480926513671875
44.7890510559082
51.475467681884766
58.4632568359375
44.584815979003906
52.06433868408203
37.8187370300293
53.092567443847656
43.48078918457031
52.11656951904297
51.649845123291016
50.58993148803711
45.94003677368164
53.190704345703125
55.8627815246582
54.17951965332031
53.00120162963867
37.85049057006836
47.394535064697266
43.01274871826172
46.714962005615234
38.03516387939453
54.720855712890625
53.087379455566406
41.06745147705078
48.297889709472656
51.98912811279297
33.53647994995117
42.9688835144043
43.99517822265625
52.70215606689453
53.1202507019043
53.7453498840332
49.39521789550781
56.06168746948242
49.291961669921875
43.41469955444336
44.30447769165039
48.35708999633789
52.33601379394531
45.919673919677734
54.63450622558594
49.223365783691406
37.35747528076172
50.82942581176758
47.48768997192383
35.34228515625
49.158233642578125
45.370731353759766
43.78535461425781
43.92451858520508
45.42127227783203
44.198917388916016
49.03170394897461
47.36280059814453
43.94133377075195
46.58176040649414
52.58766174316406
45.46312713623047
51.24606704711914
54.8028450012207
56.63569641113281
52.200374603271484
48.07101821899414
43.14189529418945
50.795772552490234
49.21495056152344
57.46000289916992
42.48244857788086
52.80008316040039
50.96727752685547
45.65854263305664
49.55973815917969
46.9827766418457
49.94429016113281
46.13496017456055
53.83315658569336
45.7932243347168
47.26981735229492
41.61540222167969
49.94182586669922
52.815284729003906
41.55707931518555
55.54520034790039
47.29916000366211
49.994998931884766
43.6445198059082
50.12656021118164
45.50825881958008
49.96455383300781
48.43417739868164
19.27664566040039
51.369140625
42.339195251464844
53.925323486328125
42.55949020385742
55.40299987792969
51.35736083984375
42.78413772583008
48.73063659667969
46.771881103515625
29.523351669311523
51.14470672607422
48.027767181396484
49.696292877197266
52.70582962036133
49.717613220214844
56.094303131103516
52.216407775878906
30.547988891601562
50.610023498535156
50.58028030395508
50.52583694458008
52.97650909423828
49.68570327758789
48.40738296508789
50.39922332763672
48.986270904541016
48.70294952392578
46.981815338134766
44.22905731201172
48.68416213989258
49.876976013183594
27.378738403320312
32.23003387451172
54.47227478027344
50.78474426269531
53.49433135986328
49.440399169921875
52.64238357543945
41.15253448486328
32.900634765625
47.84285354614258
32.073028564453125
50.302284240722656
41.75627136230469
38.10186767578125
44.63062286376953
30.863483428955078
52.09735870361328
45.43385314941406
46.43873596191406
47.069480895996094
44.16556930541992
52.335689544677734
43.965309143066406
38.11252212524414
45.224517822265625
44.60597229003906
45.260074615478516
43.60172653198242
49.4928092956543
38.12388610839844
46.85322189331055
55.31526565551758
53.203102111816406
38.677799224853516
44.240718841552734
43.489479064941406
47.38528823852539
49.13673782348633
42.15766143798828
39.4068489074707
36.2982292175293
40.213768005371094
50.57072448730469
46.350914001464844
41.30302429199219
35.180484771728516
43.00902557373047
46.53681564331055
35.16309356689453
24.959197998046875
36.125492095947266
35.21518325805664
40.864158630371094
39.14720153808594
35.72837829589844
47.01710510253906
42.580604553222656
44.86638259887695
33.85082244873047
37.71498489379883
33.15894317626953
42.302005767822266
44.720001220703125
28.114789962768555
33.07182312011719
40.29100036621094
46.470054626464844
44.44379806518555
37.84310531616211
39.477882385253906
43.16167068481445
42.78090286254883
32.51306915283203
34.601158142089844
42.209529876708984
44.24884796142578
45.081722259521484
41.874412536621094
39.97664260864258
41.358726501464844
39.463321685791016
43.760581970214844
44.81705856323242
33.539512634277344
33.9436149597168
41.20756912231445
41.70441436767578
36.14086151123047
34.31186294555664
48.69540786743164
46.14613723754883
47.33208465576172
41.47982406616211
39.12110900878906
42.33464050292969
41.309234619140625
44.3895149230957
45.99514389038086
40.88124084472656
39.15787124633789
41.512229919433594
34.641319274902344
45.77073287963867
46.768489837646484
32.41659927368164
45.76822280883789
36.110408782958984
40.55101776123047
40.311614990234375
43.771305084228516
40.970462799072266
38.764320373535156
43.744361877441406
40.634002685546875
48.15253448486328
44.37800598144531
31.607563018798828
50.02091979980469
42.12256622314453
36.738277435302734
43.35669708251953
43.227169036865234
34.9329719543457
44.30316162109375
45.94297409057617
33.856773376464844
37.65933609008789
48.68915939331055
37.322357177734375
43.38127136230469
36.178585052490234
38.25820541381836
39.99135971069336
42.58037567138672
43.87673568725586
41.16179656982422
45.08372116088867
47.43474578857422
45.82663345336914
46.00168991088867
47.89122009277344
32.33761978149414
38.908992767333984
37.095062255859375
44.702388763427734
40.575836181640625
32.89744186401367
44.13676071166992
47.75889205932617
42.94418716430664
41.82099914550781
41.56010437011719
46.88262939453125
46.924110412597656
32.80345916748047
37.557762145996094
41.59965133666992
46.63408279418945
39.58961868286133
41.77431106567383
40.396236419677734
38.216304779052734
47.983219146728516
45.95027160644531
40.31632614135742
39.95304489135742
30.4414005279541
39.999839782714844
40.81944274902344
28.170116424560547
37.37997817993164
37.36374282836914
35.39582824707031
40.29364013671875
46.67226791381836
32.034996032714844
37.01055145263672
41.53437042236328
36.127506256103516
44.48255920410156
40.75979232788086
44.161380767822266
42.74128723144531
39.2116584777832
47.25125503540039
43.69733810424805
41.43021774291992
40.94538879394531
31.21142578125
37.91084671020508
43.59093475341797
42.855796813964844
41.12918472290039
29.41014289855957
41.150543212890625
49.19877624511719
34.38246536254883
41.39198303222656
23.251466751098633
43.161338806152344
35.50850296020508
43.506317138671875
38.18982696533203
44.47251510620117
43.80611801147461
40.530094146728516
38.87871551513672
45.429771423339844
43.19924545288086
39.4235725402832
38.45075225830078
43.479652404785156
41.4442138671875
44.25615692138672
48.38822937011719
43.496273040771484
47.56014633178711
35.30611038208008
43.48853302001953
35.43933868408203
41.42131042480469
35.148929595947266
41.85834503173828
38.371315002441406
40.84745788574219
37.974578857421875
39.281009674072266
33.11408615112305
31.158634185791016
33.67113494873047
49.9131965637207
43.34187316894531
38.25996780395508
36.39466094970703
41.253726959228516
40.73905944824219
40.462650299072266
43.31555938720703
31.840055465698242
43.10369110107422
47.46227264404297
34.52425765991211
37.03215408325195
26.935394287109375
42.24922561645508
41.17269515991211
31.893680572509766
29.45293426513672
39.378074645996094
41.20832443237305
32.44786071777344
45.61399459838867
43.51976776123047
42.691287994384766
42.546077728271484
42.44264602661133
42.54780578613281
38.208290100097656
