61.619197845458984
75.33806610107422
75.22225189208984
63.30363845825195
76.07286071777344
76.54134368896484
73.81188201904297
81.63410186767578
72.6555404663086
82.22831726074219
84.88229370117188
61.0322151184082
88.00578308105469
86.53028106689453
81.35956573486328
90.03205108642578
80.70205688476562
83.66860961914062
84.22740173339844
53.267784118652344
80.24968719482422
77.97046661376953
66.83343505859375
79.1433334350586
70.35884857177734
72.52613067626953
75.8449478149414
59.42744064331055
77.44319915771484
72.83344268798828
73.7132339477539
80.77578735351562
70.9580307006836
81.69253540039062
86.1493148803711
47.8677978515625
85.53255462646484
80.80245971679688
73.39888763427734
80.01176452636719
70.56399536132812
72.41278076171875
75.7998046875
61.050418853759766
72.03692626953125
68.31137084960938
60.0184326171875
70.3315200805664
61.68547821044922
66.92254638671875
68.2761001586914
61.325469970703125
70.92146301269531
69.43630981445312
64.36164093017578
72.53141021728516
67.28137969970703
70.91779327392578
71.86788177490234
62.44513702392578
72.98009490966797
68.79718780517578
65.06273651123047
73.78913116455078
65.93673706054688
71.39476013183594
73.20140075683594
49.62532043457031
72.26500701904297
72.35726928710938
69.05255126953125
72.7490234375
64.33240509033203
71.9036865234375
72.36092376708984
46.79277420043945
71.09445190429688
69.18702697753906
59.154090881347656
71.61956787109375
67.769775390625
74.11500549316406
78.42522430419922
57.197628021240234
84.11680603027344
84.38216400146484
81.56636047363281
91.02684783935547
83.0426025390625
87.26915740966797
86.99063873291016
47.24256896972656
80.70308685302734
78.6228256225586
75.37787628173828
83.31291198730469
75.05845642089844
81.47148895263672
84.64672088623047
55.763057708740234
84.58824920654297
82.2318115234375
76.79021453857422
85.27133178710938
76.39694213867188
81.01685333251953
81.22628021240234
62.31325912475586
80.37339782714844
79.318603515625
74.61695861816406
84.42354583740234
77.21293640136719
83.1790771484375
85.89437866210938
33.038330078125
86.66567993164062
85.10841369628906
80.45250701904297
88.95228576660156
81.7321548461914
87.46568298339844
90.62474822998047
57.74847412109375
92.44115447998047
91.32122802734375
86.9057388305664
97.10208892822266
90.29361724853516
96.90813446044922
100.28497314453125
60.09181594848633
100.04814147949219
97.00011444091797
90.83756256103516
98.3509750366211
89.31678009033203
94.02883911132812
95.8968734741211
58.7061653137207
95.1521987915039
92.60401916503906
86.953369140625
95.54534149169922
87.26335906982422
92.63314819335938
94.9599380493164
62.64702224731445
95.03288269042969
92.50616455078125
87.35000610351562
96.25904846191406
87.69927215576172
92.0399169921875
91.88105010986328
50.65727233886719
84.13815307617188
78.86522674560547
72.8248062133789
83.27723693847656
75.67073822021484
83.18048858642578
85.96040344238281
55.836734771728516
87.88179779052734
85.87210845947266
81.5409927368164
90.05184173583984
82.44224548339844
87.79096984863281
90.73812103271484
53.68680953979492
91.82042694091797
89.69637298583984
85.1445541381836
93.77484893798828
85.38834381103516
91.6218490600586
94.69305419921875
56.08479309082031
98.74348449707031
98.01457977294922
93.7277603149414
102.61845397949219
94.45198822021484
99.81194305419922
101.65544128417969
54.429046630859375
99.87248229980469
96.42042541503906
89.77163696289062
96.97745513916016
87.2771224975586
91.48095703125
92.80278778076172
62.31633377075195
90.61659240722656
87.64041137695312
81.62378692626953
88.63006591796875
79.65199279785156
83.72319793701172
85.26799011230469
53.08865737915039
83.76747131347656
80.77152252197266
73.6610107421875
82.31853485107422
71.94515991210938
77.25391387939453
78.76347351074219
58.5059814453125
76.83195495605469
74.12224578857422
65.2624282836914
75.49844360351562
64.57645416259766
70.63159942626953
72.97933197021484
54.206478118896484
69.53549194335938
67.65675354003906
60.18434524536133
70.46035766601562
61.21363067626953
68.47651672363281
70.92145538330078
58.28147888183594
75.93297576904297
76.470703125
70.07917022705078
79.09397888183594
71.49327850341797
74.58919525146484
76.44866180419922
57.9347038269043
75.59867095947266
73.53569030761719
65.3187484741211
76.41696166992188
68.0539321899414
72.3408203125
75.66626739501953
60.07617950439453
76.3853759765625
74.70293426513672
69.51372528076172
79.90426635742188
72.65509033203125
76.89016723632812
79.54766845703125
57.738922119140625
76.77767181396484
73.87921905517578
67.78325653076172
78.22724914550781
71.27458953857422
78.01676940917969
82.08270263671875
42.72053527832031
84.57054138183594
81.96973419189453
77.7597885131836
85.19123077392578
75.92214965820312
80.92668151855469
82.64556121826172
59.656558990478516
82.2967300415039
79.18653106689453
75.56195831298828
84.08235168457031
75.33906555175781
82.56358337402344
86.3603744506836
53.240875244140625
88.7110595703125
87.13467407226562
82.92130279541016
91.22039794921875
82.2424087524414
86.42731475830078
87.74093627929688
51.146785736083984
86.07637023925781
83.85149383544922
77.82423400878906
86.73028564453125
79.25132751464844
84.07186889648438
87.45585632324219
56.186763763427734
88.7929916381836
87.72847747802734
83.4314193725586
93.05290985107422
86.00730895996094
92.51053619384766
95.9607925415039
55.885284423828125
96.53385162353516
93.47622680664062
87.23403930664062
94.59481048583984
85.12934875488281
89.74134063720703
91.16563415527344
50.07462692260742
90.16802215576172
87.15218353271484
81.51174926757812
89.06977844238281
80.23274993896484
85.73497009277344
87.85590362548828
54.02229309082031
87.6324691772461
85.489013671875
80.58019256591797
88.86016082763672
80.72147369384766
86.49173736572266
89.26795959472656
53.43074417114258
90.23152923583984
88.4941177368164
84.01933288574219
93.3521957397461
85.80392456054688
91.6860580444336
94.0823974609375
47.380611419677734
91.53186798095703
87.27762603759766
79.70587158203125
85.67777252197266
75.40625
78.05206298828125
78.60684204101562
51.79201889038086
73.91480255126953
71.8517074584961
68.89277648925781
75.30889129638672
70.68754577636719
75.59814453125
78.29119873046875
56.24414825439453
81.04154968261719
79.98353576660156
74.99117279052734
83.22914123535156
74.61910247802734
80.73438262939453
83.75499725341797
49.589229583740234
85.46734619140625
84.13700866699219
79.72931671142578
88.7794418334961
81.67689514160156
87.95932006835938
91.39517974853516
54.31793975830078
94.11353302001953
92.91649627685547
87.85650634765625
95.86009979248047
86.3821792602539
90.30952453613281
91.11092376708984
54.24039840698242
88.33964538574219
84.5743637084961
77.92821502685547
85.20159149169922
75.7352294921875
78.59201049804688
80.4517822265625
58.13160705566406
81.0680160522461
81.62821960449219
78.87234497070312
89.54615020751953
83.00676727294922
88.38226318359375
90.89277648925781
47.29243850708008
89.6417007446289
86.97709655761719
80.3468017578125
88.46454620361328
79.93767547607422
84.42770385742188
86.17613983154297
53.003604888916016
85.51343536376953
82.77594757080078
77.45622253417969
84.8577651977539
76.3592300415039
81.18502807617188
83.33796691894531
45.92268753051758
84.66300964355469
82.40533447265625
77.29964447021484
85.41239929199219
76.7496566772461
81.89131164550781
84.52550506591797
26.039745330810547
84.68898010253906
82.41268157958984
76.92017364501953
85.20039367675781
76.29273223876953
81.62496185302734
84.20326232910156
54.458499908447266
84.21234893798828
81.9610595703125
75.7561264038086
85.30303955078125
77.1408462524414
83.2012710571289
86.05427551269531
50.2559814453125
86.86876678466797
84.39764404296875
79.94034576416016
87.88713073730469
79.89507293701172
85.3721694946289
87.78030395507812
42.55364990234375
88.7798843383789
87.00629425048828
82.56781005859375
91.08438110351562
83.22130584716797
89.0513687133789
92.00575256347656
61.6555290222168
92.8483657836914
90.35124206542969
85.12994384765625
91.80221557617188
81.25593566894531
84.68937683105469
84.70795440673828
57.19924545288086
82.00508117675781
80.15485382080078
76.62229919433594
85.08999633789062
77.26183319091797
84.48106384277344
87.55010986328125
55.204444885253906
88.6866683959961
86.47541809082031
81.5974349975586
90.02911376953125
81.39990234375
88.25010681152344
91.61552429199219
56.52035903930664
93.96255493164062
92.70637512207031
88.57514190673828
97.63809967041016
89.68480682373047
95.25823211669922
97.39722442626953
55.86057662963867
96.5693588256836
93.81378936767578
88.2923812866211
96.9094467163086
88.47772979736328
94.05433654785156
96.18917846679688
52.41356658935547
95.57611846923828
93.09020233154297
87.5871810913086
95.77069091796875
87.33000183105469
92.68832397460938
95.09684753417969
48.7681770324707
95.5152816772461
93.60916137695312
88.58666229248047
97.02002716064453
88.66205596923828
93.54299926757812
94.96086120605469
49.24843978881836
91.62194061279297
87.40817260742188
79.8980712890625
86.37073516845703
76.4848861694336
79.73583984375
79.46549224853516
44.2096061706543
76.34544372558594
73.02505493164062
64.90156555175781
71.72581481933594
57.63520812988281
68.17410278320312
71.65325164794922
53.534759521484375
74.3039321899414
73.2539291381836
68.2147216796875
75.3095474243164
68.48736572265625
72.9885025024414
76.1342544555664
42.839088439941406
77.21080780029297
74.95384216308594
69.56414794921875
78.78337860107422
71.44052124023438
77.21405792236328
80.59223937988281
57.66312789916992
81.25951385498047
80.59740447998047
74.74629211425781
84.02430725097656
75.9383773803711
80.16912841796875
81.5254135131836
43.399681091308594
77.0565185546875
71.52268981933594
66.51626586914062
70.27545928955078
61.19548797607422
69.75505065917969
75.1299819946289
50.473487854003906
80.80531311035156
79.84149169921875
75.16332244873047
83.85205841064453
76.14000701904297
81.35479736328125
82.6559066772461
55.47105026245117
80.90592956542969
78.80470275878906
72.61626434326172
82.10883331298828
74.34291076660156
80.07048034667969
83.35529327392578
39.757484436035156
84.10618591308594
82.06411743164062
76.5731430053711
84.69014739990234
76.64495849609375
81.88243865966797
84.75796508789062
59.51826477050781
85.63516235351562
82.82103729248047
77.19644165039062
84.5947265625
