73.08113098144531
78.59519958496094
81.57707977294922
57.79951858520508
84.12163543701172
83.44274139404297
77.97579193115234
85.63668060302734
75.99639892578125
79.57044219970703
80.00037384033203
59.54360580444336
76.83197021484375
74.22831726074219
67.19184112548828
71.89198303222656
63.068939208984375
64.31424713134766
64.61515808105469
40.97742462158203
69.81397247314453
71.41690826416016
65.51841735839844
78.6698989868164
70.34114837646484
76.84070587158203
77.65992736816406
54.78791809082031
74.92744445800781
70.40036010742188
63.82861328125
71.38105010986328
61.22986602783203
62.94386672973633
65.82141876220703
49.82126235961914
65.70885467529297
61.70895004272461
44.6579704284668
62.00580596923828
60.430728912353516
59.60114669799805
66.70258331298828
50.793914794921875
67.38313293457031
65.06888580322266
59.09278106689453
69.39875793457031
63.785762786865234
67.91583251953125
71.14935302734375
51.48168182373047
72.45024108886719
70.49488067626953
66.52387237548828
74.44105529785156
67.49112701416016
73.18172454833984
75.67784881591797
54.15016555786133
75.61195373535156
73.0035629272461
68.59626770019531
77.76895141601562
71.77118682861328
75.57683563232422
78.2251205444336
46.91648483276367
79.5108871459961
77.9771957397461
72.4599609375
82.39559173583984
74.3826904296875
80.98219299316406
84.4351577758789
55.90118408203125
86.98973083496094
86.0696029663086
82.1146469116211
91.65575408935547
83.53081512451172
88.888671875
90.48571014404297
57.68013381958008
88.33846282958984
85.13699340820312
78.94749450683594
86.48054504394531
77.3946762084961
82.3747787475586
84.50802612304688
52.192787170410156
83.69258880615234
81.28050994873047
75.25371551513672
83.89893341064453
75.81632995605469
80.9640884399414
83.32789611816406
44.76091384887695
83.41270446777344
81.12653350830078
75.21501922607422
84.43135070800781
75.78385162353516
81.71417999267578
84.33576965332031
57.4323844909668
85.20503234863281
83.06158447265625
78.19393920898438
87.32113647460938
79.33330535888672
85.52396392822266
87.32044219970703
57.349422454833984
83.62203216552734
77.20376586914062
65.9852294921875
67.65168762207031
63.802146911621094
70.87495422363281
74.41120147705078
34.61314392089844
76.03963470458984
73.87602996826172
69.18704986572266
76.68474578857422
69.99495697021484
76.50273895263672
80.52830505371094
56.74142837524414
84.01915740966797
83.12469482421875
78.38278198242188
88.48017883300781
81.74620056152344
88.36671447753906
92.00541687011719
58.001670837402344
92.97206115722656
90.18365478515625
83.70479583740234
90.54378509521484
81.20166778564453
85.37237548828125
87.41429138183594
51.99412155151367
86.05972290039062
83.16217041015625
77.20813751220703
84.60472869873047
76.00228881835938
80.62566375732422
82.76388549804688
49.76385498046875
82.72797393798828
80.21477508544922
75.29156494140625
84.04859924316406
75.56150817871094
81.57804107666016
84.50313568115234
47.68800735473633
85.88700103759766
84.25238037109375
79.73662567138672
89.23210906982422
81.95587158203125
88.60222625732422
91.77075958251953
56.940216064453125
92.37919616699219
89.61811065673828
83.16754913330078
90.34249877929688
80.87332916259766
86.21918487548828
89.38492584228516
52.176761627197266
91.8482437133789
89.9466781616211
84.90137481689453
92.99163818359375
84.33206939697266
89.39679718017578
91.30571746826172
48.69500732421875
90.8300552368164
88.58829498291016
82.96563720703125
91.13140869140625
82.8477783203125
88.00958251953125
90.2799072265625
53.75240707397461
90.29558563232422
87.96669006347656
82.73571014404297
91.17802429199219
82.97903442382812
88.55960845947266
91.0992431640625
58.2205924987793
91.61226654052734
89.66920471191406
84.7607421875
93.65914154052734
85.78263092041016
91.70682525634766
94.50862884521484
57.15401840209961
95.14674377441406
92.70147705078125
87.04698944091797
94.99700164794922
86.36593627929688
92.13697052001953
94.86740112304688
58.782135009765625
96.03307342529297
93.99369049072266
88.80632781982422
96.9566421508789
88.13963317871094
92.64949035644531
94.15827178955078
58.11007308959961
92.287109375
89.01576232910156
82.58447265625
90.19960021972656
81.36294555664062
85.51449584960938
86.97645568847656
57.555660247802734
85.16883087158203
82.45869445800781
76.11698150634766
83.95006561279297
75.46327209472656
79.6263656616211
81.0689926147461
46.572837829589844
80.40521240234375
79.10804748535156
74.52800750732422
82.97715759277344
74.81941223144531
79.7220458984375
81.37541198730469
56.3149299621582
80.73489379882812
78.0611801147461
72.59209442138672
80.59510040283203
70.71186065673828
76.65432739257812
78.9764404296875
48.435848236083984
78.59041595458984
75.51502990722656
69.60478973388672
78.15506744384766
70.4093246459961
75.29560089111328
78.18964385986328
51.718055725097656
79.93949127197266
77.6982192993164
72.6930160522461
81.4854507446289
73.11075592041016
78.86799621582031
81.65626525878906
44.081729888916016
81.96119689941406
79.96906280517578
75.22247314453125
83.78154754638672
76.20602416992188
81.77891540527344
84.6767807006836
54.044837951660156
85.94560241699219
84.53440856933594
79.81068420410156
89.16696166992188
81.9504165649414
87.7598648071289
90.91128540039062
55.95530700683594
91.77448272705078
89.48128509521484
83.61549377441406
91.9168701171875
83.5959243774414
88.41918182373047
90.6429443359375
58.8402099609375
89.99980926513672
86.96652221679688
80.5518798828125
87.8337631225586
77.635986328125
81.15044403076172
81.92574310302734
57.22207260131836
80.27710723876953
77.48062896728516
71.46944427490234
79.9142074584961
70.7986831665039
76.66373443603516
77.79703521728516
47.101261138916016
77.27800750732422
74.44050598144531
69.06377410888672
77.17024993896484
68.89543914794922
74.21068572998047
76.6551742553711
38.702911376953125
76.3209457397461
73.064208984375
69.02128601074219
76.21831512451172
67.4945068359375
71.2184066772461
73.69681549072266
48.94306182861328
72.47203063964844
72.1789779663086
65.76274871826172
74.55712890625
67.71019744873047
72.77202606201172
74.7972412109375
49.993831634521484
75.665771484375
73.67340087890625
68.21286010742188
77.35995483398438
69.4740219116211
74.72471618652344
76.40105438232422
52.482391357421875
77.75067138671875
75.80107879638672
71.95648193359375
79.42556762695312
72.44776916503906
77.37549591064453
79.91706085205078
51.52924346923828
81.17862701416016
79.38687896728516
74.65690612792969
83.31864929199219
75.31214141845703
81.38981628417969
84.67565155029297
58.451419830322266
86.4115982055664
84.8425521850586
80.68479919433594
89.92725372314453
82.68185424804688
88.89387512207031
92.00588989257812
59.17099380493164
92.52672576904297
89.48279571533203
83.39178466796875
90.66220092773438
80.94872283935547
85.48737335205078
87.05343627929688
53.85760498046875
86.2957992553711
84.43936920166016
79.77510833740234
88.32781219482422
79.9380874633789
85.65393829345703
87.2445297241211
49.243247985839844
86.15215301513672
83.04656982421875
77.12454986572266
85.36246490478516
77.0722427368164
82.16815948486328
84.48095703125
50.94206619262695
84.13909149169922
81.49366760253906
75.55665588378906
83.9043960571289
75.25901794433594
80.28076171875
82.06124114990234
52.21616744995117
80.91525268554688
78.3222885131836
72.67393493652344
81.77438354492188
73.99799346923828
79.17743682861328
81.610595703125
50.09373474121094
82.20635223388672
79.56131744384766
73.74333953857422
82.69917297363281
74.02801513671875
80.3861083984375
82.73507690429688
44.01960754394531
83.591552734375
81.64366912841797
76.78366088867188
85.80464935302734
77.92168426513672
84.15962982177734
86.75773620605469
55.568931579589844
86.18696594238281
81.96742248535156
75.02496337890625
80.0664291381836
68.81348419189453
70.66383361816406
69.26978302001953
50.63932800292969
62.48157501220703
64.73450469970703
62.324947357177734
75.02767181396484
68.11137390136719
75.25232696533203
77.78363800048828
50.8882942199707
79.15946960449219
77.33206176757812
72.0967788696289
80.5911865234375
72.5064697265625
78.07149505615234
80.55927276611328
50.42503356933594
81.54558563232422
79.44058990478516
74.48995971679688
82.93603515625
74.92235565185547
80.52888488769531
83.21276092529297
51.35464859008789
84.13748931884766
82.21708679199219
77.43150329589844
86.27516174316406
77.8554916381836
84.07506561279297
86.6028823852539
48.6441650390625
86.835205078125
84.41554260253906
79.01370239257812
86.80522918701172
78.51229095458984
83.6192626953125
86.1069564819336
48.11785125732422
85.98501586914062
83.13125610351562
76.87767028808594
83.89158630371094
74.3291015625
78.88629150390625
81.26712799072266
55.1701545715332
82.99182891845703
82.06209564208984
78.57083892822266
87.46330261230469
79.53179931640625
85.43760681152344
87.71080017089844
53.89805221557617
87.02930450439453
84.10243225097656
78.14702606201172
85.99970245361328
76.61150360107422
81.66914367675781
83.49595642089844
52.04301452636719
82.20993041992188
78.96222686767578
72.38276672363281
80.0884017944336
70.97399139404297
75.81796264648438
76.74972534179688
34.537357330322266
75.1690444946289
70.9250717163086
65.35448455810547
73.49540710449219
63.726409912109375
69.82984924316406
74.9591293334961
50.93471145629883
78.82797241210938
78.28099060058594
73.75701141357422
83.7104263305664
76.4737319946289
81.79610443115234
84.44033813476562
52.40865707397461
84.21776580810547
81.56529998779297
76.07084655761719
83.842041015625
74.92312622070312
80.19422149658203
82.24295806884766
50.609920501708984
81.19478607177734
78.27410888671875
72.53361511230469
80.86725616455078
72.02454376220703
77.07349395751953
79.60416412353516
49.61696243286133
82.36395263671875
80.90912628173828
75.78084564208984
84.93902587890625
77.14543914794922
82.0284194946289
84.03065490722656
54.966453552246094
83.20648956298828
80.07984161376953
74.58665466308594
82.51087951660156
73.9129638671875
79.02961730957031
80.54580688476562
45.48552703857422
79.32166290283203
76.40702819824219
72.05001831054688
80.30984497070312
72.08710479736328
77.89801025390625
80.7122802734375
47.25857162475586
81.6141586303711
79.61505126953125
74.39204406738281
83.12442016601562
75.27790832519531
81.23494720458984
84.03411865234375
55.44783401489258
84.32023620605469
81.68751525878906
75.5953598022461
83.4595718383789
