81.66905975341797
82.3876724243164
83.28250122070312
77.70099639892578
82.45933532714844
80.28096771240234
63.12240219116211
76.08539581298828
68.79932403564453
76.35169219970703
75.51557922363281
68.76402282714844
74.61368560791016
70.03301239013672
65.2397232055664
69.51142120361328
62.646240234375
72.15409088134766
76.80177307128906
70.39722442626953
80.38700866699219
80.55651092529297
77.22904968261719
81.4922103881836
68.66531372070312
73.54602813720703
75.20779418945312
69.18997192382812
76.54036712646484
76.5103530883789
65.94955444335938
60.20009231567383
65.67326354980469
71.89960479736328
75.93240356445312
71.08441162109375
58.011383056640625
66.48259735107422
68.9574966430664
69.43177032470703
68.77922821044922
68.7997817993164
69.09831237792969
67.5554428100586
59.07810592651367
56.890419006347656
71.32039642333984
74.4324951171875
73.34611511230469
60.84915542602539
64.17459869384766
67.62376403808594
77.46405792236328
72.24666595458984
71.82098388671875
75.66461944580078
70.76814270019531
72.97640991210938
75.51449584960938
71.266845703125
78.12799072265625
77.87580108642578
72.86392974853516
76.90606689453125
71.96793365478516
76.68326568603516
81.17381286621094
72.874267578125
78.76070404052734
74.22879028320312
77.36517333984375
84.15685272216797
78.97611236572266
80.22394561767578
84.69852447509766
48.68793487548828
86.30078125
85.6459732055664
80.41951751708984
90.35932922363281
83.27788543701172
87.85701751708984
89.76847839355469
70.06475830078125
89.3849868774414
86.09165954589844
75.63428497314453
85.47721099853516
71.58275604248047
83.32588195800781
83.0873031616211
73.49105072021484
78.08650970458984
78.13819122314453
78.6055908203125
83.05345916748047
74.60138702392578
78.49699401855469
80.05168914794922
75.18657684326172
80.37466430664062
81.98155975341797
74.88276672363281
78.92378997802734
79.64324951171875
83.79380798339844
79.41700744628906
80.51368713378906
79.96790313720703
73.75741577148438
76.56846618652344
73.24176025390625
71.69625854492188
73.01455688476562
58.19401168823242
66.31941986083984
80.46813201904297
78.82135772705078
66.47905731201172
76.14999389648438
70.2260513305664
77.92581939697266
80.58833312988281
57.0615234375
80.20586395263672
79.79401397705078
68.7381591796875
80.98561096191406
67.53627014160156
81.40901947021484
83.39592742919922
70.8729476928711
82.50436401367188
81.47526550292969
79.90379333496094
86.85143280029297
81.23805236816406
79.4264907836914
85.02796936035156
73.72068786621094
89.02888488769531
86.62064361572266
79.55488586425781
84.99618530273438
72.90393829345703
84.74504852294922
85.48871612548828
76.14080810546875
82.20783233642578
80.96019744873047
81.36027526855469
83.03140258789062
83.39043426513672
73.68245697021484
84.86566925048828
81.03565216064453
87.82877349853516
84.40885925292969
82.7771224975586
87.675048828125
77.51080322265625
86.9117660522461
89.74119567871094
74.95536804199219
86.86740112304688
79.6388931274414
83.73165130615234
92.0882797241211
86.7107162475586
92.11616516113281
95.85391998291016
65.18650817871094
96.80792236328125
94.41864013671875
90.34219360351562
98.13920593261719
90.20698547363281
94.97615051269531
97.81401824951172
73.32681274414062
98.48236083984375
96.50048828125
91.6269760131836
99.99213409423828
91.70758056640625
97.83006286621094
100.94844818115234
73.20079040527344
101.14117431640625
98.69730377197266
93.45120239257812
100.26390838623047
90.67430114746094
94.92890167236328
96.4620361328125
69.54634857177734
93.99710083007812
91.2216796875
83.37431335449219
90.85006713867188
80.5561752319336
85.77767181396484
86.72954559326172
56.30250549316406
83.576171875
79.74168395996094
76.23287963867188
82.75489807128906
75.8958740234375
73.3661880493164
75.61253356933594
68.97417449951172
78.2841796875
76.56624603271484
69.26138305664062
76.53223419189453
72.60467529296875
75.01275634765625
79.49459075927734
67.28568267822266
81.87751007080078
79.38497161865234
70.70288848876953
82.03651428222656
73.45935821533203
81.00677490234375
82.80748748779297
68.7929458618164
86.3744888305664
84.7861557006836
77.8718490600586
86.60855102539062
77.3951416015625
80.8642807006836
82.23473358154297
69.48213195800781
82.90656280517578
80.81825256347656
73.4776382446289
79.1426010131836
71.09709930419922
76.00862884521484
78.72542572021484
69.15190124511719
74.96919250488281
69.53436279296875
72.41813659667969
77.55520629882812
70.66957092285156
63.460262298583984
68.66548919677734
69.4002685546875
77.95628356933594
75.96690368652344
44.675025939941406
67.44597625732422
60.46319580078125
74.08351135253906
75.58344268798828
60.710906982421875
68.33723449707031
64.22444915771484
73.66083526611328
73.52655792236328
71.17323303222656
59.62703323364258
69.13887786865234
67.27489471435547
78.89154052734375
75.72457885742188
68.03395080566406
74.9134521484375
66.96793365478516
77.44133758544922
78.97061920166016
68.38115692138672
78.14579010009766
76.25411987304688
73.94652557373047
82.3977279663086
74.34009552001953
81.40154266357422
84.23519134521484
64.9674072265625
85.1388931274414
83.57105255126953
79.96986389160156
88.43934631347656
80.50287628173828
84.99202728271484
87.05795288085938
65.6508560180664
87.72571563720703
86.04107666015625
79.70416259765625
88.41743469238281
80.64459991455078
86.32518768310547
88.803955078125
67.45671844482422
90.7520523071289
89.47521209716797
81.60244750976562
92.30638885498047
83.38485717773438
90.9109878540039
91.82211303710938
66.29894256591797
89.1351089477539
86.80766296386719
82.77188873291016
89.83734893798828
82.03631591796875
85.54727172851562
87.90597534179688
64.37568664550781
87.79753112792969
85.0003890991211
80.40009307861328
88.5359115600586
80.76388549804688
84.83651733398438
87.14716339111328
66.57776641845703
88.65753173828125
86.40019226074219
78.66596984863281
88.88774108886719
80.49565124511719
88.22991943359375
90.93577575683594
67.2441177368164
91.24774932861328
89.55442810058594
86.97634887695312
95.34494018554688
87.77115631103516
93.86238861083984
96.56555938720703
66.80496978759766
94.07911682128906
90.10597229003906
84.54637145996094
91.49134063720703
82.92378234863281
87.13957977294922
89.16732025146484
54.151153564453125
89.0486068725586
85.91748809814453
78.79850769042969
86.55838775634766
77.90664672851562
82.0627670288086
83.63017272949219
59.589908599853516
81.15089416503906
78.25930786132812
73.15900421142578
79.67691040039062
72.35142517089844
74.77702331542969
77.06647491455078
65.48075103759766
75.12686157226562
68.41908264160156
70.2059326171875
74.0997085571289
66.88773345947266
70.24747467041016
71.91438293457031
61.25210189819336
69.57681274414062
70.36695861816406
69.08149719238281
74.51091766357422
71.82530212402344
72.66426849365234
76.4033432006836
66.37480163574219
79.97611999511719
79.12401580810547
74.7227783203125
83.92350006103516
76.95514678955078
83.30944061279297
86.86137390136719
64.49070739746094
89.72664642333984
88.80329895019531
82.8425521850586
92.54386138916016
83.76423645019531
90.17684173583984
91.9658203125
68.14778137207031
90.24720001220703
87.1159896850586
82.46464538574219
90.11114501953125
81.69084167480469
85.95692443847656
88.03781127929688
59.839900970458984
87.32884216308594
84.69342041015625
79.33106994628906
87.4571762084961
79.29859161376953
83.6963119506836
85.44501495361328
64.37899780273438
86.23434448242188
84.41725158691406
76.93364715576172
85.96554565429688
75.092529296875
83.64897155761719
85.59687805175781
64.5514907836914
83.86405944824219
81.3752670288086
77.87771606445312
85.67318725585938
78.32769775390625
80.67845153808594
83.59199523925781
64.65061950683594
85.2497787475586
83.3883056640625
74.40449523925781
83.5984878540039
73.26371765136719
82.4649429321289
85.0911865234375
58.966758728027344
86.5223388671875
85.07748413085938
82.01326751708984
89.93465423583984
81.59516143798828
86.64405059814453
89.2228775024414
64.37881469726562
89.29857635498047
86.77586364746094
82.49785614013672
90.4642333984375
82.06410217285156
87.50730895996094
90.04808044433594
60.672977447509766
90.98597717285156
89.48410034179688
83.5688247680664
92.35699462890625
83.15495300292969
90.88675689697266
93.47919464111328
65.49686431884766
93.64006042480469
91.08897399902344
87.25979614257812
94.13633728027344
86.10787963867188
90.77715301513672
93.74839782714844
65.95365142822266
95.79638671875
94.23279571533203
89.19538116455078
98.48373413085938
90.95775604248047
96.5820541381836
99.04481506347656
54.14140319824219
98.88682556152344
96.3498764038086
89.72904968261719
98.03215026855469
88.94830322265625
94.33091735839844
96.02252960205078
63.45097732543945
94.55049896240234
91.60160827636719
86.63601684570312
94.15615844726562
85.36579132080078
90.0454330444336
92.0167465209961
67.7183837890625
91.49972534179688
88.67922973632812
83.99972534179688
92.40352630615234
85.56083679199219
90.72764587402344
93.5200424194336
64.39844512939453
94.00740814208984
91.9697494506836
85.95702362060547
94.77339935302734
86.26761627197266
92.53433990478516
95.03491973876953
68.483642578125
94.74791717529297
92.23193359375
86.26995849609375
93.36399841308594
83.77452087402344
87.45146179199219
87.93407440185547
63.268226623535156
83.85383605957031
79.0608901977539
75.68862915039062
81.81082153320312
72.96479797363281
73.94955444335938
74.9059829711914
61.35183334350586
67.732421875
56.76869583129883
66.37088775634766
65.17405700683594
66.51445007324219
60.672550201416016
61.53889465332031
66.52201080322266
74.58922576904297
73.97197723388672
62.702274322509766
79.85879516601562
73.4652099609375
79.76322174072266
81.5013427734375
63.74150848388672
81.20695495605469
79.46785736083984
68.39250946044922
78.20291900634766
64.78275299072266
75.6798095703125
70.66735076904297
65.70272827148438
75.83734130859375
74.78520965576172
72.67552947998047
80.24822235107422
72.6438217163086
77.07157135009766
79.31682586669922
60.69196319580078
81.56481170654297
80.40520477294922
68.90664672851562
79.8780288696289
67.03486633300781
78.73345947265625
80.09356689453125
67.51864624023438
78.01841735839844
76.05269622802734
74.48526000976562
80.7015609741211
74.29190063476562
75.53279876708984
78.4090576171875
64.77872467041016
80.87906646728516
79.7158203125
72.00904846191406
82.16949462890625
