67.54105377197266
74.68738555908203
77.90470886230469
57.375301361083984
80.53359985351562
79.1954574584961
76.15065002441406
84.8131332397461
74.78523254394531
79.99596405029297
79.49003601074219
35.92586135864258
75.92951965332031
69.77525329589844
60.61930847167969
68.76862335205078
55.792930603027344
52.28574752807617
55.247982025146484
45.33817672729492
69.91177368164062
69.81150817871094
67.58976745605469
77.93468475341797
69.33744049072266
76.93892669677734
77.1971435546875
48.82282638549805
75.02745819091797
71.6896743774414
65.99626922607422
71.71247863769531
60.52787780761719
66.68889617919922
65.09201049804688
48.26545333862305
63.68980407714844
62.346588134765625
53.52787780761719
60.76589584350586
47.88169860839844
46.98469543457031
53.465911865234375
54.590972900390625
47.102210998535156
47.04667663574219
56.3406867980957
57.82740020751953
50.530059814453125
60.893672943115234
64.03449249267578
41.237274169921875
65.92500305175781
60.30299758911133
59.952964782714844
69.11405944824219
56.34456253051758
66.9230728149414
70.4906997680664
52.672691345214844
71.0265884399414
66.61576843261719
63.355674743652344
72.11239624023438
62.24702453613281
70.36100006103516
72.79832458496094
49.280418395996094
74.99607849121094
73.6954345703125
70.22892761230469
77.91171264648438
69.90325927734375
77.37548828125
80.670166015625
57.6745491027832
83.28349304199219
82.3885726928711
79.06210327148438
88.91304779052734
81.50431823730469
89.3805923461914
91.68888092041016
67.84662628173828
91.06597900390625
87.25638580322266
81.74449920654297
88.94359588623047
80.27379608154297
84.78062438964844
86.61637878417969
49.1837272644043
86.0367431640625
83.73039245605469
77.73714447021484
86.52345275878906
78.21588134765625
83.5456314086914
86.1222915649414
55.522987365722656
86.4365005493164
84.4638671875
79.10308074951172
87.85266876220703
80.71075439453125
85.24169158935547
88.61343383789062
64.29297637939453
88.32137298583984
86.24126434326172
76.98379516601562
85.27273559570312
74.6952133178711
73.40799713134766
72.17179107666016
46.03205490112305
75.7159423828125
74.77368927001953
66.27169799804688
74.94459533691406
64.51542663574219
68.61328125
66.943603515625
56.33131408691406
46.7949104309082
59.60272216796875
62.775882720947266
71.3105697631836
62.45403289794922
72.66486358642578
75.47222137451172
50.5796012878418
78.89000701904297
77.50418853759766
73.48535919189453
82.99591064453125
75.86465454101562
83.02611541748047
86.51725006103516
66.23316192626953
89.0624771118164
85.97846984863281
80.9595947265625
86.98478698730469
77.84459686279297
82.28865814208984
84.03119659423828
48.24085998535156
82.18592834472656
78.93681335449219
72.99159240722656
80.74212646484375
72.19639587402344
77.0118408203125
79.6961898803711
53.31665802001953
80.03939056396484
77.8850326538086
73.47431182861328
82.04312133789062
74.84471130371094
80.46643829345703
83.94344329833984
49.31672286987305
85.91764068603516
84.81752014160156
80.53800964355469
89.99915313720703
83.02799224853516
88.90252685546875
92.103759765625
59.57014846801758
92.80398559570312
90.78352355957031
84.76374053955078
93.59808349609375
85.70333862304688
90.15242767333984
92.41738891601562
59.19173812866211
91.95197296142578
89.6794204711914
83.89657592773438
92.24413299560547
84.00756072998047
88.86102294921875
91.27764129638672
56.80299758911133
91.20870971679688
88.7884521484375
83.2411880493164
91.8130111694336
83.40087127685547
88.74270629882812
91.18683624267578
49.28569030761719
91.36954498291016
89.16436004638672
83.62647247314453
92.4829330444336
84.55387115478516
89.825439453125
92.54532623291016
56.770057678222656
92.97371673583984
91.2493896484375
85.28218841552734
94.1732177734375
85.97010040283203
90.77268981933594
93.49290466308594
41.839107513427734
94.15547180175781
92.67643737792969
87.23287963867188
96.74353790283203
89.80718231201172
94.34657287597656
97.7782974243164
75.52120971679688
97.47081756591797
95.743896484375
87.9679946899414
96.97364044189453
88.93745422363281
91.86309051513672
93.79702758789062
70.35738372802734
91.73902130126953
88.80260467529297
82.17076110839844
90.00822448730469
81.27955627441406
85.4950942993164
87.24298095703125
59.789939880371094
85.68803405761719
82.6314697265625
76.63700103759766
84.17965698242188
75.75357818603516
80.09889221191406
81.81150817871094
49.54792785644531
81.80953216552734
81.01879119873047
75.73220825195312
84.64949035644531
76.31038665771484
81.22108459472656
83.04898834228516
60.692195892333984
82.16161346435547
79.84971618652344
74.0405502319336
82.01851654052734
72.92742156982422
78.44168090820312
80.36495208740234
51.32992935180664
79.41564178466797
77.00169372558594
69.95096588134766
79.7403793334961
71.84805297851562
78.64358520507812
81.91890716552734
54.94099044799805
82.66445922851562
80.91504669189453
75.95206451416016
84.14710235595703
76.16088104248047
81.82078552246094
84.35282897949219
48.47434616088867
84.67650604248047
82.6027603149414
77.37548828125
86.19970703125
78.14743041992188
84.0256576538086
87.16603088378906
55.78485107421875
88.21061706542969
86.73941040039062
81.411865234375
90.83808898925781
83.63774108886719
89.24589538574219
92.09252166748047
67.23165130615234
92.42619323730469
89.80734252929688
85.12310028076172
93.01258850097656
84.40172576904297
89.32192993164062
91.02655029296875
52.83572006225586
89.42692565917969
86.44082641601562
79.76737976074219
87.8950424194336
79.09249877929688
83.386474609375
85.21121978759766
50.711055755615234
84.06181335449219
81.2793960571289
75.0917739868164
83.79773712158203
74.8156509399414
80.1968002319336
82.33741760253906
42.53548049926758
81.68672943115234
79.74869537353516
74.26904296875
82.42951202392578
74.50807189941406
79.05697631835938
81.72091674804688
54.398311614990234
80.64530944824219
77.06529235839844
69.76510620117188
76.99140167236328
68.0967788696289
73.0015640258789
75.75293731689453
46.64403533935547
75.54207611083984
74.2112808227539
69.25212860107422
77.08924865722656
69.05465698242188
75.13611602783203
77.27149200439453
49.115135192871094
78.26013946533203
75.60652923583984
70.07737731933594
79.48391723632812
70.92803192138672
76.74896240234375
79.77788543701172
51.556724548339844
80.28370666503906
78.39994812011719
73.79801177978516
82.47166442871094
74.84268951416016
80.63843536376953
83.36874389648438
42.79926300048828
84.65966033935547
83.19869995117188
78.556640625
87.88916015625
80.8591537475586
86.5207748413086
90.1466293334961
66.12552642822266
91.31702423095703
89.89826965332031
82.67340087890625
91.82926940917969
83.44156646728516
87.3355941772461
89.6033935546875
60.39891052246094
88.52576446533203
86.57443237304688
79.97260284423828
88.86323547363281
81.08867645263672
84.45742797851562
86.58309936523438
61.749366760253906
84.90097045898438
82.31820678710938
76.15442657470703
84.2209701538086
76.79866027832031
80.48959350585938
82.82823181152344
57.79702377319336
82.02349090576172
79.5749740600586
73.76648712158203
81.5388412475586
73.87845611572266
78.1729736328125
80.25334167480469
58.336605072021484
79.05099487304688
76.18997955322266
72.19782257080078
78.1434097290039
68.44236755371094
76.17793273925781
78.02509307861328
61.28980255126953
79.39167022705078
75.71553802490234
71.93807220458984
79.75645446777344
70.85197448730469
76.6144790649414
78.87867736816406
49.9584846496582
78.758544921875
76.6076431274414
71.76256561279297
79.53511810302734
71.81309509277344
78.01036834716797
81.0405502319336
49.33078384399414
81.44528198242188
79.0164566040039
73.34154510498047
81.91183471679688
74.13502502441406
78.92306518554688
81.17339324951172
48.73185729980469
81.10991668701172
78.6107406616211
74.01716613769531
81.46614074707031
73.43374633789062
78.78238677978516
80.9488296508789
52.883060455322266
81.75211334228516
79.55839538574219
74.43169403076172
82.95469665527344
75.10196685791016
80.37947845458984
82.33473205566406
52.170005798339844
82.93189239501953
80.78800964355469
75.73130798339844
83.8643798828125
75.51364135742188
81.4775619506836
83.85247039794922
43.55397033691406
84.55840301513672
82.52249908447266
77.1349868774414
86.20264434814453
78.2222671508789
83.71175384521484
86.65157318115234
56.59499740600586
87.1075668334961
85.27694702148438
79.36793518066406
88.39635467529297
80.2938003540039
84.91448211669922
86.7161865234375
62.6918830871582
85.47698974609375
82.52191162109375
78.56472778320312
87.31300354003906
80.51898956298828
86.3540267944336
89.84274291992188
64.07868194580078
91.24092102050781
89.99073028564453
83.3743667602539
92.70407104492188
84.82569122314453
88.51581573486328
90.78645324707031
63.27573013305664
89.24150848388672
86.49507904052734
79.78536987304688
88.09471130371094
79.39114379882812
83.93268585205078
85.56715393066406
58.01306915283203
84.43217468261719
81.71753692626953
76.07897186279297
83.60426330566406
74.70638275146484
79.49504089355469
81.00294494628906
38.75313949584961
80.42941284179688
77.94349670410156
72.04209899902344
79.60474395751953
71.25503540039062
75.4076919555664
77.41471862792969
49.348121643066406
75.11920166015625
71.1210708618164
66.06166076660156
69.11569213867188
49.7585563659668
62.17758560180664
74.63479614257812
60.473411560058594
82.85157012939453
82.87865447998047
76.48241424560547
86.27527618408203
78.22087860107422
82.4004135131836
84.51795196533203
56.2474365234375
83.5412368774414
80.87203979492188
74.39995574951172
83.00212097167969
74.5278549194336
79.13410186767578
80.89413452148438
51.11623764038086
79.85829162597656
77.46675872802734
70.53712463378906
80.63148498535156
74.27145385742188
80.58358764648438
84.03748321533203
55.33948516845703
84.49406433105469
82.1504135131836
75.88135528564453
85.07247161865234
75.92271423339844
81.87313842773438
84.20664978027344
50.32276916503906
84.28016662597656
82.19831085205078
76.41275787353516
85.27418518066406
77.40709686279297
82.49873352050781
85.3152084350586
45.48185348510742
85.53482818603516
83.77581787109375
78.05269622802734
87.15538787841797
79.64783477783203
84.59532928466797
87.69766235351562
60.40549850463867
88.02249145507812
86.62745666503906
79.84162139892578
89.2469711303711
81.66185760498047
84.17892456054688
86.18196105957031
58.90803909301758
83.5897216796875
80.4341812133789
74.15637969970703
82.9957046508789
