49.278255462646484
57.449703216552734
48.49616622924805
50.759368896484375
58.70492935180664
46.50879669189453
54.11014938354492
44.66920852661133
44.34928512573242
51.664161682128906
49.12679672241211
50.428955078125
44.87003707885742
58.53972625732422
39.372276306152344
47.15908432006836
53.76233673095703
59.937171936035156
48.390586853027344
58.578338623046875
43.3405647277832
51.24972152709961
54.365116119384766
52.46745300292969
53.21480941772461
49.42869186401367
46.333648681640625
46.77934265136719
50.158782958984375
30.35735321044922
43.567893981933594
58.023048400878906
54.1257209777832
50.1763916015625
39.01295471191406
57.0196647644043
49.74083709716797
54.22624969482422
51.643924713134766
40.16792297363281
51.090179443359375
38.3593864440918
55.17991638183594
38.913631439208984
49.49031448364258
47.5223503112793
52.621944427490234
52.17435073852539
43.12876510620117
34.24066162109375
50.83719253540039
54.765159606933594
43.32147216796875
44.98903274536133
48.505611419677734
51.56712341308594
47.4520378112793
39.609596252441406
50.01517868041992
34.81105422973633
43.41763687133789
45.59324645996094
23.227020263671875
46.33903121948242
42.27840805053711
46.63346862792969
47.95582580566406
52.67045593261719
52.590091705322266
42.31572341918945
50.7971305847168
50.269378662109375
48.618412017822266
36.131187438964844
44.62739944458008
40.66702651977539
30.620132446289062
52.192928314208984
41.21189880371094
35.13172149658203
42.09965515136719
47.60490036010742
51.48406982421875
43.86591720581055
42.33887481689453
42.29562759399414
52.092010498046875
51.10755157470703
41.0872917175293
49.683895111083984
35.19355773925781
45.0876350402832
47.802608489990234
53.762149810791016
46.943904876708984
45.98207092285156
49.71983337402344
50.37294387817383
43.63548278808594
41.295982360839844
50.86953353881836
49.749481201171875
41.111915588378906
49.34276580810547
50.98516845703125
50.682701110839844
49.23518371582031
49.66908264160156
46.42276382446289
54.53947448730469
44.553077697753906
53.50027847290039
34.17205047607422
53.94075012207031
40.790531158447266
57.470558166503906
53.06654739379883
53.19977569580078
53.1537971496582
58.82379913330078
54.49883270263672
56.564144134521484
58.724395751953125
40.06657791137695
52.72373580932617
53.33248519897461
55.803306579589844
61.53047180175781
59.98301696777344
53.80078887939453
62.281349182128906
55.45137405395508
57.22666931152344
59.900184631347656
57.45063781738281
53.03147506713867
61.6360969543457
59.4793815612793
56.670501708984375
50.178558349609375
59.90599060058594
59.63920211791992
55.63246536254883
61.7714958190918
60.831912994384766
59.484615325927734
57.85325622558594
60.10708999633789
59.69871520996094
60.04597473144531
51.323936462402344
49.16854476928711
49.242008209228516
52.48923110961914
47.425052642822266
49.69346237182617
48.57105255126953
53.74305725097656
53.19719696044922
59.52088165283203
51.88154220581055
54.265785217285156
47.917755126953125
46.924949645996094
55.29172134399414
53.97410583496094
44.875389099121094
50.3978157043457
51.883548736572266
47.095130920410156
52.31071472167969
45.92705154418945
51.775508880615234
54.318077087402344
54.36865997314453
43.748313903808594
49.7506103515625
53.813720703125
52.12173080444336
56.5087890625
48.766700744628906
43.71847152709961
48.84819030761719
52.140045166015625
50.961280822753906
52.39621353149414
43.59874725341797
49.08534622192383
56.567684173583984
50.74463653564453
56.45165252685547
56.66355895996094
48.145511627197266
52.076416015625
49.82047653198242
56.60200500488281
54.059329986572266
49.4554443359375
61.01790237426758
56.59403991699219
40.35687255859375
55.37839889526367
54.643959045410156
51.223609924316406
40.78934097290039
50.553680419921875
45.2000732421875
44.221473693847656
46.176422119140625
39.78410339355469
34.722991943359375
43.71220016479492
49.66961669921875
56.91004943847656
48.38034439086914
54.218536376953125
57.399200439453125
44.488807678222656
47.17698669433594
53.60029983520508
53.099403381347656
46.294158935546875
52.48478698730469
49.75020980834961
41.53539276123047
46.52253723144531
52.63444900512695
43.368446350097656
48.0535888671875
53.70283126831055
43.257232666015625
48.48494338989258
53.07853698730469
45.939029693603516
49.7022590637207
27.697362899780273
46.066062927246094
53.42748260498047
47.0206184387207
50.4642333984375
48.557125091552734
41.42632293701172
36.890743255615234
54.990169525146484
50.75164031982422
56.42137908935547
51.10227966308594
49.94099426269531
50.684715270996094
49.5172119140625
53.03499221801758
39.91031265258789
50.96641540527344
51.00086212158203
48.152870178222656
38.128150939941406
50.1116943359375
50.34759521484375
50.446353912353516
55.68783187866211
48.7872428894043
47.61831283569336
45.32080078125
41.75163269042969
48.87409973144531
50.04502868652344
52.62636184692383
43.54912185668945
51.4367790222168
51.12128829956055
55.535400390625
44.239952087402344
49.64331817626953
44.993446350097656
47.7501335144043
52.76693344116211
45.550777435302734
38.85536575317383
44.728416442871094
48.289424896240234
41.92522430419922
45.03400802612305
49.06953430175781
46.329769134521484
54.82251739501953
52.31470489501953
46.913116455078125
53.17686080932617
54.840274810791016
51.13759231567383
52.38969421386719
51.823246002197266
52.5400505065918
50.65786361694336
45.870826721191406
40.54888916015625
53.804134368896484
40.55834197998047
46.72633361816406
50.395511627197266
44.33735656738281
42.13823699951172
52.120262145996094
46.60205078125
46.03144836425781
42.817569732666016
47.34991455078125
49.01375961303711
46.999488830566406
53.367435455322266
40.292091369628906
38.082862854003906
41.08041763305664
54.67133331298828
49.694862365722656
48.52973556518555
50.67131805419922
50.1126823425293
52.9662971496582
53.19513702392578
43.027557373046875
49.78437805175781
47.50110626220703
42.252105712890625
39.590721130371094
45.21955871582031
50.25981903076172
41.3254280090332
34.99411392211914
52.9774284362793
42.12419509887695
49.381858825683594
44.51156997680664
40.61274337768555
42.38702392578125
43.4088134765625
44.72186279296875
40.67287063598633
50.5590705871582
40.81371307373047
48.67528533935547
41.147769927978516
47.9421272277832
45.215797424316406
50.85752487182617
52.29402160644531
49.96067428588867
49.166080474853516
50.015052795410156
42.77633285522461
42.35224151611328
49.53892517089844
51.369441986083984
41.490631103515625
44.5747184753418
42.35050964355469
46.89530944824219
47.36123275756836
40.729190826416016
45.482967376708984
46.163692474365234
48.15043258666992
49.73434066772461
40.00297927856445
45.335968017578125
49.44880294799805
45.05162811279297
45.33930587768555
46.699832916259766
41.790061950683594
36.86699295043945
43.21831130981445
37.3762092590332
44.097068786621094
47.23239517211914
44.96930694580078
45.95566940307617
44.973358154296875
42.26164245605469
46.554996490478516
27.275739669799805
40.01083755493164
35.0887565612793
47.249271392822266
30.872909545898438
33.179447174072266
44.59187698364258
43.16239547729492
35.650474548339844
46.23636245727539
40.84065628051758
38.43136215209961
45.61874771118164
43.06835174560547
36.30296325683594
48.9120979309082
47.36347579956055
33.92334747314453
34.39720916748047
41.996788024902344
45.1605224609375
34.00459671020508
44.946388244628906
50.74884796142578
43.45220184326172
40.418880462646484
36.538307189941406
24.217491149902344
42.18007278442383
40.13801956176758
40.63673782348633
40.09990692138672
46.840614318847656
48.12812423706055
45.46118927001953
45.17695617675781
40.467567443847656
33.756446838378906
47.94614028930664
42.98954391479492
45.61009216308594
41.8729248046875
37.97034454345703
43.873600006103516
46.308013916015625
34.56183624267578
40.70297622680664
43.91023254394531
39.524009704589844
44.94884490966797
26.21002769470215
46.33613586425781
42.04514694213867
47.880531311035156
39.16975402832031
37.574790954589844
40.673152923583984
38.743839263916016
36.63175582885742
38.010986328125
30.933856964111328
36.85309982299805
45.205692291259766
40.957950592041016
41.25267791748047
43.42573928833008
41.22685241699219
38.980594635009766
40.34479522705078
47.19522476196289
38.73250198364258
43.5135612487793
41.697837829589844
48.399566650390625
43.606300354003906
45.383148193359375
45.946533203125
36.599388122558594
43.32453918457031
35.58439254760742
42.84378433227539
40.50629425048828
42.952762603759766
33.91105651855469
36.71977233886719
34.56422805786133
42.46371078491211
41.80791091918945
35.15945816040039
43.355491638183594
37.687713623046875
46.905155181884766
42.748592376708984
47.91727066040039
40.03057861328125
39.06828308105469
47.06452178955078
40.29476547241211
45.84918975830078
40.99936294555664
37.041221618652344
43.75626754760742
26.316133499145508
40.670867919921875
41.673614501953125
42.76948928833008
40.97188186645508
35.68885040283203
34.76939010620117
40.385833740234375
42.99181365966797
40.618133544921875
25.410049438476562
47.42573547363281
40.90082931518555
31.890356063842773
44.71529006958008
38.41903305053711
37.34192657470703
39.546321868896484
44.83696365356445
41.072669982910156
34.591896057128906
36.770408630371094
33.667423248291016
46.4774055480957
47.52861785888672
28.077104568481445
44.533504486083984
45.80937576293945
35.991844177246094
41.98271942138672
42.26145553588867
37.0429801940918
37.25674057006836
38.89404296875
43.75632858276367
40.83798599243164
43.1742057800293
33.58873748779297
37.07865524291992
40.622764587402344
43.44159698486328
44.29484176635742
41.34598922729492
30.542556762695312
37.33680725097656
42.91718292236328
40.41341781616211
46.59732437133789
44.589515686035156
43.629417419433594
48.3447151184082
45.508785247802734
38.63422775268555
35.1036262512207
41.08174514770508
40.80398178100586
45.06904983520508
42.0201301574707
37.08244705200195
45.38231658935547
51.29883575439453
34.28345489501953
38.93193817138672
43.758914947509766
38.19718551635742
40.20223617553711
44.71841812133789
47.497257232666016
29.5189151763916
40.21391296386719
32.06010818481445
42.80048370361328
43.34431076049805
39.364280700683594
41.896446228027344
42.6577262878418
44.594276428222656
36.89902114868164
45.57313537597656
48.782470703125
27.757125854492188
45.20303726196289
40.59884262084961
36.73235321044922
45.005859375
39.91905212402344
33.73099136352539
43.2579345703125
41.14110565185547
49.101078033447266
35.237422943115234
29.998064041137695
39.84425354003906
39.423912048339844
