68.59464263916016
76.47354888916016
80.17667388916016
57.20098876953125
81.85072326660156
81.03870391845703
77.6894760131836
85.61287689208984
75.5705337524414
78.53655242919922
79.74361419677734
61.47595977783203
77.5694808959961
76.25994873046875
69.9355697631836
75.38323211669922
66.63787078857422
70.59636688232422
72.58262634277344
55.03960037231445
72.3219223022461
71.89736938476562
62.58029556274414
73.30408477783203
66.73312377929688
75.8655776977539
78.16402435302734
51.214298248291016
74.97789764404297
69.95387268066406
66.93952178955078
71.35665130615234
61.93274688720703
63.62002944946289
63.18198776245117
55.85771560668945
65.43280792236328
64.76763916015625
57.8697509765625
65.57270812988281
55.52300262451172
65.38011169433594
68.82518005371094
54.00827407836914
69.62755584716797
68.96672821044922
62.39542007446289
71.5718994140625
60.725833892822266
72.73094940185547
75.21893310546875
59.5397834777832
75.65705108642578
72.63690948486328
68.17499542236328
77.18919372558594
69.01393127441406
75.78468322753906
78.446533203125
44.397369384765625
78.67101287841797
77.20941162109375
72.78186798095703
80.56278991699219
73.6843032836914
78.43397521972656
81.34420013427734
55.276451110839844
81.72514343261719
80.79199981689453
76.75643920898438
85.70120239257812
78.20484924316406
84.67770385742188
87.8398208618164
59.662105560302734
88.60647583007812
85.21124267578125
79.0292739868164
85.64642333984375
76.1677017211914
79.10272979736328
80.98388671875
55.062965393066406
79.7279052734375
76.62068176269531
71.34031677246094
78.75971221923828
72.33680725097656
74.76708221435547
77.0080795288086
49.02435302734375
78.23938751220703
75.64558410644531
70.65221405029297
78.6429443359375
70.40110778808594
75.61528015136719
76.52873229980469
55.60334777832031
77.2481918334961
75.1004867553711
69.2571029663086
78.46355438232422
71.82450866699219
75.92761993408203
78.1019287109375
58.15081787109375
80.06625366210938
77.11138153076172
71.76852416992188
81.1126708984375
73.15985870361328
78.5005874633789
81.42134094238281
45.54950714111328
82.47566223144531
80.41474914550781
73.4027099609375
83.39971923828125
75.62601470947266
80.18256378173828
81.5420150756836
42.94047927856445
80.71350860595703
80.1712875366211
74.01541137695312
83.50564575195312
75.86224365234375
80.40966033935547
82.64799499511719
59.038841247558594
78.77528381347656
76.04939270019531
68.43529510498047
80.27105712890625
74.5592269897461
80.83670806884766
85.25619506835938
64.81712341308594
88.41437530517578
87.6270751953125
83.78809356689453
93.48506927490234
85.85479736328125
91.17082977294922
92.94657897949219
62.14457702636719
91.02406311035156
88.02104187011719
82.5956802368164
90.23812103271484
81.84786224365234
86.63417053222656
89.25782775878906
55.84465789794922
89.83190155029297
87.87384796142578
83.5033187866211
92.33880615234375
85.16674041748047
91.05736541748047
94.36814880371094
56.444400787353516
96.3869400024414
95.0001220703125
89.82061767578125
98.68412780761719
90.51300811767578
95.24009704589844
97.03907012939453
66.54444122314453
96.03269958496094
93.34312438964844
87.53848266601562
95.442138671875
86.82243347167969
91.95777130126953
93.9778060913086
62.87820053100586
93.79967498779297
91.3669662475586
85.75901794433594
94.1107406616211
85.79825592041016
91.33448791503906
93.67803192138672
61.63130569458008
93.8603744506836
91.56571960449219
86.30207824707031
94.86216735839844
86.80921936035156
92.42137908935547
95.06881713867188
62.5234260559082
95.66250610351562
93.80937957763672
88.64424133300781
97.79975891113281
90.161376953125
96.01026916503906
99.00641632080078
66.03279876708984
99.51641082763672
97.11669158935547
90.86564636230469
98.30506896972656
88.89458465576172
93.21717834472656
95.18440246582031
60.204402923583984
94.67413330078125
92.07638549804688
86.13452911376953
93.77680206298828
84.61822509765625
88.90403747558594
90.40476989746094
54.107276916503906
88.83900451660156
85.78922271728516
79.87749481201172
87.39535522460938
78.28533935546875
82.75025177001953
84.28845977783203
58.508968353271484
83.42108154296875
80.78524780273438
74.15120697021484
82.25475311279297
74.06340789794922
78.0253677368164
80.07616424560547
52.528053283691406
79.58196258544922
76.49153900146484
70.23078918457031
79.25403594970703
71.67866516113281
74.68525695800781
76.89752960205078
46.239925384521484
77.25724792480469
73.69756317138672
68.07257843017578
74.49974822998047
66.39322662353516
71.52067565917969
74.5071029663086
53.95737838745117
75.3305435180664
73.16828918457031
65.93316650390625
75.30488586425781
67.31185150146484
72.21739196777344
75.13392639160156
55.11875915527344
76.0851821899414
74.03582763671875
66.45403289794922
76.01261138916016
67.50642395019531
73.84735870361328
75.52144622802734
46.398887634277344
72.4771499633789
70.6341323852539
70.51178741455078
78.90272521972656
70.77114868164062
78.72396850585938
80.66265869140625
59.601593017578125
80.62591552734375
77.71012115478516
72.7380599975586
81.25984954833984
73.86722564697266
78.62628173828125
81.44081115722656
55.09102249145508
83.17886352539062
81.6223373413086
76.9665756225586
85.84093475341797
78.35340118408203
85.08335876464844
87.97354125976562
58.767887115478516
90.12873840332031
88.73199462890625
84.69458770751953
93.61475372314453
85.71588897705078
91.38691711425781
93.32246398925781
54.67555236816406
91.7304916381836
88.61568450927734
82.38765716552734
89.86366271972656
81.43775939941406
85.4438247680664
87.36357879638672
53.996482849121094
86.50020599365234
83.84339141845703
78.04367065429688
86.27195739746094
78.13865661621094
82.83224487304688
84.77867889404297
47.628719329833984
84.9029541015625
82.15937805175781
77.04466247558594
85.63372802734375
77.9454116821289
82.2781753540039
84.85600280761719
52.59225082397461
83.92485046386719
81.08100891113281
75.75061798095703
84.12455749511719
76.32344818115234
81.55655670166016
84.97213745117188
55.842037200927734
86.75885772705078
84.69901275634766
80.61158752441406
89.6468734741211
82.50616455078125
88.55030822753906
92.2255859375
60.23799133300781
93.88479614257812
91.435302734375
84.90011596679688
92.30079650878906
82.62298583984375
87.2937240600586
89.01010131835938
60.773380279541016
87.24992370605469
83.85034942626953
77.4507827758789
85.01371002197266
75.39684295654297
79.4691390991211
81.4421615600586
49.49681091308594
79.33814239501953
76.1455078125
68.01493072509766
77.16873168945312
68.58722686767578
73.95914459228516
75.52965545654297
59.7414665222168
76.68309783935547
74.43907165527344
70.07588195800781
76.37852478027344
67.35027313232422
73.61370849609375
75.75194549560547
55.251895904541016
73.81006622314453
69.55584716796875
64.73898315429688
72.27674102783203
62.722896575927734
68.97241973876953
70.29643249511719
42.78655242919922
69.35630798339844
67.25735473632812
58.300533294677734
68.16484832763672
57.16634750366211
69.0762939453125
71.46835327148438
51.33261489868164
76.6861343383789
76.04581451416016
71.18655395507812
82.51787567138672
75.80259704589844
83.3569564819336
86.79830169677734
58.98757553100586
87.23735046386719
84.4913558959961
78.21468353271484
85.95771789550781
76.72136688232422
81.94001007080078
83.09944915771484
60.8493537902832
80.97261047363281
78.70391082763672
73.37586975097656
81.62226867675781
72.46640014648438
79.422607421875
82.12275695800781
54.616859436035156
81.7987289428711
79.1866455078125
74.23545837402344
82.59213256835938
73.9112319946289
78.98228454589844
81.24832916259766
54.96177291870117
81.35922241210938
78.9258804321289
74.18400573730469
82.85887145996094
74.75144958496094
80.17623901367188
82.73005676269531
56.428688049316406
81.92483520507812
78.64971160888672
74.02686309814453
80.76824951171875
72.23286437988281
76.95156860351562
79.42218780517578
35.815364837646484
79.71172332763672
77.6146240234375
73.865966796875
81.12336730957031
72.76403045654297
79.01712036132812
81.70658111572266
39.63589859008789
81.27607727050781
79.09388732910156
75.11197662353516
82.87149047851562
75.48222351074219
80.30223846435547
82.6846923828125
52.35563278198242
83.12993621826172
80.94590759277344
76.3028564453125
84.93553161621094
77.0157241821289
81.80020141601562
84.46614074707031
50.33952713012695
84.42052459716797
82.5022964477539
77.04580688476562
86.00293731689453
77.85657501220703
83.77169799804688
86.90133666992188
57.644100189208984
89.00230407714844
87.60136413574219
82.75533294677734
91.12194061279297
83.1038589477539
87.61213684082031
89.67700958251953
59.37824249267578
88.60328674316406
85.62484741210938
79.12470245361328
87.38719940185547
78.86734771728516
83.19679260253906
85.10404205322266
56.205421447753906
83.73001861572266
81.27604675292969
73.12447357177734
80.77014923095703
69.17554473876953
72.12095642089844
69.74568939208984
50.31101608276367
62.717689514160156
60.94331359863281
54.60012435913086
66.1738052368164
61.842018127441406
65.78410339355469
71.05606842041016
54.82270050048828
74.33775329589844
74.8477554321289
72.63150024414062
81.85808563232422
75.28439331054688
82.12305450439453
86.47954559326172
43.89824295043945
88.88053894042969
86.98094177246094
80.83780670166016
88.6434097290039
79.55734252929688
84.11395263671875
85.30669403076172
60.335166931152344
82.6685791015625
78.81060791015625
71.4649658203125
79.00947570800781
70.5083999633789
75.51823425292969
77.18051147460938
50.83021545410156
75.7643051147461
73.43749237060547
66.56917572021484
74.16111755371094
64.27157592773438
70.09700775146484
71.26167297363281
57.14430618286133
75.54461669921875
75.23681640625
71.28248596191406
82.56248474121094
75.52420806884766
82.04788208007812
85.65899658203125
58.10098648071289
87.45911407470703
86.1671142578125
80.48886108398438
89.29551696777344
81.2063217163086
85.72628784179688
86.89472961425781
58.51473617553711
82.17720031738281
77.11793518066406
68.62627410888672
77.00569915771484
69.63658905029297
77.3603515625
81.1483383178711
56.66457748413086
82.83573913574219
82.12501525878906
76.63922882080078
85.96452331542969
78.22624206542969
84.43186950683594
87.21726989746094
55.26506423950195
88.04357147216797
86.37531280517578
80.64813232421875
89.50392150878906
81.21692657470703
84.78483581542969
86.35890197753906
56.90733337402344
83.69245910644531
80.1738510131836
73.91295623779297
80.76337432861328
