74.98323059082031
76.54826354980469
77.46192932128906
75.56649017333984
74.87256622314453
72.747314453125
69.84341430664062
69.95100402832031
67.86042785644531
66.7567367553711
63.91657638549805
64.07723999023438
62.053749084472656
64.12505340576172
61.597747802734375
53.26659393310547
61.058570861816406
58.109039306640625
64.38404083251953
61.81854248046875
64.15827941894531
65.96987915039062
67.1647720336914
66.78125762939453
67.0097427368164
65.74180603027344
64.40308380126953
63.459590911865234
57.28889465332031
59.09071731567383
51.73657989501953
53.47900390625
56.76356506347656
51.91855239868164
54.943607330322266
55.439964294433594
50.195068359375
55.071781158447266
57.130859375
58.33134078979492
59.24331283569336
58.5376091003418
53.91951370239258
58.22900390625
61.13520812988281
60.97380065917969
59.68179702758789
62.387794494628906
61.2386474609375
63.699092864990234
62.627403259277344
62.39905548095703
60.779178619384766
65.43205261230469
65.78881072998047
65.2389907836914
64.79576110839844
64.02536010742188
65.83382415771484
67.16856384277344
64.23217010498047
63.646793365478516
65.2916030883789
66.81719970703125
67.44574737548828
67.8189468383789
67.46086120605469
68.01573181152344
69.03093719482422
68.78633880615234
69.14994049072266
69.89936828613281
70.83883666992188
72.43949890136719
72.53411865234375
74.2052993774414
74.7803955078125
76.16386413574219
78.0033187866211
79.42271423339844
81.35918426513672
81.41476440429688
80.97586822509766
80.22801208496094
78.17388916015625
77.5707778930664
76.16639709472656
75.35196685791016
74.45594024658203
73.77693176269531
74.06851196289062
73.52369689941406
73.0302734375
72.59733581542969
72.69906616210938
73.0373764038086
72.28316497802734
72.60712432861328
72.5035171508789
72.2978515625
73.5653305053711
73.70315551757812
74.11224365234375
73.42835998535156
74.25454711914062
74.46746826171875
74.78408813476562
76.19111633300781
75.83831024169922
76.53348541259766
76.9749984741211
77.25746154785156
77.58360290527344
77.11112213134766
76.46086120605469
75.770263671875
74.59229278564453
71.50199890136719
68.71598052978516
66.23603820800781
65.99706268310547
62.90369415283203
62.66241455078125
61.515663146972656
63.95820999145508
64.30013275146484
65.99786376953125
67.92822265625
68.00175476074219
70.01141357421875
72.2773208618164
73.24256134033203
72.48353576660156
73.95046997070312
75.11241149902344
76.91085815429688
78.55503845214844
79.17568969726562
80.47551727294922
80.44292449951172
80.33796691894531
79.8119125366211
78.58518981933594
77.6150131225586
76.24395751953125
75.11224365234375
73.69893646240234
73.81948852539062
73.02776336669922
71.83183288574219
70.84696960449219
70.56322479248047
69.3161849975586
68.58121490478516
70.30099487304688
72.21878814697266
74.12266540527344
76.6764144897461
77.90982818603516
79.86901092529297
81.06820678710938
83.37651824951172
84.91616821289062
86.83171081542969
87.98970794677734
88.49268341064453
88.28848266601562
87.52015686035156
87.08025360107422
86.36197662353516
85.9101791381836
85.4862289428711
85.31793975830078
85.3671875
85.0987777709961
85.44552612304688
85.27831268310547
85.25556182861328
84.8676528930664
83.7916488647461
82.17147064208984
79.79645538330078
77.48442077636719
75.33753967285156
73.84777069091797
73.23684692382812
72.27278137207031
73.11663818359375
72.15762329101562
72.65072631835938
73.6474609375
73.57858276367188
74.29303741455078
74.32653045654297
74.95276641845703
75.60282897949219
75.29267120361328
76.5423812866211
75.89046478271484
77.20807647705078
77.17072296142578
77.36901092529297
78.17521667480469
78.3488998413086
78.87654113769531
79.21812438964844
79.55608367919922
80.05386352539062
79.95281982421875
79.87383270263672
79.63433837890625
80.0700454711914
80.61576080322266
81.07266998291016
81.79644012451172
82.76461029052734
83.4688720703125
83.6367416381836
83.57856750488281
83.21625518798828
82.24322509765625
81.62835693359375
80.35071563720703
79.3428955078125
78.35803985595703
77.11043548583984
76.95763397216797
75.70698547363281
74.43611145019531
73.05758666992188
72.98062896728516
71.8070297241211
70.42330932617188
70.5047607421875
69.32465362548828
68.76374816894531
68.47887420654297
68.2962875366211
67.42344665527344
66.20073699951172
66.328369140625
65.11128234863281
64.76912689208984
65.46699523925781
64.84208679199219
66.558349609375
65.71843719482422
68.6412124633789
70.10929870605469
71.04627227783203
71.54527282714844
70.7000503540039
70.71390533447266
70.38287353515625
69.88980102539062
69.92298126220703
69.11577606201172
69.50530242919922
68.87032318115234
69.83702850341797
68.5331039428711
69.30854797363281
69.318359375
68.07745361328125
67.91584014892578
67.09062957763672
66.0902099609375
62.85642623901367
63.421714782714844
62.0617790222168
65.57158660888672
67.40668487548828
70.0518569946289
71.41544342041016
71.33411407470703
71.978271484375
72.1234359741211
73.06759643554688
72.78911590576172
73.32577514648438
73.6739730834961
73.23706817626953
74.37938690185547
74.46896362304688
75.56311798095703
75.28984069824219
76.21714782714844
76.2137222290039
76.68900299072266
77.791259765625
77.9510726928711
79.04141998291016
79.49839782714844
80.57099914550781
81.35359191894531
82.58746337890625
83.62886810302734
83.73143005371094
83.47874450683594
82.5955581665039
81.78898620605469
80.80310821533203
80.12100219726562
79.21915435791016
78.0650634765625
77.76496887207031
76.52263641357422
76.10020446777344
74.77745056152344
75.17498779296875
74.57181549072266
74.56827545166016
73.31909942626953
72.7061996459961
73.18797302246094
72.54254150390625
71.66310119628906
72.61141204833984
72.35951232910156
72.09600830078125
71.67911529541016
71.2196044921875
72.33946990966797
71.4405517578125
72.12867736816406
71.75959014892578
71.74087524414062
71.71625518798828
71.69171142578125
72.41773986816406
72.52603912353516
73.01811218261719
73.89156341552734
73.87699890136719
75.96627044677734
75.61200714111328
76.65974426269531
77.03680419921875
77.8763198852539
78.83604431152344
79.15985870361328
80.47642517089844
81.43362426757812
82.53890991210938
83.99397277832031
84.75428771972656
85.11105346679688
84.1622543334961
82.75397491455078
81.2369384765625
79.265625
77.51290893554688
75.63423919677734
74.36492919921875
72.76383972167969
71.95591735839844
71.07553100585938
69.34418487548828
68.9964599609375
69.78968811035156
70.77069854736328
70.52405548095703
71.96865844726562
72.6914291381836
73.33391571044922
73.63661193847656
73.15330505371094
71.92802429199219
71.9798355102539
71.12564849853516
70.0061264038086
68.8614501953125
67.80775451660156
68.19699096679688
66.15971374511719
63.40456008911133
64.79452514648438
64.8455810546875
66.15558624267578
64.48472595214844
67.40760040283203
66.209716796875
67.22305297851562
68.17369842529297
67.07624053955078
69.2640151977539
70.22469329833984
72.14773559570312
72.34603881835938
72.57146453857422
71.99516296386719
71.32469177246094
70.54358673095703
68.46563720703125
68.42758178710938
68.33118438720703
66.66962432861328
68.48833465576172
70.29727935791016
72.07474517822266
74.73294067382812
76.36875915527344
78.0228271484375
76.94519805908203
76.48589324951172
76.33544158935547
75.73860168457031
74.67181396484375
74.49948120117188
74.22360229492188
73.2846908569336
72.83717346191406
71.82173156738281
71.3030776977539
71.12896728515625
70.87490844726562
70.88054656982422
70.59776306152344
71.17565155029297
71.6526107788086
73.42509460449219
74.4570541381836
75.59446716308594
76.69586944580078
76.82083129882812
77.64094543457031
77.89228057861328
77.82677459716797
77.89115142822266
77.82100677490234
77.6705322265625
77.97318267822266
77.775634765625
77.80705261230469
77.85906219482422
78.08867645263672
78.4980239868164
78.4753189086914
78.81805419921875
78.63179779052734
79.28044128417969
79.822021484375
80.70236206054688
81.0046157836914
81.37049865722656
81.80420684814453
81.53153228759766
81.70042419433594
80.70443725585938
79.8283462524414
78.22315979003906
75.57969665527344
73.95130157470703
72.50926208496094
71.5895767211914
70.00556182861328
68.83234405517578
68.96973419189453
68.01351928710938
68.15131378173828
68.84911346435547
69.60319519042969
69.05584716796875
69.06803131103516
70.25729370117188
71.24620819091797
72.5267333984375
73.29156494140625
74.19580078125
75.35505676269531
76.509521484375
77.30957794189453
78.09467315673828
78.85966491699219
79.69174194335938
80.45321655273438
81.2715072631836
82.1762924194336
82.35514831542969
82.69489288330078
82.24880981445312
81.80596923828125
81.28874969482422
80.29317474365234
79.48236083984375
78.67517852783203
77.28607177734375
77.00735473632812
75.43666076660156
74.51465606689453
73.58551025390625
72.89871978759766
72.01012420654297
70.33464050292969
69.9972915649414
68.51060485839844
68.44308471679688
66.10021209716797
66.04652404785156
63.81969451904297
64.55313873291016
65.84208679199219
66.63292694091797
68.41825866699219
69.95840454101562
72.12312316894531
74.23564910888672
75.95260620117188
77.189453125
77.85263061523438
78.74724578857422
78.0457534790039
77.80126953125
78.84226989746094
79.88076782226562
82.30699920654297
83.5212173461914
84.40983581542969
84.45563507080078
84.301513671875
84.15875244140625
83.59760284423828
83.29837799072266
82.76793670654297
82.13526916503906
81.21610260009766
80.14317321777344
78.49309539794922
76.06087493896484
73.79486846923828
70.3974380493164
64.85147857666016
61.198272705078125
66.59545135498047
70.54381561279297
74.80316162109375
76.10081481933594
77.12586212158203
78.16699981689453
78.2417221069336
78.25691986083984
78.2618408203125
78.45680236816406
78.22886657714844
77.95067596435547
76.42076873779297
76.05804443359375
74.94473266601562
74.38555145263672
73.00515747070312
73.88699340820312
74.2783432006836
74.27477264404297
74.83887481689453
75.22589874267578
76.0971450805664
76.4323501586914
76.5660400390625
77.15364837646484
77.66141510009766
77.89202880859375
78.224609375
78.68038940429688
78.84697723388672
78.89057922363281
79.30219268798828
79.17593383789062
78.89933013916016
78.65834045410156
78.28335571289062
77.95868682861328
77.31822204589844
76.66227722167969
76.28652954101562
75.13451385498047
73.76534271240234
