73.25981140136719
71.08524322509766
73.99175262451172
74.55209350585938
75.75161743164062
77.29977416992188
77.54354095458984
79.19864654541016
80.65126037597656
81.29168701171875
80.47496795654297
79.83492279052734
77.81744384765625
75.99775695800781
73.90685272216797
72.56954193115234
69.62074279785156
62.305110931396484
63.632171630859375
51.32899856567383
60.550777435302734
63.053001403808594
68.67757415771484
70.81095886230469
74.90048217773438
75.4770278930664
78.78596496582031
78.13452911376953
78.81211853027344
76.21336364746094
75.26627349853516
74.44996643066406
72.56499481201172
72.22907257080078
69.43617248535156
70.90200805664062
66.11478424072266
69.12059020996094
66.13846588134766
62.810203552246094
66.09974670410156
61.92470169067383
63.433902740478516
59.614986419677734
63.148834228515625
60.59644317626953
55.06828308105469
59.054161071777344
53.31464767456055
53.756587982177734
46.893951416015625
59.593971252441406
57.412654876708984
62.219478607177734
40.20937728881836
58.476104736328125
51.45665740966797
63.074825286865234
64.68150329589844
60.782249450683594
66.13656616210938
63.16708755493164
64.76115417480469
65.41255950927734
64.76754760742188
67.4271240234375
63.4534797668457
68.3565902709961
64.9107666015625
66.82604217529297
69.84707641601562
67.5352554321289
70.54405975341797
68.65678405761719
71.09663391113281
71.41410827636719
71.85832977294922
73.59541320800781
73.34430694580078
75.89381408691406
76.65149688720703
78.29058837890625
79.784912109375
80.88525390625
82.97499084472656
83.85734558105469
84.36085510253906
83.4378890991211
83.48123168945312
82.3089370727539
82.18009948730469
81.02569580078125
80.3252182006836
80.47808074951172
79.24398040771484
80.27516174316406
79.3640365600586
79.38170623779297
79.54861450195312
79.32825469970703
79.6921157836914
79.11241149902344
80.6171875
79.23055267333984
80.18389129638672
80.1923828125
79.75434112548828
80.40294647216797
78.9428482055664
78.00114440917969
73.66744995117188
70.15937042236328
64.05709838867188
66.4668960571289
70.86351776123047
70.6590805053711
72.29499816894531
70.66024017333984
70.13118743896484
67.88690948486328
65.76663970947266
66.19102478027344
64.73931884765625
66.15201568603516
66.87653350830078
69.66667938232422
69.1393814086914
72.0525131225586
70.7833023071289
73.65151977539062
73.09783935546875
74.63133239746094
75.46949005126953
75.38982391357422
77.46788024902344
77.51560974121094
79.32536315917969
79.91542053222656
81.11489868164062
82.5960693359375
83.086669921875
84.39214324951172
83.68819427490234
82.73373413085938
80.40322875976562
78.10151672363281
76.22888946533203
75.37093353271484
74.24871063232422
73.39867401123047
72.13351440429688
70.81658935546875
69.94804382324219
69.4896240234375
69.9333267211914
66.92980194091797
68.38594818115234
65.8490219116211
68.53109741210938
65.44013977050781
67.90631866455078
69.06145477294922
67.97071075439453
70.1377944946289
68.09355163574219
70.81607818603516
70.58649444580078
71.65957641601562
73.2917709350586
72.57402038574219
74.84573364257812
74.91848754882812
76.70195770263672
77.61161804199219
78.15631866455078
79.60686492919922
79.5926742553711
80.7038803100586
80.44499969482422
80.8587875366211
80.36920166015625
79.97720336914062
79.47266387939453
79.2737808227539
79.54254150390625
78.79902648925781
78.76539611816406
78.60181427001953
78.06034088134766
78.47650909423828
77.92253875732422
78.6814193725586
78.22283172607422
77.87047576904297
77.83277893066406
77.67581176757812
78.22415924072266
77.9784164428711
77.90736389160156
77.72926330566406
77.52891540527344
78.11460876464844
77.48141479492188
78.57882690429688
78.13160705566406
78.49011993408203
78.51021575927734
78.72608947753906
79.40278625488281
78.5265884399414
79.35400390625
79.3431167602539
79.99234008789062
80.05919647216797
79.97740173339844
80.65021514892578
80.75615692138672
81.33660888671875
81.63053894042969
81.6069107055664
82.55490112304688
82.64745330810547
83.26071166992188
83.78158569335938
84.4255599975586
85.1153564453125
85.7223892211914
86.50166320800781
87.16657257080078
88.11285400390625
88.80615234375
89.41688537597656
89.83053588867188
89.8258056640625
89.62896728515625
88.71402740478516
87.89990234375
86.6063461303711
85.7332992553711
84.26485443115234
83.68731689453125
82.10665130615234
81.18708801269531
81.10399627685547
79.79070281982422
79.68760681152344
79.0903091430664
78.58129119873047
78.50090789794922
77.19248962402344
77.39456176757812
76.03345489501953
75.63845825195312
75.71795654296875
73.98004913330078
74.86128234863281
72.4761962890625
72.63873291015625
72.8121337890625
71.75048065185547
72.65277862548828
70.41539764404297
72.16094207763672
72.79389190673828
73.80122375488281
76.70603942871094
77.37128448486328
79.59944152832031
79.65448760986328
79.93853759765625
79.44110870361328
78.84949493408203
78.76997375488281
78.55408477783203
78.18573760986328
78.21312713623047
77.95748901367188
78.2646255493164
78.97389221191406
79.8748550415039
80.05351257324219
80.8118667602539
81.5524673461914
81.96383666992188
82.73088073730469
83.06256103515625
83.9876480102539
84.34143829345703
85.3511734008789
85.7593002319336
86.32193756103516
86.94746398925781
86.89737701416016
87.03960418701172
87.04251861572266
87.19540405273438
86.55744171142578
86.14572143554688
85.41389465332031
84.59757232666016
83.99140930175781
82.76139831542969
82.68045806884766
81.57804870605469
81.38128662109375
80.42774200439453
79.92396545410156
79.54574584960938
78.94866180419922
78.76274871826172
77.736083984375
78.05501556396484
77.18531799316406
76.9424819946289
77.5648193359375
76.64956665039062
77.49263000488281
76.82396697998047
77.01188659667969
77.57255554199219
77.06307983398438
78.48570251464844
78.01921844482422
79.13951873779297
78.30902099609375
78.18801879882812
76.73870849609375
74.94640350341797
73.29585266113281
70.2579116821289
70.19734191894531
67.15308380126953
65.13629913330078
64.99008178710938
63.48944091796875
64.38235473632812
61.69017791748047
66.10469055175781
65.13339233398438
63.59957504272461
66.98773193359375
64.80773162841797
67.7833480834961
67.38272857666016
67.31143188476562
70.1053695678711
68.5831298828125
70.7724380493164
69.4950180053711
70.7337646484375
72.62269592285156
72.71818542480469
73.56430053710938
73.88671875
75.59725189208984
76.16136169433594
76.6885757446289
77.4899673461914
76.99398803710938
77.00183868408203
74.95516204833984
74.60391235351562
73.11566162109375
72.83814239501953
73.07902526855469
73.58998107910156
75.31230926513672
75.50806427001953
77.18592071533203
78.72245025634766
78.89561462402344
79.9946060180664
80.3402328491211
80.81095886230469
81.177490234375
81.82247924804688
81.66890716552734
80.92194366455078
80.00054168701172
78.16535949707031
78.16375732421875
76.94007873535156
76.89024353027344
75.7240219116211
74.31542205810547
74.79764556884766
74.07353210449219
73.9063720703125
72.74837493896484
73.18964385986328
71.5267105102539
70.07968139648438
70.86091613769531
70.66761779785156
72.02415466308594
74.71765899658203
75.06608581542969
75.95738220214844
75.5852279663086
74.18215942382812
73.48854064941406
73.98265838623047
74.74694061279297
75.50106048583984
77.3841323852539
77.68053436279297
78.19690704345703
77.8239974975586
77.60932922363281
78.16322326660156
77.0429458618164
77.62496948242188
77.06924438476562
76.12198638916016
76.82508087158203
76.11980438232422
76.55538177490234
75.72367095947266
76.56591033935547
76.21824645996094
76.31246185302734
76.97993469238281
76.0831298828125
77.20343780517578
76.60092163085938
76.79591369628906
76.81519317626953
76.59276580810547
77.5391616821289
76.50528717041016
76.98109436035156
77.15760040283203
77.15228271484375
77.64276123046875
77.1624755859375
77.94647979736328
77.83654022216797
78.14981842041016
78.18246459960938
77.74913024902344
78.61861419677734
78.20372772216797
78.67536163330078
78.7970962524414
78.98570251464844
79.59676361083984
79.71908569335938
80.2353286743164
80.078369140625
80.67766571044922
80.96826171875
81.01508331298828
81.61261749267578
81.60890197753906
82.58788299560547
82.45899963378906
82.79205322265625
83.12486267089844
82.7939453125
82.604736328125
82.07701110839844
81.63362121582031
81.19086456298828
81.4385757446289
82.3260269165039
82.9211654663086
84.00066375732422
84.6062240600586
85.20880126953125
85.87017822265625
85.63922882080078
85.7673568725586
85.23086547851562
85.32994842529297
84.62535858154297
84.20001220703125
83.70665740966797
82.82728576660156
82.57954406738281
82.03341674804688
81.90755462646484
81.72821044921875
81.60276794433594
81.90459442138672
81.97779083251953
82.79407501220703
82.55824279785156
82.71971893310547
82.06503295898438
81.70076751708984
81.2857666015625
80.61158752441406
80.93622589111328
81.15715026855469
81.35630798339844
81.45310974121094
80.8422622680664
80.86602783203125
80.0362548828125
79.82412719726562
79.37213897705078
78.93416595458984
78.98750305175781
78.10984802246094
78.17449188232422
77.21297454833984
77.00221252441406
76.8099136352539
75.92031860351562
76.18241119384766
75.91375732421875
77.05818939208984
77.3104248046875
77.7265625
77.8830337524414
77.02836608886719
77.3654556274414
76.10001373291016
76.1494140625
75.56541442871094
75.46832275390625
76.33979797363281
76.00760650634766
76.62225341796875
76.57152557373047
77.05522918701172
77.08465576171875
76.8471450805664
77.27793884277344
76.62295532226562
76.91211700439453
76.84127807617188
76.8436050415039
77.33792877197266
78.28374481201172
79.77027130126953
80.14878845214844
80.5743179321289
80.56905364990234
80.7004623413086
81.21009826660156
80.95885467529297
80.84030151367188
80.83427429199219
80.85614776611328
80.92298126220703
80.35873413085938
80.67675018310547
79.81379699707031
80.05703735351562
80.79566192626953
81.24109649658203
82.10597229003906
82.01223754882812
82.75700378417969
83.02266693115234
83.68692016601562
83.9524917602539
83.90799713134766
84.46929931640625
84.5550308227539
84.86972045898438
84.81735229492188
84.911865234375
84.97515106201172
84.53318786621094
84.2049331665039
83.61015319824219
83.19564056396484
82.4094009399414
81.45552825927734
81.03141021728516
79.64952087402344
79.24577331542969
77.82404327392578
77.28983306884766
