75.62975311279297
77.82905578613281
78.69094848632812
78.59908294677734
78.88055419921875
75.52251434326172
74.5638427734375
71.99166870117188
71.5474853515625
70.03585815429688
68.16236877441406
66.99203491210938
63.14183044433594
65.75566101074219
65.25382232666016
62.16960906982422
64.1341552734375
61.251529693603516
64.87633514404297
61.44108581542969
68.25576782226562
68.18985748291016
69.77442932128906
71.21078491210938
70.79362487792969
70.63570404052734
67.5287094116211
67.29618072509766
66.47515869140625
63.24173355102539
63.170352935791016
60.54210662841797
55.095088958740234
53.9365234375
58.554969787597656
56.64693832397461
58.9510383605957
60.35372543334961
59.75155258178711
62.41355514526367
61.12784194946289
61.89592361450195
65.43958282470703
57.712650299072266
63.19073486328125
62.35617446899414
64.24234008789062
65.3482437133789
64.8303451538086
65.64652252197266
66.1909408569336
65.66375732421875
64.90765380859375
67.33387756347656
67.74127197265625
66.0570068359375
69.49760437011719
67.83557891845703
67.556640625
66.66421508789062
68.73719024658203
65.0660171508789
67.90352630615234
69.17386627197266
70.79437255859375
69.1855239868164
70.73075103759766
70.38996124267578
72.64332580566406
72.81673431396484
71.10173797607422
72.4764404296875
73.8551025390625
74.1251220703125
75.70794677734375
76.3192138671875
78.69463348388672
79.26748657226562
81.25016021728516
82.359619140625
83.37913513183594
83.37952423095703
82.09358978271484
81.13960266113281
79.46173095703125
78.45487976074219
77.83341979980469
76.7497787475586
76.71499633789062
75.44511413574219
76.26044464111328
74.7046890258789
74.88497924804688
74.18285369873047
74.59489440917969
74.7235107421875
74.55707550048828
75.42454528808594
74.23113250732422
75.19404602050781
75.12179565429688
74.59288787841797
75.57637786865234
74.92406463623047
75.69759368896484
75.95974731445312
76.76776885986328
76.61653900146484
76.91443634033203
77.64317321777344
77.99079895019531
77.96575927734375
78.84638214111328
79.2295150756836
79.3877182006836
78.68496704101562
78.30538177490234
76.49270629882812
75.237060546875
72.68083190917969
71.21546173095703
68.20883178710938
66.62418365478516
67.51915740966797
66.14253997802734
64.5986557006836
66.46946716308594
67.85238647460938
66.8688735961914
69.27080535888672
69.12639617919922
71.14051055908203
73.34679412841797
74.18195343017578
75.51471710205078
76.2214126586914
77.76632690429688
79.38516998291016
81.1698989868164
81.7763900756836
82.5081787109375
81.57388305664062
80.9322509765625
79.1996078491211
78.22329711914062
76.97539520263672
76.04903411865234
75.43478393554688
74.2420883178711
74.25513458251953
73.14898681640625
72.48265838623047
73.47293853759766
71.66571044921875
72.96607208251953
73.42765808105469
75.22652435302734
77.82858276367188
80.29196166992188
81.83119201660156
83.70087432861328
86.0717544555664
87.59667205810547
89.15397644042969
90.23241424560547
90.49164581298828
90.5401840209961
89.69558715820312
89.102783203125
88.42462158203125
87.87342834472656
87.64127349853516
87.21398162841797
87.01315307617188
86.65232849121094
86.6998291015625
86.12141418457031
85.79176330566406
85.14382934570312
83.5031967163086
81.77638244628906
80.13815307617188
78.62886047363281
77.8602066040039
77.35343170166016
77.77788543701172
77.09949493408203
78.2412338256836
77.51502990722656
78.08232879638672
78.71968841552734
78.70531463623047
79.39591217041016
79.56481170654297
79.6385269165039
80.41471099853516
80.01438903808594
80.9699935913086
81.21001434326172
81.17499542236328
81.5721206665039
82.3798828125
82.78765106201172
83.19744873046875
83.86285400390625
84.31238555908203
84.75347900390625
84.54124450683594
84.4317626953125
84.21742248535156
83.46314239501953
83.60543060302734
83.43560028076172
84.1031494140625
84.76921081542969
85.44325256347656
86.08092498779297
86.24796295166016
85.92353820800781
85.59403228759766
84.61808776855469
83.49614715576172
82.3955307006836
81.6937484741211
80.62161254882812
79.80409240722656
78.336181640625
77.67646026611328
77.07199096679688
76.02713775634766
75.79303741455078
74.78660583496094
73.85603332519531
73.08829498291016
72.50440979003906
72.81057739257812
71.56420135498047
71.11296081542969
69.4527587890625
69.89794158935547
68.60953521728516
68.38549041748047
69.10953521728516
67.91642761230469
67.03392028808594
66.2462387084961
65.31133270263672
66.85469055175781
69.6501235961914
69.1842269897461
69.8692398071289
67.9615249633789
69.00225830078125
68.39466094970703
68.14273834228516
70.24212646484375
67.93986511230469
69.5426025390625
67.56370544433594
68.49003601074219
68.24810791015625
68.95880126953125
68.24801635742188
68.47069549560547
67.54718017578125
63.30754470825195
65.250244140625
64.50674438476562
64.49564361572266
65.30023193359375
68.88806915283203
68.86474609375
72.51566314697266
72.94610595703125
72.6283187866211
72.68377685546875
74.4594955444336
74.4691162109375
74.23323059082031
75.18003845214844
74.84188079833984
75.49165344238281
75.62751007080078
76.05746459960938
76.6207504272461
76.87757110595703
77.9751205444336
78.10054016113281
78.85562133789062
79.59040832519531
79.54850006103516
80.57012176513672
80.6829605102539
82.05695343017578
82.9024658203125
83.93819427490234
85.0680160522461
85.63286590576172
86.18974304199219
85.98355865478516
85.52930450439453
84.54741668701172
83.7940444946289
82.63119506835938
81.76956939697266
80.62187957763672
79.50483703613281
79.39305877685547
78.75279998779297
77.63091278076172
77.42412567138672
76.00468444824219
76.0439224243164
76.04785919189453
75.29593658447266
74.51764678955078
74.20763397216797
74.3131332397461
73.63314056396484
74.32555389404297
73.91433715820312
72.51508331298828
73.16853332519531
72.80293273925781
72.96802520751953
72.35990905761719
73.69164276123047
73.1801986694336
73.42048645019531
73.88041687011719
73.89453125
75.37586212158203
76.43265533447266
76.60694885253906
77.52384185791016
77.86399841308594
78.04069519042969
78.37620544433594
79.31220245361328
79.86048889160156
80.97615051269531
82.1510009765625
82.74522399902344
84.075439453125
85.34717559814453
86.39116668701172
87.71963500976562
87.32293701171875
86.57028198242188
84.7034912109375
82.6971664428711
81.37470245361328
78.78713989257812
77.88146209716797
75.40375518798828
74.08682250976562
73.25726318359375
71.23392486572266
71.31837463378906
70.18016052246094
71.51610565185547
72.59758758544922
73.25222778320312
75.0311050415039
75.29859924316406
76.33330535888672
75.9781494140625
75.08209228515625
74.48501586914062
73.54365539550781
73.2462387084961
71.67341613769531
71.39218139648438
70.09696960449219
68.5731430053711
66.8515625
67.25603485107422
67.3354263305664
68.59365844726562
66.4012222290039
69.40306854248047
69.84407806396484
70.43048095703125
72.23812866210938
71.46926879882812
73.99993133544922
74.96426391601562
75.47532653808594
75.95459747314453
75.61297607421875
74.89961242675781
74.14656066894531
73.89249420166016
71.6837158203125
71.67200469970703
71.31022644042969
70.7638931274414
69.68302917480469
69.73371887207031
71.0796127319336
72.85855102539062
75.40190887451172
77.28398132324219
78.86246490478516
80.02294158935547
78.80785369873047
78.4731216430664
77.73406219482422
76.94401550292969
76.6700439453125
75.13072967529297
74.95638275146484
74.61209106445312
73.13719940185547
73.71099090576172
72.27515411376953
73.11009216308594
73.1548080444336
74.33966064453125
76.24687957763672
77.05864715576172
77.64398193359375
77.94889831542969
78.47966766357422
79.7259750366211
80.23876190185547
80.78802490234375
80.74456024169922
81.17127227783203
80.96359252929688
80.8258056640625
80.94135284423828
80.25299072265625
80.80944061279297
81.04244232177734
80.8297119140625
81.08735656738281
81.29529571533203
81.56378936767578
81.97589874267578
81.94520568847656
82.37773132324219
83.01969909667969
83.1900863647461
83.65145874023438
84.14112091064453
84.34245300292969
84.20905303955078
83.70099639892578
82.70101165771484
81.6516342163086
79.47024536132812
78.12252044677734
76.15778350830078
74.05843353271484
72.51422119140625
69.97582244873047
68.94226837158203
68.26016998291016
67.990234375
69.88546752929688
71.17970275878906
72.44713592529297
73.29283142089844
74.58386993408203
75.27619171142578
76.45342254638672
77.05758666992188
77.92488098144531
78.81293487548828
79.43067932128906
80.42813110351562
81.45864868164062
82.02045440673828
83.09828186035156
83.7534408569336
84.41487884521484
84.74466705322266
84.98628997802734
84.96534729003906
84.74873352050781
84.10891723632812
83.67575073242188
82.25337982177734
81.92328643798828
80.59644317626953
79.7776870727539
78.81596374511719
77.62103271484375
76.7699966430664
75.70393371582031
74.43470001220703
72.65666198730469
72.077392578125
71.99754333496094
70.33079528808594
70.51617431640625
68.0405044555664
67.99827575683594
68.31617736816406
68.18910217285156
70.54993438720703
70.85592651367188
73.20198059082031
75.5580062866211
76.56523132324219
78.44929504394531
80.04521942138672
81.48932647705078
83.03985595703125
83.3408432006836
82.8101577758789
82.45693969726562
82.69861602783203
83.38134765625
85.26182556152344
86.37476348876953
86.98760986328125
87.0571060180664
86.66168975830078
86.44537353515625
85.86737823486328
85.2094955444336
84.70381164550781
84.11836242675781
83.2717514038086
82.14669036865234
81.00894927978516
78.68765258789062
76.22345733642578
72.31793975830078
62.38970184326172
62.30640411376953
72.54667663574219
76.15394592285156
79.22213745117188
80.75019073486328
81.57261657714844
81.59739685058594
81.96163177490234
82.07597351074219
82.13948822021484
82.15646362304688
82.01626586914062
81.89656066894531
81.00774383544922
79.35501861572266
78.7600326538086
77.35405731201172
77.06934356689453
76.62478637695312
76.88678741455078
77.95846557617188
77.84209442138672
78.66797637939453
79.3202133178711
79.27597045898438
79.78556823730469
80.39043426513672
81.02323150634766
81.40489196777344
81.68118286132812
82.16878509521484
82.10446166992188
82.56179809570312
82.08876037597656
81.92070007324219
81.37518310546875
81.26714324951172
81.10604858398438
81.01307678222656
80.64264678955078
79.77788543701172
79.04700469970703
78.23162078857422
76.79450225830078
