66.27827453613281
72.82928466796875
76.18914794921875
55.98863983154297
78.91088104248047
78.07466125488281
74.04631805419922
82.67716979980469
74.30250549316406
80.14258575439453
79.93093872070312
59.06845474243164
75.21417236328125
69.60101318359375
62.21419143676758
70.66609954833984
58.84383773803711
65.83646392822266
67.60631561279297
42.791412353515625
45.868507385253906
54.768802642822266
57.22053146362305
62.21030807495117
56.101104736328125
67.60124206542969
70.17925262451172
50.55602264404297
74.77364349365234
74.11670684814453
70.00664520263672
75.70226287841797
67.0353775024414
68.99610137939453
70.82794189453125
36.96312713623047
62.442420959472656
62.527156829833984
51.31397247314453
62.3865852355957
59.06964874267578
53.348594665527344
57.694278717041016
48.10414123535156
57.01648712158203
50.20148468017578
52.0831298828125
61.703304290771484
47.8601188659668
55.95722961425781
60.98202896118164
50.60022735595703
60.39194107055664
61.205604553222656
56.17020034790039
63.496097564697266
52.641300201416016
63.080963134765625
64.46997833251953
50.1199836730957
65.83380126953125
65.0457763671875
61.645042419433594
69.2552261352539
62.27109909057617
64.87506866455078
69.31232452392578
25.49886131286621
71.61991119384766
71.61510467529297
65.64789581298828
75.3550796508789
68.03091430664062
73.46088409423828
76.38743591308594
50.48163986206055
78.6666030883789
77.8117446899414
72.67076110839844
82.3380355834961
74.97032928466797
82.2675552368164
86.12957000732422
58.8759880065918
89.77003479003906
89.36802673339844
84.80653381347656
93.90738677978516
85.11103057861328
90.81878662109375
92.31278991699219
60.06412124633789
91.28202819824219
88.6434555053711
82.94461059570312
91.38676452636719
82.99622344970703
88.84632873535156
91.36720275878906
54.50123977661133
91.58081817626953
89.19136810302734
83.49038696289062
91.5889663696289
82.35137176513672
87.13427734375
88.59687805175781
57.978660583496094
85.9668197631836
82.80384063720703
75.20479583740234
82.7336654663086
71.82422637939453
77.65985107421875
78.12965393066406
47.927001953125
74.81107330322266
69.07921600341797
46.88043212890625
61.16339111328125
63.533790588378906
57.65147018432617
72.79206848144531
63.87955093383789
80.89616394042969
81.01941680908203
78.51615905761719
89.15139770507812
84.48686218261719
88.73001861572266
93.14695739746094
67.46810913085938
93.40351104736328
91.14557647705078
85.75010681152344
94.24478149414062
86.87735748291016
91.47551727294922
94.72639465332031
70.04149627685547
94.45521545410156
90.93840789794922
84.97406005859375
91.21977996826172
82.14047241210938
83.79939270019531
85.56645202636719
65.24329376220703
84.4526138305664
82.87134552001953
78.75300598144531
89.59139251708984
83.96929168701172
89.00978088378906
91.88898468017578
62.621543884277344
91.75841522216797
89.0421142578125
82.58594512939453
90.77039337158203
81.81369018554688
86.86784362792969
89.12759399414062
53.237159729003906
89.13491821289062
86.61383819580078
80.41349792480469
89.38836669921875
81.09685516357422
86.40933227539062
88.67716979980469
58.20922088623047
89.14370727539062
86.68893432617188
81.02250671386719
89.43667602539062
80.69965362548828
85.351806640625
86.646240234375
55.98843002319336
83.70975494384766
79.69127655029297
72.11263275146484
80.11701202392578
70.85630798339844
79.06900024414062
81.5676040649414
58.5410270690918
82.21165466308594
79.95983123779297
75.53778076171875
83.99720001220703
75.45057678222656
81.8016586303711
84.54920959472656
56.80622482299805
84.69392395019531
82.59632873535156
78.0029067993164
86.0247802734375
78.13343811035156
83.59498596191406
86.27750396728516
57.765785217285156
86.76069641113281
84.71868896484375
79.82935333251953
88.6214370727539
80.96810913085938
86.31021118164062
89.1844711303711
56.760440826416016
90.02804565429688
88.32579803466797
83.51123809814453
92.25902557373047
85.04947662353516
89.6700210571289
92.28668975830078
63.039039611816406
91.12076568603516
88.45604705810547
81.73267364501953
89.28335571289062
80.26461791992188
84.23960876464844
85.75823974609375
54.578731536865234
83.85498046875
80.58342742919922
74.67203521728516
82.52104187011719
73.38278198242188
77.77069091796875
79.46749877929688
43.61294937133789
78.50726318359375
75.64542388916016
71.08930969238281
78.53316497802734
70.31802368164062
75.04780578613281
78.73731231689453
52.23610305786133
78.82260131835938
75.98311614990234
70.41570281982422
78.4762191772461
70.1194076538086
74.12149047851562
76.42628479003906
51.826904296875
76.74585723876953
73.92866516113281
67.57955169677734
76.33318328857422
68.35038757324219
73.2407455444336
76.33137512207031
57.16274642944336
78.87303924560547
77.98735046386719
71.42417907714844
81.34443664550781
72.22398376464844
76.27405548095703
77.1176528930664
43.531898498535156
72.46556091308594
67.45091247558594
56.745845794677734
67.72030639648438
64.19860076904297
68.145751953125
75.29368591308594
55.7456169128418
79.050537109375
77.51866149902344
73.25846862792969
81.670654296875
73.6840591430664
79.03160858154297
81.45746612548828
44.91057586669922
82.36940002441406
80.53152465820312
76.05333709716797
85.19953155517578
78.06640625
83.43363952636719
86.88054656982422
40.065547943115234
89.0687255859375
87.77458953857422
83.10977172851562
92.33308410644531
84.07638549804688
89.44149780273438
91.27477264404297
49.31248474121094
89.85897827148438
86.74852752685547
80.43109130859375
87.93144989013672
78.81378173828125
83.7294692993164
85.26042175292969
49.26628875732422
84.11088562011719
81.49465942382812
75.80876159667969
83.82415771484375
74.74890899658203
80.4970932006836
82.34567260742188
47.1007194519043
82.25282287597656
79.66911315917969
74.95646667480469
83.13652801513672
75.26293182373047
80.37598419189453
82.85368347167969
41.90473175048828
83.63529205322266
81.79704284667969
76.61538696289062
85.82579040527344
77.8412857055664
83.78439331054688
86.9690170288086
54.677955627441406
89.56998443603516
88.68695068359375
82.8648681640625
92.53504180908203
83.37532043457031
88.16570281982422
88.7895736694336
55.739097595214844
84.48165130615234
80.77021026611328
74.0035171508789
80.61580657958984
69.60968017578125
75.46631622314453
76.02384948730469
55.80506896972656
71.87924194335938
67.44273376464844
65.24922180175781
69.1216812133789
62.698246002197266
63.57170867919922
67.89530181884766
52.68002700805664
72.91647338867188
72.04059600830078
65.41607666015625
76.17478942871094
69.73213958740234
75.69690704345703
78.68290710449219
57.86486053466797
82.31928253173828
81.77753448486328
76.88562774658203
86.0055923461914
77.57231140136719
82.60938262939453
84.2513427734375
52.611873626708984
81.68666076660156
78.0936508178711
70.67913055419922
77.28323364257812
67.95030975341797
72.13031005859375
73.60537719726562
55.28396987915039
72.16020202636719
69.41569519042969
62.9104118347168
73.40325164794922
66.14836120605469
76.53033447265625
80.21349334716797
57.55796813964844
82.6904296875
80.24739074707031
74.62528228759766
82.661376953125
74.36268615722656
78.13926696777344
79.89470672607422
53.313968658447266
77.44249725341797
74.63285827636719
68.98107147216797
76.70276641845703
69.602783203125
76.39173126220703
80.85856628417969
53.276676177978516
82.57980346679688
80.14900970458984
75.08103942871094
82.9594497680664
74.9869384765625
78.95342254638672
81.44258880615234
43.96327209472656
81.1033706665039
78.21440887451172
72.94351196289062
81.37190246582031
72.83072662353516
78.04291534423828
80.31559753417969
49.86305618286133
80.96491241455078
78.97831726074219
73.85749053955078
82.1418685913086
74.50109100341797
79.00938415527344
81.35101318359375
47.93280029296875
81.77052307128906
79.82077026367188
74.2499771118164
82.4780044555664
74.60127258300781
79.95042419433594
82.38570404052734
46.67182540893555
82.6495361328125
80.3979263305664
75.14616394042969
83.799072265625
75.89749145507812
81.9018783569336
84.7386245727539
44.162933349609375
86.21469116210938
84.51777648925781
79.85468292236328
88.76103973388672
81.37579345703125
86.5759048461914
89.16378021240234
55.03561019897461
88.37776947021484
84.93318939208984
78.03763580322266
84.54800415039062
74.44124603271484
77.98124694824219
78.63016510009766
50.08940887451172
77.0704345703125
75.17900085449219
69.75421905517578
79.41389465332031
71.62751007080078
78.73137664794922
82.09437561035156
51.15042495727539
83.96244812011719
82.9254150390625
78.81961822509766
88.09666442871094
80.76071166992188
87.27174377441406
90.39835357666016
53.66754913330078
91.26985931396484
89.095947265625
83.51659393310547
91.29649353027344
82.32546997070312
86.696044921875
88.06116485595703
53.48674392700195
86.37007141113281
83.05162811279297
76.9220199584961
84.91529846191406
76.18936920166016
81.01596069335938
83.90898895263672
53.23749923706055
86.9710922241211
86.20256805419922
81.43634796142578
90.67154693603516
82.5967025756836
87.18753814697266
88.75665283203125
53.660404205322266
84.81035614013672
80.27300262451172
70.3806381225586
78.0345687866211
69.15316009521484
74.85243225097656
77.61463928222656
47.64765167236328
78.30074310302734
76.01663208007812
72.046875
79.90804290771484
71.66763305664062
77.12047576904297
79.35255432128906
44.15983581542969
78.36701965332031
75.02445220947266
71.24678802490234
79.18789672851562
71.74341583251953
77.58345794677734
81.19480895996094
52.96656799316406
80.21064758300781
76.0639877319336
67.77557373046875
77.82100677490234
70.52586364746094
75.79581451416016
78.99942016601562
54.81970977783203
80.81732177734375
79.16751098632812
73.34058380126953
82.55699157714844
73.69386291503906
79.02843475341797
79.1579360961914
52.487632751464844
75.73783111572266
72.4267807006836
64.46166229248047
73.91470336914062
65.71170806884766
73.07776641845703
75.86180877685547
46.148719787597656
76.36648559570312
75.81422424316406
72.50807189941406
81.35980224609375
73.76972961425781
79.80521392822266
82.93341827392578
40.25364685058594
81.5569839477539
77.85786437988281
71.4666748046875
77.4344253540039
68.26763916015625
72.34587860107422
73.93985748291016
55.06681823730469
73.02423095703125
71.78685760498047
67.85477447509766
76.37515258789062
69.99369812011719
73.70603942871094
76.98468017578125
51.808006286621094
76.23316955566406
73.46842956542969
67.917236328125
75.02883911132812
