67.41547393798828
73.98882293701172
77.9592514038086
57.22865295410156
80.83657836914062
79.40106964111328
75.21744537353516
85.03274536132812
76.2857437133789
80.65421295166016
81.21671295166016
51.42569351196289
75.95614624023438
72.85636901855469
63.24222946166992
69.01261138916016
59.8616828918457
44.51022720336914
63.4256706237793
53.84269714355469
72.62055969238281
73.13475036621094
70.77217102050781
79.966552734375
70.6258544921875
75.67948150634766
76.71005249023438
44.3410758972168
73.9759521484375
69.13052368164062
65.27033233642578
70.31486511230469
60.03760528564453
62.851768493652344
65.54698181152344
39.01588821411133
63.102359771728516
64.0038070678711
53.835906982421875
59.322669982910156
53.8143196105957
52.54099655151367
51.38074493408203
47.76804733276367
55.038543701171875
51.44282913208008
49.90660858154297
59.963191986083984
55.1768913269043
54.97902297973633
62.33915710449219
49.537071228027344
64.98997497558594
62.158409118652344
57.68909454345703
67.12879180908203
62.84004211425781
66.64971923828125
68.3312759399414
52.178749084472656
70.72224426269531
67.51251983642578
64.04342651367188
72.94287109375
65.70123291015625
69.9266128540039
72.87910461425781
53.088050842285156
74.2373046875
72.86907958984375
68.72703552246094
77.87156677246094
70.52099609375
77.3759765625
80.59850311279297
54.69131851196289
83.17903900146484
82.5420150756836
79.49557495117188
89.15950012207031
82.4762954711914
88.9835205078125
91.47100067138672
52.07168197631836
90.0050048828125
86.9232406616211
80.72386169433594
88.28837585449219
79.57158660888672
84.33537292480469
86.33848571777344
48.33773422241211
85.77777862548828
83.33116912841797
77.92615509033203
86.19867706298828
78.24629211425781
83.69091796875
85.72967529296875
56.952171325683594
86.04740905761719
84.1875228881836
78.88478088378906
87.87377166748047
79.95755767822266
85.40316009521484
88.05573272705078
51.1204833984375
88.1889877319336
85.3496322631836
78.00582122802734
83.93881225585938
71.65147399902344
72.05879211425781
73.54866790771484
40.55995178222656
77.07904052734375
75.41328430175781
69.17566680908203
76.79031372070312
68.26927185058594
69.62423706054688
69.02445220947266
53.03287124633789
60.01914596557617
50.46971130371094
58.51683807373047
68.97090911865234
64.04545593261719
72.03119659423828
76.05552673339844
55.98484420776367
78.92764282226562
77.64989471435547
72.91614532470703
83.45726776123047
76.19536590576172
83.2134017944336
86.98070526123047
53.631317138671875
88.84889221191406
86.010986328125
79.42329406738281
86.4936752319336
77.17770385742188
82.22552490234375
83.50846099853516
52.490325927734375
81.78173828125
78.84998321533203
71.66545104980469
79.85016632080078
71.55708312988281
76.00674438476562
78.22661590576172
30.29294776916504
78.59127044677734
75.79734802246094
70.73138427734375
79.47003936767578
71.93028259277344
78.17202758789062
81.2064208984375
53.690155029296875
83.14303588867188
81.77571105957031
77.47960662841797
87.09424591064453
79.69220733642578
86.3120346069336
89.6274185180664
51.115718841552734
90.94989013671875
88.65756225585938
83.29402160644531
91.52497863769531
83.49897003173828
88.74968719482422
91.0167007446289
53.264305114746094
90.7564468383789
88.32939910888672
82.80357360839844
91.12361145019531
82.59283447265625
87.7637939453125
90.05973815917969
56.79597091674805
89.76034545898438
87.43350219726562
81.87328338623047
90.33575439453125
81.90027618408203
87.18840789794922
89.47805786132812
56.055721282958984
89.62321472167969
87.27125549316406
82.257080078125
90.53628540039062
82.40113067626953
87.66485595703125
90.26390838623047
50.4624137878418
90.69482421875
88.56675720214844
83.47563171386719
92.086181640625
84.02840423583984
89.13765716552734
91.4825210571289
60.1719970703125
91.9205551147461
89.85832214355469
84.84642028808594
93.96566772460938
85.96994018554688
92.00994873046875
94.96648406982422
44.60624313354492
96.1795425415039
94.46526336669922
89.23149871826172
98.01692199707031
89.8367691040039
94.39136505126953
96.28903198242188
63.81116485595703
94.40730285644531
91.23343658447266
84.72057342529297
92.21620178222656
83.12552642822266
87.24256134033203
88.76285552978516
57.6912727355957
87.1232681274414
84.2685546875
77.71898651123047
85.39332580566406
76.16680145263672
80.55812072753906
82.33910369873047
51.76329040527344
82.43417358398438
80.69242095947266
76.59249114990234
85.7087173461914
77.89009094238281
82.39167022705078
84.4604263305664
51.47019577026367
83.3125991821289
80.76323699951172
74.82178497314453
82.89534759521484
74.23777770996094
78.80583953857422
80.63544464111328
49.92226028442383
79.70742797851562
77.62677001953125
73.15755462646484
81.90414428710938
74.63389587402344
81.05928802490234
84.26080322265625
52.36138153076172
84.87564849853516
82.33439636230469
77.31318664550781
85.63030242919922
77.55839538574219
82.75469970703125
85.41615295410156
49.74644088745117
85.77547454833984
83.84085845947266
78.94947052001953
87.66890716552734
79.76769256591797
85.43925476074219
88.25453186035156
55.84064483642578
89.50587463378906
87.78387451171875
82.9291763305664
91.84585571289062
84.17000579833984
90.09056091308594
93.00041961669922
61.55834197998047
93.12063598632812
90.45954132080078
84.82241821289062
92.66085815429688
83.7223892211914
88.83457946777344
90.71478271484375
52.053558349609375
89.31304168701172
86.3281021118164
79.99908447265625
87.85367584228516
79.05635833740234
83.63653564453125
85.26860046386719
48.52861022949219
84.19867706298828
81.42054748535156
75.57909393310547
83.86100769042969
75.30204010009766
80.06266784667969
82.20108032226562
34.574642181396484
81.59913635253906
79.21875
73.46442413330078
82.21395111083984
73.765380859375
78.74246978759766
81.1142349243164
53.21954345703125
80.750732421875
77.26797485351562
70.13831329345703
77.00526428222656
67.56204986572266
73.25618743896484
75.43186950683594
48.303340911865234
75.45140838623047
73.20578002929688
68.61951446533203
76.3099365234375
69.20919036865234
74.87178039550781
76.4057388305664
43.44385528564453
76.82705688476562
74.60686492919922
70.13612365722656
78.21012878417969
70.19633483886719
75.60530853271484
78.31212615966797
44.714271545410156
79.49007415771484
77.36807250976562
72.34056091308594
81.17169952392578
72.83856201171875
79.17232513427734
81.96890258789062
39.883087158203125
83.49237823486328
81.74857330322266
76.77471923828125
86.13129425048828
78.33151245117188
84.95641326904297
88.22430419921875
44.89957046508789
90.12645721435547
88.90645599365234
83.62344360351562
92.28014373779297
84.07441711425781
88.68582916259766
90.76329040527344
54.04008865356445
89.6635513305664
86.95657348632812
80.89521026611328
88.7264633178711
79.83336639404297
84.63497924804688
86.38459014892578
57.89337158203125
84.7545166015625
81.76851654052734
75.57470703125
83.25524139404297
75.14311218261719
80.25110626220703
82.63005065917969
52.7864990234375
81.826416015625
78.93104553222656
73.25919342041016
81.159423828125
72.21588897705078
76.73780822753906
79.16659545898438
48.3530158996582
78.1668472290039
75.30167388916016
68.90119171142578
77.46217346191406
68.6019287109375
75.4179458618164
78.58524322509766
54.02138900756836
79.47196197509766
77.4200668334961
73.17156219482422
80.98030853271484
72.89389038085938
77.3350601196289
79.9334945678711
51.44438552856445
79.54530334472656
77.17254638671875
72.12748718261719
80.56254577636719
72.71240997314453
78.84671783447266
81.42068481445312
49.62621307373047
81.55455017089844
78.97150421142578
73.62794494628906
82.02163696289062
73.82049560546875
78.67745971679688
81.1163101196289
49.2308349609375
81.02914428710938
79.06936645507812
73.78076171875
81.90509033203125
73.3458480834961
78.94754791259766
81.15111541748047
40.35659408569336
81.8771743774414
79.7685546875
74.2510986328125
82.8750228881836
74.77886962890625
80.3073959350586
82.54669952392578
51.541603088378906
82.76678466796875
80.67176055908203
75.35993194580078
84.11663818359375
76.25131225585938
81.58759307861328
83.96503448486328
47.4738655090332
84.59424591064453
82.45970153808594
77.5517349243164
86.1621322631836
78.34296417236328
84.01525115966797
86.71894836425781
55.640220642089844
87.43742370605469
85.32865905761719
80.11370849609375
88.7928237915039
80.55518341064453
85.82706451416016
87.80882263183594
45.72412872314453
87.4946060180664
84.8154296875
79.34960174560547
87.27478790283203
79.05766296386719
84.4548110961914
87.24234771728516
47.10873031616211
88.9075698852539
87.50566864013672
82.72518920898438
91.7463607788086
83.76749420166016
88.60059356689453
90.79638671875
54.98970413208008
89.70841217041016
86.92572021484375
80.63489532470703
88.57777404785156
79.73765563964844
84.23822021484375
85.89891815185547
50.997161865234375
84.85832214355469
82.09245300292969
75.77587890625
83.77900695800781
74.54873657226562
80.16456604003906
82.08460998535156
44.924644470214844
81.26010131835938
78.21575164794922
72.60389709472656
80.40087127685547
72.33108520507812
76.4809799194336
78.12183380126953
44.0285758972168
76.78836822509766
73.95880889892578
67.06124877929688
72.76627349853516
59.973724365234375
44.504539489746094
71.40644073486328
49.26406478881836
81.68706512451172
81.44020080566406
76.657470703125
85.63951873779297
77.404296875
81.8708724975586
83.68299865722656
52.668861389160156
82.83264923095703
80.31083679199219
74.48353576660156
82.22174072265625
73.33969116210938
78.1259994506836
79.92362976074219
40.76344299316406
78.8245620727539
76.52465057373047
71.32544708251953
81.39733123779297
74.98281860351562
81.6083755493164
84.80389404296875
44.75377655029297
85.17060852050781
82.65087127685547
77.61270141601562
85.34295654296875
76.70230102539062
82.2208480834961
84.43046569824219
51.63166427612305
84.63739776611328
82.44245910644531
77.32804107666016
85.7513656616211
77.76946258544922
83.06070709228516
85.4870834350586
52.987281799316406
86.05310821533203
84.11896514892578
78.8345947265625
87.49736022949219
79.72460174560547
85.0824203491211
87.84725952148438
48.888389587402344
88.50929260253906
86.45497131347656
81.0668716430664
89.47100067138672
81.06517791748047
85.33865356445312
86.43399810791016
56.925907135009766
84.12733459472656
80.9098129272461
74.59647369384766
83.01215362548828
