69.04519653320312
77.03914642333984
79.1341781616211
56.906410217285156
81.17355346679688
79.41383361816406
77.00088500976562
84.7066650390625
75.43856811523438
80.71187591552734
81.40158081054688
61.05596160888672
77.62673950195312
74.31112670898438
71.55863189697266
75.74507904052734
67.10604095458984
70.85890197753906
72.83200073242188
60.231204986572266
67.50589752197266
63.4144287109375
65.34220123291016
72.95941162109375
66.02571105957031
69.76651000976562
73.27416229248047
61.498207092285156
75.85659790039062
72.08563995361328
68.3837890625
73.49512481689453
67.65746307373047
66.5265884399414
64.88481140136719
54.212528228759766
69.18292236328125
66.49117279052734
55.14255142211914
66.60564422607422
61.115386962890625
62.96907043457031
67.1126937866211
57.66017532348633
71.30278778076172
69.75110626220703
63.476776123046875
72.013671875
66.05451202392578
67.47136688232422
70.17005920410156
57.45794677734375
72.8113021850586
70.95266723632812
69.03848266601562
76.11224365234375
69.70404815673828
71.34632110595703
75.23616027832031
55.979034423828125
76.39286804199219
73.9034423828125
72.03778839111328
79.23441314697266
70.90768432617188
76.30945587158203
79.39970397949219
57.99895095825195
79.19501495361328
77.23321533203125
74.11865997314453
81.98859405517578
73.00920867919922
81.37996673583984
84.21309661865234
53.897071838378906
85.59130859375
83.41014099121094
79.82655334472656
86.611572265625
75.84455871582031
82.62776947021484
83.6913070678711
52.804386138916016
81.32483673095703
78.62359619140625
71.44102478027344
79.6923599243164
71.0940170288086
76.62535858154297
78.65727233886719
55.260189056396484
79.15400695800781
76.18712615966797
68.32694244384766
78.45226287841797
71.29861450195312
73.87223815917969
76.6905746459961
53.91633605957031
77.1449966430664
74.4359359741211
70.95148468017578
79.82379150390625
72.8402099609375
77.962890625
81.68074798583984
63.321617126464844
83.41134643554688
82.91663360595703
77.98826599121094
87.42486572265625
79.3026351928711
83.98921966552734
86.35163879394531
61.28934860229492
85.80340576171875
84.00907135009766
78.50680541992188
87.93476104736328
80.30525207519531
86.3787841796875
89.79562377929688
68.29444885253906
88.46043395996094
85.66963195800781
76.48262023925781
83.57547760009766
72.69671630859375
75.22644805908203
74.55778503417969
61.00068283081055
66.21540832519531
64.9111099243164
64.09432983398438
74.17107391357422
68.9780502319336
74.06074523925781
78.56731414794922
53.47880172729492
82.41458129882812
81.32623291015625
78.54634857177734
86.49003601074219
77.4393539428711
81.34123229980469
83.49494171142578
60.40045166015625
84.11141967773438
80.78457641601562
75.29340362548828
81.76770782470703
73.36227416992188
75.4250259399414
77.23410034179688
59.10517120361328
76.28169250488281
73.38202667236328
69.4647216796875
76.88587951660156
69.8730697631836
72.89045715332031
76.2278823852539
57.27413558959961
76.9007797241211
74.7398681640625
73.11312866210938
81.02357482910156
73.36312103271484
80.28173828125
84.59797668457031
64.85559844970703
87.21022033691406
86.71473693847656
82.51541900634766
92.10520935058594
84.73434448242188
88.79051971435547
90.57891082763672
62.69179153442383
89.179443359375
86.69696807861328
80.75328063964844
88.65631103515625
79.7598648071289
85.41529846191406
87.41061401367188
54.33599853515625
86.82889556884766
84.49546813964844
78.11834716796875
86.92062377929688
78.24374389648438
84.0994873046875
86.43296813964844
55.959651947021484
86.63778686523438
84.29639434814453
77.78820037841797
87.24262237548828
79.45362854003906
84.3943862915039
87.0263671875
61.16678237915039
87.8516845703125
85.70923614501953
80.3619155883789
89.1544418334961
81.70841217041016
86.22946166992188
89.2760238647461
66.08014678955078
89.84358215332031
88.17247772216797
83.17394256591797
92.40384674072266
85.843017578125
89.9004135131836
93.57687377929688
74.22193145751953
92.87986755371094
91.08304595947266
82.88561248779297
91.88351440429688
83.51292419433594
86.2278060913086
87.88951110839844
62.90766525268555
85.41059875488281
82.33953857421875
76.497802734375
83.92942810058594
74.20551300048828
79.6024169921875
81.18539428710938
58.31452560424805
79.19440460205078
76.73207092285156
67.85216522216797
77.33384704589844
68.03003692626953
74.51422119140625
75.82701873779297
54.21275329589844
77.2336654663086
75.0376205444336
68.57527160644531
76.8636703491211
68.4417724609375
71.6491928100586
73.9324951171875
50.83023452758789
74.58136749267578
71.52944946289062
66.50821685791016
74.3493881225586
67.52583312988281
67.9463119506836
71.945556640625
58.335018157958984
69.3034896850586
67.09807586669922
64.30841064453125
70.29610443115234
58.56861877441406
68.89090728759766
70.90985107421875
59.37267303466797
75.93807983398438
76.01716613769531
71.22277069091797
81.03266906738281
72.51829528808594
78.21554565429688
79.98747253417969
57.85853576660156
79.1496353149414
76.53125762939453
69.36231994628906
77.32477569580078
69.1138687133789
73.41580200195312
75.3490982055664
59.5667724609375
77.50292205810547
76.08328247070312
73.94733428955078
82.62411499023438
75.99723052978516
81.35562133789062
84.85428619384766
59.25515365600586
86.82064056396484
85.04450225830078
81.36184692382812
90.01234436035156
82.19751739501953
87.47392272949219
89.61634826660156
63.651039123535156
88.30155944824219
85.14225769042969
79.44230651855469
86.63650512695312
77.90287780761719
81.33692932128906
83.34070587158203
58.75638198852539
81.77092742919922
78.77200317382812
74.3997573852539
81.88231658935547
72.69254302978516
77.92437744140625
80.60487365722656
55.473388671875
79.40477752685547
77.13675689697266
72.01676940917969
80.222900390625
71.13269805908203
78.43087005615234
80.77256774902344
50.97804641723633
81.4603042602539
79.69197845458984
73.7861557006836
82.78572845458984
75.16944122314453
81.57489013671875
84.271484375
58.75478744506836
86.29833984375
85.03633880615234
80.84954071044922
90.65890502929688
84.3106460571289
88.396240234375
90.46409606933594
62.60592269897461
87.05580139160156
83.65850830078125
75.57003021240234
83.12471008300781
73.44940948486328
77.36640167236328
78.22463989257812
52.936492919921875
76.99813079833984
74.07353973388672
66.68353271484375
74.50994873046875
66.29959869384766
67.10166931152344
70.2557373046875
51.26868438720703
67.51355743408203
61.948463439941406
62.53657913208008
67.12430572509766
54.23751449584961
63.288917541503906
67.08682250976562
53.055545806884766
67.48528289794922
68.23169708251953
57.635009765625
70.87457275390625
65.28988647460938
70.53260040283203
74.03398895263672
53.648807525634766
74.59603118896484
72.54981231689453
62.852813720703125
72.01106262207031
64.35095977783203
67.2881851196289
68.52015686035156
50.654808044433594
71.55760192871094
69.51092529296875
69.08384704589844
76.6216812133789
69.15030670166016
76.61981964111328
80.85098266601562
58.92761993408203
83.64266204833984
82.97077178955078
78.33845520019531
87.4150161743164
79.10480499267578
83.77670288085938
85.91724395751953
57.804447174072266
84.22713470458984
81.39067840576172
75.35821533203125
83.71109771728516
74.29054260253906
80.29369354248047
81.8536605834961
55.17451858520508
79.09923553466797
76.96212005615234
70.32612609863281
79.28662109375
70.9809341430664
76.69819641113281
78.62203979492188
37.59822463989258
79.38985443115234
76.77118682861328
70.85021209716797
79.72196960449219
72.24205017089844
75.66535186767578
78.37847900390625
57.76628494262695
78.99150085449219
76.46417999267578
72.76297760009766
80.6113510131836
72.25116729736328
77.36294555664062
79.67122650146484
56.473419189453125
79.40716552734375
76.7343521118164
72.2835693359375
80.78057098388672
71.38585662841797
78.41065216064453
80.52245330810547
50.73591613769531
80.69454956054688
78.93605041503906
73.74694061279297
81.78440856933594
72.9412841796875
80.08187866210938
82.69824981689453
56.435298919677734
84.3074722290039
83.3311996459961
76.92041015625
87.14075469970703
80.22493743896484
84.6103286743164
87.68639373779297
60.92136764526367
88.59951782226562
87.09044647216797
80.80704498291016
90.65939331054688
84.09092712402344
87.28624725341797
90.54718780517578
66.71473693847656
88.81588745117188
85.81158447265625
78.0833969116211
84.92720794677734
74.49437713623047
79.24205017089844
80.72238159179688
55.75649642944336
81.32200622558594
78.06040954589844
75.3576889038086
83.71214294433594
75.71366119384766
83.34707641601562
86.74861145019531
59.18938064575195
87.56196594238281
85.66162109375
79.7289047241211
87.61618041992188
78.68407440185547
83.62528991699219
85.03793334960938
37.866172790527344
83.45453643798828
80.49405670166016
73.02555847167969
81.53443908691406
72.13030242919922
78.32482147216797
80.5896224975586
59.09886932373047
83.74441528320312
82.93362426757812
78.5563735961914
88.27593994140625
81.19550323486328
85.17708587646484
87.79295349121094
57.54633712768555
86.82951354980469
84.359375
78.7496109008789
86.8248062133789
78.52454376220703
82.88800811767578
85.37911224365234
58.16215896606445
84.81575775146484
82.06317901611328
77.4864273071289
85.56436157226562
77.39056396484375
82.7254638671875
85.49999237060547
58.14043045043945
85.28732299804688
83.5020523071289
77.44209289550781
85.79106140136719
76.46683502197266
79.84062194824219
80.07272338867188
54.9006233215332
77.96170806884766
76.16714477539062
70.22289276123047
79.62552642822266
72.0325927734375
77.85283660888672
80.57086181640625
55.53150939941406
80.83890533447266
78.77094268798828
71.6099853515625
80.31600952148438
72.01950073242188
74.8637924194336
75.12163543701172
54.73576354980469
73.03569793701172
68.6284408569336
60.44524383544922
67.9398422241211
58.39036560058594
56.63649368286133
65.63673400878906
50.76045227050781
73.0877456665039
72.50897979736328
67.17289733886719
76.17713165283203
67.74696350097656
74.91178131103516
77.564453125
53.95841598510742
77.45132446289062
74.96033477783203
67.42921447753906
75.33815002441406
65.59844970703125
72.05696105957031
73.72291564941406
47.95258712768555
76.02466583251953
73.88621520996094
67.358154296875
75.70700073242188
67.71440124511719
69.01285552978516
70.3754653930664
54.974754333496094
69.91328430175781
65.29375457763672
65.13253021240234
71.28784942626953
