70.61318969726562
74.13941955566406
74.35761260986328
77.9580078125
78.0348892211914
79.1497802734375
77.76197814941406
77.501220703125
76.65104675292969
75.35049438476562
73.74127197265625
73.49394989013672
72.22803497314453
70.51902770996094
70.81883239746094
68.75359344482422
69.59046173095703
67.31150817871094
63.859928131103516
65.76530456542969
64.36326599121094
63.35698699951172
62.32361602783203
66.21564483642578
68.95578002929688
70.18416595458984
67.91460418701172
69.88665771484375
64.6379165649414
68.27393341064453
60.394588470458984
66.33755493164062
56.13356399536133
63.907623291015625
62.25322341918945
62.55188751220703
62.207786560058594
59.47878646850586
64.27933502197266
59.540367126464844
63.35756301879883
60.82715606689453
64.6659927368164
65.06204223632812
62.21632385253906
66.99362182617188
61.95320129394531
65.38490295410156
66.17179870605469
68.90633392333984
67.97174072265625
68.47792053222656
70.52877807617188
69.89335632324219
71.54216003417969
71.22425842285156
72.32129669189453
73.63856506347656
73.76020050048828
74.8916015625
74.8710708618164
77.24645233154297
76.72653198242188
77.85358428955078
77.31050872802734
76.22390747070312
75.6669921875
72.85076904296875
73.05501556396484
70.77835083007812
70.92676544189453
70.5758056640625
68.4347152709961
68.15974426269531
66.12073516845703
68.96846771240234
67.85458374023438
65.27578735351562
67.60488891601562
66.55876159667969
68.1402587890625
65.36245727539062
67.56132507324219
67.90151977539062
67.19116973876953
68.84166717529297
66.01942443847656
67.74807739257812
69.71701049804688
67.20002746582031
68.66442108154297
68.68472290039062
68.11492919921875
68.04703521728516
69.2392578125
71.10639953613281
67.73373413085938
70.15199279785156
69.84075927734375
69.16239166259766
71.24212646484375
69.42838287353516
71.1238021850586
70.14667510986328
71.72183990478516
72.30365753173828
71.01871490478516
72.80651092529297
71.67774963378906
72.79094696044922
73.02686309814453
72.90176391601562
74.20524597167969
72.83936309814453
74.88864135742188
74.48033142089844
74.5557861328125
75.13631439208984
74.320556640625
75.92086029052734
75.2432632446289
75.73527526855469
76.24755859375
76.61100006103516
79.17533874511719
80.89561462402344
82.93458557128906
83.84504699707031
84.66992950439453
84.54431915283203
84.49171447753906
84.38601684570312
83.81209564208984
82.5700454711914
80.14633178710938
78.95646667480469
78.11670684814453
79.3307113647461
81.39812469482422
83.16275787353516
85.67301940917969
87.24481964111328
88.97345733642578
89.96046447753906
90.12588500976562
90.0506591796875
89.06919860839844
88.41975402832031
87.52305603027344
86.8300552368164
86.2916030883789
85.86489868164062
85.50667572021484
85.2750473022461
85.20490264892578
85.31497955322266
85.53787994384766
85.51513671875
86.0132827758789
86.63534545898438
87.05101013183594
87.89594268798828
88.58002471923828
89.56763458251953
90.55146789550781
91.47306060791016
92.25157165527344
92.9842529296875
93.21126556396484
93.0544662475586
92.7588882446289
91.98674011230469
91.30490112304688
90.34532165527344
89.72471618652344
88.87388610839844
88.2243423461914
87.63916778564453
87.1283950805664
86.94503021240234
86.27876281738281
85.9714584350586
85.89639282226562
85.5406723022461
85.54537963867188
85.20266723632812
85.33236694335938
84.88085174560547
85.09159851074219
85.19500732421875
85.06929779052734
85.49961853027344
85.48049926757812
85.82086181640625
86.1185302734375
86.28239440917969
86.7526626586914
86.92842102050781
87.57512664794922
88.01996612548828
88.63697052001953
89.3631820678711
89.96867370605469
90.75312805175781
91.02935028076172
91.40800476074219
90.92341613769531
90.3343276977539
89.7751693725586
89.18940734863281
89.32052612304688
88.95360565185547
88.56900024414062
87.88004302978516
87.1905288696289
86.41301727294922
85.21160125732422
84.7786636352539
83.68159484863281
83.02660369873047
82.27366638183594
81.46328735351562
80.85206604003906
79.99491119384766
79.93333435058594
78.81746673583984
78.63641357421875
78.05839538574219
76.78838348388672
77.40606689453125
75.98650360107422
76.20491790771484
75.13259887695312
74.94094848632812
74.98002624511719
73.50089263916016
74.38218688964844
73.63628387451172
73.55628204345703
72.97576904296875
72.36021423339844
73.52527618408203
71.81707000732422
72.20965576171875
71.23997497558594
70.85260009765625
70.91471099853516
69.43743896484375
69.65251922607422
68.71588134765625
69.234130859375
69.0410385131836
67.83917999267578
68.4634017944336
68.2187271118164
69.49987030029297
68.8497314453125
67.55326843261719
68.4010238647461
68.1346206665039
69.113037109375
67.5281982421875
67.1234130859375
68.13025665283203
63.95059585571289
65.1508560180664
65.71075439453125
66.99439239501953
69.29965209960938
68.15830993652344
67.84760284423828
67.05048370361328
69.01250457763672
68.88908386230469
68.46539306640625
70.71881866455078
71.33279418945312
71.24365997314453
71.99090576171875
72.02983093261719
74.48306274414062
73.58139038085938
74.97323608398438
75.53607940673828
76.24813079833984
77.46956634521484
77.92574310302734
79.40392303466797
80.5311279296875
81.89379119873047
82.8368148803711
83.93515014648438
85.20709991455078
86.2000503540039
87.07762145996094
87.35108184814453
87.3699951171875
86.67332458496094
86.10200500488281
85.1315689086914
84.1353759765625
83.38267517089844
82.40057373046875
81.84610748291016
80.72801208496094
80.41547393798828
79.48007202148438
79.0443344116211
79.3065185546875
78.17909240722656
78.07872009277344
77.46372985839844
77.59422302246094
77.54764556884766
76.4916763305664
77.33247375488281
76.21126556396484
76.28913116455078
76.67201232910156
76.40506744384766
76.6596908569336
76.30912017822266
77.28751373291016
77.18168640136719
77.81763458251953
78.6375503540039
78.59172821044922
79.66053771972656
79.82337951660156
80.880859375
81.80020904541016
82.47708129882812
83.74845886230469
84.50646209716797
86.03651428222656
86.5364761352539
86.3538818359375
85.43997955322266
83.9089584350586
82.04527282714844
80.31370544433594
78.58020782470703
76.89608001708984
75.28909301757812
74.11103057861328
73.31693267822266
71.33334350585938
70.02705383300781
68.6910629272461
64.46049499511719
67.0652084350586
64.35230255126953
63.272369384765625
66.08049011230469
60.69461441040039
64.12484741210938
63.95796203613281
62.62664031982422
63.768272399902344
64.1073989868164
64.7994384765625
65.3927230834961
66.99310302734375
67.40733337402344
66.95401000976562
68.55258178710938
67.63863372802734
66.74727630615234
64.2289810180664
65.59088897705078
64.44763946533203
62.01091003417969
58.17471694946289
61.99833679199219
61.70431900024414
61.32957077026367
62.432106018066406
63.39231491088867
65.81520080566406
64.78718566894531
68.51034545898438
68.18163299560547
70.07746124267578
70.55516815185547
71.79093933105469
73.71765899658203
73.22737884521484
75.9340591430664
77.1361083984375
78.31643676757812
80.30506896972656
81.51412200927734
82.93602752685547
83.74830627441406
84.95024871826172
84.40693664550781
84.31373596191406
83.4898681640625
82.4954833984375
82.00401306152344
81.15583801269531
80.75581359863281
79.57917785644531
79.44441223144531
79.39219665527344
78.3786392211914
78.2137680053711
77.9265365600586
77.803955078125
77.40496063232422
76.86944580078125
76.49068450927734
76.6423568725586
76.66835021972656
75.72736358642578
75.90357208251953
75.73103332519531
75.50308990478516
76.6868667602539
76.27498626708984
76.60843658447266
76.76233673095703
76.95808410644531
76.97966003417969
76.21890258789062
76.74835205078125
76.47148132324219
76.83356475830078
76.54881286621094
76.55108642578125
76.46094512939453
76.21016693115234
75.80472564697266
75.79723358154297
75.79500579833984
76.27284240722656
75.52711486816406
76.26905822753906
76.14874267578125
76.4864273071289
76.97808837890625
76.6872787475586
77.01033020019531
77.01329040527344
77.5650405883789
77.9798812866211
78.03797912597656
78.23574829101562
78.27737426757812
78.79090881347656
78.90491485595703
79.11276245117188
79.85189056396484
79.40263366699219
80.34196472167969
80.10124969482422
80.39154815673828
80.21854400634766
79.53441619873047
79.817138671875
79.5656509399414
80.27816772460938
80.92493438720703
81.31605529785156
82.00028991699219
82.30044555664062
82.67786407470703
82.57623291015625
82.67203521728516
82.75238800048828
83.38692474365234
84.61829376220703
85.17916870117188
86.22787475585938
86.68263244628906
86.96959686279297
87.25299835205078
87.27362060546875
87.25281524658203
86.9206314086914
86.53556060791016
85.95616149902344
85.61785125732422
85.27761840820312
84.71015930175781
84.29519653320312
83.62742614746094
83.35482788085938
82.90388488769531
82.74951171875
82.3150863647461
82.12200164794922
81.89497375488281
81.32430267333984
81.35791778564453
80.93900299072266
80.90386199951172
80.87965393066406
80.22312927246094
79.84745025634766
79.22759246826172
79.37984466552734
78.23827362060547
78.66957092285156
78.4132080078125
79.037109375
78.48741149902344
78.72098541259766
78.4330825805664
78.73382568359375
78.27433776855469
77.83834075927734
77.6142349243164
77.23482513427734
77.42243194580078
77.14205932617188
76.6524658203125
76.81456756591797
76.1738052368164
76.16974639892578
75.45613098144531
75.23368835449219
73.39419555664062
72.04533386230469
66.2782974243164
60.119449615478516
63.38380432128906
72.23379516601562
74.90996551513672
77.15654754638672
77.98001098632812
78.529541015625
78.72979736328125
78.88949584960938
78.94418334960938
79.62676239013672
80.02960205078125
80.21617889404297
80.52477264404297
79.93086242675781
79.77545166015625
77.90087127685547
76.22187042236328
73.70722961425781
70.24659729003906
69.53394317626953
65.07525634765625
66.16905975341797
65.62385559082031
68.56234741210938
71.68687438964844
73.8777084350586
75.59829711914062
77.41151428222656
77.91726684570312
78.98114776611328
79.18254852294922
80.32684326171875
80.3398208618164
80.80589294433594
81.32737731933594
81.66835021972656
81.60243225097656
81.23241424560547
81.01060485839844
79.97936248779297
79.17665100097656
78.425537109375
76.84850311279297
75.71399688720703
73.9597396850586
72.89464569091797
69.91207885742188
69.28117370605469
69.0197525024414
66.88532257080078
