56.819007873535156
54.47691345214844
50.75897216796875
51.158260345458984
58.98276901245117
51.04901123046875
46.82093811035156
45.82333755493164
48.512210845947266
59.19306182861328
52.5173454284668
56.58185958862305
45.55146408081055
55.699676513671875
39.97209930419922
46.278968811035156
56.6019172668457
43.28900146484375
54.63191223144531
50.06632995605469
50.45503234863281
48.089603424072266
53.77463912963867
50.573543548583984
53.70669937133789
49.837154388427734
47.88337326049805
53.62660598754883
57.26073455810547
50.73598861694336
58.743412017822266
52.527793884277344
54.33366394042969
24.884035110473633
49.10273742675781
56.15253448486328
55.0030517578125
55.81771469116211
47.258453369140625
52.41657257080078
47.848175048828125
54.26060104370117
49.99317932128906
54.03593063354492
46.55291748046875
45.309967041015625
58.1891975402832
47.62395095825195
51.73873519897461
42.832637786865234
42.60316467285156
51.19778823852539
46.385589599609375
41.863555908203125
51.28463363647461
54.694278717041016
51.571590423583984
52.468631744384766
40.725799560546875
53.6263313293457
46.55724334716797
53.25840377807617
44.790035247802734
43.094844818115234
50.94214630126953
45.01506042480469
49.50942611694336
53.02593231201172
46.14909744262695
45.15137481689453
45.06113052368164
51.83771896362305
45.45640563964844
50.57008743286133
50.21012496948242
41.99435806274414
53.249961853027344
53.104095458984375
56.176177978515625
52.525299072265625
40.72568893432617
44.49803924560547
49.99954605102539
51.096797943115234
46.58901596069336
48.111331939697266
45.61787033081055
47.86660385131836
54.33790969848633
48.27818298339844
45.68226623535156
50.628883361816406
41.2484130859375
52.06715774536133
44.765621185302734
52.32697296142578
53.0513801574707
46.01774215698242
44.95592498779297
53.840576171875
53.67539978027344
42.84359359741211
51.766685485839844
45.11336898803711
53.765167236328125
48.63232421875
47.495853424072266
47.2213249206543
51.54909133911133
51.19232177734375
45.9057731628418
44.33363342285156
52.89451217651367
50.165130615234375
36.4127197265625
45.28792190551758
52.56705856323242
57.27545166015625
47.71518325805664
45.42802047729492
39.42892837524414
45.86761474609375
56.3636474609375
53.4468879699707
48.09908676147461
52.90441131591797
42.392547607421875
46.41904067993164
42.69219970703125
54.24951934814453
55.40608596801758
41.14775085449219
53.653053283691406
46.64177703857422
45.47795104980469
47.772518157958984
44.16107177734375
52.23851776123047
48.17569351196289
47.15806579589844
46.94251251220703
50.569419860839844
53.71272277832031
47.721317291259766
48.83112716674805
57.740875244140625
47.33452224731445
54.42036056518555
42.555580139160156
55.99858474731445
54.19868087768555
54.23373031616211
55.38436508178711
50.98649978637695
50.6130485534668
47.260128021240234
54.96453857421875
47.940494537353516
44.39274597167969
58.284210205078125
50.470733642578125
53.2237663269043
53.4050178527832
52.01606750488281
51.1662483215332
47.15016555786133
47.129966735839844
53.01486587524414
49.245513916015625
55.58565139770508
52.29606628417969
54.59391403198242
50.8738899230957
46.90581512451172
42.54551315307617
52.55632781982422
54.455604553222656
50.929954528808594
48.86350631713867
51.823219299316406
42.44888687133789
57.932559967041016
51.00745391845703
55.22161102294922
51.26663589477539
50.52501678466797
51.096858978271484
53.92889404296875
56.136566162109375
48.005462646484375
51.77001953125
41.432647705078125
50.64341735839844
44.530513763427734
50.51554870605469
50.31325912475586
48.40666580200195
51.03022384643555
49.399658203125
52.44065856933594
55.32962417602539
56.61513900756836
52.13063430786133
49.19207000732422
47.81484603881836
54.88710021972656
54.8186149597168
45.897430419921875
38.68555450439453
39.67643737792969
39.701316833496094
50.770721435546875
48.617889404296875
48.36479949951172
50.115562438964844
36.96441650390625
52.29600143432617
55.15498352050781
48.245697021484375
41.53733825683594
53.47333908081055
53.14437484741211
45.18861389160156
39.607398986816406
53.36940002441406
47.106658935546875
53.283302307128906
54.65602493286133
37.63997268676758
48.50545120239258
49.85272216796875
45.01388168334961
49.05073928833008
50.15005111694336
44.00418472290039
55.25428771972656
47.48167419433594
49.8740234375
51.974735260009766
51.91659927368164
45.524879455566406
51.96392822265625
52.663814544677734
53.88238525390625
37.55988693237305
53.67546844482422
56.386146545410156
43.33350372314453
39.22983169555664
49.75590515136719
48.4879035949707
45.90505599975586
43.61092758178711
51.435455322265625
48.229331970214844
56.86839294433594
50.84238815307617
57.81121826171875
55.12226486206055
58.66141891479492
51.52677536010742
49.985042572021484
45.642642974853516
54.98200607299805
47.02543258666992
45.578582763671875
47.06369400024414
52.8610954284668
54.802249908447266
52.499027252197266
49.376930236816406
52.51805114746094
50.59360122680664
53.859710693359375
54.5212516784668
49.586883544921875
40.54283905029297
49.500179290771484
45.628814697265625
51.329368591308594
51.82408905029297
46.7836799621582
43.89775466918945
53.811004638671875
49.08895492553711
40.76673126220703
52.760921478271484
55.14973449707031
45.3166389465332
48.48809051513672
34.30995178222656
43.97024154663086
52.800498962402344
47.37356948852539
47.67105484008789
52.18144607543945
53.23802185058594
51.68391418457031
54.464515686035156
46.813602447509766
40.264122009277344
49.28355026245117
33.18403625488281
43.78434753417969
44.99048614501953
45.08320617675781
44.83302307128906
46.81084060668945
56.1101188659668
40.09922409057617
52.827117919921875
52.359378814697266
42.62207794189453
55.57157897949219
44.3901481628418
52.75255584716797
45.97477722167969
42.38925552368164
51.66696548461914
50.32525634765625
49.464866638183594
35.882606506347656
51.40372085571289
46.78837585449219
47.745853424072266
53.51265335083008
46.566627502441406
55.88864517211914
45.46253967285156
52.90873336791992
51.37981414794922
41.27763366699219
52.434532165527344
53.969146728515625
49.248565673828125
54.07731628417969
39.759376525878906
47.10813522338867
40.281585693359375
51.47520446777344
50.8748664855957
49.71550369262695
52.4627571105957
50.02222442626953
47.398780822753906
54.81736373901367
51.41307830810547
53.80715560913086
48.16366958618164
55.642051696777344
46.186397552490234
54.508628845214844
52.72537612915039
49.42826843261719
47.73480224609375
48.66795349121094
46.65824508666992
48.27251434326172
50.97484588623047
51.27908706665039
44.194793701171875
42.533302307128906
41.59672164916992
46.627838134765625
46.52666473388672
49.78921890258789
47.24814987182617
45.70431900024414
29.2396297454834
47.42003631591797
52.90450668334961
45.20446014404297
49.791690826416016
39.09368133544922
46.737396240234375
47.42726516723633
45.27228546142578
40.97732162475586
45.25230026245117
46.46779251098633
43.546756744384766
45.13533020019531
51.05083084106445
43.770286560058594
48.112308502197266
41.48217010498047
42.11528778076172
36.046913146972656
45.66114807128906
49.170570373535156
46.014068603515625
45.236995697021484
51.238609313964844
47.5551872253418
51.639854431152344
44.32083511352539
43.84696960449219
48.61174774169922
49.28667449951172
44.576026916503906
32.989376068115234
49.86182403564453
40.9449348449707
43.89641571044922
51.89701461791992
42.487186431884766
40.25263595581055
45.11058807373047
49.62221908569336
46.25252151489258
45.51107406616211
48.948184967041016
48.859046936035156
50.19660568237305
33.721248626708984
45.37308883666992
45.59654235839844
42.710960388183594
26.88271141052246
32.035823822021484
40.35884475708008
40.16611862182617
36.01643371582031
43.476470947265625
51.09430694580078
41.412654876708984
49.24462890625
47.50574493408203
48.38143539428711
37.27899169921875
36.66733932495117
47.98453903198242
41.78670120239258
44.23069381713867
44.728858947753906
47.139678955078125
46.86385726928711
38.435943603515625
44.39741516113281
41.428504943847656
46.88728332519531
47.4425048828125
28.626693725585938
48.28817367553711
47.50483703613281
37.29712677001953
48.48504638671875
43.35244369506836
41.341705322265625
45.687294006347656
46.07167434692383
45.16305923461914
42.26694107055664
45.0391845703125
46.39564895629883
46.816200256347656
47.65639114379883
49.71700668334961
50.609519958496094
35.328678131103516
48.790504455566406
35.32264709472656
42.63964080810547
47.61154556274414
38.58632278442383
40.05482482910156
40.70024108886719
44.80467987060547
43.81949234008789
42.445735931396484
49.97489547729492
43.9461555480957
36.106990814208984
43.854331970214844
42.99555969238281
41.52131271362305
43.10292053222656
43.88233947753906
45.02235794067383
42.918697357177734
45.454811096191406
25.541488647460938
35.7069206237793
42.49391174316406
41.39776611328125
47.245391845703125
45.81589889526367
48.705543518066406
39.482181549072266
42.1817741394043
34.98102951049805
42.13166046142578
48.60502624511719
47.25419616699219
47.0033073425293
46.98533248901367
44.92326736450195
41.08784866333008
46.23100662231445
27.64301872253418
51.12690734863281
45.085899353027344
34.350547790527344
43.6872673034668
43.2347412109375
44.254207611083984
37.33193588256836
42.09342956542969
41.447181701660156
38.546504974365234
37.478450775146484
23.117538452148438
29.517133712768555
40.5394401550293
41.151729583740234
46.054683685302734
41.71542739868164
38.13152313232422
43.97734451293945
47.73347091674805
48.8726921081543
35.590396881103516
35.21317672729492
43.27701950073242
49.059356689453125
43.48023223876953
40.70180130004883
47.92879867553711
46.021484375
45.799156188964844
42.040771484375
44.30483627319336
43.843223571777344
47.35468673706055
43.95109558105469
46.54861831665039
45.342403411865234
46.31700897216797
41.198463439941406
39.37935256958008
46.27962875366211
42.643104553222656
45.0555534362793
44.81387710571289
49.79629898071289
37.501731872558594
42.02423095703125
45.536163330078125
42.000877380371094
46.98077392578125
45.20872497558594
35.76541519165039
45.592716217041016
40.729522705078125
42.684532165527344
45.1734504699707
38.328369140625
43.18146896362305
48.51096725463867
43.94581985473633
43.85506057739258
50.50934982299805
46.16970443725586
44.501373291015625
31.81970977783203
46.287208557128906
50.770851135253906
42.5250244140625
44.3030891418457
47.00182342529297
37.95474624633789
47.516536712646484
43.69993591308594
46.66526412963867
48.775630950927734
33.366397857666016
