77.11366271972656
79.32434844970703
83.63565063476562
71.16146087646484
83.45089721679688
83.8524398803711
79.03240203857422
85.47425842285156
73.07876586914062
81.65448760986328
79.27983093261719
70.91138458251953
77.95797729492188
73.06732940673828
73.00109100341797
75.93836212158203
66.3910903930664
72.11776733398438
74.60921478271484
66.89775848388672
75.584228515625
74.82730865478516
69.98554992675781
79.6855239868164
76.09505462646484
77.07838439941406
83.11048126220703
72.92283630371094
84.67887115478516
80.919189453125
79.33834075927734
82.39311981201172
64.31019592285156
78.78233337402344
77.2756118774414
67.76116180419922
75.81428527832031
70.96809387207031
69.00296783447266
69.1165771484375
67.84579467773438
62.1240348815918
60.87419128417969
65.51500701904297
71.03128051757812
70.58812713623047
67.00286865234375
74.52833557128906
70.29655456542969
71.09245300292969
75.72576904296875
61.688072204589844
73.70034790039062
74.7667236328125
56.43074417114258
74.62975311279297
71.55252838134766
71.05831909179688
76.43656158447266
69.059326171875
78.43527221679688
75.36182403564453
75.77779388427734
82.3983383178711
69.87548828125
82.7283935546875
83.30238342285156
68.22724914550781
85.4884033203125
84.0882339477539
78.48611450195312
87.84398651123047
83.06326293945312
84.25687408447266
89.52287292480469
75.95990753173828
89.78616333007812
89.95841217041016
83.80054473876953
92.5835952758789
82.6573257446289
90.1432113647461
89.97517395019531
74.54432678222656
90.2400131225586
85.93621826171875
83.99837493896484
89.72640228271484
79.93811798095703
86.8912124633789
88.82147979736328
72.95457458496094
87.91780090332031
86.38318634033203
76.91582489013672
87.41031646728516
82.28604888916016
81.88764190673828
85.78050231933594
74.01142883300781
83.00166320800781
81.74232482910156
78.79199981689453
83.80149841308594
57.9534912109375
85.43895721435547
84.53413391113281
78.08075714111328
88.21475982666016
87.8433837890625
82.36736297607422
93.10115814208984
89.94232940673828
91.55765533447266
96.46418762207031
75.30148315429688
96.43003845214844
95.25570678710938
87.78985595703125
98.38421630859375
92.0848617553711
95.03682708740234
98.95439147949219
84.34187316894531
99.05390930175781
95.45186614990234
93.18418884277344
97.16006469726562
79.30647277832031
93.65629577636719
92.03618621826172
80.79650115966797
90.56305694580078
86.14592742919922
81.52941131591797
85.48655700683594
80.64190673828125
73.0096435546875
79.51882934570312
77.24407196044922
82.28738403320312
83.79607391357422
83.8768539428711
88.83615112304688
77.15637969970703
88.16817474365234
89.0691909790039
78.26024627685547
92.23670959472656
86.93181610107422
88.69481658935547
92.49998474121094
78.00899505615234
91.93306732177734
92.06497955322266
82.20774841308594
93.9378662109375
91.89774322509766
88.10148620605469
96.16339874267578
91.03424835205078
93.17316436767578
98.09951782226562
85.69132232666016
98.26201629638672
99.26856231689453
88.85990905761719
102.3290023803711
96.45575714111328
100.2119140625
102.13813018798828
86.50503540039062
101.98743438720703
97.15110778808594
95.51278686523438
100.28006744384766
90.89356994628906
96.78422546386719
99.01074981689453
79.7007827758789
98.11813354492188
96.52001190185547
88.22303009033203
98.45671081542969
91.51731872558594
94.62213134765625
97.44770050048828
75.94036102294922
97.48343658447266
95.02983856201172
91.53340148925781
99.03351593017578
89.34659576416016
97.23228454589844
99.28506469726562
78.88126373291016
100.27973937988281
98.31629943847656
93.07547760009766
102.04161834716797
95.3472900390625
98.93753814697266
102.62240600585938
83.35497283935547
102.59593200683594
101.55461120605469
94.61802673339844
104.08250427246094
95.70319366455078
100.95076751708984
102.193359375
82.33623504638672
101.50829315185547
97.29753875732422
93.5550765991211
99.6242904663086
89.84160614013672
95.21566009521484
96.57913970947266
76.47406005859375
94.37691497802734
92.12523651123047
82.13159942626953
92.3888931274414
85.58622741699219
86.22796630859375
89.28978729248047
71.09320068359375
87.2403564453125
84.04824829101562
80.88388061523438
86.56575012207031
75.13543701171875
84.49623107910156
85.30396270751953
70.53672790527344
85.56876373291016
82.60382843017578
77.8923110961914
85.23234558105469
78.08684539794922
80.11373138427734
82.95640563964844
65.02445983886719
80.495361328125
79.70472717285156
69.02644348144531
79.80601501464844
72.1847915649414
76.45388793945312
78.3317642211914
60.443382263183594
77.8885269165039
74.69989013671875
73.66998291015625
79.39606475830078
68.9986572265625
77.12946319580078
78.83782196044922
63.90909194946289
78.89398193359375
77.05977630615234
70.49616241455078
78.88091278076172
73.82730102539062
72.67989349365234
79.99657440185547
73.56333923339844
81.19664764404297
81.1036376953125
77.8957748413086
82.69820404052734
69.96537780761719
80.17654418945312
77.78650665283203
67.80213928222656
80.88336944580078
79.18573760986328
76.07926940917969
84.24307250976562
78.13057708740234
82.63163757324219
86.45140075683594
66.63748168945312
87.1414566040039
86.59587860107422
79.4122314453125
90.19873046875
84.48628234863281
87.48632049560547
91.62332916259766
74.92195892333984
92.73108673095703
90.74446105957031
87.20629119873047
93.75080871582031
82.08497619628906
90.81027221679688
92.69052124023438
63.6324462890625
93.57624816894531
90.99626159667969
86.81525421142578
93.81648254394531
84.3044662475586
90.5401840209961
92.24368286132812
70.26594543457031
91.30233001708984
89.19927215576172
81.83155822753906
90.88904571533203
83.5308837890625
86.12606048583984
89.42760467529297
67.59732818603516
88.61429595947266
86.57122802734375
82.11748504638672
89.77774810791016
80.4542007446289
88.34423828125
90.29349517822266
71.20487213134766
92.0408706665039
89.92424011230469
85.8819808959961
94.43727111816406
87.24794006347656
92.03399658203125
95.5047378540039
68.25361633300781
95.9027099609375
93.73755645751953
87.08695983886719
96.68869018554688
91.14830017089844
93.8487777709961
97.4958724975586
82.03009033203125
96.80240631103516
91.76677703857422
89.64608764648438
94.05644226074219
81.95405578613281
89.85267639160156
90.3797607421875
74.07164001464844
88.02632141113281
85.46342468261719
75.21432495117188
84.12567138671875
78.65655517578125
71.74829864501953
77.98233795166016
71.44186401367188
74.65929412841797
64.2180404663086
74.8126220703125
78.51094818115234
71.47908020019531
78.75379180908203
81.29583740234375
71.48609924316406
82.47306060791016
82.26409912109375
72.537109375
82.9165267944336
75.99183654785156
75.68890380859375
77.05220031738281
66.54913330078125
69.83063507080078
65.10063171386719
74.13572692871094
78.0042724609375
69.59049224853516
81.69345092773438
84.4972152709961
73.86742401123047
87.48622131347656
87.2053451538086
80.29962158203125
91.5723876953125
87.32051849365234
88.8276138305664
94.67820739746094
80.60619354248047
95.52088165283203
94.31793212890625
89.69342803955078
96.91482543945312
85.98062133789062
94.14096069335938
94.70719909667969
76.14080047607422
94.83992004394531
91.429931640625
87.20099639892578
94.14511108398438
85.77452087402344
90.15723419189453
92.4428939819336
70.76545715332031
91.37400817871094
88.75687408447266
82.12773895263672
89.95763397216797
81.94522094726562
85.68721008300781
88.54328155517578
64.46908569335938
87.95059967041016
85.72514343261719
80.98870849609375
88.665771484375
79.30320739746094
86.23218536376953
87.7519760131836
65.92656707763672
88.32210540771484
84.89898681640625
81.28609466552734
88.40599822998047
80.14448547363281
85.23380279541016
88.45266723632812
69.77272033691406
89.00755310058594
88.40080261230469
81.48506164550781
91.77140045166016
83.69772338867188
89.6938705444336
91.9831771850586
58.47913360595703
92.44642639160156
90.50948333740234
84.99527740478516
93.84083557128906
85.96099853515625
91.174560546875
93.33903503417969
74.16938018798828
92.94526672363281
87.22952270507812
85.48448181152344
89.76012420654297
81.64945220947266
83.4397964477539
86.72478485107422
75.27588653564453
84.0348892211914
84.25047302246094
78.33314514160156
86.86862182617188
77.59546661376953
87.57279968261719
88.97428131103516
74.65194702148438
92.06735229492188
89.37521362304688
87.41792297363281
94.7170181274414
86.99476623535156
92.68058776855469
95.97354888916016
78.65476989746094
96.47547149658203
95.73007202148438
87.48626708984375
98.70327758789062
91.8618392944336
95.47196197509766
98.1487808227539
74.29507446289062
97.47015380859375
93.98434448242188
89.23917388916016
95.91999816894531
85.79550170898438
91.48757934570312
92.43067169189453
56.99673080444336
90.52850341796875
86.71312713623047
81.51449584960938
88.2555160522461
77.95921325683594
85.18246459960938
88.45663452148438
73.40155792236328
90.2994613647461
91.27216339111328
82.39715576171875
95.46656036376953
89.36460876464844
94.01915740966797
96.38349151611328
78.4282455444336
96.80008697509766
93.1567611694336
90.17102813720703
96.6352767944336
87.0289535522461
93.67780303955078
95.26371002197266
74.95841979980469
94.69752502441406
92.5679702758789
85.21240234375
94.68667602539062
87.93755340576172
90.57479858398438
93.69523620605469
73.13155364990234
92.96746063232422
89.9708480834961
86.52118682861328
91.55860900878906
79.68306732177734
87.49418640136719
89.33311462402344
70.30059051513672
89.5438003540039
88.34368133544922
80.62348937988281
90.78404235839844
82.75901794433594
87.29751586914062
89.03186798095703
68.2933120727539
87.67198944091797
83.26726531982422
79.8170166015625
84.0296401977539
69.13058471679688
77.14990234375
75.28271484375
70.61544799804688
71.095703125
75.19354248046875
71.65937042236328
80.63976287841797
71.08382415771484
81.54360961914062
81.67749786376953
71.47123718261719
83.36011505126953
79.201904296875
77.52190399169922
83.8658447265625
77.5243148803711
80.41645812988281
84.44408416748047
67.08517456054688
83.54029846191406
81.9153823852539
73.16061401367188
81.82157897949219
74.2933349609375
74.54762268066406
78.09222412109375
67.09992980957031
75.18544006347656
77.1585693359375
64.52325439453125
79.23632049560547
76.2948226928711
77.91899871826172
82.7966537475586
62.31767654418945
83.06932067871094
81.02340698242188
76.8753662109375
84.42406463623047
