59.402671813964844
63.572696685791016
65.81350708007812
41.93210983276367
69.43363952636719
67.91182708740234
62.49969482421875
71.14788055419922
63.6619758605957
72.98777770996094
76.21281433105469
51.17340087890625
78.42829132080078
76.33123779296875
71.76482391357422
76.72822570800781
66.4130859375
68.83698272705078
68.41670227050781
44.35881805419922
62.877349853515625
56.44823455810547
58.13911819458008
62.21792984008789
56.14639663696289
61.03964614868164
63.631256103515625
40.28959655761719
68.03331756591797
68.07316589355469
66.22686767578125
76.25311279296875
71.9068832397461
76.07443237304688
78.90204620361328
56.21792221069336
76.75174713134766
72.66020202636719
63.17588806152344
71.1228256225586
61.03401565551758
65.63436889648438
65.11903381347656
51.52605438232422
63.2713623046875
60.778987884521484
51.6339111328125
59.40852355957031
51.17137145996094
56.070220947265625
61.96211242675781
51.9150276184082
57.05568313598633
57.16415023803711
55.204811096191406
64.34524536132812
59.28253936767578
59.896018981933594
61.42509460449219
47.77294921875
64.681884765625
64.06660461425781
57.410987854003906
67.14183044433594
56.1400260925293
64.23015594482422
67.73762512207031
52.4000244140625
68.54117584228516
66.10166931152344
61.20411682128906
67.71823120117188
57.090110778808594
67.80642700195312
70.6397933959961
54.34393310546875
68.61176300048828
65.39457702636719
66.17338562011719
73.1313705444336
67.51628112792969
70.22946166992188
74.18333435058594
57.54164505004883
80.94689178466797
81.48649597167969
78.35615539550781
89.56250762939453
81.85211181640625
88.45172119140625
90.331787109375
61.2558479309082
89.80465698242188
86.5644302368164
80.75568389892578
88.11393737792969
78.80428314208984
83.98219299316406
85.79953002929688
53.64313888549805
85.65697479248047
83.13444519042969
78.08871459960938
86.21454620361328
78.0246353149414
82.80531311035156
84.13336181640625
57.774044036865234
80.52239227294922
75.75244140625
68.06427764892578
75.7045669555664
67.10052490234375
73.62572479248047
76.77237701416016
46.537052154541016
79.6109848022461
78.36466217041016
74.24037170410156
83.69122314453125
76.77262878417969
82.87846374511719
86.59355163574219
55.45692443847656
89.27346801757812
88.01622772216797
84.03050994873047
92.92262268066406
84.61491394042969
90.31108856201172
92.17898559570312
46.799774169921875
91.04476165771484
88.01669311523438
82.33599853515625
90.27761840820312
81.47346496582031
86.68839263916016
88.85012817382812
54.109683990478516
88.67374420166016
86.38565063476562
81.4599609375
89.92566680908203
81.9476318359375
86.99327087402344
89.26663208007812
60.22686004638672
88.85428619384766
86.68672180175781
80.80131530761719
89.40040588378906
79.17510223388672
83.11264038085938
82.24716186523438
46.285247802734375
76.30318450927734
74.63706970214844
71.57505798339844
80.8444595336914
73.90436553955078
79.78343200683594
82.73017883300781
50.34758758544922
83.92431640625
81.99907684326172
77.25479888916016
85.96112823486328
78.19065856933594
83.55193328857422
86.32247924804688
50.217933654785156
87.08209228515625
84.82768249511719
79.81668090820312
88.25312042236328
79.97003173828125
85.4000015258789
88.02922058105469
56.62289047241211
92.07524108886719
91.39736938476562
87.46874237060547
96.06212615966797
87.58067321777344
93.13835144042969
95.03459930419922
38.64769744873047
93.60159301757812
90.26053619384766
84.26213073730469
91.32717895507812
81.99758911132812
86.33781433105469
87.66475677490234
40.10483932495117
85.90904235839844
82.90375518798828
76.7715835571289
84.19229888916016
75.29086303710938
79.56047821044922
81.00032043457031
41.09147262573242
79.8297119140625
76.86114501953125
70.62322998046875
78.61258697509766
68.13717651367188
74.8250961303711
76.38383483886719
42.166385650634766
74.97417449951172
73.05319213867188
66.02686309814453
75.0385513305664
66.32186126708984
71.04680633544922
73.09333038330078
32.776424407958984
72.89991760253906
69.28594207763672
64.75914764404297
72.72814178466797
63.7994384765625
68.96775817871094
70.7616195678711
43.820980072021484
70.06504821777344
68.5406265258789
64.06470489501953
71.17691802978516
63.513790130615234
67.04824829101562
70.3900146484375
41.84524154663086
70.42103576660156
67.98117065429688
62.521610260009766
71.55616760253906
62.72455978393555
69.42132568359375
71.88823699951172
50.926551818847656
72.8211898803711
70.2527847290039
66.3444595336914
74.41105651855469
66.8490219116211
73.73467254638672
76.9717025756836
41.229774475097656
78.6282958984375
75.43465423583984
71.29789733886719
77.04515838623047
68.7933349609375
73.62971496582031
76.82478332519531
44.14784622192383
77.41389465332031
74.5612564086914
68.48828887939453
76.18255615234375
67.70394134521484
71.86389923095703
73.27447509765625
48.70425033569336
73.33818054199219
70.51421356201172
66.41349792480469
73.88003540039062
66.7601547241211
73.06661987304688
76.77095031738281
30.21318244934082
79.70904541015625
78.68711853027344
73.58928680419922
82.52859497070312
72.8908920288086
78.65901184082031
79.95276641845703
50.63859558105469
78.7993392944336
76.41659545898438
71.9068832397461
80.25521087646484
72.85914611816406
78.2600326538086
81.41464233398438
39.530094146728516
83.36959838867188
82.09101867675781
78.37330627441406
87.74472045898438
80.56367492675781
86.02301025390625
88.26036071777344
54.13092041015625
86.72046661376953
83.23489379882812
76.1762466430664
83.60169219970703
74.04649353027344
79.01502227783203
80.80306243896484
34.1003532409668
80.83995819091797
78.97123718261719
73.8040771484375
81.65986633300781
73.00384521484375
78.07643127441406
79.8503189086914
35.762786865234375
79.3048095703125
77.11549377441406
71.94173431396484
79.829345703125
71.47819519042969
76.96392059326172
79.57249450683594
41.490787506103516
80.16869354248047
78.31929016113281
73.69426727294922
82.33030700683594
74.66512298583984
80.57048034667969
83.5889663696289
45.906246185302734
83.1202621459961
78.89464569091797
71.943359375
77.94036102294922
67.5483169555664
69.56478118896484
68.80707550048828
35.90767288208008
65.9842758178711
65.38909912109375
61.579383850097656
70.36934661865234
62.636253356933594
68.86675262451172
72.75130462646484
41.305641174316406
74.01100158691406
72.77179718017578
68.74092864990234
77.38796997070312
69.24547576904297
75.65926361083984
78.8162841796875
51.678367614746094
80.85820770263672
79.14466094970703
74.3134994506836
82.98233032226562
74.88431549072266
81.40816497802734
84.39981842041016
50.18714141845703
86.46870422363281
84.62380981445312
79.33364868164062
86.68907928466797
76.52124786376953
80.71746063232422
81.07999420166016
50.750396728515625
77.53417205810547
73.44673919677734
66.94873046875
72.08103942871094
62.7368049621582
68.88731384277344
72.41260528564453
40.62444305419922
76.50123596191406
76.3850326538086
73.91072845458984
83.97732543945312
77.62625885009766
84.3705062866211
87.5677490234375
53.21317672729492
87.58981323242188
84.63715362548828
78.17142486572266
85.8178482055664
76.41317749023438
81.32547760009766
83.07247161865234
49.742427825927734
81.93637084960938
79.00565338134766
72.5798568725586
80.93999481201172
72.36051940917969
77.77615356445312
80.67495727539062
47.438350677490234
80.8470458984375
78.42634582519531
73.32152557373047
81.22416687011719
73.04965209960938
77.91008758544922
80.00757598876953
44.95762634277344
79.91842651367188
77.82325744628906
72.22965240478516
80.45516967773438
72.26306915283203
77.39411926269531
79.87767791748047
38.71150588989258
79.82099151611328
77.33843994140625
72.49838256835938
80.7379379272461
72.2410659790039
77.50767517089844
79.84432983398438
38.55105972290039
79.75975799560547
77.88565063476562
72.69702911376953
81.27003479003906
73.53568267822266
78.39334106445312
81.35047149658203
49.0781135559082
82.24314880371094
80.3614501953125
75.1956558227539
84.2060317993164
76.21666717529297
82.22465515136719
85.04291534423828
44.14565658569336
85.47785186767578
82.6444091796875
76.27464294433594
83.0060043334961
72.67700958251953
76.20966339111328
77.77796936035156
38.13629150390625
78.51289367675781
77.10356903076172
72.69011688232422
82.06045532226562
74.47964477539062
80.81957244873047
83.52059173583984
44.76385498046875
83.37503814697266
80.58120727539062
75.40740203857422
83.76930236816406
76.2219467163086
82.36598205566406
85.75980377197266
52.33371353149414
88.39817810058594
87.0335693359375
82.73118591308594
91.394775390625
82.96273040771484
88.41256713867188
90.08600616455078
37.75310516357422
88.7721176147461
85.5797119140625
79.66773986816406
87.43453979492188
78.28539276123047
83.37520599365234
85.34061431884766
44.979007720947266
84.57787322998047
81.9758071899414
76.4515151977539
84.52552032470703
76.26585388183594
81.4145278930664
83.6405258178711
43.41165542602539
83.83064270019531
81.4954605102539
77.1476821899414
85.23334503173828
76.99085235595703
81.72309112548828
83.04898071289062
47.071414947509766
78.52355194091797
72.99028778076172
62.6183967590332
67.86387634277344
59.78043746948242
66.34966278076172
68.96504211425781
38.20411682128906
71.02593994140625
70.64740753173828
65.63703155517578
73.85164642333984
66.91581726074219
72.21134185791016
75.04005432128906
30.67035484313965
74.99359893798828
72.56185150146484
66.46940612792969
72.67984771728516
58.10490036010742
59.514198303222656
56.8741340637207
46.452816009521484
63.25569152832031
61.485416412353516
56.461517333984375
66.81332397460938
57.99794006347656
65.5365219116211
69.06331634521484
47.24086380004883
71.10057830810547
70.09878540039062
62.770145416259766
72.7597427368164
63.1407585144043
68.03921508789062
67.3838119506836
48.23548889160156
62.20269775390625
56.702510833740234
43.763816833496094
54.06864929199219
42.610538482666016
59.24475860595703
66.36746215820312
45.91340255737305
71.9181900024414
70.771728515625
66.4976806640625
74.5984878540039
66.3196792602539
71.13587951660156
73.01856231689453
33.60820770263672
71.77191162109375
70.1029052734375
65.34722137451172
74.1812973022461
66.74819946289062
72.11290740966797
75.24021911621094
44.742862701416016
74.6363754272461
71.35028839111328
65.64813995361328
72.51133728027344
63.34440994262695
68.68238830566406
72.13471984863281
29.36355972290039
72.61223602294922
70.10124206542969
65.06993103027344
72.86538696289062
