79.4398422241211
74.05384063720703
79.39488983154297
78.9736099243164
75.14554595947266
84.09283447265625
75.44098663330078
86.45343780517578
83.25688934326172
84.9961166381836
86.13934326171875
78.77509307861328
82.56704711914062
75.61335754394531
77.5354995727539
73.73519134521484
67.67304992675781
69.99633026123047
60.92839431762695
69.8930892944336
60.27647399902344
74.84336853027344
63.854469299316406
80.21444702148438
78.65965270996094
80.51728057861328
82.99557495117188
74.12458038330078
80.31690216064453
72.49715423583984
76.74309539794922
72.60540771484375
73.29426574707031
72.37606048583984
61.62873840332031
70.58637237548828
63.318145751953125
67.44801330566406
65.88263702392578
67.48958587646484
64.10466766357422
65.14006805419922
58.235809326171875
63.04777526855469
56.59339904785156
57.93073272705078
44.11902618408203
59.805381774902344
56.343902587890625
59.07313919067383
63.051448822021484
59.561683654785156
65.96107482910156
55.60044860839844
67.71150207519531
61.2100830078125
67.9722900390625
65.6084976196289
64.7472915649414
71.84256744384766
64.03108215332031
71.98106384277344
64.82095336914062
72.81159210205078
72.41310119628906
72.23043823242188
74.96075439453125
68.43630981445312
76.6494140625
68.07890319824219
77.50008392333984
76.07067108154297
76.90974426269531
79.71173095703125
75.03216552734375
82.58231353759766
75.68575286865234
84.57978057861328
82.3414535522461
85.61932373046875
88.54572296142578
85.86066436767578
92.77000427246094
87.8863754272461
93.56016540527344
90.31047821044922
90.7037124633789
91.1684799194336
86.59846496582031
90.53374481201172
85.78074645996094
89.08146667480469
86.97006225585938
86.50811004638672
88.5406265258789
84.60305786132812
89.0457534790039
85.47674560546875
88.5128173828125
88.20398712158203
86.34063720703125
90.24105834960938
85.55181884765625
90.92315673828125
87.89720153808594
89.4695053100586
90.28575134277344
84.11158752441406
88.86622619628906
75.75984191894531
83.66667938232422
68.81615447998047
79.28518676757812
71.69550323486328
77.71075439453125
75.71533966064453
73.17489624023438
72.63919067382812
70.59697723388672
69.6130599975586
62.81047058105469
67.25045776367188
59.753353118896484
66.18294525146484
71.925048828125
62.780147552490234
74.31536102294922
70.20523834228516
73.70120239257812
77.73888397216797
73.82252502441406
80.86396026611328
73.34867858886719
82.13101196289062
80.64596557617188
81.00898742675781
85.25061798095703
79.15589141845703
88.17929077148438
83.92156219482422
89.32877349853516
89.6505126953125
86.51494598388672
89.64283752441406
81.18597412109375
86.21580505371094
82.63190460205078
80.85139465332031
83.31005096435547
76.5550537109375
81.29744720458984
77.60582733154297
78.234375
78.83155059814453
75.31603240966797
79.4887466430664
77.44953918457031
78.89060974121094
79.42008972167969
79.1549072265625
81.68539428710938
81.01663208007812
82.60049438476562
84.4763412475586
83.86395263671875
86.9113540649414
86.30037689208984
88.8675537109375
88.89502716064453
89.79635620117188
90.98294067382812
90.42807006835938
91.3948745727539
90.59517669677734
91.25806427001953
91.83902740478516
91.69859313964844
92.08816528320312
91.28289031982422
91.5604476928711
91.1221694946289
91.00391387939453
91.1485824584961
90.36317443847656
90.81660461425781
90.34075164794922
90.71337127685547
90.2060775756836
90.4526138305664
90.19805145263672
90.13018798828125
90.3422622680664
90.24057006835938
90.34146118164062
89.9901351928711
90.60993194580078
90.24217224121094
90.71968841552734
90.64805603027344
90.9349365234375
90.99353790283203
90.9972152709961
91.88108825683594
91.04977416992188
92.37577056884766
91.8446273803711
92.43588256835938
92.4407730102539
91.99801635742188
93.08944702148438
91.87911987304688
94.17803955078125
93.04605102539062
94.82242584228516
94.75128936767578
95.32930755615234
96.9481430053711
95.60447692871094
98.4393539428711
96.57192993164062
98.92176818847656
98.04973602294922
97.71914672851562
98.32717895507812
95.12358093261719
97.27852630615234
93.22260284423828
94.9786605834961
92.69957733154297
91.74604797363281
92.27629089355469
88.22138214111328
91.23582458496094
86.08247375488281
89.4124526977539
86.38187408447266
86.68212127685547
86.75003051757812
82.8345947265625
86.77335357666016
79.61741638183594
85.53457641601562
79.91808319091797
84.41500091552734
82.86366271972656
83.14039611816406
85.60928344726562
81.67305755615234
85.0804672241211
82.49752044677734
83.37506103515625
84.113525390625
79.86206817626953
84.06339263916016
77.17728424072266
83.53521728515625
78.54390716552734
81.67704010009766
80.95291137695312
78.72227478027344
82.24308013916016
75.80055236816406
83.33207702636719
77.83963012695312
85.0298080444336
82.6980972290039
85.54222869873047
86.28591918945312
84.62694549560547
87.56597137451172
84.77676391601562
87.19477081298828
86.81895446777344
86.10455322265625
87.83679962158203
84.16889190673828
86.73712921142578
82.90605163574219
84.98760223388672
84.78834533691406
83.9796371459961
86.64913940429688
84.40060424804688
88.05167388916016
86.25456237792969
88.93757629394531
89.23968505859375
89.31627655029297
91.98749542236328
90.28162384033203
93.23819732666016
92.06693267822266
93.3488998413086
93.95696258544922
92.59715270996094
94.6890869140625
91.47727966308594
93.47269439697266
90.99803924560547
90.95002746582031
90.26301574707031
88.26728057861328
89.49948120117188
86.26239776611328
88.01530456542969
85.84292602539062
86.15167999267578
85.32275390625
84.72603607177734
85.49945068359375
83.3066177368164
84.92981719970703
82.74436950683594
83.52367401123047
83.60525512695312
83.1904296875
83.43519592285156
83.30575561523438
83.313720703125
82.93585968017578
83.06140899658203
82.94436645507812
82.46837615966797
82.0116195678711
81.0005874633789
78.27823638916016
78.36708068847656
73.82808685302734
76.78592681884766
72.06381225585938
77.41050720214844
73.60637664794922
77.8982162475586
74.11503601074219
78.02637481689453
76.74556732177734
76.9134521484375
78.03471374511719
76.03084564208984
79.96768951416016
76.14328002929688
80.3780288696289
77.9190444946289
80.07902526855469
80.07974243164062
79.4173355102539
82.35616302490234
78.5881576538086
83.29573822021484
79.2874984741211
83.7230453491211
82.48332214355469
83.3840103149414
85.61065673828125
82.47573852539062
87.82518768310547
84.13735961914062
89.55572509765625
87.86930847167969
89.94567108154297
92.47527313232422
90.46090698242188
95.71240234375
91.16804504394531
96.26026916503906
92.03517150878906
93.2400894165039
91.75487518310547
88.5513687133789
90.57652282714844
84.67163848876953
89.0914535522461
84.69561767578125
87.15398406982422
85.60116577148438
83.30751037597656
85.13057708740234
80.59626770019531
84.35710906982422
80.1814193725586
81.93157958984375
81.08766174316406
79.08643341064453
81.82247924804688
75.213623046875
80.47078704833984
74.46784973144531
78.74577331542969
76.32915496826172
76.79681396484375
77.62328338623047
76.1759033203125
80.84574127197266
77.4317855834961
83.80126953125
79.17042541503906
82.80989837646484
79.63432312011719
80.833740234375
79.0972900390625
79.41429138183594
79.74794006347656
80.97276306152344
80.88783264160156
82.04358673095703
81.27423858642578
81.82890319824219
81.39846801757812
80.98753356933594
81.76329040527344
80.3618392944336
81.24335479736328
80.88583374023438
80.55412292480469
80.7605972290039
80.23812103271484
80.91403198242188
80.07070922851562
82.36811065673828
80.96029663085938
82.96700286865234
81.85249328613281
82.2542495727539
82.07246398925781
81.88873291015625
82.57730102539062
81.46863555908203
82.53225708007812
81.93482971191406
82.41931915283203
82.71011352539062
81.68260955810547
82.76355743408203
82.74324035644531
83.01348114013672
82.8755111694336
82.77311706542969
83.14268493652344
82.99577331542969
83.60718536376953
83.16952514648438
84.00111389160156
83.95989990234375
83.84532928466797
84.70372772216797
83.97282409667969
85.01054382324219
84.80411529541016
85.22171783447266
85.6800537109375
85.37545776367188
86.51041412353516
85.9612045288086
87.46194458007812
87.16191864013672
87.566162109375
88.24227905273438
88.15815734863281
88.91490173339844
88.15094757080078
88.26292419433594
87.96759796142578
87.76018524169922
88.64952850341797
88.1296615600586
89.22899627685547
89.16104888916016
87.71205139160156
88.97560119628906
85.84468078613281
88.5054931640625
85.25279998779297
89.01071166992188
86.49283599853516
89.83074188232422
89.55081176757812
90.38798522949219
92.012939453125
90.36688232421875
92.65806579589844
89.7317886352539
91.54470825195312
89.4461898803711
89.47134399414062
89.22335052490234
87.3355484008789
88.17868041992188
85.52395629882812
86.78727722167969
84.87367248535156
85.13737487792969
85.02294921875
83.44497680664062
85.35856628417969
82.99288940429688
85.36949920654297
82.88533020019531
84.10965728759766
82.25646209716797
82.42337799072266
82.29512023925781
80.61453247070312
81.80606079101562
79.50308990478516
80.66301727294922
78.81197357177734
79.0743637084961
77.17707824707031
77.00733184814453
75.16242218017578
74.55360412597656
74.47234344482422
74.84229278564453
77.43276977539062
78.23210906982422
80.64187622070312
81.25257110595703
83.70880126953125
83.1039047241211
84.87259674072266
83.44324493408203
84.78899383544922
83.25567626953125
83.84618377685547
83.47442626953125
82.89356994628906
83.17906951904297
82.45259857177734
82.19306945800781
82.18223571777344
81.33575439453125
81.77869415283203
80.52399444580078
82.24452209472656
82.03964233398438
84.82813262939453
84.7953109741211
85.50923919677734
85.9317855834961
85.14643096923828
85.89942932128906
85.2145004272461
85.92259216308594
85.5999984741211
85.68460845947266
86.02896881103516
85.4610595703125
85.82918548583984
85.58892059326172
85.57670593261719
86.03922271728516
86.40667724609375
87.1293716430664
87.42868041992188
87.58638000488281
88.32489776611328
88.08890533447266
89.20596313476562
89.24414825439453
89.62505340576172
90.0029296875
89.7586441040039
91.01634216308594
89.5782699584961
90.90865325927734
89.53690338134766
89.49314880371094
89.074951171875
86.73826599121094
87.73777770996094
83.55155181884766
85.33303833007812
81.771728515625
83.60845184326172
81.99616241455078
82.92080688476562
