51.8954963684082
50.30115509033203
54.878761291503906
60.22968673706055
52.931190490722656
53.91950607299805
57.92521667480469
48.518245697021484
56.78827667236328
56.827049255371094
57.4977912902832
54.85831069946289
56.982757568359375
58.16999053955078
58.298362731933594
43.719642639160156
51.923484802246094
48.58599853515625
52.09453201293945
44.96588134765625
55.35078430175781
51.784156799316406
59.70891571044922
61.097557067871094
52.768978118896484
55.8985710144043
52.408897399902344
57.04906463623047
51.332298278808594
59.96223831176758
51.21085739135742
48.788719177246094
54.93320846557617
53.196571350097656
49.23051834106445
55.42540740966797
56.70987319946289
54.35844802856445
55.19713592529297
57.58214569091797
54.82499313354492
54.9827880859375
56.326255798339844
55.71527099609375
55.96202850341797
59.8132438659668
58.08488082885742
51.92927169799805
48.775848388671875
54.43415069580078
41.35292434692383
51.659278869628906
56.40351486206055
50.0257453918457
54.98747634887695
52.52438735961914
54.65135955810547
53.83028030395508
54.20163345336914
57.73666763305664
52.92146301269531
57.377262115478516
52.95912551879883
55.88644790649414
45.66671371459961
57.702022552490234
47.6226692199707
38.27602767944336
44.58281707763672
52.073570251464844
52.116920471191406
54.01093673706055
51.37321472167969
49.920658111572266
52.18967056274414
58.17720413208008
55.20310592651367
53.598243713378906
47.86520767211914
56.57242965698242
45.10360336303711
50.62873458862305
50.78215026855469
57.10652160644531
55.081787109375
51.675045013427734
48.020877838134766
52.94297790527344
59.42595291137695
54.11544418334961
56.695411682128906
56.05678939819336
57.423309326171875
58.412513732910156
57.07737350463867
57.6832275390625
54.173988342285156
58.046844482421875
48.69621658325195
54.97128677368164
58.10505294799805
56.4284782409668
58.488014221191406
50.63013458251953
43.324764251708984
51.97184753417969
59.72086715698242
54.45498275756836
54.84573745727539
58.581687927246094
53.98112487792969
53.717041015625
54.91679763793945
50.49422836303711
54.70201110839844
57.234344482421875
51.245182037353516
55.09585952758789
52.043888092041016
48.812068939208984
56.64253234863281
52.3326530456543
56.4111328125
48.21916961669922
35.64424133300781
51.56462478637695
56.731754302978516
55.842769622802734
54.505523681640625
53.54925537109375
48.21346664428711
58.41794967651367
48.15740966796875
53.632076263427734
49.45026397705078
54.499935150146484
50.215065002441406
53.97469711303711
54.89604187011719
49.654422760009766
58.69297790527344
55.08938980102539
49.812076568603516
47.87931442260742
55.27126693725586
52.3972053527832
58.53056335449219
58.36952209472656
52.242801666259766
57.616119384765625
47.166385650634766
39.819889068603516
50.55228042602539
54.223018646240234
49.70969772338867
41.248268127441406
54.662357330322266
45.74507522583008
50.86880874633789
57.9992561340332
59.54557418823242
54.52191162109375
61.102867126464844
49.806331634521484
49.283329010009766
38.13029479980469
47.33848571777344
49.406455993652344
54.75046920776367
50.370853424072266
58.0459098815918
54.74040985107422
55.283573150634766
49.154685974121094
53.05733108520508
58.8049201965332
58.024559020996094
56.83951187133789
4.517589569091797
42.83367919921875
57.613643646240234
50.02018737792969
59.409271240234375
57.58073806762695
57.56358337402344
51.800559997558594
52.14847183227539
47.71991729736328
45.43544006347656
44.566749572753906
55.04077911376953
53.2900505065918
54.10282897949219
57.59917449951172
48.9681282043457
52.582271575927734
56.248291015625
56.529422760009766
56.27699279785156
50.461002349853516
55.776458740234375
52.26800537109375
56.265987396240234
52.89301681518555
42.74492645263672
54.69660568237305
58.19831085205078
53.27400588989258
45.65633773803711
50.341766357421875
59.0093994140625
50.75131607055664
55.17948532104492
56.42581558227539
56.73851776123047
53.48262023925781
48.94415283203125
60.131290435791016
52.490753173828125
50.37443161010742
55.149253845214844
50.64019775390625
53.881248474121094
57.531455993652344
54.22964859008789
47.460853576660156
57.85078430175781
52.96847152709961
56.25374984741211
22.811185836791992
51.75695037841797
51.22323226928711
47.8102912902832
56.46188735961914
56.24226760864258
54.70962142944336
47.86279296875
53.45633316040039
56.52114486694336
43.7135009765625
57.88483428955078
54.27655792236328
57.872562408447266
48.02396011352539
51.136009216308594
55.38688278198242
57.30126953125
51.543540954589844
59.14328384399414
55.137813568115234
53.00368118286133
54.06731414794922
57.35589599609375
35.69143295288086
55.19913101196289
52.821720123291016
46.45861053466797
40.96686553955078
53.659976959228516
47.62260437011719
56.417274475097656
50.218162536621094
49.32141876220703
56.00527572631836
57.5465202331543
49.8505973815918
53.422969818115234
52.123538970947266
44.74584197998047
49.66657638549805
52.225406646728516
50.4304084777832
49.182830810546875
51.02328872680664
56.88835525512695
53.52207946777344
49.60176086425781
46.363773345947266
54.69859313964844
49.501136779785156
54.48099899291992
52.33428192138672
54.46836471557617
53.29063415527344
56.516014099121094
37.61036682128906
56.06720733642578
53.53743362426758
48.7105598449707
57.39906692504883
45.459476470947266
48.9189338684082
48.87259292602539
49.587646484375
55.18232345581055
49.38576889038086
54.69162368774414
49.001678466796875
56.22887420654297
28.9502010345459
54.53532028198242
57.0611572265625
53.94065856933594
57.73335647583008
52.27170181274414
37.803218841552734
50.90913772583008
52.08036422729492
54.125526428222656
37.58583450317383
48.45363998413086
54.529258728027344
57.117862701416016
55.324668884277344
52.766761779785156
46.7401008605957
53.53192901611328
48.31085205078125
54.763580322265625
50.97160720825195
47.236000061035156
52.37812805175781
52.41988754272461
43.56205749511719
43.614715576171875
54.48926544189453
55.15021896362305
51.9029426574707
57.96954345703125
52.53653335571289
54.001155853271484
52.87873458862305
50.871986389160156
51.9577751159668
56.17854309082031
53.125038146972656
53.09980392456055
39.9034538269043
54.868133544921875
42.60207748413086
48.891761779785156
55.02569580078125
53.2344856262207
34.66293716430664
52.824684143066406
53.7902717590332
54.086151123046875
51.42273712158203
51.38681411743164
55.42612075805664
57.111541748046875
52.00743865966797
56.68436813354492
56.129425048828125
60.06258010864258
50.511940002441406
41.21834945678711
42.64584732055664
52.28923034667969
49.427791595458984
47.126564025878906
45.02070236206055
52.594482421875
51.95405960083008
47.51943588256836
52.103515625
52.05533218383789
38.0653190612793
37.73597717285156
40.752891540527344
42.18387222290039
50.86176681518555
52.53400421142578
48.4460563659668
50.17274856567383
47.120582580566406
48.4899787902832
47.36879348754883
51.00008773803711
47.56023406982422
49.18238830566406
41.77134323120117
49.53053283691406
49.65883255004883
45.730804443359375
46.935203552246094
45.42596435546875
50.164710998535156
47.38306427001953
47.55369567871094
49.250038146972656
44.06056213378906
52.75096893310547
51.17185592651367
44.25765609741211
47.963783264160156
45.55172348022461
44.1910285949707
47.95913314819336
49.5156364440918
44.716129302978516
47.722930908203125
50.07498550415039
38.266971588134766
53.16474914550781
49.6475944519043
49.4405403137207
47.0831298828125
44.60934829711914
50.338043212890625
48.24763107299805
51.48158645629883
51.179691314697266
47.03628921508789
47.15940475463867
52.14829635620117
49.41136932373047
48.672645568847656
52.58692169189453
48.054805755615234
46.82197570800781
49.668434143066406
52.02150344848633
51.340484619140625
48.68768310546875
42.73521041870117
47.50650405883789
49.43161392211914
49.13529586791992
52.86078643798828
47.80305480957031
46.41546630859375
48.141780853271484
24.976755142211914
50.78764724731445
48.814208984375
42.613677978515625
50.24211883544922
49.48928451538086
49.2303352355957
44.97710418701172
50.300533294677734
48.22322082519531
54.22871017456055
50.55569839477539
43.56032943725586
36.68940734863281
46.74782943725586
48.49454116821289
49.924659729003906
46.9051513671875
48.53133010864258
48.352481842041016
34.434600830078125
47.01118469238281
46.88585662841797
50.15434265136719
47.83293533325195
48.10890197753906
48.92686080932617
44.5219841003418
43.45480728149414
48.33443832397461
48.8894157409668
44.01078414916992
47.71380615234375
48.80868148803711
45.785194396972656
50.903724670410156
47.9423942565918
49.05445098876953
40.557411193847656
43.83805847167969
49.32763671875
47.56344223022461
47.58998489379883
48.40781784057617
49.45346450805664
51.630245208740234
53.73423385620117
52.0118522644043
47.469642639160156
48.752540588378906
50.92011260986328
45.13494110107422
45.42485046386719
47.59125900268555
52.37551498413086
50.18852233886719
52.25830078125
49.29524612426758
45.560428619384766
45.71976852416992
49.6171760559082
46.33538818359375
33.68620681762695
42.60543441772461
46.972591400146484
46.88528060913086
49.10304641723633
51.664974212646484
48.3595085144043
51.74137496948242
49.29941177368164
48.60801696777344
45.03618240356445
46.035552978515625
46.267391204833984
48.47410202026367
51.25901412963867
45.92132568359375
49.214420318603516
47.33811569213867
47.854515075683594
48.08146286010742
48.686767578125
44.78543472290039
47.99534606933594
49.9312629699707
49.32322692871094
50.338993072509766
51.7086181640625
46.59882354736328
43.646087646484375
49.05154037475586
48.22721481323242
49.49394989013672
49.76441192626953
48.905330657958984
51.076942443847656
43.53265380859375
46.103248596191406
51.70566940307617
43.76339340209961
50.471221923828125
44.52701187133789
47.63626480102539
52.270992279052734
48.340789794921875
51.368255615234375
45.542789459228516
46.74729537963867
47.06256103515625
46.81061935424805
48.274715423583984
45.5459098815918
44.97751998901367
50.28293228149414
46.836978912353516
44.8508415222168
50.94245147705078
49.2801399230957
50.14011001586914
43.9646110534668
49.73149108886719
48.690242767333984
48.791202545166016
40.97529220581055
47.97163391113281
46.26606750488281
46.8244514465332
46.874141693115234
48.57869338989258
44.15503692626953
38.27785110473633
50.60869598388672
48.15828323364258
46.17585372924805
49.40115737915039
50.21251678466797
49.30582046508789
49.846839904785156
46.08289337158203
47.274742126464844
46.87545394897461
50.06682205200195
