76.14835357666016
69.87602996826172
80.43562316894531
73.5955581665039
80.43333435058594
77.65814971923828
75.15058898925781
77.16539001464844
69.18195343017578
72.44387817382812
69.0737075805664
66.344970703125
67.489013671875
64.48490905761719
64.59112548828125
64.72603607177734
60.35612487792969
62.023902893066406
63.71615219116211
58.5348014831543
66.6650619506836
66.65126037597656
61.311092376708984
73.65397644042969
69.47427368164062
73.97071838378906
76.37149810791016
64.12474060058594
74.57353973388672
64.42439270019531
70.1695556640625
68.82560729980469
56.36790466308594
67.5351333618164
62.480838775634766
62.77568817138672
63.13655090332031
56.81986618041992
64.61185455322266
60.42091369628906
61.520145416259766
65.03173065185547
48.06752395629883
61.842552185058594
57.582637786865234
50.65316390991211
66.64625549316406
56.58174514770508
66.2473373413086
64.83888244628906
60.43907928466797
69.6807861328125
51.07832336425781
67.37112426757812
64.94357299804688
66.28449249267578
69.63140106201172
62.73987579345703
70.73035430908203
64.82686614990234
70.59040069580078
70.1989517211914
67.72171783447266
72.24818420410156
65.98188018798828
73.20087432861328
68.25525665283203
72.32854461669922
73.00426483154297
69.09982299804688
75.45362091064453
69.028076171875
76.6230697631836
74.0579605102539
75.7310791015625
78.15780639648438
74.03511810302734
80.70230102539062
76.63158416748047
81.67320251464844
81.13947296142578
81.15133666992188
83.72570037841797
78.55897521972656
82.73055267333984
78.41142272949219
79.48103332519531
78.52118682861328
75.91487121582031
77.66153717041016
74.35791015625
76.15991973876953
75.38633728027344
73.07550811767578
75.2510757446289
71.12583923339844
74.55294799804688
71.75566101074219
72.16275024414062
73.31114196777344
69.06534576416016
74.13184356689453
70.74268341064453
74.2446517944336
74.2010269165039
70.47161865234375
76.83390045166016
70.69381713867188
77.31554412841797
76.07994079589844
71.63533782958984
77.49736785888672
62.29212188720703
71.71687316894531
71.10347747802734
46.52894973754883
70.16350555419922
68.83321380615234
63.12495422363281
71.49805450439453
62.6677360534668
70.9244155883789
70.68595123291016
65.13750457763672
72.95414733886719
65.71031951904297
72.18431854248047
71.58553314208984
70.7298355102539
74.71380615234375
65.20927429199219
75.63088989257812
70.90814208984375
74.86247253417969
75.56534576416016
73.11043548583984
79.32598114013672
71.07417297363281
81.8558120727539
78.05973815917969
80.59333801269531
81.41207885742188
75.7441635131836
82.68982696533203
77.91608428955078
80.38973236083984
82.0433120727539
68.879150390625
79.25458526611328
74.20811462402344
69.95989990234375
76.36768341064453
72.93121337890625
75.82435607910156
76.90227508544922
78.0822525024414
78.56362915039062
81.81639862060547
79.44146728515625
84.84507751464844
84.10165405273438
86.07655334472656
88.43640899658203
83.40340423583984
88.57970428466797
78.89714813232422
86.03948974609375
80.06537628173828
83.19962310791016
81.44963836669922
82.0809555053711
85.32616424560547
81.36446380615234
87.85964965820312
83.45582580566406
88.32325744628906
87.40776062011719
87.24224853515625
90.03938293457031
85.38673400878906
90.41362762451172
85.79405212402344
87.3068618774414
85.77925109863281
80.96987915039062
83.6792984008789
72.66535186767578
81.79109954833984
71.40055084228516
80.43055725097656
74.83419036865234
79.28400421142578
78.34278869628906
77.7193832397461
81.34561157226562
76.92190551757812
82.34150695800781
78.3094711303711
82.71871948242188
81.42000579833984
81.87846374511719
83.9907455444336
81.63365936279297
85.65387725830078
83.27532958984375
86.33524322509766
85.77272033691406
86.3164291381836
88.23168182373047
86.2135238647461
89.43147277832031
87.22441864013672
89.38057708740234
88.41634368896484
87.41281127929688
88.44588470458984
84.76628112792969
86.97449493408203
82.78579711914062
83.7158203125
81.23743438720703
79.48553466796875
80.01705932617188
76.47542572021484
78.95960998535156
74.22592163085938
77.39248657226562
74.62198638916016
75.56918334960938
75.01656341552734
72.5251693725586
74.54974365234375
69.78488159179688
73.7432861328125
70.35778045654297
70.85997772216797
69.81424713134766
69.58399200439453
70.90030670166016
68.9569091796875
70.63951873779297
67.63483428955078
68.56861114501953
67.86843872070312
66.8616714477539
67.56006622314453
66.01258850097656
67.61972045898438
66.23347473144531
66.28104400634766
65.41404724121094
67.63151550292969
67.27967834472656
63.71561813354492
66.64570617675781
64.1225814819336
66.57247161865234
63.979164123535156
65.86424255371094
64.32943725585938
61.516395568847656
64.75521087646484
62.58501052856445
64.52843475341797
60.41777038574219
62.21465301513672
56.63534927368164
61.314571380615234
59.58013153076172
64.81441497802734
63.37925720214844
66.44477844238281
66.29150390625
67.66307067871094
67.70687103271484
69.74043273925781
70.65985107421875
70.9665756225586
73.21463012695312
74.95561218261719
75.97138214111328
76.73014068603516
77.96858215332031
78.35221862792969
79.9007797241211
78.9328384399414
81.13078308105469
80.02495574951172
81.93476867675781
81.57959747314453
82.31128692626953
83.90225982666016
82.34703063964844
85.62274932861328
83.86250305175781
86.62360382080078
86.1827163696289
86.56887817382812
87.99049377441406
85.60623931884766
87.7475357055664
84.71685791015625
86.46561431884766
84.4767837524414
84.01191711425781
84.38192749023438
81.54130554199219
83.83585357666016
80.90228271484375
81.59420776367188
81.26847839355469
77.95259857177734
80.50117492675781
75.84870147705078
79.70498657226562
76.51055908203125
78.81258392333984
78.40675354003906
76.84186553955078
79.8742446899414
75.71800231933594
80.76422882080078
77.30815887451172
80.11241912841797
79.6934814453125
78.27790832519531
81.36137390136719
78.08531951904297
82.71009826660156
79.92334747314453
82.73410034179688
83.2674331665039
81.83070373535156
86.44910430908203
81.67933654785156
88.35620880126953
85.73666381835938
88.27466583251953
88.07847595214844
83.06326293945312
86.52544403076172
75.00587463378906
83.25686645507812
73.58474731445312
80.23406219482422
76.59374237060547
78.8901596069336
79.6879653930664
78.61428833007812
81.52642059326172
77.69354248046875
80.01304626464844
76.81192779541016
76.39141845703125
76.15808868408203
73.87353515625
73.76032257080078
72.46332550048828
70.11262512207031
71.12339782714844
68.2777328491211
69.50999450683594
66.7115478515625
66.52348327636719
66.68778991699219
59.88019561767578
67.90721130371094
60.24761962890625
68.12881469726562
60.70224380493164
67.53446960449219
63.341827392578125
65.10531616210938
67.97295379638672
64.64906311035156
69.97126007080078
57.544097900390625
71.57523345947266
66.80367279052734
73.52423095703125
72.69766235351562
72.75071716308594
76.72417449951172
72.66844177246094
79.73167419433594
75.61422729492188
81.69680786132812
80.98287200927734
82.24575805664062
84.88239288330078
82.33866119384766
86.12705993652344
82.76763916015625
84.83262634277344
83.1157455444336
82.35887908935547
82.92732238769531
80.4024429321289
82.34181213378906
79.89849853515625
80.5140380859375
80.13327026367188
78.8080825805664
79.71907806396484
77.51588439941406
79.16797637939453
77.79411315917969
77.84852600097656
78.35818481445312
76.79410552978516
78.37793731689453
76.47648620605469
77.35084533691406
76.92292022705078
76.80708312988281
77.8873062133789
76.03742218017578
77.30033874511719
76.29715728759766
76.64988708496094
77.13172149658203
75.6689682006836
76.20861053466797
74.9985580444336
76.14265441894531
74.55916595458984
75.77622985839844
75.54292297363281
74.3161849975586
75.59942626953125
73.55238342285156
75.268310546875
73.77930450439453
74.58092498779297
73.38330841064453
74.02054595947266
73.61954498291016
74.74270629882812
75.97139739990234
77.81707763671875
79.29742431640625
80.48479461669922
81.73956298828125
80.41604614257812
82.25495147705078
79.80301666259766
82.35166931152344
80.42549133300781
81.8461685180664
81.33584594726562
81.04829406738281
82.7764892578125
80.84040832519531
84.09442901611328
81.64778900146484
84.23058319091797
83.46820068359375
83.79594421386719
85.04235076904297
83.0562744140625
85.82926940917969
83.46915435791016
85.67684173583984
84.77963256835938
84.31494140625
85.91167449951172
83.39646911621094
87.33295440673828
84.634033203125
88.5673599243164
87.34768676757812
89.1708984375
90.17972564697266
89.27704620361328
91.555419921875
89.53359985351562
91.41090393066406
90.08019256591797
89.88653564453125
89.9150161743164
88.10542297363281
88.99874877929688
87.1029052734375
86.98719787597656
86.62704467773438
84.33287048339844
85.24099731445312
80.81964111328125
81.97660827636719
77.84859466552734
79.65028381347656
78.35917663574219
78.28108978271484
79.40275573730469
77.3851089477539
80.32744598388672
78.17819213867188
80.77625274658203
80.33150482177734
80.68074035644531
81.65606689453125
79.72229766845703
82.00666046142578
79.09654998779297
81.67020416259766
79.77803039550781
80.69790649414062
81.10855865478516
79.67436981201172
82.20100402832031
78.54920959472656
82.51868438720703
78.14937591552734
79.6796646118164
75.80229949951172
72.3663330078125
73.03477478027344
63.878143310546875
65.81195068359375
71.53958129882812
69.3611831665039
73.97377014160156
78.10540771484375
72.8660888671875
80.44027709960938
74.86089324951172
78.89617156982422
77.4797134399414
74.32494354248047
78.4422378540039
70.13529205322266
78.12142944335938
72.0156478881836
76.63141632080078
76.02472686767578
75.39815521240234
80.14808654785156
74.26021575927734
82.427978515625
78.1834487915039
81.96045684814453
82.38882446289062
78.78575134277344
83.68875122070312
75.91297149658203
81.06195831298828
78.81348419189453
73.44309997558594
78.7366714477539
67.70993041992188
72.98407745361328
74.43126678466797
60.840538024902344
72.07067108154297
72.53692626953125
60.270172119140625
73.12228393554688
63.46935272216797
70.77779388427734
70.0646743774414
66.76580047607422
72.35750579833984
64.42111206054688
72.1140365600586
68.0440902709961
70.18812561035156
70.20791625976562
67.19039916992188
70.32614135742188
67.8194580078125
69.45415496826172
69.0623550415039
66.79903411865234
70.91958618164062
65.56838989257812
71.59355163574219
