70.07699584960938
75.2352294921875
78.71907043457031
56.34281539916992
80.73319244384766
80.17597961425781
74.7996826171875
84.77650451660156
76.9078369140625
82.11302947998047
82.85578918457031
54.17530822753906
80.29988861083984
76.29698181152344
69.9296875
77.23194122314453
67.5652847290039
72.23076629638672
74.45804595947266
45.94390869140625
72.92655181884766
70.68740844726562
65.294921875
77.04623413085938
69.7162857055664
74.83036041259766
79.36132049560547
57.051246643066406
78.75660705566406
75.80342864990234
67.53626251220703
73.42586517333984
62.93830490112305
68.72119903564453
69.52721405029297
54.10248565673828
66.90005493164062
65.65802764892578
65.11470031738281
71.46271514892578
66.31424713134766
69.55445098876953
71.11273193359375
51.152862548828125
74.28777313232422
71.41959381103516
67.9974365234375
75.9690933227539
70.37771606445312
72.48844909667969
76.33434295654297
50.02660369873047
77.83686828613281
75.98973083496094
70.95730590820312
79.45472717285156
72.7768783569336
77.89427185058594
80.35585021972656
53.119625091552734
81.51918029785156
80.29033660888672
74.57962036132812
83.15222930908203
75.58988952636719
81.43767547607422
84.54679870605469
49.29668426513672
86.56463623046875
85.01062774658203
79.51172637939453
88.1594467163086
79.50142669677734
83.56694030761719
84.65406036376953
55.85186004638672
81.53106689453125
78.75727081298828
71.58409118652344
79.6382827758789
69.69984436035156
76.27379608154297
78.22047424316406
57.20933532714844
77.96025085449219
76.06354522705078
69.40184783935547
77.72691345214844
67.56198120117188
76.91201782226562
78.57955169677734
54.42216110229492
77.81636047363281
75.70612335205078
69.74047088623047
77.56864166259766
68.7784423828125
76.32794952392578
77.79498291015625
55.667388916015625
78.03904724121094
76.4120101928711
72.48590850830078
79.48652648925781
71.55533599853516
77.70683288574219
80.15607452392578
55.12778854370117
80.74334716796875
78.95915985107422
73.75576782226562
82.71184539794922
73.70824432373047
80.82209777832031
83.67227935791016
54.98276138305664
84.120361328125
81.67112731933594
77.62445068359375
85.49398040771484
76.80921936035156
82.15441131591797
83.0480728149414
54.21125030517578
75.6159896850586
64.36054992675781
62.999141693115234
76.9636459350586
71.30221557617188
81.08570098876953
84.79161071777344
62.6701774597168
86.35009002685547
83.25105285644531
77.85782623291016
84.01688385009766
72.8473892211914
77.28775787353516
75.8289566040039
59.110050201416016
71.15629577636719
71.02770233154297
70.2638931274414
84.3065414428711
78.45033264160156
84.67045593261719
87.11603546142578
50.56474304199219
88.39156341552734
86.93598175048828
82.42920684814453
91.12828063964844
83.27562713623047
89.3826904296875
92.37232208251953
56.99299240112305
94.12377166748047
92.6744155883789
88.46338653564453
97.6533432006836
90.07422637939453
96.22359466552734
98.79716491699219
52.80466079711914
98.4620361328125
95.51851654052734
89.86013793945312
97.24183654785156
88.19512939453125
93.00567626953125
94.53028106689453
56.71571731567383
93.27549743652344
90.41207122802734
85.2530746459961
94.45709228515625
86.67936706542969
92.10238647460938
94.39888763427734
40.14723587036133
94.53065490722656
92.21581268310547
87.05010223388672
95.3075942993164
86.99320220947266
92.40465545654297
94.82621002197266
48.639259338378906
95.09944152832031
93.08059692382812
88.01321411132812
96.55553436279297
88.61827087402344
94.13569641113281
96.89234161376953
43.048221588134766
97.80543518066406
96.09479522705078
91.34423828125
100.13036346435547
92.23526763916016
98.07593536376953
100.52174377441406
58.54197311401367
99.7331771850586
96.41642761230469
90.02775573730469
97.66918182373047
88.97247314453125
94.00708770751953
95.77845001220703
53.990657806396484
94.263916015625
91.17017364501953
84.80651092529297
92.4074478149414
83.158203125
88.03528594970703
89.37336730957031
48.8623046875
87.79405212402344
84.7376708984375
78.89043426513672
86.31350708007812
76.65225982666016
82.11819458007812
84.05902099609375
45.81133270263672
82.1334228515625
79.80626678466797
74.07122802734375
81.47284698486328
71.94940185546875
78.26941680908203
79.6819076538086
48.64596176147461
78.44734191894531
75.96932220458984
69.89073181152344
78.74839782714844
70.21989440917969
75.7351303100586
78.09986114501953
53.35292434692383
76.76952362060547
72.6254653930664
68.03644561767578
74.12602996826172
63.72529602050781
71.16389465332031
75.11613464355469
53.6827507019043
74.23622131347656
72.15514373779297
67.70349884033203
74.81829071044922
66.11182403564453
73.662109375
75.4950942993164
50.718292236328125
75.19667053222656
74.57686614990234
66.54736328125
77.34423828125
68.82810974121094
73.61531066894531
76.34142303466797
51.04661178588867
79.34254455566406
78.79119873046875
71.7636489868164
81.03182220458984
73.5934066772461
77.51431274414062
79.74864959716797
57.892616271972656
79.54527282714844
77.29472351074219
72.76471710205078
80.78975677490234
73.17224884033203
79.11975860595703
82.58354187011719
50.444637298583984
83.7404556274414
82.02963256835938
77.71919250488281
86.86474609375
79.20663452148438
85.74047088623047
88.77835845947266
50.81088638305664
91.04888153076172
89.87186431884766
85.57495880126953
94.89784240722656
87.142333984375
92.71739959716797
94.96916198730469
39.15105438232422
93.56156158447266
90.32795715332031
83.65974426269531
91.46630096435547
82.28152465820312
86.79729461669922
88.4810791015625
54.70071792602539
87.41834259033203
84.17089080810547
78.42657470703125
86.20540618896484
77.50965881347656
82.46625518798828
85.02471923828125
50.78633117675781
84.65796661376953
81.78386688232422
77.32466888427734
84.45663452148438
75.05847930908203
81.8058090209961
84.00765228271484
53.07618713378906
85.10365295410156
83.30450439453125
78.47148895263672
86.86511993408203
79.03241729736328
85.21694946289062
87.61324310302734
45.544246673583984
89.06678771972656
87.2698745727539
82.5172119140625
91.72557067871094
83.82669830322266
89.49246978759766
92.98069763183594
53.04347610473633
94.41372680664062
91.6714096069336
85.93159484863281
92.37748718261719
82.30754852294922
85.83544921875
86.88339233398438
57.207305908203125
83.77156066894531
80.10662078857422
73.80471801757812
81.49258422851562
72.32025909423828
75.34754180908203
76.3347396850586
47.543975830078125
74.16254425048828
71.37519836425781
66.7563705444336
74.54447937011719
67.35730743408203
73.21932983398438
75.9820327758789
51.85205078125
77.00334167480469
74.10977172851562
70.62296295166016
77.72970581054688
67.64256286621094
73.38722229003906
73.53102111816406
51.26542282104492
69.49642944335938
65.89966583251953
64.9133529663086
67.4490737915039
51.82227325439453
63.56779098510742
67.53462982177734
55.79743957519531
68.68595886230469
71.39654541015625
66.12161254882812
77.221923828125
69.34903717041016
78.19949340820312
81.5750732421875
40.36249542236328
84.6706771850586
84.06005859375
80.68624877929688
90.19001770019531
82.23788452148438
88.20834350585938
89.88858795166016
62.214168548583984
87.82759857177734
84.25513458251953
78.37725067138672
85.39400482177734
76.45405578613281
80.3348159790039
81.78521728515625
56.05263900756836
81.09696197509766
78.46902465820312
72.71595764160156
82.35860443115234
75.02845001220703
81.45335388183594
84.32030487060547
44.216590881347656
84.0231704711914
80.89817810058594
76.2183609008789
83.87023162841797
75.65348052978516
79.24803161621094
82.11791229248047
54.530975341796875
82.79279327392578
81.0079574584961
75.763671875
84.63225555419922
76.355712890625
81.29412841796875
83.29145050048828
50.84038543701172
82.98079681396484
80.850341796875
75.47736358642578
83.59818267822266
75.67176818847656
80.45217895507812
83.20597076416016
49.48946762084961
83.44401550292969
81.32779693603516
75.651611328125
84.53142547607422
75.80703735351562
81.656494140625
84.22599792480469
49.63620376586914
84.62297058105469
82.5279769897461
77.16963958740234
85.84754180908203
77.56436157226562
83.60276794433594
85.96125793457031
44.720787048339844
86.80709075927734
84.64533233642578
79.59610748291016
87.7835464477539
78.9543228149414
83.620849609375
84.43000793457031
28.04180335998535
78.8056640625
72.21786499023438
64.31648254394531
78.90505981445312
73.18283081054688
79.4942398071289
83.09403228759766
52.042232513427734
84.45960235595703
82.45149230957031
77.17825317382812
85.9252700805664
77.71369934082031
83.0319595336914
84.65830993652344
60.74339294433594
84.8026123046875
82.9719467163086
77.6810073852539
85.47463989257812
76.98124694824219
81.57002258300781
83.05305480957031
54.80586624145508
81.08619689941406
77.21351623535156
71.23950958251953
77.97030639648438
67.3102035522461
73.47770690917969
75.92987060546875
38.16835403442383
75.44869995117188
73.88280487060547
69.70294189453125
79.64497375488281
72.07605743408203
79.69000244140625
83.17515563964844
47.53696823120117
86.00048828125
84.92252349853516
80.765625
90.55365753173828
83.37773132324219
90.23124694824219
93.41009521484375
52.08810806274414
94.16930389404297
91.41007232666016
85.8380355834961
93.31736755371094
83.75534057617188
88.48934936523438
89.34848022460938
53.36732482910156
86.67481231689453
83.26243591308594
77.74142456054688
86.87306213378906
80.02083587646484
86.42565155029297
89.90201568603516
57.10788345336914
90.52391052246094
88.1448974609375
82.6162338256836
90.79418182373047
82.63541412353516
87.64234161376953
89.8138198852539
53.68330383300781
89.465576171875
87.24256896972656
81.82460021972656
90.17970275878906
81.87728881835938
87.25619506835938
89.44597625732422
53.882537841796875
90.2060546875
88.0670394897461
83.31681060791016
91.34423828125
82.24723815917969
86.73486328125
87.29820251464844
55.90583801269531
84.04906463623047
80.64672088623047
75.33531188964844
83.98281860351562
76.24771881103516
82.30294036865234
85.38298797607422
51.25076675415039
86.97339630126953
85.37418365478516
80.3547134399414
89.30149841308594
80.92518615722656
86.00022888183594
87.96656036376953
25.38932991027832
86.66912078857422
83.37828826904297
76.4792709350586
84.17491912841797
73.79389953613281
79.03479766845703
80.2815170288086
49.563358306884766
77.70911407470703
74.8098373413086
67.55718994140625
75.65789031982422
