73.56570434570312
75.79702758789062
80.49225616455078
68.37149047851562
81.54450225830078
80.66615295410156
77.384033203125
81.41801452636719
64.7049789428711
77.57349395751953
75.05159759521484
67.10163116455078
74.80329132080078
66.83173370361328
68.8359375
71.56453704833984
65.69450378417969
68.69804382324219
68.47742462158203
63.306846618652344
71.96392822265625
71.44327545166016
63.9619140625
75.82927703857422
71.82510375976562
75.0300064086914
79.65741729736328
66.3730239868164
80.76602935791016
74.91633605957031
73.98831176757812
77.0508804321289
65.3197250366211
73.07032012939453
72.55674743652344
64.34017181396484
69.55464172363281
67.7846450805664
58.37275695800781
61.12726974487305
62.752532958984375
62.7198371887207
51.34700393676758
60.1053466796875
68.91573333740234
65.80608367919922
66.23612213134766
72.46643829345703
66.69190216064453
68.43391418457031
72.85919189453125
64.26616668701172
69.49879455566406
71.65296173095703
57.30141067504883
71.79790496826172
67.7911605834961
69.84358978271484
72.4507064819336
66.68501281738281
75.69768524169922
71.48037719726562
73.56085205078125
79.13301849365234
67.787353515625
79.01387023925781
80.99166107177734
65.33326721191406
82.48220825195312
81.43863677978516
74.29469299316406
85.41527557373047
80.31758117675781
82.32540893554688
87.02478790283203
73.59062957763672
87.1921615600586
84.82276916503906
80.91236877441406
86.70001220703125
75.6768569946289
83.0750503540039
83.9623031616211
65.08230590820312
83.943603515625
79.8349838256836
76.18000793457031
83.19444274902344
73.64456939697266
80.27223205566406
82.2719497680664
55.6017951965332
82.16908264160156
80.09514617919922
74.15694427490234
82.89007568359375
76.2907485961914
78.16962432861328
82.02322387695312
65.42247772216797
80.04146575927734
78.82196044921875
71.15918731689453
79.53472137451172
72.07559204101562
77.894775390625
77.3105239868164
72.61701965332031
81.97982788085938
76.33232116699219
79.63152313232422
84.24056243896484
79.25428009033203
83.0465316772461
87.59139251708984
81.21160125732422
88.35430145263672
91.62079620361328
80.32488250732422
94.17403411865234
89.10032653808594
90.75548553466797
94.81713104248047
82.58232879638672
94.82101440429688
92.95928955078125
89.67689514160156
95.11692810058594
82.4004135131836
91.76921081542969
89.92578887939453
78.88427734375
89.25914001464844
83.44699096679688
81.08766174316406
85.29471588134766
80.07905578613281
76.36922454833984
82.45858764648438
77.58654022216797
79.1327896118164
84.27497100830078
81.22892761230469
86.93180084228516
80.66230010986328
85.45724487304688
84.9725570678711
77.97652435302734
88.10711669921875
82.31468200683594
85.1810302734375
88.62081146240234
71.81111907958984
88.3111343383789
88.51132202148438
76.98851013183594
90.57763671875
88.39421844482422
84.56000518798828
92.90010833740234
87.582275390625
90.02086639404297
94.91912841796875
82.14583587646484
94.93413543701172
95.90058135986328
85.19249725341797
98.79212951660156
93.36865997314453
96.3351058959961
99.02597045898438
83.74456787109375
98.83934783935547
94.62908935546875
92.2303237915039
97.08113861083984
86.89350891113281
93.24591064453125
95.25727844238281
74.79331970214844
94.2566146850586
92.96944427490234
83.6787338256836
94.44612884521484
87.57131958007812
90.65446472167969
93.4885482788086
75.80072021484375
93.6842041015625
90.86006164550781
88.05973815917969
95.08721923828125
85.26575469970703
93.45992279052734
95.45020294189453
73.98921203613281
96.49771881103516
94.52533721923828
88.76287841796875
98.1090316772461
91.78335571289062
94.89478302001953
98.81288146972656
81.25733184814453
98.5235366821289
97.92121124267578
89.83452606201172
100.18736267089844
93.005615234375
96.77791595458984
98.7455825805664
80.63191986083984
97.80254364013672
93.90425109863281
89.79901123046875
95.96827697753906
85.69775390625
91.59945678710938
92.78438568115234
65.17034912109375
90.93133544921875
88.3384780883789
79.50484466552734
89.08689880371094
81.77599334716797
83.07857513427734
85.87549591064453
69.8938217163086
83.67584991455078
81.58740234375
75.58649444580078
82.88743591308594
73.90673828125
80.07618713378906
80.62749481201172
61.98759841918945
81.61965942382812
78.42196655273438
74.26255798339844
81.17877197265625
71.91033935546875
77.12994384765625
79.05974578857422
58.33936309814453
77.86527252197266
76.33077239990234
64.99251556396484
75.6181411743164
71.69607543945312
71.1376724243164
73.98207092285156
63.30427551269531
71.97044372558594
70.29922485351562
66.65924072265625
72.16661834716797
57.01154708862305
73.62691497802734
73.4885025024414
64.91902160644531
76.2120361328125
72.80860137939453
67.71438598632812
75.90885925292969
72.19538879394531
68.31542205810547
78.40182495117188
72.1534194946289
78.41238403320312
78.70987701416016
73.27163696289062
77.39695739746094
67.5152816772461
70.71240234375
70.40800476074219
56.2755126953125
73.99778747558594
70.08238220214844
73.0450668334961
79.32108306884766
66.41900634765625
79.68573760986328
82.075439453125
67.02972412109375
84.04441833496094
83.24711608886719
76.47688293457031
87.33930969238281
82.57778930664062
84.74036407470703
89.83280181884766
75.18120574951172
90.28915405273438
90.11722564697266
83.79660034179688
92.9549331665039
85.32144165039062
90.53960418701172
91.67266082763672
75.40522003173828
91.65554809570312
87.44679260253906
84.47096252441406
90.5824966430664
80.4739761352539
87.23056030273438
88.49986267089844
61.07243347167969
87.62110137939453
85.09973907470703
77.43629455566406
86.98347473144531
79.8036880493164
82.45086669921875
85.46833801269531
67.69650268554688
85.02164459228516
82.63631439208984
78.02043151855469
86.39427947998047
77.34231567382812
84.50762176513672
86.45704650878906
59.06450271606445
87.53882598876953
85.75698852539062
80.35173034667969
89.62492370605469
82.81349182128906
86.9922103881836
90.58712768554688
73.62027740478516
91.38333129882812
88.14514923095703
85.7371597290039
90.53638458251953
78.07157897949219
86.81708526611328
88.15667724609375
74.9552001953125
87.66974639892578
88.41312408447266
77.54159545898438
90.59894561767578
83.46121978759766
86.98965454101562
87.53501892089844
68.13224029541016
86.26180267333984
81.75672149658203
76.79077911376953
82.85578155517578
73.24494934082031
76.98252868652344
78.537109375
61.17056655883789
74.48390197753906
72.04407501220703
65.33496856689453
72.75420379638672
63.94024658203125
72.97196960449219
75.65192413330078
52.4146842956543
77.76062774658203
75.6282958984375
71.59712219238281
78.05368041992188
67.79640197753906
74.25605773925781
73.8466567993164
60.934715270996094
68.90848541259766
69.10002899169922
65.36893463134766
73.30493927001953
62.030853271484375
76.46209716796875
78.7941665649414
67.4207763671875
83.26729583740234
81.9620361328125
77.71382904052734
87.47367095947266
82.52074432373047
85.30793762207031
90.53758239746094
76.01881408691406
91.41979217529297
91.31088256835938
85.06876373291016
94.21746826171875
85.4933853149414
91.46350860595703
92.60661315917969
71.54446411132812
92.2734603881836
88.72693634033203
84.19982147216797
91.51542663574219
83.07553100585938
87.16295623779297
89.67023468017578
67.39740753173828
88.21328735351562
86.39547729492188
78.32747650146484
87.8603744506836
79.71015930175781
83.83782196044922
85.87407684326172
62.63536834716797
85.71499633789062
83.43620300292969
79.06023406982422
86.59882354736328
77.69749450683594
84.00174713134766
86.04790496826172
53.675350189208984
86.16009521484375
83.5684585571289
77.972412109375
85.91720581054688
78.0243911743164
82.58893585205078
85.42937469482422
63.3850212097168
85.46342468261719
83.59449768066406
79.14732360839844
87.28387451171875
78.4525375366211
85.25746154785156
87.57866668701172
55.69194793701172
88.44984436035156
86.68254089355469
81.0506591796875
90.04459381103516
83.4329833984375
87.06739807128906
90.75090026855469
73.45777130126953
90.53678894042969
88.6497802734375
84.03047180175781
90.28575134277344
78.56623077392578
86.00926971435547
85.12696838378906
63.75232696533203
82.52195739746094
78.2205581665039
66.46451568603516
77.3206558227539
72.3651351928711
75.3198471069336
77.92921447753906
64.6213607788086
82.30670166015625
79.97889709472656
78.31097412109375
86.33641815185547
78.6861572265625
84.7295150756836
88.29194641113281
65.53012084960938
89.46207427978516
87.88368225097656
83.64339447021484
91.33045959472656
80.21041870117188
88.54325866699219
88.48727416992188
73.21781158447266
87.84477996826172
84.72834777832031
77.2179183959961
87.11675262451172
81.20012664794922
82.46328735351562
85.37899017333984
67.57433319091797
82.77597045898438
79.27186584472656
75.53877258300781
80.46898651123047
62.3111457824707
79.26400756835938
79.66275787353516
71.38232421875
82.59634399414062
82.67510223388672
75.26066589355469
87.1138916015625
83.60545349121094
84.37271118164062
90.66510772705078
77.5404281616211
91.30433654785156
90.2672119140625
84.94243621826172
92.79683685302734
83.56988525390625
89.81395721435547
90.92033386230469
66.34474182128906
90.7983627319336
87.99230194091797
82.70541381835938
90.56098175048828
82.3462142944336
86.709716796875
89.06314086914062
64.4427261352539
88.30830383300781
86.56449890136719
78.44515228271484
88.53311157226562
81.26295471191406
84.52865600585938
87.40402221679688
67.76407623291016
86.83416748046875
85.4498519897461
78.0697250366211
87.99852752685547
80.43663024902344
84.8553466796875
86.71662902832031
69.70756530761719
86.15538787841797
82.11219787597656
78.18035125732422
84.13162231445312
73.55497741699219
79.72554016113281
80.48816680908203
63.794124603271484
77.50386810302734
76.02489471435547
58.616580963134766
75.11012268066406
72.79621124267578
71.17733764648438
75.7603530883789
69.04899597167969
74.69261169433594
67.32310485839844
70.93889617919922
71.98931884765625
58.56913375854492
71.40721893310547
71.3352279663086
58.108428955078125
73.01032257080078
70.57762145996094
65.67339324951172
73.61427307128906
67.11707305908203
69.7464599609375
74.55690002441406
66.22610473632812
74.58465576171875
77.42195892333984
54.10979461669922
79.96141815185547
77.1002426147461
77.01978302001953
82.9632339477539
70.51083374023438
82.3856430053711
80.89319610595703
74.53824615478516
83.70767211914062
