74.02777099609375
71.98828887939453
69.44661712646484
71.98114776611328
69.60533142089844
67.26390075683594
66.79559326171875
65.95939636230469
65.31954956054688
63.21134567260742
63.110511779785156
61.385746002197266
60.38351821899414
63.50886154174805
63.20097732543945
60.947898864746094
60.597904205322266
62.37454605102539
60.70985412597656
63.549625396728516
64.67757415771484
66.39997863769531
65.32569122314453
61.74214172363281
62.6823616027832
61.54705047607422
57.70139694213867
60.21995162963867
57.37937545776367
55.64442825317383
51.82310485839844
57.7555046081543
59.45458984375
58.47572326660156
58.925296783447266
58.03703308105469
60.76521682739258
56.93314743041992
59.82718276977539
63.57069396972656
64.24372100830078
63.22212600708008
62.842620849609375
65.04898071289062
64.41202545166016
65.0858383178711
64.64550018310547
64.64783477783203
66.37944793701172
66.16526794433594
65.84451293945312
67.33750915527344
67.05039978027344
67.33912658691406
67.20320129394531
68.48003387451172
67.0957260131836
68.63933563232422
67.8359603881836
68.52753448486328
69.22651672363281
68.7357177734375
69.44448852539062
70.45947265625
71.41230773925781
71.4198989868164
71.92707824707031
72.45059967041016
72.77752685546875
74.4376220703125
75.7380599975586
75.88645935058594
78.13362121582031
77.50884246826172
77.71571350097656
76.4619369506836
74.7353286743164
73.75877380371094
72.21542358398438
71.44635772705078
70.0865478515625
69.4676513671875
69.99263000488281
68.89693450927734
69.92019653320312
68.65238189697266
69.12488555908203
68.9255142211914
68.71880340576172
69.4413833618164
68.53489685058594
69.79202270507812
69.30939483642578
70.45075225830078
70.13936614990234
68.3705825805664
69.79147338867188
69.11614227294922
70.62606811523438
70.62654113769531
70.68525695800781
71.2083511352539
72.29444885253906
72.13641357421875
72.10661315917969
72.26380920410156
72.73938751220703
72.74649047851562
73.6724624633789
73.56907653808594
74.05471801757812
74.80008697509766
73.78019714355469
75.10660552978516
74.84747314453125
74.89533233642578
75.09430694580078
74.07051086425781
73.0806884765625
70.5587387084961
68.20931243896484
64.79165649414062
60.69944381713867
54.05973815917969
57.86617660522461
62.685420989990234
65.38320922851562
65.9644546508789
68.5188980102539
69.05187225341797
71.5107421875
72.32209014892578
73.53764343261719
74.8200454711914
75.97581481933594
77.4900894165039
78.16938018798828
79.30513000488281
80.12589263916016
80.34961700439453
79.99337768554688
78.95198822021484
77.33555603027344
76.47684478759766
75.61878204345703
75.11427307128906
75.07984161376953
73.92202758789062
74.35587310791016
74.305419921875
74.32025909423828
75.80227661132812
75.87977600097656
76.18106842041016
76.93756103515625
77.8989028930664
78.67471313476562
79.81871032714844
81.37874603271484
82.28905487060547
83.78799438476562
84.92876434326172
86.2306137084961
87.67508697509766
88.43508911132812
89.33360290527344
89.00279998779297
88.26685333251953
86.62918090820312
84.84192657470703
85.46615600585938
85.56304931640625
86.07786560058594
86.34257507324219
86.36197662353516
86.97840118408203
87.18791961669922
87.50924682617188
87.58560943603516
87.37022399902344
87.06314086914062
85.91108703613281
84.49356079101562
82.53810119628906
80.53933715820312
78.1551284790039
76.0487060546875
74.36869812011719
73.0142822265625
71.82501983642578
71.34192657470703
71.17704772949219
71.96366119384766
72.9412612915039
73.32164001464844
73.95109558105469
74.4492416381836
75.64238739013672
76.371337890625
76.1904525756836
76.9728012084961
77.3661880493164
77.70550537109375
78.47775268554688
78.79744720458984
79.51973724365234
80.13677215576172
80.80264282226562
81.49697875976562
82.089599609375
83.02088165283203
83.66808319091797
84.29539489746094
84.87787628173828
85.0232925415039
85.08533477783203
84.32581329345703
83.69068908691406
82.81268310546875
81.67626190185547
80.59951782226562
79.4392318725586
78.3179931640625
77.24669647216797
76.58335876464844
75.11929321289062
74.74935913085938
73.8063735961914
71.1700439453125
71.2226333618164
69.8576889038086
69.76885223388672
68.09233093261719
66.68357849121094
68.12479400634766
66.2752685546875
65.11865997314453
63.14670181274414
63.52320861816406
63.358848571777344
63.785064697265625
62.1788330078125
63.68669891357422
65.65489959716797
68.00892639160156
68.91432189941406
71.0392074584961
72.85828399658203
73.41358947753906
74.10615539550781
74.44420623779297
73.23513793945312
72.70555114746094
72.089599609375
71.10934448242188
70.6985855102539
70.33157348632812
69.9588394165039
71.63578796386719
69.42585754394531
68.43882751464844
69.38236999511719
67.79558563232422
66.65940856933594
63.32402420043945
60.409278869628906
57.5666389465332
64.01929473876953
65.28089141845703
68.65331268310547
69.61892700195312
71.88809967041016
71.5461654663086
71.68202209472656
72.2550277709961
71.63095092773438
72.01117706298828
71.84503173828125
72.37787628173828
72.19059753417969
73.68844604492188
74.2726058959961
74.00230407714844
75.66425323486328
75.74649810791016
76.312744140625
76.38202667236328
77.08393859863281
77.78694152832031
78.28634643554688
78.51322937011719
78.30694580078125
78.96092224121094
78.6595458984375
78.76657104492188
79.8164291381836
80.35277557373047
81.26791381835938
81.69924926757812
82.39540100097656
82.27442932128906
81.71435546875
80.78852081298828
80.2657241821289
79.07511138916016
77.95848846435547
77.58259582519531
76.79923248291016
75.65213775634766
75.37841033935547
74.54096984863281
74.71212005615234
73.82197570800781
73.28099822998047
73.45563507080078
72.86383819580078
73.04322052001953
71.59938049316406
72.63670349121094
72.12547302246094
70.88335418701172
70.36090850830078
69.17756652832031
69.17572021484375
69.43106842041016
69.20269012451172
69.84587860107422
69.83649444580078
71.04317474365234
71.36097717285156
72.57711029052734
72.66752624511719
72.89070892333984
74.42074584960938
74.05895233154297
74.59757995605469
74.33038330078125
74.88381958007812
75.21329498291016
76.07704162597656
76.21776580810547
76.7434310913086
77.14582824707031
78.12611389160156
78.77715301513672
80.09430694580078
80.56165313720703
82.12181091308594
82.78775024414062
82.62657165527344
81.93995666503906
80.12734985351562
78.30693817138672
76.06157684326172
74.45750427246094
72.83094024658203
71.8432846069336
70.20999908447266
70.51846313476562
71.05488586425781
71.92236328125
72.56175231933594
73.98119354248047
75.30998229980469
76.15193176269531
77.08056640625
76.9829330444336
76.5196533203125
75.46177673339844
74.99842834472656
73.4537124633789
72.93399810791016
71.47013092041016
70.70144653320312
69.39663696289062
66.43021392822266
67.77202606201172
66.27794647216797
66.03138732910156
63.38274383544922
63.22555160522461
65.30968475341797
66.18711853027344
67.98382568359375
69.92560577392578
71.61145782470703
72.0534896850586
73.46883392333984
73.3494644165039
73.40969848632812
72.91521453857422
73.49559020996094
73.09066009521484
73.13331604003906
72.61751556396484
71.88761138916016
71.06251525878906
70.40690612792969
70.28445434570312
69.169921875
68.10678100585938
68.14260864257812
66.93415069580078
67.97061157226562
68.14952850341797
69.1485366821289
71.18051147460938
71.93746948242188
73.23561096191406
73.60285949707031
73.87378692626953
73.96076202392578
72.68499755859375
72.97840881347656
71.13968658447266
71.19547271728516
70.87596130371094
70.74482727050781
72.2864990234375
72.31749725341797
72.44989776611328
72.40776062011719
72.239990234375
71.93006896972656
72.01160430908203
72.76716613769531
74.03205871582031
75.00285339355469
76.77479553222656
77.78274536132812
78.8304214477539
79.07597351074219
79.10249328613281
79.16422271728516
79.43109893798828
79.04570770263672
79.54248809814453
79.1446762084961
78.94578552246094
79.41429901123047
79.73558044433594
79.51459503173828
79.51681518554688
80.35060119628906
80.45732879638672
80.87557983398438
81.28363037109375
81.53150939941406
81.58702087402344
81.78439331054688
81.24195098876953
80.91194152832031
79.35663604736328
78.17877960205078
76.65122985839844
74.64974212646484
73.3703842163086
72.0642318725586
70.89691162109375
70.05741119384766
70.1866455078125
69.3454360961914
68.20191955566406
68.89588928222656
69.16681671142578
69.1253433227539
70.30022430419922
69.91764831542969
71.64818572998047
73.14778137207031
73.48744201660156
74.36167907714844
75.41812133789062
76.4332046508789
77.47264862060547
78.4677505493164
79.06538391113281
79.56070709228516
80.3222885131836
80.40281677246094
80.2376708984375
79.9645767211914
79.71871948242188
78.33075714111328
77.15564727783203
74.48755645751953
73.2742691040039
70.94136047363281
68.74398040771484
66.48374938964844
67.74513244628906
67.93990325927734
67.86407470703125
69.75994110107422
69.26565551757812
70.22718048095703
71.67900848388672
71.8083724975586
72.38467407226562
73.51052856445312
74.47632598876953
75.24659729003906
76.4795913696289
77.27445220947266
77.9538345336914
79.46039581298828
80.41663360595703
81.57728576660156
82.69445037841797
83.87641143798828
84.37274932861328
84.8757553100586
84.88738250732422
84.75985717773438
84.28888702392578
83.3004150390625
82.42564392089844
81.84619140625
81.27719116210938
80.56070709228516
79.90570068359375
79.55133056640625
79.3707275390625
79.23609161376953
78.7406997680664
78.25586700439453
77.86824035644531
76.86485290527344
76.11846923828125
74.18280792236328
71.66950988769531
67.06763458251953
63.29156494140625
50.317955017089844
59.79531478881836
64.46554565429688
68.22542572021484
71.27667999267578
73.09202575683594
75.71736907958984
76.90576934814453
78.26490020751953
78.51238250732422
78.93876647949219
78.62664031982422
78.26849365234375
77.8270034790039
77.3729019165039
77.0202865600586
76.80903625488281
77.09479522705078
77.37067413330078
77.50896453857422
77.49131774902344
77.05548858642578
75.98406219482422
74.33208465576172
73.60599517822266
71.80517578125
71.92354583740234
71.72986602783203
72.32418060302734
71.52951049804688
72.44761657714844
72.04573059082031
73.55624389648438
72.63848114013672
73.5404052734375
73.69310760498047
74.80258178710938
75.46611785888672
75.54063415527344
76.16854095458984
76.7663345336914
77.08545684814453
76.32755279541016
