67.54711151123047
77.59373474121094
80.0331802368164
57.53174591064453
83.6933364868164
80.90496063232422
76.86295318603516
83.05252075195312
73.11650085449219
77.71098327636719
76.84395599365234
49.01875305175781
74.4483413696289
72.78898620605469
61.33705520629883
69.68840026855469
65.36293029785156
60.67705154418945
63.66514205932617
43.031856536865234
63.53855895996094
58.292320251464844
62.151241302490234
69.01080322265625
63.99601364135742
71.11418914794922
76.05055236816406
59.099647521972656
77.73665618896484
73.12359619140625
66.75296783447266
73.93789672851562
58.65948486328125
67.07989501953125
66.25296020507812
52.325775146484375
63.267860412597656
60.76377487182617
59.61076354980469
58.255821228027344
58.13310241699219
57.72197723388672
54.38529586791992
53.36396408081055
54.809326171875
62.715789794921875
57.3143310546875
66.68063354492188
60.57276153564453
61.2927131652832
66.62159729003906
56.11153793334961
68.05326080322266
64.43146514892578
57.61313247680664
70.66358947753906
67.58606719970703
68.7624740600586
72.01094818115234
54.13196563720703
72.27313995361328
72.69602966308594
64.37542724609375
75.47100067138672
67.52511596679688
72.86061096191406
76.65158081054688
51.678955078125
77.35741424560547
75.07242584228516
68.91259765625
79.13143920898438
72.1822509765625
77.90838623046875
80.70147705078125
39.9493408203125
82.60078430175781
81.10755920410156
75.66022491455078
85.82167053222656
78.27554321289062
86.22586822509766
90.10148620605469
48.61915588378906
93.08565521240234
92.36634826660156
87.9010009765625
95.84776306152344
86.12859344482422
91.89491271972656
93.40621948242188
61.345733642578125
91.91438293457031
89.50221252441406
84.1263427734375
92.33955383300781
84.04328918457031
89.49085235595703
92.14908599853516
53.644901275634766
92.2701644897461
90.2672348022461
84.77847290039062
93.41703796386719
85.30735778808594
90.17100524902344
91.77948760986328
53.36522674560547
89.71878814697266
86.44454956054688
79.2861099243164
87.00975799560547
76.66368103027344
81.12183380126953
81.94839477539062
57.50327682495117
77.71712493896484
73.64212799072266
65.58316040039062
71.63105010986328
58.43840408325195
70.45421600341797
73.6106185913086
52.86500930786133
78.66996765136719
77.87908172607422
70.89371490478516
84.22612762451172
78.35259246826172
84.59244537353516
88.75019073486328
63.648067474365234
92.3455810546875
92.1534652709961
86.16004180908203
97.08621978759766
90.1300277709961
94.43052673339844
97.00088500976562
71.39432525634766
95.86583709716797
93.66161346435547
85.97779846191406
94.30952453613281
85.42671966552734
88.48908233642578
89.24546813964844
64.86473846435547
85.9802017211914
84.19479370117188
82.26591491699219
91.84400177001953
86.26226806640625
92.02067565917969
96.61975860595703
73.72085571289062
97.25382232666016
94.78900909423828
88.71565246582031
96.31757354736328
87.58220672607422
91.7012939453125
93.68737030029297
67.05884552001953
93.08737182617188
90.5809097290039
85.26689147949219
93.41958618164062
85.24864959716797
90.35826873779297
92.66202545166016
63.5201416015625
92.9923324584961
90.7162094116211
85.88569641113281
93.96813201904297
85.69588470458984
90.22477722167969
91.83061218261719
64.16291046142578
89.29821014404297
84.59246826171875
78.34700775146484
83.78840637207031
71.6028823852539
78.03008270263672
78.57585906982422
56.87358093261719
79.3943099975586
76.52086639404297
73.13970947265625
81.16161346435547
72.05584716796875
79.00802612304688
80.97900390625
52.623573303222656
82.58006286621094
79.91041564941406
75.22468566894531
83.51013946533203
75.5317153930664
80.94461059570312
83.32379150390625
58.04435729980469
83.77903747558594
81.94258880615234
76.75271606445312
85.28213500976562
77.44808959960938
83.04943084716797
85.43132019042969
58.74399185180664
86.21975708007812
84.3187026977539
79.17717742919922
88.29513549804688
80.83454132080078
86.1317367553711
89.21846771240234
64.21015167236328
90.49593353271484
89.49742889404297
82.83036041259766
92.78968811035156
86.1633071899414
89.49430847167969
91.98514556884766
67.71864318847656
89.85527801513672
86.95811462402344
79.00953674316406
87.12997436523438
77.8649673461914
81.98274993896484
83.3953857421875
52.337554931640625
81.29608917236328
78.33827209472656
71.55232238769531
79.38909912109375
71.9222640991211
77.38404846191406
81.31722259521484
62.66647720336914
82.91626739501953
80.99351501464844
76.17877197265625
83.0792007446289
73.81858825683594
77.97090911865234
80.68722534179688
56.759056091308594
79.07899475097656
76.57179260253906
70.69223022460938
78.62552642822266
69.34040832519531
73.90591430664062
76.51514434814453
60.269561767578125
75.09601593017578
71.26541900634766
69.74020385742188
76.51130676269531
71.60679626464844
75.06768035888672
79.14521026611328
56.93904495239258
78.03485107421875
74.26129913330078
67.36534881591797
75.29031372070312
65.9161605834961
71.1959228515625
72.48316192626953
50.03559875488281
77.7086181640625
76.25786590576172
72.3489761352539
82.09370422363281
74.59748840332031
81.35208129882812
83.81536865234375
49.45737075805664
84.95977020263672
83.02925872802734
78.124267578125
87.30810546875
79.12874603271484
85.69503021240234
89.09640502929688
54.32479476928711
91.09945678710938
89.9286880493164
84.89671325683594
94.24626159667969
86.20516967773438
91.37260437011719
92.82749938964844
54.891841888427734
91.37259674072266
88.17522430419922
81.5970458984375
89.75283813476562
80.49979400634766
85.85052490234375
87.55582427978516
54.87257766723633
86.12615203857422
83.63099670410156
77.09178924560547
85.5820083618164
76.49004364013672
82.32217407226562
84.67986297607422
53.71405792236328
84.22738647460938
81.81439208984375
76.58684539794922
84.94391632080078
75.97547149658203
82.44534301757812
85.05419921875
46.99374008178711
85.0341796875
83.13090515136719
78.97653198242188
87.56815338134766
79.90148162841797
85.74687194824219
88.663330078125
64.86093139648438
89.42498016357422
86.61431121826172
83.35079956054688
90.6021728515625
82.52164459228516
88.69288635253906
92.12995910644531
67.29364776611328
91.39927673339844
87.7452392578125
80.05399322509766
87.26567077636719
78.01347351074219
80.48587799072266
81.50096893310547
57.752994537353516
79.18939208984375
75.63516235351562
67.54351806640625
75.14702606201172
65.78089904785156
71.13678741455078
72.48922729492188
54.2578125
72.95621490478516
70.52204132080078
66.87876892089844
76.20865631103516
67.1784439086914
74.76933288574219
77.02696228027344
52.4260139465332
77.38216400146484
75.05524444580078
73.25145721435547
82.75215148925781
76.65736389160156
82.40213012695312
86.42433166503906
61.57388687133789
86.43392181396484
83.71588897705078
77.0314712524414
83.94937896728516
73.64027404785156
75.72801971435547
74.84026336669922
54.43773651123047
72.59297180175781
71.48617553710938
60.486454010009766
75.55867004394531
67.63492584228516
76.56209564208984
81.61497497558594
51.482059478759766
84.89960479736328
83.2672119140625
78.5106201171875
86.31295776367188
77.74986267089844
81.56334686279297
83.21314239501953
54.28594970703125
81.7663345336914
79.30345153808594
73.1202621459961
80.3316650390625
71.5260238647461
76.38209533691406
77.69811248779297
61.52070617675781
80.69833374023438
80.0705795288086
74.84508514404297
85.08104705810547
77.3470687866211
82.30772399902344
84.6307601928711
54.23023223876953
84.25590515136719
81.42272186279297
75.72038269042969
84.1828384399414
75.84832000732422
80.83232879638672
83.39459228515625
53.352108001708984
83.35466003417969
81.40892028808594
76.43756866455078
84.32819366455078
75.82329559326172
81.27814483642578
83.83854675292969
55.147483825683594
83.59284973144531
81.32035827636719
76.16931915283203
84.43768310546875
76.60729217529297
82.13919067382812
84.17910766601562
54.615394592285156
84.4151382446289
82.29712677001953
77.47801208496094
85.53784942626953
77.0455322265625
83.37377166748047
86.26837921142578
53.44060134887695
87.18830871582031
85.81648254394531
80.9948501586914
89.73194885253906
82.19577026367188
87.8095932006836
90.67072296142578
60.966278076171875
90.85476684570312
88.58856964111328
82.05706024169922
89.62512969970703
80.33684539794922
83.05305480957031
83.86629486083984
56.70012283325195
81.50591278076172
77.73013305664062
73.09199523925781
81.0801010131836
72.88741302490234
79.54468536376953
82.75894927978516
53.82616424560547
85.08648681640625
84.11967468261719
79.23077392578125
89.04362487792969
81.67987060546875
88.23606872558594
91.62879180908203
55.38141632080078
92.9281005859375
91.14302825927734
85.49574279785156
93.80148315429688
85.0006332397461
89.62066650390625
91.35626220703125
54.149803161621094
89.56642150878906
86.75165557861328
80.39315795898438
88.00129699707031
78.87720489501953
83.20198059082031
84.79106140136719
55.42909240722656
83.46076202392578
79.93111419677734
75.48380279541016
82.560791015625
73.8860855102539
80.43263244628906
83.53846740722656
64.85001373291016
83.84922790527344
82.86409759521484
75.56753540039062
86.75753021240234
79.79582214355469
84.3499984741211
87.12346649169922
61.11888122558594
86.86174774169922
84.63037109375
79.02774047851562
87.41082000732422
78.92991638183594
84.30973052978516
86.62632751464844
58.696144104003906
85.54489135742188
82.9713134765625
77.74224090576172
85.23904418945312
76.85321807861328
82.78398895263672
86.16694641113281
62.331993103027344
85.65666961669922
81.44156646728516
75.60321044921875
81.94366455078125
73.20501708984375
78.04375457763672
80.45877838134766
52.827476501464844
82.47002410888672
80.9020767211914
75.48204803466797
84.6677474975586
75.89352416992188
81.10112762451172
82.15006256103516
48.80092239379883
79.81307983398438
77.2143325805664
69.98481750488281
81.09282684326172
74.3678970336914
79.24174499511719
81.70276641845703
50.2487907409668
82.35140991210938
80.46665954589844
75.87893676757812
84.97569274902344
77.70460510253906
83.43789672851562
86.27613067626953
52.034664154052734
85.70529174804688
82.18978881835938
75.16313934326172
82.68978881835938
72.81524658203125
77.39851379394531
78.54338073730469
43.785057067871094
78.05490112304688
75.8266372680664
72.15828704833984
80.07306671142578
72.5414047241211
78.94950866699219
81.71720886230469
49.9134521484375
81.04438018798828
77.42522430419922
71.27837371826172
77.93247985839844
