68.87648010253906
72.90021514892578
71.00244903564453
71.39712524414062
70.45453643798828
73.27682495117188
74.6178207397461
75.9601058959961
75.55905151367188
76.4251937866211
80.31002044677734
80.97309112548828
82.35711669921875
84.65080261230469
84.49781036376953
83.97434997558594
82.45860290527344
80.7468032836914
79.35401153564453
77.2965087890625
74.87556457519531
74.21700286865234
72.95068359375
67.41610717773438
71.54251861572266
71.71502685546875
70.25116729736328
71.4732894897461
69.94496154785156
73.41410827636719
74.68973541259766
74.52252197265625
78.05026245117188
78.87149047851562
81.19924926757812
80.25665283203125
80.09044647216797
78.49382781982422
75.18368530273438
73.9863052368164
69.90357208251953
71.29475402832031
65.65119171142578
66.826416015625
67.76507568359375
66.57630157470703
62.43757629394531
57.37919235229492
66.70974731445312
67.00031280517578
61.897491455078125
67.67510986328125
67.19574737548828
65.18910217285156
65.61470794677734
66.2513198852539
66.12957763671875
67.34521484375
66.3227767944336
65.28813171386719
68.04706573486328
67.20513916015625
66.02069091796875
67.61005401611328
66.71833801269531
66.32844543457031
67.44042205810547
67.91339874267578
65.7668228149414
68.128173828125
67.98902893066406
64.95623779296875
67.37557983398438
66.05646514892578
65.23014831542969
64.26446533203125
66.7016830444336
67.5746841430664
59.853511810302734
67.15809631347656
69.96981811523438
69.7961654663086
72.67122650146484
76.37557983398438
79.24785614013672
81.19998931884766
83.59148406982422
85.06062316894531
85.43051147460938
84.24717712402344
81.07530212402344
77.96643829345703
75.58480072021484
74.22286987304688
75.58988952636719
77.75306701660156
78.07862854003906
77.27261352539062
78.6629409790039
79.36294555664062
79.19645690917969
78.77526092529297
80.35443878173828
79.0262451171875
78.54833984375
76.87645721435547
76.57064056396484
74.35131072998047
75.36223602294922
75.62911224365234
75.93839263916016
78.1322250366211
78.83821105957031
79.54353332519531
80.39810943603516
80.618896484375
81.51268005371094
81.8448715209961
82.59736633300781
83.18923950195312
83.58648681640625
84.37926483154297
85.3703384399414
85.90302276611328
87.38093566894531
88.42935180664062
89.55088806152344
91.27015686035156
92.40667724609375
93.96296691894531
94.82640838623047
94.98371124267578
94.82955932617188
93.88162994384766
93.1707534790039
92.31748962402344
91.51350402832031
90.9526138305664
90.49896240234375
90.10214233398438
90.05892944335938
89.83511352539062
89.82212829589844
89.77730560302734
89.84133911132812
89.84539794921875
89.87013244628906
89.99207305908203
89.74589538574219
89.43074798583984
89.8046646118164
90.19882202148438
90.00869750976562
89.01538848876953
86.34269714355469
82.75640106201172
78.57261657714844
75.52436065673828
75.48795318603516
77.89630889892578
79.16524505615234
80.38756561279297
81.03558349609375
81.66361999511719
82.42314147949219
83.02748107910156
83.75263214111328
84.14033508300781
84.60379028320312
84.95661926269531
85.65962982177734
86.33409881591797
86.84130859375
87.08226013183594
87.4062271118164
87.82154846191406
88.52899932861328
88.6124496459961
89.39014434814453
91.3037338256836
93.55229949951172
95.03793334960938
96.05065155029297
96.55218505859375
96.8663558959961
96.8623275756836
96.1915283203125
95.59791564941406
94.44538879394531
93.42501831054688
92.19683837890625
90.99060821533203
89.85993957519531
88.51463317871094
87.47770690917969
86.40837860107422
85.65476989746094
84.30963134765625
83.83944702148438
82.76312255859375
81.78063201904297
81.22989654541016
80.0433349609375
79.32444763183594
78.55513000488281
77.32254791259766
76.37151336669922
74.20271301269531
74.84074401855469
74.06461334228516
73.41060638427734
72.29838562011719
71.38272094726562
69.49047088623047
69.74170684814453
69.17863464355469
69.56672668457031
66.66959381103516
63.638999938964844
66.39575958251953
56.94154739379883
62.02833557128906
61.549095153808594
61.22766876220703
64.43372344970703
63.199344635009766
63.629173278808594
68.94349670410156
70.07440948486328
72.59156799316406
73.15925598144531
74.46560668945312
72.45232391357422
71.83380126953125
70.93894958496094
70.2714614868164
69.41658782958984
70.3674545288086
70.5849838256836
68.73578643798828
69.85588073730469
67.51924896240234
72.22904205322266
71.63446807861328
71.86583709716797
72.0821762084961
73.57672119140625
73.42351531982422
74.58293914794922
74.56976318359375
74.6444320678711
72.7864990234375
72.33380889892578
70.6867904663086
70.3333511352539
71.7066421508789
74.59162139892578
75.61577606201172
77.27249145507812
78.9106216430664
79.24455261230469
79.91143035888672
79.56632995605469
79.14140319824219
77.81254577636719
77.50398254394531
77.2503890991211
77.6225357055664
76.72960662841797
77.30473327636719
76.58068084716797
77.30840301513672
78.73667907714844
79.34293365478516
81.23892211914062
82.26031494140625
83.28515625
84.27323150634766
85.11024475097656
85.3880615234375
84.51893615722656
83.41608428955078
82.54802703857422
81.65413665771484
80.9821548461914
81.3295669555664
80.80828094482422
80.9613265991211
81.03219604492188
81.61558532714844
82.06245422363281
82.75444793701172
83.80245208740234
84.90032958984375
85.69691467285156
86.84730529785156
88.32044219970703
89.73523712158203
90.77887725830078
91.32315826416016
91.2398681640625
90.69634246826172
89.56398010253906
88.54788208007812
87.32841491699219
86.56879425048828
85.6882553100586
85.302001953125
84.30782318115234
84.1534423828125
83.76709747314453
83.18014526367188
83.12421417236328
82.38158416748047
82.63665008544922
82.30570220947266
82.39798736572266
82.58430480957031
82.50205993652344
83.04813385009766
83.04447174072266
83.25078582763672
83.8319091796875
84.25729370117188
84.77909851074219
85.53428649902344
86.3660888671875
87.4425048828125
88.14130401611328
88.40233612060547
88.80259704589844
87.76579284667969
86.21613311767578
83.96014404296875
81.43269348144531
79.49605560302734
77.41938018798828
74.79226684570312
74.07335662841797
71.2138671875
68.8365249633789
68.24942779541016
69.60355377197266
70.15370178222656
71.78547668457031
72.41004943847656
71.4926986694336
73.87902069091797
75.20458221435547
76.6548843383789
77.42683410644531
76.37651824951172
76.66918182373047
77.65972900390625
78.10055541992188
79.19570922851562
79.99806213378906
80.58920288085938
81.68688201904297
82.46150970458984
83.78736114501953
84.83380889892578
85.5597152709961
87.24797058105469
88.75176239013672
89.78350067138672
90.21338653564453
89.7274169921875
88.77277374267578
87.24260711669922
85.82301330566406
84.70918273925781
83.26874542236328
82.01051330566406
80.21983337402344
79.96174621582031
77.8707275390625
76.7816162109375
75.12097930908203
75.38471221923828
76.90032196044922
78.96504974365234
81.10916900634766
83.24793243408203
84.75269317626953
85.80255126953125
85.29486846923828
85.16299438476562
84.16758728027344
83.76219177246094
83.02458190917969
82.40495300292969
81.59778594970703
81.29691314697266
80.91387939453125
80.82913970947266
80.05780792236328
79.66190338134766
79.5029067993164
78.92621612548828
78.13352966308594
78.46228790283203
78.30567932128906
78.4222183227539
79.11540985107422
79.42871856689453
80.2966537475586
79.44882202148438
79.67621612548828
79.22830963134766
79.40487670898438
79.45475006103516
79.02583312988281
79.41890716552734
79.10369110107422
79.03182983398438
79.56620025634766
78.67213439941406
79.40851593017578
79.0818862915039
79.01055908203125
78.43724822998047
78.47193908691406
78.90868377685547
80.24356079101562
80.71434783935547
80.42621612548828
81.34964752197266
81.42125701904297
81.5788803100586
81.70999145507812
82.0471420288086
82.4742660522461
82.35511779785156
82.41761779785156
82.91291809082031
83.5498046875
84.0864486694336
84.91625213623047
85.18458557128906
85.326904296875
86.09403991699219
86.79554748535156
86.86375427246094
87.34754180908203
87.49635314941406
87.14603424072266
85.58917999267578
84.2685546875
81.4853286743164
79.0735092163086
77.68479919433594
76.83584594726562
77.99877166748047
78.4455337524414
78.99539947509766
80.57817840576172
81.31438446044922
81.99394989013672
82.9169921875
83.44314575195312
83.80516815185547
83.53158569335938
83.78887176513672
84.56402587890625
85.37036895751953
86.45751190185547
87.33390045166016
88.73999786376953
89.86373901367188
90.74312591552734
91.59280395507812
92.08392333984375
92.39910125732422
92.1339111328125
91.53158569335938
91.17898559570312
90.73187255859375
90.80316925048828
91.01680755615234
91.10262298583984
91.162353515625
90.98020935058594
90.54467010498047
90.10084533691406
89.74417877197266
89.89713287353516
89.73278045654297
89.87460327148438
89.73985290527344
89.66912078857422
90.00691223144531
90.25434112548828
90.5481185913086
90.84945678710938
91.03778076171875
90.96714782714844
90.45389556884766
89.5441665649414
87.88346099853516
86.12932586669922
84.6457290649414
82.46525573730469
80.91034698486328
79.16211700439453
76.26809692382812
74.53179168701172
72.31299591064453
69.73189544677734
71.03099822998047
64.47549438476562
62.184120178222656
55.75898742675781
63.123687744140625
66.52671813964844
67.13385009765625
68.93152618408203
68.24824523925781
70.80176544189453
70.55681610107422
71.0600357055664
70.54212951660156
71.26921081542969
71.35121154785156
71.78203582763672
72.77384185791016
74.10087585449219
74.09623718261719
73.70893859863281
74.67012023925781
75.2400894165039
76.29270935058594
76.32392120361328
77.61087036132812
77.23146057128906
78.3229751586914
78.22638702392578
77.25929260253906
76.65863800048828
74.38612365722656
72.3776626586914
69.52037048339844
68.5134506225586
62.414913177490234
64.04138946533203
67.37471771240234
71.23674011230469
72.48667907714844
74.61235046386719
75.76625061035156
77.06912231445312
77.77674102783203
78.27238464355469
78.01580810546875
77.83903503417969
75.85166931152344
76.13079071044922
74.53372192382812
76.08306884765625
76.326904296875
76.43451690673828
78.1632308959961
77.9764633178711
78.4881820678711
78.89636993408203
78.8377456665039
78.81869506835938
78.3770751953125
78.35283660888672
79.72286224365234
79.34429168701172
80.84100341796875
80.67587280273438
80.35355377197266
79.31555938720703
78.63302612304688
