76.42625427246094
73.79672241210938
79.86168670654297
74.18573760986328
78.26936340332031
80.85917663574219
66.25457000732422
81.59783172607422
80.3624038696289
77.06359100341797
84.33441925048828
79.9822998046875
81.6705551147461
79.44172668457031
76.64970397949219
73.60260009765625
75.05914306640625
72.31072235107422
47.88371658325195
71.55509948730469
72.59303283691406
70.31766510009766
71.05156707763672
74.83250427246094
75.51763916015625
70.59584045410156
80.21995544433594
75.83092498779297
80.27313995361328
84.15936279296875
77.25851440429688
85.38029479980469
77.38546752929688
80.9091796875
80.51849365234375
60.90826416015625
78.71473693847656
75.64984893798828
68.67626953125
75.94878387451172
70.32088470458984
64.17597198486328
72.41136169433594
59.857059478759766
61.952205657958984
64.27750396728516
65.77230072021484
63.30680465698242
62.36467361450195
69.17462921142578
69.82917785644531
68.55099487304688
71.73687744140625
71.962158203125
67.39866638183594
73.87303161621094
71.46810150146484
68.39443969726562
73.25018310546875
71.9874496459961
64.38209533691406
73.91957092285156
67.73654174804688
69.7849349975586
72.36012268066406
71.5848617553711
68.6233901977539
72.90594482421875
76.69074249267578
64.31433868408203
77.06468963623047
80.22339630126953
68.79969787597656
81.30249786376953
81.12269592285156
75.72618865966797
84.3498764038086
82.15496826171875
78.81037139892578
86.10952758789062
82.71940612792969
82.14535522460938
88.34342956542969
80.96102905273438
86.72071075439453
90.8212890625
80.32161712646484
93.42538452148438
89.14497375488281
90.6895751953125
92.38473510742188
80.61023712158203
91.84628295898438
89.16703033447266
86.08128356933594
91.86180877685547
81.45134735107422
90.41414642333984
87.26295471191406
82.60731506347656
87.50850677490234
80.65943908691406
82.52937316894531
86.46587371826172
81.9317855834961
84.11878967285156
88.67221069335938
77.3658676147461
88.3836441040039
89.40472412109375
76.20883178710938
91.75765228271484
88.27529907226562
87.96045684814453
93.94332122802734
83.81078338623047
94.58602142333984
93.32557678222656
90.2470932006836
95.11713409423828
82.20497131347656
92.16004180908203
90.54214477539062
80.03942108154297
90.8326416015625
85.16748809814453
84.48294067382812
88.63798522949219
79.15692138671875
84.90265655517578
85.90097045898438
74.08308410644531
84.17671203613281
83.10388946533203
73.48489379882812
83.19747924804688
80.54900360107422
75.55623626708984
84.0564193725586
79.04498291015625
82.08519744873047
87.29405975341797
77.00930786132812
89.25947570800781
86.67243957519531
86.35604858398438
90.8965835571289
82.61178588867188
91.34615325927734
89.45205688476562
86.77286529541016
91.50186920166016
79.01190185546875
89.3050537109375
88.6981201171875
75.20630645751953
90.15760803222656
86.01419067382812
83.61518096923828
90.60392761230469
82.82784271240234
88.24687957763672
91.59951782226562
71.3052978515625
92.76145935058594
92.00013732910156
88.84873962402344
95.6073989868164
81.68880462646484
93.4016342163086
90.93798065185547
83.68716430664062
92.10060119628906
88.63024139404297
84.62814331054688
92.34834289550781
90.3078384399414
88.41326141357422
95.92487335205078
83.09923553466797
95.56959533691406
93.18070220947266
88.5716781616211
95.44810485839844
85.29073333740234
92.68138122558594
93.82059478759766
73.11537170410156
94.1634292602539
90.7293930053711
87.23823547363281
94.40326690673828
85.2510986328125
92.04765319824219
94.01458740234375
71.41158294677734
94.37207794189453
92.39093780517578
86.30580139160156
95.57306671142578
88.74270629882812
92.37482452392578
95.9114990234375
76.13976287841797
95.75155639648438
94.94618225097656
87.80044555664062
97.6611099243164
90.23767852783203
95.16146850585938
96.752197265625
82.1893539428711
96.46133422851562
91.44255065917969
90.1318359375
94.66275787353516
81.31510162353516
91.50376892089844
91.38783264160156
76.99395751953125
90.78271484375
87.26776123046875
82.0357437133789
88.62351989746094
81.74568939208984
82.44369506835938
85.57978820800781
72.80032348632812
81.60271453857422
81.36780548095703
60.30657196044922
77.9437484741211
73.85100555419922
73.2059326171875
73.3546371459961
69.37222290039062
77.41095733642578
71.98169708251953
74.43161010742188
79.93498229980469
74.00884246826172
79.41503143310547
83.29061126708984
57.818275451660156
84.31616973876953
80.89665985107422
77.69776153564453
84.18096923828125
75.10537719726562
80.48307800292969
82.83805847167969
64.822998046875
81.77439880371094
80.03820037841797
72.15272521972656
81.85026550292969
72.69184112548828
76.98484802246094
76.78355407714844
64.47454071044922
74.94525909423828
69.662841796875
68.81522369384766
71.74474334716797
69.004638671875
72.03956604003906
74.70134735107422
66.98871612548828
77.05475616455078
77.44373321533203
68.3859634399414
82.09442901611328
79.40343475341797
80.8856430053711
86.51931762695312
72.4381332397461
87.211669921875
82.96958923339844
81.54467010498047
87.35003662109375
74.85992431640625
85.19422149658203
86.30221557617188
73.12019348144531
86.7557373046875
86.0030517578125
76.79918670654297
89.14067077636719
85.17118072509766
84.79962921142578
91.11229705810547
79.84882354736328
90.94939422607422
91.2770004272461
84.3983154296875
93.90097045898438
87.54620361328125
91.85360717773438
93.16215515136719
82.77777099609375
93.40919494628906
88.0172119140625
88.2586669921875
91.87023162841797
74.34465026855469
90.17981719970703
89.34228515625
77.73910522460938
90.23654174804688
85.71617126464844
84.4387435913086
89.73953247070312
80.99649810791016
87.01547241210938
88.67598724365234
76.07976531982422
88.21774291992188
87.0372314453125
78.63330078125
88.69308471679688
84.08667755126953
83.2208480834961
88.9330062866211
78.48505401611328
87.10285186767578
88.67747497558594
75.10306549072266
90.13420867919922
87.48202514648438
88.09120178222656
91.82462310791016
85.14244079589844
91.02849578857422
85.15170288085938
85.4929428100586
86.61212158203125
66.56978607177734
84.04840850830078
81.20619201660156
74.72022247314453
82.18356323242188
74.58495330810547
76.71040344238281
79.1707763671875
68.03179168701172
76.85099792480469
75.82926940917969
69.54319763183594
74.32344818115234
71.75492095947266
69.3055648803711
70.91085815429688
69.96947479248047
67.74421691894531
64.73440551757812
68.04070281982422
69.61951446533203
64.46228790283203
71.8898696899414
74.04849243164062
65.72409057617188
75.45050048828125
76.11556243896484
68.54320526123047
78.80060577392578
77.61412048339844
74.21755981445312
81.82526397705078
77.13009643554688
79.89088439941406
84.28822326660156
72.78138732910156
83.98829650878906
84.89302825927734
70.7308349609375
87.53076934814453
84.22909545898438
84.40145874023438
89.85638427734375
78.47247314453125
89.31144714355469
85.67288208007812
82.8227310180664
88.329345703125
76.25080108642578
85.26334381103516
85.51641845703125
68.7713851928711
85.53760528564453
81.65106964111328
78.01716613769531
84.15142059326172
74.4140396118164
80.3076171875
83.01485443115234
53.081485748291016
82.21131134033203
79.21463775634766
73.70894622802734
82.38851165771484
74.41459655761719
78.57975769042969
82.86741638183594
57.14414596557617
83.30536651611328
81.2253646850586
74.89302062988281
84.16439056396484
75.69857788085938
81.22760009765625
83.71288299560547
55.63264465332031
83.59918975830078
81.54859924316406
75.2926025390625
84.30834197998047
76.12478637695312
81.11061096191406
83.43350982666016
57.47822570800781
83.0168685913086
80.27816772460938
75.36268615722656
83.60514068603516
74.81269073486328
81.61351013183594
83.46435546875
65.00142669677734
84.73705291748047
81.6830062866211
78.87293243408203
86.16989135742188
77.81989288330078
84.29874420166016
86.67672729492188
66.1938247680664
87.42341613769531
86.26394653320312
78.92000579833984
89.15931701660156
83.6795654296875
85.8212890625
89.86095428466797
74.79985046386719
89.78510284423828
89.32781219482422
82.38655853271484
92.07686614990234
85.16145324707031
89.96775817871094
90.59602355957031
80.498291015625
90.36267852783203
82.28620910644531
84.43376922607422
86.88256072998047
76.74772644042969
83.83167266845703
85.68943786621094
74.0344467163086
85.83155059814453
86.0331802368164
76.2099838256836
89.27352142333984
84.56318664550781
86.45478057861328
90.93461608886719
72.97051239013672
91.06005096435547
90.69599151611328
83.73602294921875
94.2802963256836
87.63520812988281
92.44732666015625
94.6389389038086
80.70773315429688
95.20613861083984
90.97731018066406
89.71154022216797
94.91768646240234
82.13505554199219
92.76133728027344
93.34568786621094
78.18551635742188
93.8728256225586
90.77715301513672
86.28559112548828
94.21702575683594
87.51599884033203
90.88907623291016
94.08731842041016
74.01673889160156
93.40149688720703
92.17233276367188
83.71953582763672
94.19003295898438
87.96568298339844
89.9682388305664
93.82609558105469
78.30917358398438
93.02059936523438
91.9002914428711
85.27729034423828
93.96110534667969
85.96553039550781
91.16889953613281
91.28144836425781
79.88774871826172
90.6796646118164
83.38799285888672
84.19621276855469
87.08757019042969
70.55119323730469
83.71977996826172
81.5317153930664
73.63072967529297
80.759033203125
76.61842346191406
71.80319213867188
76.1370620727539
73.34696197509766
65.21068572998047
72.37709045410156
69.83953094482422
65.95576477050781
71.33781433105469
70.14727783203125
71.0210189819336
62.43586349487305
71.17648315429688
72.3604965209961
53.107025146484375
75.84245300292969
74.0087661743164
70.8126220703125
78.3019027709961
68.27590942382812
77.67864990234375
75.42375946044922
68.62238311767578
75.68505096435547
66.3423080444336
70.95153045654297
69.4267578125
70.40564727783203
68.35887145996094
69.36261749267578
72.9311752319336
72.06033325195312
74.61985778808594
73.30994415283203
74.80743408203125
66.76040649414062
75.52112579345703
73.32294464111328
67.7764663696289
78.12226104736328
73.0581283569336
74.60826873779297
79.86244201660156
72.7061538696289
78.90462493896484
81.55614471435547
67.75052642822266
82.20968627929688
81.69575500488281
73.08633422851562
84.73750305175781
78.69960021972656
81.6184310913086
85.52404022216797
68.22893524169922
85.1781005859375
82.85032653808594
77.62659454345703
85.13971710205078
