66.9867935180664
74.06173706054688
78.4349594116211
67.82942962646484
81.64469909667969
81.51280212402344
74.66166687011719
84.73992919921875
77.02381896972656
81.00963592529297
82.03496551513672
48.86570358276367
78.89305877685547
75.89957427978516
69.57234191894531
76.056640625
65.76537322998047
72.58287048339844
74.52826690673828
59.51009750366211
73.63593292236328
72.25648498535156
58.244659423828125
75.3258285522461
68.0166244506836
71.76851654052734
74.96084594726562
63.82706069946289
75.16605377197266
67.93318176269531
67.80066680908203
72.60928344726562
66.3409423828125
71.20497131347656
71.581787109375
56.35447692871094
70.36767578125
68.88817596435547
57.16384506225586
68.5010986328125
61.705291748046875
70.1209487915039
72.90453338623047
57.30562973022461
74.20426940917969
73.58234405517578
65.132568359375
75.10909271240234
66.73876190185547
73.6855697631836
75.25931549072266
60.21214294433594
77.89918518066406
76.42024993896484
70.15824127197266
79.3590316772461
73.45604705810547
77.56873321533203
80.33544158935547
62.69550704956055
81.53900909423828
79.95680236816406
75.28458404541016
83.46805572509766
76.61859893798828
80.95608520507812
84.02265930175781
59.00825500488281
85.27729797363281
82.44297790527344
79.24862670898438
85.3498764038086
75.72116088867188
79.38165283203125
80.6082763671875
62.22722625732422
76.96295928955078
73.0492172241211
71.99414825439453
77.83805084228516
72.84192657470703
74.67815399169922
75.82713317871094
61.572994232177734
73.88744354248047
70.45067596435547
70.58866119384766
77.41851043701172
70.77589416503906
73.96823120117188
76.44477844238281
60.7988395690918
75.6651840209961
71.4046630859375
71.45556640625
77.63794708251953
70.58573913574219
73.33689880371094
77.49383544921875
60.32889938354492
76.1707763671875
73.22377014160156
70.95874786376953
79.47825622558594
72.07228088378906
77.29419708251953
80.02584075927734
59.60318374633789
79.08722686767578
77.39543151855469
73.67724609375
81.97184753417969
74.21600341796875
79.84275817871094
82.73441314697266
63.284202575683594
81.95714569091797
80.5006103515625
76.12733459472656
84.1823959350586
75.94938659667969
82.37808227539062
84.87516021728516
63.75593948364258
83.20694732666016
80.05912017822266
71.5433578491211
77.84565734863281
69.23162841796875
80.14679718017578
84.44821166992188
64.31246185302734
86.13894653320312
85.55220031738281
78.1317138671875
86.88470458984375
77.48333740234375
79.55461120605469
79.9541015625
56.207706451416016
82.17723846435547
83.22831726074219
76.2546157836914
88.87236785888672
81.37663269042969
86.53667449951172
88.38209533691406
55.22396469116211
88.50431823730469
86.0332260131836
80.26726531982422
88.68037414550781
80.59857177734375
85.88751983642578
88.58708953857422
51.48979949951172
89.5544204711914
88.0075912475586
83.57207489013672
92.8798599243164
85.13510131835938
91.83647918701172
95.15716552734375
60.79499053955078
96.53457641601562
94.79764556884766
89.65930938720703
97.87666320800781
89.08976745605469
94.39864349365234
96.02452850341797
54.212974548339844
94.61038208007812
91.80708312988281
85.69213104248047
94.07493591308594
85.6775131225586
91.07266998291016
93.28292846679688
62.17197036743164
93.33452606201172
90.9419937133789
85.09635925292969
93.75275421142578
85.3528823852539
90.82390594482422
93.28532409667969
60.729591369628906
93.40959930419922
91.4515609741211
85.99873352050781
94.60238647460938
86.40147399902344
92.05663299560547
94.62637329101562
52.455352783203125
95.44568634033203
93.46878051757812
88.51446533203125
97.48371124267578
89.85079956054688
95.2794189453125
98.25736236572266
59.79341506958008
98.61740112304688
96.05384826660156
90.72315979003906
98.22247314453125
89.50608825683594
93.73784637451172
95.83868408203125
64.53837585449219
94.5165023803711
91.39846801757812
85.76201629638672
93.06423950195312
84.03124237060547
88.00749206542969
89.68616485595703
59.075584411621094
87.39493560791016
83.94004821777344
79.44819641113281
86.4090805053711
77.82613372802734
81.98413848876953
83.81696319580078
60.87666702270508
81.8766098022461
78.56755828857422
74.40670013427734
81.45640563964844
72.9688491821289
77.50804138183594
79.71131134033203
55.83731460571289
77.62822723388672
74.56773376464844
70.65776824951172
78.45126342773438
69.75189971923828
75.41742706298828
77.13982391357422
57.63801193237305
74.36190032958984
70.64691925048828
64.8268051147461
72.90677642822266
62.93740463256836
69.70823669433594
72.89295196533203
52.295536041259766
72.04901885986328
69.19271850585938
65.64630126953125
72.30888366699219
62.44343566894531
71.41094970703125
73.74195098876953
61.42025375366211
72.0816650390625
69.98040771484375
62.13576126098633
70.30516815185547
59.48103713989258
63.93783950805664
57.304283142089844
59.1542854309082
72.43201446533203
70.43199157714844
71.31190490722656
76.89308166503906
67.37516021728516
75.76818084716797
76.99651336669922
61.99880599975586
76.18693542480469
74.6408920288086
71.41605377197266
78.84608459472656
70.7420654296875
78.56234741210938
81.39585876464844
55.794918060302734
81.94965362548828
80.50440979003906
76.05256652832031
85.18196868896484
76.77869415283203
84.77694702148438
87.80176544189453
63.94609451293945
90.08538055419922
88.99014282226562
83.54285430908203
93.36408233642578
86.09513854980469
91.18277740478516
93.26026916503906
66.6634750366211
92.36894226074219
89.04800415039062
82.3869857788086
89.75588989257812
81.39280700683594
84.40099334716797
85.97845458984375
63.46116638183594
85.63933563232422
82.6092758178711
77.42849731445312
85.0426025390625
77.73944854736328
80.06462860107422
82.4927978515625
61.06460952758789
83.07958984375
79.99695587158203
75.69389343261719
83.12853240966797
75.2740249633789
78.43928527832031
81.87281036376953
63.024688720703125
83.48602294921875
81.50566864013672
77.68089294433594
85.72716522216797
79.04206085205078
82.42300415039062
85.62135314941406
65.34741973876953
87.32316589355469
85.49842834472656
82.4542465209961
90.86238861083984
84.39533233642578
88.87525177001953
91.6781005859375
67.83333587646484
90.07209014892578
85.60318756103516
79.72296142578125
86.70010375976562
79.11528015136719
83.21900939941406
86.37629699707031
58.82597732543945
84.85688781738281
81.06426239013672
73.7937240600586
80.65040588378906
72.54169464111328
74.81031036376953
76.24483489990234
57.01698684692383
75.14321899414062
72.39917755126953
63.951904296875
71.90818786621094
62.1618766784668
71.7894287109375
74.86066436767578
53.45853805541992
76.83311462402344
74.91205596923828
67.17491912841797
76.46009063720703
64.70629119873047
73.21173858642578
74.25243377685547
50.363861083984375
71.15206909179688
69.17660522460938
53.5928955078125
67.4545669555664
53.417747497558594
65.8399429321289
69.24325561523438
55.74406814575195
67.67876434326172
68.08358001708984
67.10717010498047
74.65116119384766
67.29036712646484
75.06135559082031
77.91345977783203
55.85519027709961
79.61470794677734
78.88723754882812
76.49329376220703
85.95091247558594
79.3144760131836
86.02543640136719
89.5831069946289
60.155208587646484
90.44027709960938
87.83340454101562
82.00027465820312
89.52867126464844
80.11103057861328
84.59561157226562
86.05683135986328
57.109554290771484
84.96253967285156
82.16859436035156
75.96402740478516
84.14799499511719
75.21047973632812
80.37857818603516
82.28594970703125
46.88450241088867
82.11894226074219
80.08496856689453
73.4013900756836
82.29981994628906
73.72454833984375
78.5296401977539
80.60924530029297
52.738121032714844
81.45574188232422
80.0440673828125
74.58081817626953
83.06361389160156
75.01465606689453
79.54535675048828
81.9399185180664
54.41719436645508
82.54808807373047
79.76343536376953
73.33588409423828
82.8445053100586
75.4198226928711
79.31658172607422
81.73422241210938
56.546627044677734
82.16783905029297
79.28052520751953
75.1918716430664
83.3031005859375
75.3797607421875
79.95040893554688
82.11096954345703
52.31622314453125
83.35822296142578
80.59307098388672
76.69911193847656
84.95358276367188
77.11556243896484
81.8913345336914
84.58985137939453
33.04023742675781
85.17208862304688
83.11067962646484
78.71312713623047
87.1284408569336
79.33251953125
83.26453399658203
85.59490966796875
44.995418548583984
82.45632934570312
78.66612243652344
73.60282135009766
80.64677429199219
73.40746307373047
77.96903991699219
81.49583435058594
59.04193115234375
83.41828155517578
82.05077362060547
78.6729965209961
87.83122253417969
80.39043426513672
86.1441650390625
89.1866683959961
61.786495208740234
88.93487548828125
86.12588500976562
79.6799087524414
86.43131256103516
75.82849884033203
79.96139526367188
78.97833251953125
52.57051467895508
74.73804473876953
71.48576354980469
65.86451721191406
74.2552719116211
66.8538818359375
70.40591430664062
74.52195739746094
51.472496032714844
77.37903594970703
75.38426971435547
73.09649658203125
81.15214538574219
74.49453735351562
78.82194519042969
82.62935638427734
48.59209060668945
84.8625717163086
83.26923370361328
79.59075927734375
88.74969482421875
81.75067138671875
87.72802734375
91.20686340332031
61.95369338989258
92.13639068603516
90.04505157470703
84.77944946289062
92.19547271728516
82.8774642944336
87.59098052978516
88.90876007080078
59.80670928955078
86.00707244873047
82.05286407470703
76.50654602050781
83.5867919921875
76.302734375
82.67877197265625
86.51587677001953
51.7056884765625
87.6070327758789
85.6280517578125
80.75541687011719
88.81793975830078
80.2273941040039
86.03292846679688
88.15167236328125
41.43450927734375
87.88561248779297
86.0756607055664
79.9807357788086
88.5626449584961
79.85315704345703
86.00660705566406
87.89556121826172
57.100669860839844
88.35953521728516
86.45858001708984
80.8983383178711
88.9798583984375
79.54692840576172
84.27303314208984
84.72735595703125
55.03596878051758
81.36965942382812
78.1632080078125
71.94670104980469
81.26988983154297
73.8431396484375
81.20225524902344
84.31501770019531
53.704505920410156
85.8866958618164
84.25780487060547
79.10594177246094
87.82164001464844
79.62027740478516
84.45511627197266
86.38734436035156
47.28495407104492
85.08080291748047
81.57099914550781
75.07826232910156
82.82014465332031
74.00855255126953
76.33907318115234
77.29515838623047
46.40809631347656
74.8153305053711
71.24732208251953
64.9039077758789
73.31059265136719
