68.19694519042969
77.17766571044922
80.61054992675781
49.74309158325195
83.30960845947266
82.19501495361328
77.83406829833984
84.78215789794922
74.60330200195312
78.48834991455078
78.50237274169922
57.26560974121094
75.73844909667969
71.24990844726562
62.62006378173828
70.39057922363281
64.26531219482422
65.08987426757812
64.87629699707031
53.63136672973633
64.04938507080078
61.69224548339844
55.250885009765625
67.00919342041016
60.89105224609375
69.453369140625
75.23556518554688
56.7459716796875
79.5074462890625
77.5409164428711
70.91127014160156
77.89138793945312
67.61297607421875
71.86761474609375
70.6178970336914
42.51456832885742
67.66838073730469
61.33250045776367
53.69327163696289
63.191802978515625
54.488521575927734
55.88521194458008
53.193641662597656
50.765174865722656
58.26234817504883
61.595096588134766
58.27437210083008
64.0966567993164
60.23611831665039
63.30146026611328
67.2564697265625
51.96852111816406
65.93352508544922
62.461631774902344
61.424652099609375
68.4504623413086
64.59122467041016
68.40869903564453
71.89109802246094
56.471981048583984
71.51385498046875
70.20724487304688
62.74949264526367
72.89765930175781
65.96051025390625
71.3702163696289
74.25476837158203
49.054176330566406
75.85985565185547
73.78662109375
68.98932647705078
77.44176483154297
71.33915710449219
75.857666015625
79.13973999023438
48.64840316772461
81.96381378173828
80.64356231689453
76.22929382324219
85.55789947509766
78.28343200683594
85.32765197753906
89.20668029785156
43.70863723754883
92.79403686523438
92.17720031738281
87.99174499511719
96.69635772705078
88.07124328613281
92.70447540283203
94.26142120361328
57.34300231933594
93.41044616699219
90.8096694946289
85.24539184570312
93.84465789794922
85.65837097167969
90.70530700683594
93.40887451171875
38.79387283325195
93.92401123046875
91.6533203125
86.05708312988281
94.5762939453125
85.58975982666016
90.29949188232422
91.90904235839844
43.1900520324707
89.74996185302734
86.35000610351562
79.18251037597656
86.28165435791016
76.23438262939453
79.26133728027344
80.4688491821289
48.49079513549805
76.46784210205078
69.8787612915039
61.33246994018555
55.7140007019043
64.7558364868164
72.3825912475586
77.4080810546875
50.6907958984375
82.29785919189453
82.94607543945312
79.56854248046875
90.4814682006836
84.1778793334961
91.93260192871094
95.89944458007812
57.986663818359375
97.0340576171875
94.54069519042969
88.82186889648438
97.09989166259766
88.95296478271484
94.13593292236328
96.9498519897461
55.417823791503906
97.4012451171875
94.56373596191406
88.12117004394531
93.93097686767578
83.27381134033203
86.18966674804688
85.8550033569336
40.26264572143555
83.91241455078125
82.8911361694336
79.77497100830078
90.36984252929688
84.6188735961914
92.1149673461914
96.43975067138672
54.960819244384766
98.09564971923828
95.45874786376953
89.40219116210938
97.097412109375
88.12718200683594
92.78034210205078
94.75028228759766
50.80408477783203
94.04438018798828
91.53670501708984
86.02240753173828
94.24433135986328
85.85111999511719
91.2860107421875
93.5389633178711
53.53081130981445
93.60974884033203
91.26152038574219
86.11263275146484
94.29141235351562
85.67376708984375
90.5221176147461
91.80415344238281
40.959686279296875
88.66255950927734
84.33016204833984
77.25899505615234
83.01930236816406
73.00823211669922
78.33699035644531
81.27423858642578
53.594879150390625
82.72772979736328
80.23994445800781
75.46586608886719
84.6949234008789
76.51364135742188
81.7883529663086
84.5787353515625
54.506927490234375
85.13053894042969
82.8893814086914
77.38774871826172
85.90434265136719
78.6552734375
83.98683166503906
86.83596801757812
52.824806213378906
87.80096435546875
85.67244720458984
80.48287200927734
89.1460189819336
80.97236633300781
86.87255859375
89.531494140625
56.62101745605469
90.54129791259766
88.70411682128906
84.0420150756836
92.89134216308594
85.18569946289062
91.31769561767578
94.37643432617188
47.8133430480957
95.14790344238281
92.88895416259766
87.0928726196289
94.90693664550781
85.75276184082031
89.89337921142578
91.06328582763672
42.371177673339844
89.16534423828125
86.00052642822266
79.48595428466797
87.02411651611328
77.88339233398438
82.59999084472656
84.13704681396484
47.32612991333008
82.7251205444336
79.87386322021484
73.23590850830078
81.77395629882812
73.62299346923828
79.51434326171875
82.5062255859375
51.2774658203125
82.8867416381836
80.48457336425781
73.98841857910156
81.86647033691406
73.54496765136719
78.14337921142578
80.48748779296875
51.85478591918945
79.984375
77.1039810180664
71.1849594116211
79.94567108154297
71.65900421142578
76.24010467529297
78.42327117919922
47.17145919799805
79.0281753540039
78.93840026855469
74.8803939819336
83.86497497558594
75.85690307617188
78.91492462158203
79.58023071289062
51.69408416748047
73.79182434082031
66.79473114013672
52.93631362915039
55.447532653808594
51.798255920410156
67.73037719726562
72.98694610595703
52.77760314941406
80.13016510009766
79.4132080078125
74.99241638183594
83.89783477783203
75.98001098632812
81.45967102050781
84.64786529541016
53.60838317871094
85.35834503173828
83.75189971923828
78.80300903320312
88.05857849121094
80.73229217529297
86.94405364990234
90.09516906738281
53.81205749511719
92.12433624267578
90.9012451171875
86.78108215332031
95.76515197753906
87.61933898925781
92.99385833740234
94.50372314453125
57.341156005859375
92.46707916259766
89.138916015625
83.17857360839844
90.24674987792969
81.04562377929688
85.76525115966797
87.37579345703125
44.32676696777344
86.36474609375
83.27894592285156
77.82337951660156
85.88334655761719
76.33965301513672
82.0903091430664
84.46363067626953
27.911909103393555
84.10688781738281
81.85587310791016
76.52731323242188
84.86678314208984
76.64644622802734
81.83013916015625
84.26495361328125
50.24077224731445
85.05833435058594
82.80293273925781
78.555908203125
87.10494232177734
79.58041381835938
85.23523712158203
88.62164306640625
56.137046813964844
90.77436828613281
89.70738983154297
85.3172378540039
95.10578918457031
87.84114074707031
92.86257934570312
94.22998809814453
54.515804290771484
90.65164947509766
86.2563705444336
79.47087097167969
86.136962890625
75.72664642333984
80.33573913574219
81.11022186279297
51.53530502319336
78.16156768798828
74.7789077758789
66.64570617675781
74.52989959716797
64.6336898803711
69.66195678710938
70.97261047363281
49.69695281982422
73.59243774414062
72.77387237548828
66.3577651977539
77.62251281738281
70.93302154541016
75.85643768310547
78.060302734375
53.13451385498047
80.57591247558594
79.5835952758789
76.24844360351562
86.14019012451172
78.99813079833984
84.97179412841797
86.88569641113281
37.19230270385742
85.26947784423828
81.19938659667969
74.02655792236328
80.52100372314453
70.74820709228516
74.9063720703125
75.66032409667969
54.00141525268555
74.23908996582031
72.12733459472656
67.59125518798828
77.734619140625
70.65337371826172
79.29542541503906
83.8787841796875
57.48888397216797
86.30656433105469
83.91808319091797
78.26241302490234
85.90988159179688
76.97098541259766
81.20166015625
83.34468841552734
49.70686721801758
81.61478424072266
78.19561004638672
71.76849365234375
80.00603485107422
71.19549560546875
78.50950622558594
82.11096954345703
49.636051177978516
84.4468994140625
82.16178131103516
76.76033020019531
84.86619567871094
76.53187561035156
81.61385345458984
83.69636535644531
48.495059967041016
83.65766906738281
80.77310943603516
75.4239501953125
84.03814697265625
74.97990417480469
80.61807250976562
82.8223648071289
57.513084411621094
83.20970153808594
81.07931518554688
75.65799713134766
84.1671142578125
76.2366714477539
81.1796875
83.5803451538086
50.96087646484375
83.60783386230469
81.675048828125
76.32467651367188
84.90064239501953
76.11587524414062
82.01619720458984
84.36563110351562
50.682308197021484
84.8265609741211
82.44901275634766
77.71664428710938
86.0136947631836
77.70124053955078
83.92926788330078
86.5658187866211
56.54467010498047
87.67318725585938
85.98414611816406
81.009765625
89.92233276367188
81.86994934082031
87.72526550292969
90.70030212402344
58.08034896850586
91.55480194091797
88.92195892333984
82.98670196533203
90.38634490966797
80.77830505371094
83.95842742919922
84.36155700683594
42.95578384399414
81.82801055908203
79.06743621826172
74.26653289794922
82.8036880493164
75.7497329711914
81.29359436035156
84.0791244506836
48.6301155090332
86.25910949707031
84.86590576171875
80.23863220214844
90.12142944335938
82.84041595458984
88.99105072021484
92.51268768310547
52.83765411376953
93.532470703125
91.34095001220703
85.91390991210938
93.67628479003906
84.41690826416016
89.3125228881836
90.7656021118164
52.14371109008789
89.16226196289062
85.88990783691406
79.75743865966797
87.3282241821289
77.88735961914062
82.40451049804688
84.22396850585938
51.47205352783203
82.79985809326172
80.33219909667969
76.01152801513672
85.07225799560547
77.64409637451172
82.9349136352539
84.9957504272461
48.30755615234375
83.77134704589844
81.973876953125
76.47447204589844
86.41754913330078
79.19193267822266
84.2416763305664
86.89680480957031
50.20488357543945
87.1664047241211
84.71342468261719
79.41808319091797
87.69429016113281
79.3270034790039
84.70642852783203
86.81188201904297
45.7264289855957
86.05681610107422
82.93392944335938
76.5635757446289
83.65728759765625
75.42897033691406
81.11248779296875
84.17243194580078
54.39823532104492
84.1206283569336
80.73113250732422
74.82451629638672
82.92643737792969
75.89109802246094
81.34249114990234
84.24644470214844
55.82487106323242
85.40404510498047
83.89501190185547
79.08679962158203
87.2348861694336
78.61312103271484
82.18409729003906
82.68070220947266
53.11607360839844
78.7789535522461
75.53710174560547
71.5327377319336
77.92911529541016
69.85189819335938
76.56330871582031
78.24925231933594
48.594696044921875
79.11265563964844
78.3602066040039
73.85957336425781
83.20396423339844
76.298828125
82.396240234375
85.77617645263672
42.752925872802734
85.9485092163086
82.77432250976562
76.43901824951172
83.38838958740234
73.09629821777344
77.96202850341797
79.3433609008789
40.88811111450195
77.92411041259766
75.22853088378906
70.69263458251953
78.77196502685547
70.94385528564453
77.76467895507812
80.00273132324219
59.21751022338867
80.06358337402344
77.9333724975586
70.8319091796875
78.83100128173828
