72.00582122802734
75.29488372802734
80.05183410644531
58.6724739074707
82.44881439208984
82.18323516845703
76.66478729248047
85.7710952758789
78.05548095703125
82.13065338134766
82.00328826904297
47.131465911865234
78.18061828613281
71.79174041748047
65.56050872802734
73.74364471435547
65.45341491699219
70.59699249267578
71.71544647216797
57.973480224609375
72.88582611083984
70.2704849243164
68.65870666503906
78.69146728515625
72.33590698242188
76.49256134033203
80.66303253173828
53.25929260253906
79.92781066894531
75.62513732910156
65.06876373291016
72.24610900878906
60.88545608520508
69.27983093261719
69.37557220458984
54.887638092041016
63.0055046081543
64.43255615234375
64.70278930664062
71.3009033203125
64.66438293457031
68.16326904296875
69.7323226928711
50.789222717285156
71.64761352539062
70.02051544189453
67.42313385009766
75.47532653808594
68.60042572021484
72.29839324951172
74.94891357421875
51.55393981933594
76.65473175048828
74.95344543457031
70.23198699951172
79.7262954711914
71.22058868408203
76.86580657958984
79.59260559082031
46.538536071777344
81.386474609375
79.61666107177734
74.27490234375
83.59074401855469
75.72636413574219
81.1917724609375
85.0207748413086
58.3358039855957
86.22559356689453
84.89644622802734
76.68106079101562
85.78958892822266
76.62664031982422
80.16336822509766
81.20304870605469
55.30550003051758
79.83663177490234
76.48796844482422
68.60311889648438
77.95619201660156
69.20680236816406
74.9964370727539
77.3498306274414
39.33264923095703
77.96067810058594
75.54947662353516
69.59371185302734
78.17162322998047
69.31932830810547
76.8167724609375
77.9696273803711
55.24291229248047
78.28886413574219
75.6494140625
69.79046630859375
78.38381958007812
67.51274108886719
75.71156311035156
77.73988342285156
53.614261627197266
77.07735443115234
75.43045806884766
70.10142517089844
77.87682342529297
68.53157043457031
76.33493041992188
78.26883697509766
54.127655029296875
79.08555603027344
77.32524871826172
71.39631652832031
80.54195404052734
71.84790802001953
78.96525573730469
81.54238891601562
48.4372673034668
81.92347717285156
79.8501968383789
74.84138488769531
83.65084075927734
74.95330810546875
81.93656158447266
85.15966033935547
52.73434829711914
88.68112182617188
88.00750732421875
84.62171173095703
92.681640625
83.86134338378906
89.7498779296875
91.01510620117188
66.61415100097656
88.38985443115234
83.4412841796875
75.78484344482422
80.63273620605469
66.67919921875
64.41212463378906
73.75037384033203
57.17298126220703
82.1575698852539
83.73108673095703
81.24146270751953
91.94190979003906
85.21463775634766
90.70336151123047
92.56529235839844
59.64287567138672
91.79251861572266
89.41008758544922
83.91090393066406
92.04381561279297
83.59899139404297
89.28426361083984
91.65206146240234
46.05452346801758
92.72383117675781
91.04548645019531
86.51889038085938
95.63236236572266
87.96662139892578
94.61980438232422
97.79460906982422
64.24952697753906
99.47804260253906
97.18997955322266
92.73686218261719
100.13090515136719
90.72744750976562
96.10953521728516
97.50768280029297
62.33876419067383
96.1663818359375
93.60369873046875
88.11571502685547
96.39904022216797
88.00035858154297
93.10516357421875
95.24468231201172
60.579200744628906
95.1092529296875
92.7154541015625
87.43809509277344
95.67121124267578
87.24040985107422
92.46266174316406
94.89105224609375
46.84028244018555
95.11705017089844
92.82691192626953
87.82381439208984
96.32239532470703
88.08628845214844
93.6979751586914
96.2447280883789
45.32520294189453
97.02946472167969
95.02977752685547
90.2108154296875
99.12168884277344
91.22660064697266
97.29113006591797
100.06468963623047
62.60797119140625
100.82748413085938
98.09577941894531
92.78651428222656
99.84783172607422
90.31175231933594
95.205322265625
96.96435546875
64.83565521240234
95.9657974243164
92.93692779541016
86.8001480102539
94.29998016357422
84.77839660644531
89.54916381835938
90.93360900878906
46.29817199707031
89.26354217529297
86.19210052490234
80.03651428222656
87.62323760986328
78.85377502441406
83.55424499511719
85.00763702392578
51.468048095703125
83.73515319824219
80.83181762695312
74.85650634765625
82.75520324707031
73.55239868164062
79.50381469726562
80.736572265625
52.37075424194336
79.95768737792969
77.08932495117188
70.97076416015625
80.16323852539062
71.77657318115234
77.21395874023438
79.02552795410156
50.7318115234375
77.00631713867188
74.20542907714844
69.20011138916016
75.51155090332031
66.29649353027344
73.5407943725586
74.4636001586914
47.57093048095703
74.2811279296875
73.75172424316406
67.94528198242188
75.77764892578125
67.72103118896484
72.55530548095703
75.57159423828125
53.937477111816406
75.02775573730469
72.94204711914062
68.55641174316406
76.70076751708984
67.73689270019531
71.99214172363281
72.36883544921875
60.248172760009766
74.46723937988281
75.66847229003906
68.35552978515625
79.94841003417969
72.12892150878906
76.98070526123047
78.94442749023438
52.72422409057617
79.16659545898438
77.72000122070312
73.18087768554688
81.88824462890625
74.12186431884766
80.06092834472656
83.21829223632812
50.27430725097656
84.22696685791016
82.2724609375
78.59493255615234
87.5041732788086
79.9465560913086
86.41707611083984
89.731201171875
56.87435531616211
91.64028930664062
90.54743194580078
86.08341979980469
95.39544677734375
87.9279556274414
93.13714599609375
95.0675277709961
57.926692962646484
93.66084289550781
90.30684661865234
84.21487426757812
91.56407165527344
82.70344543457031
87.0390853881836
88.64971160888672
49.93839645385742
87.86414337158203
85.21109771728516
79.34784698486328
87.17454528808594
78.8211669921875
83.89453887939453
85.79769134521484
33.2809944152832
85.46934509277344
83.23992919921875
77.3711166381836
86.04553985595703
77.80435180664062
83.06520080566406
85.89747619628906
44.368980407714844
86.35184478759766
84.76180267333984
79.46662139892578
88.29164123535156
80.36273193359375
86.5421142578125
89.35851287841797
55.91645431518555
90.84788513183594
89.3792953491211
84.89991760253906
94.50115966796875
87.17537689208984
93.11995697021484
95.3413314819336
60.999244689941406
92.65850067138672
88.24303436279297
81.67089080810547
87.84093475341797
78.0059585571289
81.6581802368164
83.27119445800781
55.55287170410156
83.58220672607422
80.57303619384766
75.3203353881836
81.79733276367188
73.51158905029297
77.3282241821289
78.2772445678711
52.50015640258789
75.52715301513672
72.08638000488281
68.74947357177734
75.58727264404297
67.61927032470703
72.4478759765625
74.81636810302734
52.01708221435547
76.29383087158203
73.8091812133789
69.11300659179688
77.03652954101562
68.5835189819336
72.75599670410156
73.96138763427734
51.51459503173828
71.32158660888672
64.93544006347656
60.705650329589844
70.81258392333984
59.35478591918945
67.58585357666016
70.56222534179688
54.96223449707031
71.14463806152344
71.53279876708984
68.37103271484375
77.7310791015625
70.41207122802734
77.67163848876953
81.44222259521484
50.36984634399414
84.32008361816406
83.25401306152344
79.48558807373047
89.58642578125
82.83250427246094
89.11196899414062
91.8841552734375
58.084014892578125
91.30071258544922
87.84729766845703
82.44445037841797
89.55221557617188
80.6013412475586
85.0164566040039
86.75599670410156
50.44083786010742
85.73344421386719
82.90164184570312
78.29866027832031
85.32874298095703
76.74493408203125
80.95542907714844
83.17389678955078
58.50215148925781
83.11880493164062
81.0047607421875
76.43401336669922
84.20235443115234
76.0224609375
80.73199462890625
82.79834747314453
51.907958984375
83.08155059814453
80.98600769042969
76.1080322265625
84.49185943603516
75.88267517089844
81.36194610595703
83.73893737792969
53.236820220947266
83.94356536865234
81.2095947265625
75.73851776123047
84.12306213378906
76.60928344726562
81.38541412353516
83.13665771484375
42.7716178894043
83.64730072021484
81.3394546508789
75.82238006591797
84.62822723388672
76.36753845214844
81.79420471191406
84.06695556640625
50.042232513427734
85.07125091552734
82.79607391357422
77.37356567382812
86.15711212158203
78.28618621826172
83.60025024414062
86.13994598388672
43.15532684326172
87.15065002441406
85.02351379394531
79.7042007446289
88.24498748779297
79.8753433227539
85.29551696777344
86.94243621826172
55.990291595458984
86.03742218017578
83.14171600341797
77.47562408447266
86.59475708007812
78.98690795898438
85.00944519042969
88.36473083496094
54.349395751953125
90.04271697998047
88.7384033203125
83.88665008544922
93.29163360595703
85.4208984375
91.69636535644531
94.52106475830078
56.26874923706055
95.24327087402344
92.97917175292969
87.8165512084961
95.79045867919922
86.6545639038086
92.32526397705078
94.2956314086914
61.013916015625
93.77720642089844
90.94966888427734
86.45850372314453
93.72166442871094
84.02487182617188
90.64508056640625
91.74261474609375
71.05242919921875
90.96458435058594
86.86443328857422
82.91179656982422
89.31517791748047
79.77909088134766
86.35420227050781
88.05748748779297
65.8626937866211
89.5511703491211
87.84648895263672
84.05541229248047
92.53295135498047
84.1546630859375
90.32372283935547
92.1122055053711
56.029884338378906
90.90467071533203
87.93399047851562
82.0973129272461
89.67628479003906
80.44688415527344
85.57942199707031
87.28752899169922
57.574134826660156
86.42540740966797
82.8896255493164
77.64083099365234
82.79639434814453
69.9495849609375
72.41439819335938
74.02120208740234
60.832584381103516
84.22138977050781
83.83409118652344
79.88477325439453
88.1705093383789
79.97923278808594
85.14533996582031
87.10759735107422
43.496826171875
86.87799072265625
84.33045959472656
79.4849624633789
87.41905212402344
79.15026092529297
84.02484130859375
86.33607482910156
50.13788604736328
85.16970825195312
81.98326110839844
75.35601043701172
83.89292907714844
76.40620422363281
81.5536880493164
84.20811462402344
52.833580017089844
85.50952911376953
82.72296905517578
78.63202667236328
85.92867279052734
77.25077819824219
83.05863952636719
85.91698455810547
58.463584899902344
87.39274597167969
85.71377563476562
81.03218078613281
89.900390625
81.37850952148438
86.77250671386719
88.73308563232422
57.58302307128906
87.4088363647461
84.21578216552734
77.6458740234375
85.11285400390625
75.736328125
79.47776794433594
80.68170928955078
54.88241195678711
78.15047454833984
74.54186248779297
64.19033813476562
74.3305892944336
