74.99559020996094
75.87267303466797
78.36981964111328
73.22833251953125
77.36358642578125
67.63214874267578
74.18612670898438
66.20123291015625
71.19117736816406
68.43153381347656
61.68410873413086
64.98394012451172
59.669551849365234
65.61038208007812
65.3117904663086
60.52217483520508
66.607177734375
65.60761260986328
67.56322479248047
70.99054718017578
65.02729034423828
75.01907348632812
71.84751892089844
77.25210571289062
73.95289611816406
75.96662139892578
72.83174133300781
72.75963592529297
69.44503021240234
66.99626159667969
68.5683822631836
64.51741027832031
68.40188598632812
38.75885772705078
65.44905090332031
54.93717956542969
63.80032730102539
60.47004318237305
61.49380874633789
61.98624038696289
62.86800003051758
58.893550872802734
56.58906173706055
63.499427795410156
58.109867095947266
63.46841812133789
50.522254943847656
66.28671264648438
59.899627685546875
64.96161651611328
65.13590240478516
63.77053451538086
66.89744567871094
52.64777755737305
69.25296020507812
64.05553436279297
67.5390853881836
67.16983032226562
63.41455841064453
70.49150085449219
56.919151306152344
70.95185852050781
63.60642623901367
71.05756378173828
68.4288101196289
68.7532958984375
71.3608169555664
63.33177947998047
73.54678344726562
65.08413696289062
74.87786865234375
70.16607666015625
73.31002807617188
75.46158599853516
71.98249053955078
78.87812042236328
71.65127563476562
81.53644561767578
77.08547973632812
83.07521057128906
83.54499053955078
83.39891052246094
86.377197265625
81.30850982666016
85.28487396240234
80.91104125976562
82.56781768798828
81.13510131835938
79.0863265991211
81.07891082763672
77.92709350585938
79.83563232421875
77.69602966308594
78.93177795410156
78.96839904785156
76.76904296875
79.08086395263672
76.11744689941406
78.59285736083984
77.96365356445312
77.26387786865234
79.04971313476562
74.48666381835938
78.6575927734375
74.50688934326172
76.04303741455078
72.59923553466797
69.50870513916016
66.54182434082031
69.52759552001953
71.0982666015625
70.56611633300781
72.70191192626953
73.32389068603516
72.60316467285156
75.16314697265625
72.94894409179688
76.28954315185547
74.40717315673828
76.3292465209961
76.30445098876953
74.20050811767578
77.9162368774414
74.0173110961914
79.16792297363281
75.64420318603516
77.77653503417969
78.7569580078125
76.27095031738281
80.95576477050781
74.5042495727539
81.46248626708984
77.82789611816406
81.31177520751953
81.86383819580078
80.59194946289062
85.40936279296875
80.5958023071289
88.00108337402344
84.04224395751953
87.71530151367188
88.37397003173828
85.34222412109375
90.44513702392578
82.33535766601562
88.87076568603516
83.5809326171875
81.55684661865234
82.63240051269531
74.95719146728516
79.19586944580078
77.5308837890625
82.79378509521484
73.18397521972656
87.06729888916016
79.95906066894531
86.78199005126953
85.42231750488281
80.55357360839844
84.67089080810547
77.89665985107422
81.35343170166016
81.14720153808594
79.49974060058594
82.75712585449219
82.05642700195312
83.79290771484375
84.72664642333984
85.23666381835938
86.76443481445312
86.66010284423828
88.08194732666016
87.95391845703125
89.15288543701172
89.1016845703125
89.82653045654297
90.77294921875
90.02759552001953
92.33305358886719
90.24856567382812
92.72510528564453
90.64120483398438
90.53426361083984
90.06626892089844
85.15596771240234
88.0097885131836
78.3025131225586
85.05266571044922
75.69212341308594
80.74842834472656
76.03699493408203
78.10794830322266
77.3639907836914
76.28819274902344
78.74034118652344
73.20201873779297
80.75386047363281
72.31014251708984
81.98075866699219
78.03788757324219
81.8514175415039
82.45297241210938
80.98706817626953
84.9565200805664
81.13243865966797
86.21343231201172
84.35356140136719
86.65167999267578
87.29994201660156
85.82347869873047
89.17988586425781
85.77440643310547
88.4462661743164
85.69222259521484
86.21824645996094
85.3155288696289
84.37276458740234
84.93251037597656
83.8995132446289
84.2440185546875
83.93882751464844
82.23082733154297
83.32725524902344
80.07563781738281
81.50337982177734
79.96800231933594
78.40442657470703
79.6203384399414
75.76744079589844
78.96204376220703
75.10954284667969
77.33186340332031
74.86962127685547
74.77727508544922
75.6798095703125
71.55606079101562
74.88239288330078
69.5417709350586
74.58588409423828
72.29059600830078
71.87056732177734
73.5379409790039
66.5938949584961
72.71916961669922
64.94912719726562
72.08052062988281
67.66646575927734
70.08277130126953
69.92345428466797
66.3258056640625
71.41072082519531
64.24352264404297
71.40547180175781
65.28894805908203
69.89324951171875
69.01992797851562
66.05599975585938
71.63416290283203
63.232696533203125
70.51156616210938
64.5692367553711
68.94808197021484
68.49699401855469
64.75528717041016
69.48705291748047
64.46034240722656
73.14685821533203
63.698856353759766
73.19391632080078
70.86846923828125
70.83439636230469
72.55535125732422
67.46527099609375
74.61795043945312
69.58311462402344
73.5969009399414
71.32383728027344
72.92213439941406
74.14766693115234
70.12335968017578
75.99139404296875
73.98030090332031
76.52503967285156
76.48356628417969
76.37371826171875
78.43281555175781
76.55394744873047
79.654296875
79.11051177978516
79.75694274902344
81.06851196289062
79.85240936279297
82.50077056884766
81.24134826660156
82.51329040527344
82.19367980957031
80.08478546142578
82.02043914794922
79.55899810791016
82.56778717041016
81.94678497314453
83.44700622558594
83.32879638671875
83.29236602783203
82.53466033935547
82.58231353759766
80.71438598632812
82.17034912109375
79.97241973876953
81.63077545166016
79.0926284790039
80.05716705322266
80.410888671875
78.09720611572266
80.95121765136719
76.97713470458984
81.08477783203125
78.24144744873047
79.92111206054688
80.80006408691406
78.23585510253906
82.44444274902344
78.14603424072266
82.77299499511719
80.5747299194336
82.38250732421875
83.91494750976562
81.38627624511719
86.43408203125
81.74162292480469
88.25437927246094
86.46646118164062
88.84535217285156
91.01278686523438
87.58928680419922
92.50231170654297
84.87026977539062
89.72806549072266
84.703125
84.5047378540039
84.33729553222656
78.11688995361328
83.14580535888672
74.40206909179688
80.1715316772461
75.39794921875
75.97354888916016
76.81782531738281
70.30179595947266
75.72113037109375
65.40945434570312
74.35892486572266
68.32685089111328
70.38035583496094
70.16838073730469
65.46497344970703
70.10755157470703
52.987525939941406
67.47575378417969
58.7868537902832
65.49684143066406
63.43067169189453
62.73971939086914
64.37303924560547
64.12803649902344
66.64214324951172
55.613616943359375
67.34163665771484
57.56822967529297
68.53370666503906
65.12303161621094
68.75534057617188
69.18569946289062
66.96530151367188
73.8385238647461
69.6914291381836
75.904296875
74.99982452392578
76.83979034423828
78.99256896972656
77.80996704101562
82.58838653564453
80.01510620117188
84.46160888671875
84.11649322509766
85.18254089355469
86.96269226074219
83.69084167480469
86.72491455078125
82.1085205078125
85.22888946533203
81.65436553955078
84.0377426147461
83.46183776855469
83.38080596923828
83.89409637451172
81.85432434082031
82.7378921508789
81.80074310302734
81.62471771240234
81.37477111816406
80.26459503173828
79.73066711425781
78.82066345214844
78.46762084960938
78.54528045654297
76.93436431884766
78.55874633789062
77.18376159667969
79.15530395507812
77.20556640625
78.42054748535156
78.03252410888672
78.03247833251953
78.45449829101562
77.55609130859375
78.04922485351562
77.21470642089844
75.80953979492188
76.476318359375
73.94693756103516
76.37667846679688
73.30329132080078
76.78463745117188
73.00679779052734
75.68905639648438
74.8095703125
75.63326263427734
76.55883026123047
75.71896362304688
77.82076263427734
77.41943359375
78.82523345947266
78.70291900634766
78.9411849975586
79.73081970214844
78.45848083496094
79.77069854736328
78.99874114990234
79.99526977539062
79.9585189819336
79.67626953125
80.804443359375
79.890625
81.30166625976562
80.60508728027344
81.28388977050781
81.91777038574219
80.62223052978516
82.32157135009766
79.51842498779297
81.9695053100586
79.67369842529297
81.64723205566406
80.9719009399414
81.53487396240234
82.64051818847656
81.44834899902344
84.15266418457031
81.80200958251953
84.26527404785156
82.11851501464844
83.8178939819336
82.93793487548828
82.85087585449219
83.72787475585938
82.70069122314453
85.52569580078125
84.28324127197266
87.37347412109375
86.50565338134766
88.47763061523438
88.5558090209961
88.50032806396484
89.75409698486328
88.08873748779297
89.63067626953125
87.53861236572266
88.34294891357422
87.18072509765625
86.31790161132812
86.5180892944336
84.66954803466797
85.43492126464844
83.32811737060547
83.96568298339844
82.43340301513672
81.97561645507812
82.16122436523438
80.17581939697266
81.10868072509766
78.21881866455078
79.56896209716797
77.39791870117188
77.15007019042969
76.7303695678711
74.48505401611328
76.47530364990234
73.11129760742188
75.82910919189453
72.27009582519531
76.16738891601562
73.22843933105469
74.24179077148438
75.14453125
72.74165344238281
74.23236083984375
71.22949981689453
74.04273986816406
68.53497314453125
73.53514099121094
70.46356201171875
73.4646224975586
74.15556335449219
74.54579162597656
74.6166763305664
74.93850708007812
73.67240142822266
74.30241394042969
70.9989013671875
76.03276824951172
71.45812225341797
78.4948501586914
74.86458587646484
78.29187774658203
77.00994110107422
77.02308654785156
78.10099792480469
74.3902587890625
78.0859375
72.9890365600586
77.26564025878906
74.2080307006836
76.37982177734375
76.9866714477539
77.00301361083984
80.21574401855469
76.86153411865234
81.96128845214844
77.58715057373047
80.98748016357422
79.11474609375
77.76443481445312
78.88557434082031
72.8935317993164
76.27824401855469
68.98758697509766
67.6707992553711
63.766075134277344
62.70212173461914
56.14067077636719
65.02793884277344
62.536529541015625
66.4738540649414
67.48384094238281
68.39278411865234
68.10977935791016
71.1856918334961
70.24759674072266
73.15697479248047
71.06354522705078
71.81996154785156
69.30165100097656
68.06380462646484
67.708740234375
62.58443069458008
63.791019439697266
64.25041198730469
67.47333526611328
66.45465087890625
69.09074401855469
68.42222595214844
71.15522003173828
70.18348693847656
70.54862976074219
70.92230987548828
