75.38431549072266
81.51165771484375
84.49896240234375
48.13964080810547
82.6927490234375
78.93989562988281
73.61367797851562
77.3336410522461
69.05033874511719
73.52621459960938
72.79248809814453
58.79802703857422
67.13834381103516
65.86511993408203
57.014434814453125
68.30487060546875
65.84320068359375
67.59764862060547
75.7007827758789
55.62247848510742
79.89857482910156
79.2576675415039
75.47401428222656
85.0990982055664
76.517578125
81.93656921386719
82.87295532226562
57.97797393798828
78.9253158569336
74.18875122070312
70.15510559082031
75.16000366210938
64.69129943847656
69.31696319580078
69.72139739990234
50.280906677246094
65.84525299072266
65.8731918334961
44.47101593017578
63.53675842285156
60.10489273071289
62.89349365234375
58.84735107421875
42.474849700927734
64.86248016357422
61.87208938598633
46.65487289428711
66.96923065185547
61.998714447021484
62.58705520629883
68.35985565185547
56.142276763916016
70.56732940673828
69.10212707519531
65.87287902832031
72.538818359375
68.31331634521484
73.58460998535156
75.7565689086914
57.27512741088867
74.42391967773438
72.89601135253906
66.58341979980469
76.2356185913086
70.16193389892578
75.25395965576172
78.27385711669922
57.15047073364258
78.99076843261719
76.99163055419922
71.53630828857422
81.54568481445312
73.09680938720703
80.38297271728516
83.64092254638672
54.15871047973633
85.27389526367188
84.59905242919922
81.48340606689453
90.89595794677734
83.96704864501953
90.1913833618164
92.74468994140625
62.73168182373047
91.95974731445312
88.90000915527344
82.00821685791016
89.99972534179688
81.40489959716797
86.07755279541016
88.2175521850586
61.5502815246582
87.30316162109375
85.09968566894531
79.48661804199219
87.67822265625
78.9130630493164
84.69180297851562
86.72425842285156
60.7961540222168
86.46825408935547
84.19657897949219
78.96448516845703
86.40975189208984
76.92322540283203
79.93984985351562
78.20169067382812
60.0289192199707
78.0958023071289
77.58165740966797
72.26792907714844
82.388916015625
75.15689086914062
80.7651596069336
83.74352264404297
53.950862884521484
84.03925323486328
82.16866302490234
76.85700225830078
85.45890045166016
77.72905731201172
83.17223358154297
85.65882873535156
56.92408752441406
86.13162994384766
84.3576431274414
78.64673614501953
87.58547973632812
79.2949447631836
85.30963897705078
88.0481948852539
58.04206848144531
88.80978393554688
86.65364074707031
82.56503295898438
91.15010833740234
84.78904724121094
90.66053771972656
94.09294128417969
64.66372680664062
95.68053436279297
93.90099334716797
88.79258728027344
97.29349517822266
88.41886138916016
92.78084564208984
92.8459243774414
65.69991302490234
86.52217102050781
81.2209701538086
77.17949676513672
88.7809066772461
83.23605346679688
90.33576965332031
94.64476776123047
61.95891189575195
94.73832702636719
91.32953643798828
84.98055267333984
92.3936996459961
83.36754608154297
88.24078369140625
90.42387390136719
60.94552993774414
91.77672576904297
90.11598205566406
85.35003662109375
94.81893920898438
87.18883514404297
93.37075805664062
96.3177719116211
66.51786804199219
97.45694732666016
95.56234741210938
90.55762481689453
99.27680969238281
91.29539489746094
97.21427154541016
99.70856475830078
69.45171356201172
99.49525451660156
96.65959930419922
90.3136978149414
97.0263671875
86.64860534667969
89.73168182373047
90.00609588623047
61.2171516418457
86.16175842285156
83.07807922363281
77.03321838378906
85.51343536376953
77.51036834716797
83.99711608886719
87.23181915283203
61.50631332397461
88.669677734375
87.13533782958984
82.78245544433594
91.6701431274414
84.12271118164062
90.0007553100586
93.068115234375
61.414676666259766
94.57167053222656
93.05240631103516
88.42462158203125
97.51297760009766
89.80052185058594
95.54580688476562
97.90885162353516
67.66645812988281
97.26773071289062
94.2068862915039
88.2470474243164
95.75923919677734
86.90069580078125
91.86136627197266
93.56364440917969
60.363956451416016
92.09552764892578
88.8553695678711
82.5638656616211
90.53117370605469
81.50675201416016
85.77141571044922
87.58020782470703
60.26300811767578
86.36715698242188
82.96125030517578
77.2953872680664
85.21043395996094
75.71708679199219
80.81453704833984
83.38053894042969
59.07895278930664
82.22836303710938
79.34269714355469
73.63075256347656
81.0009765625
73.1798324584961
77.98316192626953
79.09109497070312
54.72885513305664
78.46504211425781
75.7147445678711
71.28396606445312
78.60726928710938
69.94669342041016
75.49940490722656
76.42479705810547
50.60561752319336
76.94564819335938
75.07363891601562
68.19901275634766
77.0009994506836
68.04940795898438
74.27737426757812
76.60638427734375
42.20466232299805
74.95925903320312
73.2300033569336
67.86811828613281
76.60899353027344
69.07919311523438
74.9089584350586
78.27830505371094
45.123779296875
79.76083374023438
78.04765319824219
71.74217224121094
80.81021881103516
73.58885192871094
78.17402648925781
81.20967864990234
48.72147750854492
81.44866180419922
79.33551788330078
74.44075012207031
83.34423065185547
75.52568817138672
80.50080108642578
83.16873931884766
54.29824447631836
84.24005889892578
83.1529312133789
78.36540985107422
87.6109848022461
79.8755874633789
86.17857360839844
88.9925308227539
54.47149658203125
90.26614379882812
88.71443939208984
82.98265838623047
91.12837982177734
81.98777770996094
86.76304626464844
89.43798065185547
59.71079635620117
90.8931884765625
88.9883041381836
84.1358413696289
92.14020538330078
83.6744384765625
87.99179077148438
89.95208740234375
60.23062515258789
89.26988220214844
86.75064086914062
80.83646392822266
88.9522705078125
80.7691650390625
85.95179748535156
88.17662048339844
59.56381607055664
88.08294677734375
85.8570327758789
81.20452117919922
89.4731216430664
81.06036376953125
86.67623901367188
89.71358489990234
56.43508529663086
90.57456970214844
88.95989990234375
83.80500030517578
93.35440826416016
85.82667541503906
92.2572021484375
95.66068267822266
70.89579010009766
97.9494400024414
96.4256591796875
91.07504272460938
98.63037872314453
88.96195220947266
92.83016967773438
93.46126556396484
57.93120574951172
90.56803894042969
86.96817779541016
80.89913177490234
87.5998764038086
78.64598083496094
82.39993286132812
84.0760498046875
55.177310943603516
82.14476013183594
79.38313293457031
73.39261627197266
79.8822021484375
71.64657592773438
75.67017364501953
77.2754898071289
48.38892364501953
75.33905792236328
70.08906555175781
67.07772827148438
73.83892822265625
61.23659133911133
68.94609832763672
71.77562713623047
53.72718048095703
70.8343276977539
65.06229400634766
60.565757751464844
70.57292175292969
64.6963882446289
68.9603271484375
73.64458465576172
39.600868225097656
77.10986328125
77.06551361083984
70.19794464111328
81.80522155761719
74.075927734375
81.68107604980469
85.32989501953125
44.13762664794922
87.92589569091797
87.14848327636719
83.00641632080078
92.86001586914062
85.81534576416016
92.02613830566406
94.68489074707031
63.919551849365234
94.15951538085938
91.10796356201172
84.57614135742188
92.01612854003906
82.9805679321289
88.38963317871094
90.8900375366211
58.33171081542969
91.72811126708984
89.0318832397461
83.43619537353516
91.26168823242188
82.47718048095703
87.09532165527344
88.17584228515625
56.98347091674805
87.067626953125
84.89559936523438
79.52490234375
87.737548828125
79.29185485839844
84.57283020019531
86.9861831665039
58.66335678100586
86.98136138916016
84.79731750488281
79.43350982666016
87.76304626464844
78.7694091796875
83.94856262207031
85.59778594970703
49.226436614990234
83.95518493652344
81.41498565673828
75.50077819824219
84.33235168457031
76.41441345214844
81.58937072753906
83.5837631225586
58.74185562133789
84.80435180664062
83.3113021850586
78.89124298095703
87.77729797363281
79.59757995605469
85.57731628417969
87.76136779785156
56.60487365722656
88.0421371459961
85.73771667480469
81.2365493774414
89.36993408203125
81.15176391601562
86.65402221679688
89.25035095214844
56.627906799316406
90.0140151977539
87.81830596923828
82.43059539794922
90.6855697631836
82.33892822265625
87.06535339355469
89.0777587890625
56.747291564941406
89.48872375488281
87.48468780517578
82.7610092163086
91.36397552490234
82.75273895263672
89.18134307861328
91.7274398803711
61.7238883972168
92.07078552246094
89.54409790039062
84.11720275878906
92.23136901855469
83.54993438720703
89.4432373046875
92.37435150146484
58.77446746826172
94.14617156982422
92.71146392822266
88.33473205566406
97.34977722167969
89.5345458984375
95.39820098876953
97.83747863769531
63.18274688720703
97.32713317871094
94.52151489257812
88.6987075805664
96.27656555175781
86.95348358154297
91.8246841430664
93.5321044921875
62.48690414428711
92.16205596923828
89.223876953125
83.3956298828125
90.95633697509766
81.90563201904297
86.90251159667969
88.85643005371094
55.111083984375
89.21510314941406
87.15999603271484
81.86595153808594
89.35922241210938
79.21640014648438
83.0866470336914
84.0899429321289
49.965309143066406
84.12671661376953
81.10946655273438
75.73580932617188
84.32404327392578
75.96365356445312
81.3358383178711
83.44502258300781
62.04594421386719
82.41665649414062
80.69165802001953
73.66788482666016
82.28921508789062
74.55580139160156
80.45413970947266
82.86748504638672
54.03604507446289
82.91826629638672
80.5671615600586
74.86599731445312
82.79231262207031
74.3597412109375
80.09319305419922
83.28589630126953
60.54104995727539
85.53430938720703
83.33638763427734
78.47888946533203
86.5240249633789
77.33351135253906
82.81324768066406
84.88935089111328
45.48551940917969
84.51094055175781
82.69132995605469
76.4629135131836
86.34137725830078
78.7294921875
85.62936401367188
88.81585693359375
59.0947380065918
89.11383819580078
86.39152526855469
80.38789367675781
88.4340591430664
79.29749298095703
83.19099426269531
83.99666595458984
53.1386604309082
79.26364135742188
74.13497924804688
69.43501281738281
74.29564666748047
63.86570358276367
69.37092590332031
69.84788513183594
57.48259353637695
66.91411590576172
59.89978790283203
56.5872688293457
48.920528411865234
48.37142562866211
62.4178581237793
69.68968963623047
53.99065399169922
72.0455093383789
70.67430877685547
65.65804290771484
76.09107971191406
69.6891860961914
75.85568237304688
78.87638092041016
49.55504608154297
79.75636291503906
78.03466796875
72.51970672607422
81.13822174072266
