77.66813659667969
84.61175537109375
88.01954650878906
62.34820556640625
86.0730972290039
81.5226058959961
74.40121459960938
80.23040771484375
69.1948013305664
73.3252182006836
75.0545883178711
59.364532470703125
69.28617858886719
64.63552856445312
59.96657180786133
70.27841186523438
64.46379089355469
71.54478454589844
75.34134674072266
58.42633819580078
79.61087799072266
80.00357055664062
77.34898376464844
86.61112213134766
77.11336517333984
83.79512023925781
84.00112915039062
53.332191467285156
80.31927490234375
76.47024536132812
69.79871368408203
76.84284210205078
66.29765319824219
69.37445068359375
71.2159194946289
50.45183181762695
64.77142333984375
65.66874694824219
61.08253860473633
62.54851150512695
35.77738571166992
62.41645431518555
58.553749084472656
55.558837890625
63.922237396240234
60.973758697509766
63.957847595214844
67.13227844238281
59.93165969848633
67.79602813720703
70.94876861572266
59.450775146484375
70.07471466064453
69.33036041259766
64.87698364257812
74.36493682861328
68.8165283203125
74.44840240478516
75.08568572998047
53.29941177368164
76.90347290039062
75.52392578125
68.19477081298828
78.91411590576172
69.3014907836914
75.89031219482422
78.30815124511719
43.49337387084961
79.57325744628906
78.43307495117188
73.1640853881836
83.12946319580078
74.5900650024414
82.6159896850586
85.09684753417969
44.19538497924805
87.57699584960938
86.65220642089844
82.15418243408203
92.33251953125
85.57674407958984
91.73529815673828
94.32460021972656
56.30228805541992
93.44749450683594
90.33332824707031
83.69156646728516
91.55048370361328
82.87342834472656
87.3914794921875
89.23835754394531
54.991214752197266
88.59224700927734
86.28351593017578
81.27217102050781
88.72931671142578
80.68048095703125
85.98005676269531
87.92701721191406
45.74054718017578
87.72676086425781
85.34654235839844
79.18755340576172
87.86209106445312
79.0669174194336
81.18655395507812
80.27995300292969
57.20153045654297
78.21162414550781
77.88031005859375
74.04852294921875
82.86835479736328
75.11016082763672
81.61715698242188
84.50947570800781
56.240386962890625
85.2593765258789
83.42051696777344
78.43978881835938
87.01839447021484
78.9358139038086
84.32008361816406
87.080078125
54.69975662231445
87.2706298828125
84.99124908447266
80.33139038085938
89.00312805175781
81.13450622558594
86.30852508544922
89.09265899658203
56.2140007019043
90.17909240722656
88.49449157714844
83.21964263916016
92.80455017089844
85.98426818847656
92.31211853027344
95.81001281738281
59.33397674560547
96.8626480102539
95.07958984375
90.11459350585938
98.43019104003906
89.52729797363281
93.65530395507812
93.78033447265625
56.36033630371094
86.63805389404297
80.05415344238281
74.40180206298828
85.81129455566406
80.16820526123047
89.05925750732422
93.61300659179688
54.737098693847656
95.2496109008789
91.83988952636719
85.63275909423828
92.62254333496094
82.85979461669922
88.13043975830078
90.43668365478516
55.68294143676758
91.79512023925781
90.50558471679688
86.0494155883789
95.52388000488281
88.11881256103516
94.35496520996094
97.3089370727539
50.07882308959961
98.57798767089844
96.7850112915039
91.9733657836914
100.8184585571289
93.0059585571289
98.8048095703125
101.46186828613281
57.72603225708008
101.3616714477539
98.2344741821289
91.78512573242188
98.37577819824219
88.1842041015625
91.37920379638672
91.55889129638672
58.03530502319336
87.1158218383789
83.25676727294922
77.79826354980469
85.70612335205078
78.00433349609375
84.35562133789062
87.22217559814453
59.36720275878906
89.03162384033203
87.56584930419922
83.16038513183594
92.29016876220703
84.51947784423828
90.494384765625
93.79376220703125
50.348018646240234
95.16577911376953
93.54507446289062
89.0032730102539
97.97852325439453
90.31128692626953
95.98419952392578
98.60031127929688
59.80043411254883
97.75975799560547
94.69900512695312
88.3603515625
96.26371765136719
87.71197509765625
93.07940673828125
95.3026123046875
44.606292724609375
94.3312759399414
91.33380126953125
84.7182846069336
92.59426879882812
84.02294921875
87.74266052246094
89.58001708984375
49.05779266357422
87.8309097290039
85.22886657714844
79.96501159667969
87.29752349853516
78.32408142089844
82.91004180908203
84.8785171508789
53.04673385620117
84.23836517333984
81.37162780761719
74.5481948852539
83.445556640625
75.3507308959961
79.45841217041016
80.88749694824219
60.40556716918945
80.17327117919922
77.05289459228516
71.85353088378906
79.76171875
71.40785217285156
77.49784088134766
79.39995574951172
53.625450134277344
78.2464828491211
76.94495391845703
69.27841186523438
79.23501586914062
72.61773681640625
75.01942443847656
77.75384521484375
60.45616149902344
76.96147155761719
75.07937622070312
69.77654266357422
78.29381561279297
70.39176940917969
77.18439483642578
80.56417846679688
53.198036193847656
81.6279296875
78.99278259277344
74.04119873046875
82.80692291259766
74.0736083984375
79.53946685791016
82.04756927490234
46.93516159057617
83.56069946289062
81.38903045654297
77.13972473144531
85.4103012084961
78.02469635009766
83.23587036132812
85.92918395996094
51.96345520019531
87.34341430664062
85.43697357177734
80.56233215332031
89.50071716308594
81.21517944335938
88.02741241455078
91.03184509277344
53.49881362915039
92.63639068603516
90.9077377319336
85.85398864746094
94.00094604492188
85.35684204101562
89.9444351196289
92.7300796508789
55.82675552368164
93.69953155517578
91.6005630493164
86.27381134033203
94.12652587890625
85.19417572021484
90.1340103149414
91.77587890625
58.285736083984375
91.06883239746094
88.16895294189453
82.54210662841797
90.6023178100586
82.1618423461914
87.46673583984375
89.43851470947266
59.89707946777344
89.91661071777344
87.59429168701172
82.61298370361328
90.71105194091797
83.10317993164062
88.38711547851562
91.16438293457031
53.89810562133789
92.00736999511719
90.08738708496094
85.68462371826172
94.69145202636719
87.18331146240234
93.49728393554688
96.87354278564453
53.62739562988281
99.1495132446289
97.62908935546875
92.3847885131836
100.1846923828125
90.6406478881836
94.26937866210938
95.01795959472656
49.314842224121094
92.39065551757812
88.72978973388672
81.39810180664062
89.44542694091797
79.61067962646484
84.24336242675781
85.17747497558594
56.72428512573242
83.29912567138672
79.94159698486328
73.0168685913086
81.58241271972656
72.33647155761719
76.22059631347656
77.57403564453125
49.73136520385742
76.2509536743164
73.6913070678711
66.17868041992188
73.06379699707031
65.10376739501953
68.33172607421875
70.55337524414062
60.50311279296875
69.4220199584961
69.61680603027344
65.90776824951172
72.56852722167969
64.70830535888672
74.3857650756836
77.24838256835938
54.151641845703125
78.92130279541016
78.21276092529297
74.20362854003906
83.6671371459961
76.59884643554688
82.82843017578125
86.92910766601562
50.483985900878906
89.26959228515625
88.34837341308594
84.68806457519531
94.33119201660156
87.20128631591797
93.3546371459961
96.15194702148438
55.10683059692383
95.56424713134766
92.35293579101562
86.15656280517578
93.81411743164062
85.42150115966797
91.02312469482422
93.46878814697266
55.10002899169922
92.85478210449219
89.83503723144531
84.3065185546875
92.28700256347656
83.54039764404297
87.93270874023438
89.19861602783203
56.81281280517578
88.31025695800781
85.42244720458984
80.2638931274414
88.47984313964844
80.46569061279297
85.73450469970703
87.99388885498047
27.184722900390625
87.94415283203125
85.57283020019531
80.20259857177734
88.53340148925781
79.80491638183594
84.99413299560547
86.39400482177734
51.44047164916992
84.83755493164062
82.3960189819336
78.26570129394531
85.8196792602539
77.32283782958984
83.13304901123047
85.48318481445312
57.025840759277344
86.3178939819336
84.42913818359375
79.9579849243164
89.19332122802734
81.53546142578125
86.90251159667969
89.40892028808594
54.29193115234375
89.74392700195312
87.2721939086914
82.02325439453125
90.86153411865234
82.38372039794922
87.9361343383789
91.0044937133789
53.17094039916992
91.18710327148438
89.30579376220703
84.28672790527344
92.65802001953125
84.60218811035156
89.51262664794922
91.45816802978516
52.671913146972656
91.38993835449219
89.3521499633789
84.26924133300781
93.09656524658203
85.07756042480469
90.88841247558594
93.51885986328125
54.40741729736328
93.94345092773438
91.4919662475586
85.91770935058594
94.05652618408203
85.4693603515625
91.47308349609375
94.38702392578125
47.976783752441406
96.2301254272461
94.66442108154297
90.1360092163086
99.29287719726562
91.63701629638672
97.06192016601562
99.52413177490234
54.36954116821289
99.00624084472656
96.14702606201172
90.2201156616211
98.06169128417969
89.16749572753906
93.76314544677734
95.51592254638672
53.66699981689453
94.22480010986328
91.4089584350586
85.44097137451172
93.33946228027344
84.51494598388672
89.5492172241211
91.0800552368164
52.075836181640625
90.8114013671875
88.69646453857422
83.18364715576172
91.2063980102539
81.54000854492188
84.210205078125
84.70698547363281
52.617305755615234
81.66155242919922
79.38356018066406
73.53005981445312
81.74311065673828
74.0
79.09483337402344
80.86422729492188
49.283599853515625
80.13733673095703
77.54035186767578
72.90576934814453
83.54524230957031
76.76278686523438
82.93428039550781
85.96153259277344
55.81208801269531
85.32605743408203
82.41548156738281
76.90959930419922
84.958740234375
76.46227264404297
83.00756072998047
86.77104949951172
50.60599899291992
88.27745819091797
85.9394760131836
80.32652282714844
88.10057830810547
79.7401351928711
84.41860961914062
86.2892074584961
50.894771575927734
86.0112075805664
83.81421661376953
79.15763854980469
88.68836975097656
81.1385498046875
88.03573608398438
90.61914825439453
53.48343276977539
90.44344329833984
87.56597900390625
80.99004364013672
88.45526123046875
78.84141540527344
82.14390563964844
82.52449798583984
48.5904426574707
73.91615295410156
69.12066650390625
61.40501022338867
67.95491790771484
62.75334167480469
67.23031616210938
72.65596771240234
55.81241989135742
74.73558044433594
73.46849822998047
67.28240966796875
77.23078155517578
70.58417510986328
74.482421875
76.41793060302734
57.09068298339844
73.10511779785156
68.69744110107422
65.98699951171875
75.75721740722656
69.92142486572266
76.43888092041016
79.50643157958984
56.39061737060547
80.67233276367188
78.23625183105469
73.85680389404297
82.29582977294922
