79.81449127197266
81.38047790527344
83.41323852539062
78.52589416503906
83.32621765136719
71.05144500732422
80.36497497558594
73.13517761230469
74.29285430908203
72.92806243896484
62.6398811340332
73.64413452148438
64.87628936767578
67.63529968261719
73.00096893310547
59.33637619018555
71.55706787109375
69.8059310913086
71.55601501464844
76.66336822509766
69.34825134277344
79.58627319335938
74.52301025390625
82.70246124267578
79.25086212158203
81.39213562011719
76.46475219726562
77.54368591308594
74.92841339111328
74.17130279541016
73.94441223144531
66.17603302001953
71.83837127685547
57.606719970703125
72.65617370605469
54.91446304321289
70.2799072265625
66.88744354248047
64.56555938720703
66.43448638916016
63.036861419677734
62.84543228149414
62.843589782714844
68.96884155273438
62.182525634765625
69.72370147705078
54.81124496459961
70.24898529052734
58.67171096801758
67.60369873046875
68.5337142944336
67.78643035888672
69.1796646118164
57.39076232910156
74.06026458740234
59.299861907958984
73.7598648071289
70.8149185180664
71.40900421142578
71.92607879638672
66.2825698852539
75.77942657470703
66.07820892333984
75.60602569580078
71.8931884765625
73.31695556640625
77.06620788574219
69.43988800048828
79.19010162353516
69.44567108154297
79.18714141845703
74.73056030273438
79.18949127197266
79.39395904541016
77.47254180908203
83.2281265258789
75.97887420654297
86.46028137207031
82.18900299072266
88.1032943725586
88.31355285644531
88.0663070678711
90.80748748779297
85.75614166259766
89.75069427490234
84.57373046875
86.91862487792969
85.78459930419922
84.03795623779297
85.27304077148438
82.13631439208984
84.8370132446289
82.8514633178711
83.15204620361328
83.65609741210938
81.16674041748047
84.19953155517578
81.16798400878906
83.85333251953125
82.70712280273438
81.98419189453125
84.05899047851562
79.95233154296875
84.02799224853516
78.62677764892578
81.29692840576172
75.92083740234375
74.6101303100586
71.99024963378906
73.89372253417969
76.63220977783203
75.80339813232422
78.02217864990234
78.71903991699219
78.54409790039062
80.22440338134766
78.44292449951172
81.48442840576172
79.13138580322266
81.48058319091797
81.32897186279297
80.48163604736328
83.0534439086914
79.98126220703125
84.12663269042969
80.67082977294922
83.38896942138672
83.51316833496094
81.93347930908203
85.77642059326172
81.23201751708984
86.48534393310547
83.43878173828125
86.42655181884766
87.1175308227539
85.43646240234375
90.45182800292969
86.01121520996094
92.79115295410156
89.1855697631836
92.89671325683594
93.2449951171875
90.77146911621094
95.61394500732422
87.23155212402344
93.9447250366211
87.9269027709961
87.70578002929688
87.00511932373047
83.27462768554688
85.53101348876953
84.42871856689453
89.5998306274414
82.00341033935547
93.87181091308594
86.89562225341797
92.86941528320312
90.70494842529297
87.99195861816406
90.19224548339844
85.6387939453125
88.49895477294922
87.07330322265625
87.85163116455078
88.64862060546875
88.88777923583984
90.12348937988281
90.93877410888672
91.63060760498047
92.50389862060547
92.86933135986328
93.55451965332031
93.65879821777344
94.42522430419922
94.37445831298828
94.95515441894531
95.36703491210938
95.10675811767578
96.61624908447266
94.83829498291016
97.11034393310547
94.69473266601562
95.2686996459961
94.1045150756836
90.3392105102539
92.2247314453125
82.55181884765625
89.384521484375
75.8204116821289
86.42494201660156
78.15664672851562
84.79137420654297
80.88904571533203
83.49211883544922
85.06401824951172
81.88506317138672
87.45658111572266
80.64065551757812
88.47738647460938
84.9042739868164
88.77568054199219
88.81122589111328
88.12862396240234
91.30729675292969
87.97967529296875
92.77283477783203
90.60980224609375
93.17679595947266
93.45252990722656
92.84132385253906
95.1740493774414
91.98787689208984
94.58702850341797
91.56401824951172
92.38141632080078
91.3507080078125
89.95145416259766
90.82611846923828
88.59325408935547
89.47956848144531
88.06359100341797
87.24588775634766
87.39977264404297
84.56234741210938
86.35118103027344
83.69571685791016
84.22441101074219
83.57852172851562
81.69985961914062
82.80218505859375
79.87059783935547
82.00639343261719
79.12267303466797
80.82577514648438
80.15103149414062
77.99789428710938
80.00969696044922
75.11942291259766
78.76219177246094
76.0411376953125
76.39901733398438
76.71402740478516
72.54052734375
77.10804748535156
70.85005187988281
76.43405151367188
73.65826416015625
74.9677505493164
74.02320861816406
71.1851577758789
75.08984375
69.7965316772461
75.6334228515625
71.92632293701172
74.152099609375
73.67357635498047
71.9568099975586
74.04606628417969
69.53034210205078
74.02133178710938
70.0806884765625
72.754150390625
72.44761657714844
70.91435241699219
75.61722564697266
71.74361419677734
77.74261474609375
73.04203796386719
76.88621520996094
77.13197326660156
76.88140106201172
78.06674194335938
73.8516616821289
78.39785766601562
75.06685638427734
77.17082977294922
77.56769561767578
77.3261947631836
79.11360931396484
75.95774841308594
80.10938262939453
78.51225280761719
80.92718505859375
81.59321594238281
81.04203033447266
83.62539672851562
81.81743621826172
84.18294525146484
84.17227172851562
84.03295135498047
86.5103530883789
84.74114227294922
87.86858367919922
87.17813110351562
87.43340301513672
88.81141662597656
84.8292465209961
88.22377014160156
82.2605209350586
87.06085968017578
84.4212417602539
87.46068572998047
87.1396484375
86.72705841064453
87.33578491210938
86.2495346069336
85.79185485839844
86.4012451171875
84.06497955322266
85.92620849609375
83.83143615722656
84.69774627685547
84.4109115600586
83.29400634765625
86.049072265625
82.17048645019531
85.55269622802734
82.78800964355469
84.92190551757812
85.52577209472656
83.97134399414062
87.0667724609375
82.92707824707031
87.87825012207031
85.73074340820312
87.83918762207031
88.8927001953125
86.88080596923828
91.66402435302734
87.13726043701172
93.62000274658203
91.26988220214844
94.43180847167969
95.64363861083984
92.9262924194336
96.59754943847656
89.20484924316406
93.78349304199219
88.20744323730469
89.51531219482422
88.42237091064453
83.989501953125
87.14761352539062
79.29063415527344
85.31307220458984
80.3127212524414
82.12388610839844
80.97425079345703
76.94220733642578
80.65274810791016
70.74508666992188
79.20703125
73.50821685791016
75.71497344970703
75.64675903320312
69.89120483398438
75.03733825683594
60.58449935913086
73.85418701171875
63.323333740234375
72.56852722167969
68.11669158935547
66.43362426757812
67.2774658203125
63.85867691040039
69.76194763183594
57.43155288696289
71.698974609375
55.21257400512695
72.85821533203125
68.43538665771484
74.01909637451172
74.60673522949219
73.04930877685547
77.12226104736328
74.58372497558594
79.79570007324219
79.90287780761719
80.88031005859375
83.41020965576172
81.80404663085938
87.14085388183594
84.582275390625
89.21561431884766
89.24758911132812
90.05982208251953
92.39360809326172
88.74081420898438
92.71407318115234
87.74571990966797
90.8208236694336
87.78547668457031
87.94065856933594
88.17044830322266
85.66016387939453
88.63629913330078
85.67920684814453
88.67724609375
85.92330932617188
87.39159393310547
86.54632568359375
85.41915130615234
85.6441421508789
83.4796142578125
84.35581970214844
83.36872863769531
82.83464050292969
83.8065414428711
82.42237091064453
84.2469253540039
81.73981475830078
83.91874694824219
83.21411895751953
83.23744201660156
83.59320831298828
82.57881164550781
83.46728515625
82.27178955078125
82.14698028564453
81.05609893798828
79.8802490234375
81.04703521728516
78.67762756347656
81.61505126953125
78.49259948730469
81.44477844238281
79.89481353759766
80.95935821533203
80.86835479736328
80.66938781738281
82.7162857055664
82.5921630859375
84.20967864990234
83.03392028808594
83.957763671875
84.51632690429688
84.07373809814453
84.9084701538086
84.03599548339844
85.03916931152344
84.5765380859375
85.04871368408203
85.83988189697266
84.55125427246094
86.54723358154297
85.56050109863281
86.59627532958984
86.57819366455078
85.724365234375
87.12512969970703
83.7406234741211
87.29359436035156
83.4937744140625
87.08241271972656
85.52662658691406
86.88385009765625
87.58020782470703
86.72701263427734
89.21783447265625
86.31197357177734
89.59756469726562
86.83682250976562
88.99716186523438
87.54450225830078
87.70342254638672
89.03836822509766
87.44287109375
90.72757720947266
88.63858032226562
92.46817779541016
91.16932678222656
93.33505249023438
93.62161254882812
93.26470184326172
94.83203125
92.8665771484375
94.49597930908203
92.56401824951172
92.99979400634766
92.03803253173828
91.0216293334961
91.27373504638672
89.01937103271484
90.04386901855469
87.99718475341797
88.48799896240234
87.50022888183594
86.3415298461914
87.020263671875
84.82069396972656
86.04510498046875
84.68905639648438
85.57915496826172
86.44749450683594
84.43537139892578
87.30142211914062
81.31634521484375
85.01331329345703
75.9209976196289
81.81395721435547
75.56832885742188
79.93992614746094
77.25440979003906
79.09404754638672
79.25556945800781
76.32701873779297
79.27287292480469
75.08659362792969
78.10450744628906
73.8097915649414
77.34102630615234
74.68782043457031
78.01790618896484
78.1648941040039
79.69469451904297
79.61347961425781
79.998291015625
79.63084411621094
79.96664428710938
77.31351470947266
80.53284454345703
77.50468444824219
81.65312957763672
79.8667984008789
83.02851867675781
82.36398315429688
81.56939697265625
83.13716125488281
79.49823760986328
82.97223663330078
79.07109832763672
82.1742172241211
80.08365631103516
80.81742858886719
82.53825378417969
80.89543151855469
84.81297302246094
81.50301361083984
86.50665283203125
83.33468627929688
86.13790893554688
85.13545227050781
83.94719696044922
85.21253967285156
80.01502990722656
83.47539520263672
78.3226547241211
78.17240142822266
75.91242980957031
69.99808502197266
72.48829650878906
64.98905181884766
71.40422821044922
59.518333435058594
68.93785858154297
56.00726318359375
65.95964050292969
56.929298400878906
59.82491683959961
53.420230865478516
57.20408630371094
59.64204025268555
65.94120025634766
67.50997161865234
64.85549926757812
69.1388931274414
70.49964141845703
73.0224609375
73.14705657958984
74.81572723388672
75.442138671875
75.12806701660156
75.70513153076172
75.63632202148438
77.04043579101562
76.15387725830078
