67.52269744873047
71.01960754394531
74.96022033691406
54.416378021240234
79.05763244628906
77.84413146972656
72.8404312133789
82.48210144042969
73.7374267578125
80.19243621826172
80.22945404052734
61.22548294067383
76.30931854248047
71.86241149902344
65.88289642333984
68.8160171508789
54.0019416809082
59.556365966796875
61.11803436279297
51.08271789550781
55.7060661315918
61.10623550415039
56.962493896484375
67.99703216552734
61.32953643798828
69.66624450683594
74.19902801513672
51.26045608520508
79.15484619140625
78.30038452148438
73.38325500488281
80.66173553466797
70.38465118408203
74.75726318359375
74.91294860839844
50.79783248901367
71.71800994873047
67.8045425415039
63.69083023071289
69.62345123291016
64.14788055419922
65.2449722290039
65.11363220214844
47.998321533203125
64.06293487548828
62.93368911743164
58.84977340698242
65.84648132324219
59.63188934326172
61.5909309387207
64.25545501708984
51.55229187011719
64.86357116699219
62.0346565246582
56.574432373046875
66.23574829101562
59.18814468383789
63.99558639526367
66.20332336425781
44.0493049621582
67.71582794189453
66.02301025390625
62.290443420410156
68.60716247558594
60.74409866333008
67.57447814941406
69.48876953125
44.12820816040039
68.49110412597656
66.89643859863281
64.43001556396484
71.77849578857422
62.842529296875
69.41114807128906
72.31938934326172
39.99892807006836
72.3178482055664
71.23696899414062
67.2433090209961
76.09648895263672
69.69482421875
74.76319885253906
78.63278198242188
53.391971588134766
81.92565155029297
81.20086669921875
76.84642791748047
86.1135482788086
77.913818359375
83.30686950683594
85.28324890136719
52.31532669067383
84.34223937988281
81.66129302978516
75.99134826660156
82.36538696289062
71.94424438476562
75.367919921875
75.14688873291016
41.83661651611328
74.40266418457031
72.09474182128906
69.05257415771484
77.05671691894531
70.51470947265625
75.36416625976562
78.0997543334961
52.53303909301758
79.41474151611328
77.57119750976562
71.48953247070312
80.78658294677734
72.35789489746094
78.84532165527344
81.85962677001953
59.0447998046875
82.23570251464844
80.65716552734375
75.79632568359375
83.98306274414062
76.28894805908203
81.70169067382812
84.77430725097656
56.256248474121094
85.37720489501953
83.74299621582031
79.40666961669922
87.99285888671875
80.69302368164062
85.666748046875
89.17317962646484
53.88493728637695
90.8526840209961
89.79554748535156
83.62956237792969
93.59207916259766
86.58679962158203
90.01053619384766
92.49686431884766
67.64584350585938
91.50018310546875
89.6999282836914
82.98990631103516
91.82156372070312
83.7745132446289
87.87039947509766
89.87407684326172
64.04692840576172
88.9626693725586
86.47681427001953
80.24066925048828
86.02460479736328
74.95034790039062
77.3843994140625
77.32025909423828
55.12151336669922
71.49600219726562
67.49830627441406
63.536434173583984
71.48526000976562
63.93550491333008
62.914390563964844
67.11688995361328
45.60993957519531
68.7805404663086
67.61968994140625
61.99491500854492
71.13188171386719
61.96894073486328
68.4960708618164
71.75927734375
50.350250244140625
73.591064453125
70.65946960449219
67.59520721435547
75.68384552001953
68.9009017944336
74.12725830078125
75.2109603881836
56.873741149902344
71.89610290527344
62.78166961669922
64.1636734008789
68.98544311523438
56.944461822509766
68.26262664794922
69.99151611328125
51.20546340942383
71.41477966308594
69.404052734375
64.70464324951172
72.5850601196289
64.89231872558594
69.58980560302734
72.07234191894531
50.18610763549805
72.57672882080078
69.10285186767578
62.6094856262207
70.60516357421875
61.0576171875
70.00106811523438
75.35529327392578
56.250633239746094
78.76470184326172
77.94095611572266
72.68560791015625
82.50418090820312
74.84935760498047
79.58071899414062
82.34077453613281
50.9909553527832
82.79344940185547
81.20133209228516
75.81376647949219
84.67902374267578
77.22283935546875
82.33734130859375
85.41840362548828
59.068145751953125
86.74964141845703
85.4705810546875
79.50814819335938
89.58805084228516
83.07086944580078
86.67971801757812
89.97880554199219
64.3875503540039
88.40423583984375
85.67096710205078
78.00553894042969
86.08446502685547
77.10186767578125
81.12910461425781
82.53411102294922
54.7004280090332
80.4618148803711
77.26087951660156
70.48040008544922
78.46983337402344
69.00794982910156
74.79498291015625
76.3136215209961
51.78738784790039
74.86553192138672
72.91142272949219
67.91936492919922
75.55551147460938
67.2696762084961
71.40000915527344
74.39069366455078
49.597450256347656
75.49771881103516
73.1070785522461
66.90509033203125
75.54055786132812
66.79336547851562
69.57136535644531
70.14894104003906
51.671993255615234
64.41826629638672
62.57538604736328
53.48457336425781
63.61920928955078
55.79423904418945
61.81354522705078
65.30902099609375
56.66162872314453
67.65771484375
68.27471923828125
61.13335418701172
71.97852325439453
65.66145324707031
74.39684295654297
78.16866302490234
58.00165557861328
83.39189910888672
83.6738052368164
79.15787506103516
87.97156524658203
78.9366455078125
84.01304626464844
85.96842956542969
54.122745513916016
84.9190673828125
82.88594055175781
78.19049072265625
86.63835906982422
79.23368835449219
84.31359100341797
87.37647247314453
54.57218933105469
88.63030242919922
87.22444152832031
81.8891830444336
90.71485137939453
82.30951690673828
86.5318603515625
88.09165954589844
57.92509078979492
86.94754791259766
84.14734649658203
80.15657806396484
88.2735366821289
80.21845245361328
85.3907470703125
87.55809783935547
44.43843078613281
86.52542877197266
83.70435333251953
77.62579345703125
85.73387145996094
77.34249114990234
81.87920379638672
84.27143096923828
54.139404296875
83.88648223876953
81.96827697753906
76.34237670898438
84.46954345703125
76.0241928100586
82.05965423583984
84.31147766113281
52.52700424194336
85.0539321899414
83.1934814453125
78.52030181884766
87.85631561279297
80.1895751953125
86.65817260742188
89.9906234741211
61.26519775390625
90.5392837524414
87.59685516357422
81.31747436523438
87.7374496459961
77.61002349853516
80.57781219482422
81.34127807617188
52.04925537109375
78.5158462524414
75.02361297607422
67.59733581542969
74.54308319091797
63.324703216552734
68.5694580078125
69.35215759277344
47.879364013671875
67.82044982910156
63.242984771728516
60.97896957397461
69.98912048339844
62.61417770385742
68.08190155029297
73.05206298828125
50.75165557861328
76.42899322509766
75.8544692993164
70.0018081665039
80.43070220947266
73.2409896850586
76.75542449951172
78.4561538696289
48.20151901245117
76.22652435302734
72.43275451660156
64.80941009521484
73.57229614257812
62.73560333251953
69.56564331054688
70.61614990234375
53.31606674194336
70.46855926513672
67.66836547851562
63.81513595581055
72.85395812988281
67.97489166259766
73.2848129272461
79.2240982055664
44.58535385131836
83.80278015136719
83.43842315673828
78.62974548339844
88.25691986083984
80.19730377197266
84.89130401611328
86.29826354980469
44.1900634765625
84.0391845703125
80.69674682617188
74.78645324707031
82.0962142944336
73.24424743652344
77.34339141845703
79.32614135742188
48.768741607666016
78.02962493896484
75.2726821899414
69.52369689941406
76.4822769165039
67.51522827148438
72.09478759765625
73.63764190673828
45.17452621459961
75.5020980834961
75.00509643554688
71.88477325439453
82.52604675292969
75.35826110839844
80.8205337524414
83.4040298461914
49.4883918762207
82.91017150878906
80.26029205322266
74.39375305175781
82.67565155029297
74.24159240722656
79.03073120117188
81.60313415527344
46.04391860961914
81.99244689941406
79.60929870605469
74.68144989013672
83.10089111328125
74.68949127197266
79.7793960571289
82.0265121459961
48.97515869140625
82.42430877685547
79.95386505126953
74.5495834350586
83.25662231445312
74.57964324951172
80.66297149658203
83.14147186279297
43.62124252319336
83.6038818359375
81.78169250488281
76.3626480102539
84.98517608642578
77.35371398925781
82.72327423095703
85.43839263916016
35.99446105957031
86.33456420898438
84.54623413085938
79.82261657714844
88.75534057617188
81.45535278320312
86.73582458496094
89.35148620605469
51.81954574584961
88.13912963867188
84.46620178222656
77.13309478759766
83.49500274658203
73.07169342041016
77.34952545166016
78.87644958496094
46.934906005859375
80.12944793701172
78.6754379272461
75.47372436523438
84.0465316772461
76.99468994140625
83.07301330566406
86.36609649658203
42.69294738769531
88.34735870361328
87.1463851928711
82.68785858154297
92.33415985107422
84.60929870605469
90.26268768310547
92.82035827636719
40.84431076049805
92.09321594238281
89.27305603027344
82.91221618652344
90.7177963256836
81.91606903076172
86.5696029663086
88.34219360351562
54.452293395996094
88.55545806884766
86.933837890625
82.2016372680664
90.9027099609375
82.6572265625
87.9583740234375
90.42701721191406
48.19856643676758
90.38336181640625
88.20967102050781
82.87606048583984
91.49163055419922
83.16419219970703
87.48072814941406
89.13823699951172
52.9676399230957
85.27982330322266
80.4896469116211
71.61414337158203
77.83193969726562
67.94507598876953
68.95501708984375
68.19164276123047
33.983097076416016
69.07069396972656
65.35179138183594
64.13902282714844
71.89176177978516
63.8687858581543
71.11377716064453
73.70211791992188
48.10867691040039
73.56907653808594
71.7365951538086
66.91264343261719
75.12183380126953
65.42945861816406
72.20281219482422
71.93765258789062
44.808597564697266
70.29695892333984
66.5566635131836
63.05479431152344
69.93053436279297
62.48810577392578
68.45409393310547
70.91496276855469
43.559967041015625
72.15354919433594
68.89020538330078
63.926822662353516
72.55155944824219
64.48075866699219
70.55514526367188
73.04398345947266
49.3697624206543
74.64328002929688
72.84180450439453
66.9655990600586
78.28461456298828
71.45562744140625
74.72674560546875
77.29287719726562
44.11256408691406
75.21452331542969
71.86738586425781
67.37952423095703
74.32623291015625
63.442562103271484
71.08605194091797
73.07843780517578
46.61048126220703
73.1790542602539
70.0820083618164
66.59686279296875
74.8030014038086
67.28230285644531
72.92963409423828
75.9075927734375
48.26608657836914
77.48697662353516
75.2846908569336
71.19656372070312
79.66758728027344
70.9163818359375
76.33963012695312
78.2468490600586
50.310489654541016
76.6732177734375
74.29045104980469
69.08699798583984
78.88627624511719
