67.72399139404297
74.19483947753906
76.92727661132812
51.61050033569336
79.72699737548828
78.83334350585938
75.0904769897461
84.57861328125
77.50244140625
82.29861450195312
83.23556518554688
55.95880889892578
79.205810546875
73.61088562011719
68.83978271484375
74.07841491699219
63.58123016357422
61.044185638427734
66.25502014160156
49.18206787109375
55.737030029296875
57.248565673828125
62.897762298583984
69.4526596069336
65.86124420166016
71.25845336914062
74.52948760986328
60.379051208496094
79.31529998779297
80.40963745117188
75.34934997558594
83.29520416259766
73.02276611328125
76.93242645263672
77.56576538085938
49.486961364746094
74.13356018066406
70.12666320800781
62.01576232910156
72.65760803222656
62.51747131347656
68.56015014648438
69.57208251953125
45.84170150756836
65.84049987792969
64.64972686767578
56.4435920715332
69.0279769897461
59.58890151977539
63.91838455200195
67.5078125
52.079044342041016
67.80818939208984
65.22750091552734
61.987144470214844
70.10501861572266
63.49165344238281
67.48880004882812
68.10986328125
57.232425689697266
69.96168518066406
68.48222351074219
65.69522857666016
71.83882904052734
64.32754516601562
69.43299102783203
70.92948150634766
55.40575408935547
70.68321228027344
70.33335876464844
64.93277740478516
72.6927490234375
66.3338394165039
71.72208404541016
73.71173858642578
56.13373947143555
74.46924591064453
73.23672485351562
66.07398986816406
76.71492767333984
67.70759582519531
75.31983184814453
79.06893920898438
58.75069046020508
82.03943634033203
81.43492126464844
77.87939453125
86.87957763671875
79.17440795898438
84.03662109375
86.240234375
50.31918716430664
85.36946868896484
83.07315063476562
75.16130065917969
82.19482421875
70.60700225830078
75.12702941894531
77.71066284179688
50.627925872802734
77.57763671875
75.6980209350586
70.98652648925781
79.9675064086914
71.71635437011719
77.73731231689453
80.72441101074219
45.752498626708984
81.26405334472656
79.59806823730469
74.46379852294922
83.67375946044922
75.33629608154297
81.34088134765625
84.16793060302734
49.045799255371094
85.13333129882812
83.23947143554688
78.69947052001953
87.17452239990234
79.46009063720703
85.26683044433594
87.69186401367188
51.037471771240234
89.1597671508789
87.55104064941406
82.58777618408203
91.87920379638672
84.68403625488281
90.5682601928711
93.95293426513672
56.38666534423828
95.64872741699219
94.33030700683594
88.5899658203125
96.88297271728516
87.78638458251953
90.24864959716797
90.6635513305664
61.42034912109375
87.64531707763672
85.3060302734375
80.00529479980469
88.10822296142578
79.9178695678711
85.09146881103516
87.37156677246094
58.2178955078125
86.13854217529297
83.29295349121094
76.54558563232422
82.65543365478516
73.27595520019531
74.83936309814453
75.61617279052734
52.22768783569336
73.96905517578125
70.5464096069336
60.427886962890625
70.90132904052734
63.080322265625
69.4297103881836
72.07376098632812
40.06415939331055
72.43888854980469
70.9595718383789
62.816287994384766
73.68228912353516
66.8171157836914
71.51371765136719
73.71073150634766
53.7656364440918
74.98989868164062
72.61712646484375
68.37779998779297
75.01815795898438
64.81168365478516
72.54518127441406
73.22517395019531
57.87010955810547
74.11839294433594
71.03181457519531
67.65419006347656
76.0374984741211
67.2625503540039
72.70720672607422
75.3425521850586
51.828243255615234
76.92544555664062
74.44657135009766
67.18840026855469
76.37265014648438
66.43382263183594
74.37813568115234
76.0600814819336
55.17731475830078
75.41392517089844
73.04264068603516
66.09691619873047
75.35669708251953
66.72743225097656
75.72076416015625
80.00830841064453
49.50654220581055
82.61113739013672
80.9971694946289
75.78722381591797
84.64244079589844
76.80535888671875
81.8470230102539
84.63469696044922
51.31416702270508
85.05989074707031
83.08222961425781
77.70173645019531
86.7242660522461
78.90281677246094
84.40107727050781
87.43252563476562
56.078399658203125
88.68962097167969
87.24229431152344
82.02220916748047
91.3417739868164
84.21580505371094
89.18019104003906
91.8433609008789
64.38847351074219
90.50057220458984
87.55751037597656
80.55152130126953
88.31555938720703
79.32263946533203
83.17092895507812
84.517333984375
49.18988800048828
82.32115173339844
78.6952896118164
72.06968688964844
79.56596374511719
71.44676208496094
75.90960693359375
77.80680084228516
51.592411041259766
77.27086639404297
74.67361450195312
68.13153076171875
76.71836853027344
66.57970428466797
74.19837188720703
76.55551147460938
59.60915756225586
76.55369567871094
73.60342407226562
68.783447265625
75.76959228515625
64.96531677246094
65.26836395263672
65.44023132324219
44.73561096191406
61.992156982421875
61.87315368652344
48.96736526489258
65.47904968261719
58.92389678955078
63.60695266723633
66.1326675415039
48.278350830078125
69.53959655761719
71.08709716796875
67.35027313232422
77.41287231445312
70.66439819335938
77.6744613647461
81.95024871826172
57.66267776489258
87.06613159179688
86.2635498046875
81.4298324584961
89.29337310791016
80.52910614013672
85.07476043701172
86.88583374023438
54.78334045410156
86.94518280029297
84.5160140991211
79.49516296386719
88.42030334472656
80.40421295166016
86.5684814453125
89.42760467529297
56.094486236572266
90.72591400146484
89.3058090209961
84.47392272949219
93.31419372558594
85.20858764648438
89.73057556152344
91.29405212402344
49.98979568481445
89.39620208740234
85.73240661621094
79.85297393798828
87.17318725585938
78.08660888671875
83.75011444091797
86.24736022949219
53.100406646728516
86.85377502441406
84.79887390136719
79.83451843261719
87.63465881347656
79.29366302490234
84.27276611328125
86.27650451660156
54.926368713378906
85.95870971679688
83.61267852783203
78.38304138183594
86.89155578613281
78.90200805664062
83.83827209472656
86.58589172363281
51.964874267578125
87.72409057617188
86.05802917480469
81.08869171142578
90.47129821777344
83.27239227294922
89.61631774902344
92.6808090209961
49.592559814453125
92.71380615234375
89.32195281982422
82.85104370117188
89.01802825927734
78.72634887695312
82.52186584472656
83.26911926269531
55.52604293823242
80.06098937988281
76.10787200927734
69.97663879394531
76.50218200683594
67.13761138916016
69.39234161376953
70.80599975585938
49.91436767578125
70.04861450195312
67.98773193359375
65.3888168334961
73.8966064453125
68.97515106201172
74.64439392089844
78.73025512695312
55.2271842956543
81.18551635742188
80.18850708007812
74.84230041503906
82.17829132080078
72.67706298828125
77.83419799804688
78.98035430908203
50.283721923828125
78.49019622802734
76.32494354248047
71.10774230957031
77.83000183105469
68.47364044189453
73.22171783447266
75.43282318115234
51.052310943603516
75.28898620605469
73.24658966064453
68.8010025024414
74.46977233886719
67.37748718261719
72.75833129882812
75.69451904296875
51.32749938964844
79.61133575439453
79.21327209472656
76.03269958496094
86.03076934814453
79.04139709472656
85.0137710571289
87.35735321044922
49.202491760253906
86.07955932617188
82.59327697753906
75.49382019042969
83.65093994140625
74.81298065185547
79.5677490234375
80.52934265136719
51.80988693237305
79.22583770751953
75.874267578125
70.64156341552734
77.2596664428711
68.58753204345703
73.41980743408203
74.8360595703125
51.53461456298828
77.08639526367188
76.30171966552734
74.01461029052734
84.32283782958984
77.41764831542969
82.68913269042969
85.28137969970703
54.26910400390625
85.12528991699219
82.57292938232422
76.65036010742188
85.07730865478516
76.05978393554688
81.42742156982422
83.70011901855469
45.81106185913086
83.7793960571289
82.0401382446289
76.51765441894531
84.77851867675781
77.11238098144531
82.00492858886719
84.45472717285156
48.6907844543457
84.39153289794922
82.09242248535156
77.4034652709961
85.18102264404297
77.20240783691406
82.7394790649414
85.29676055908203
38.999969482421875
85.80702209472656
83.65133666992188
78.87881469726562
87.41524505615234
79.42212677001953
84.91867065429688
87.77335357666016
52.69935607910156
88.86383819580078
87.03244018554688
82.19827270507812
91.41336822509766
83.501708984375
88.73942565917969
90.85059356689453
53.36738204956055
88.08500671386719
83.67649841308594
76.68787384033203
82.89445495605469
72.47771453857422
78.3284912109375
80.863037109375
53.53179168701172
82.49272918701172
81.1569595336914
77.42292785644531
86.63333129882812
79.1376953125
85.17674255371094
88.20010375976562
44.47566223144531
89.93443298339844
88.62336730957031
84.57499694824219
93.83240509033203
86.46080780029297
92.18942260742188
94.9345932006836
48.426639556884766
94.44031524658203
91.52323913574219
85.39762878417969
93.25827026367188
84.22706604003906
89.0926742553711
90.98656463623047
32.19088363647461
91.13753509521484
89.23651123046875
84.30826568603516
92.82719421386719
84.63674926757812
89.67878723144531
92.22239685058594
47.445777893066406
92.42375183105469
90.32901000976562
84.8936996459961
93.48423767089844
84.74431610107422
89.22494506835938
90.18421173095703
50.8259391784668
85.8514404296875
80.76820373535156
72.85407257080078
78.34829711914062
65.94169616699219
67.9522933959961
68.1152114868164
41.907005310058594
66.52555847167969
67.48870086669922
63.64916229248047
72.66557312011719
65.49496459960938
71.73310852050781
74.07786560058594
33.988155364990234
74.53644561767578
71.84359741210938
65.07440185546875
68.74238586425781
56.773399353027344
67.27172088623047
70.6568374633789
56.45713424682617
72.89764404296875
71.23949432373047
66.9274673461914
74.35028839111328
65.74449920654297
72.52452850341797
74.7696762084961
48.04046630859375
75.4991683959961
73.91595458984375
68.83214569091797
77.02043151855469
69.60636138916016
73.73812103271484
76.27495574951172
48.08102035522461
76.48300170898438
75.58745574951172
70.2162094116211
79.38931274414062
71.95148468017578
76.39663696289062
76.97126770019531
55.15667724609375
74.62215423583984
72.28286743164062
68.12480163574219
76.47062683105469
68.79875183105469
73.4615249633789
75.68062591552734
52.81884002685547
74.590576171875
73.13121032714844
69.58477783203125
77.71256256103516
70.88565826416016
76.04722595214844
79.10218048095703
42.11227798461914
80.17713928222656
78.35673522949219
73.6454086303711
82.62849426269531
75.09366607666016
79.42984008789062
81.30938720703125
52.0893440246582
79.90241241455078
77.18255615234375
72.35873413085938
81.14808654785156
