68.37625122070312
73.07095336914062
76.46136474609375
53.391605377197266
79.37150573730469
77.81108093261719
74.48998260498047
84.2862319946289
76.85009765625
81.87047576904297
82.26692962646484
58.59528732299805
78.13340759277344
73.41546630859375
64.4515609741211
71.86444091796875
62.482139587402344
63.66587829589844
55.64143753051758
54.293888092041016
64.16316223144531
55.8364143371582
60.941993713378906
69.15196990966797
63.813209533691406
71.98072814941406
76.40119171142578
54.66353225708008
80.21229553222656
79.82975006103516
74.87191772460938
81.34077453613281
70.20714569091797
75.10552978515625
75.42375183105469
50.1970329284668
73.42668151855469
69.54037475585938
66.1941909790039
69.8284683227539
60.71723175048828
65.54207611083984
68.82752227783203
40.65026092529297
65.5945816040039
63.46416091918945
57.16640090942383
65.61544036865234
54.29059600830078
63.73859786987305
64.24563598632812
51.643943786621094
67.77130126953125
65.563720703125
60.87915802001953
70.40168762207031
62.552974700927734
65.6510238647461
70.80662536621094
51.33599853515625
70.21797180175781
67.64007568359375
64.34910583496094
70.85530853271484
63.25212478637695
68.49747467041016
70.65081787109375
54.56203842163086
70.9640884399414
68.88858795166016
64.60767364501953
71.714599609375
62.45416259765625
70.77583312988281
72.61282348632812
47.262229919433594
73.9005355834961
71.41675567626953
67.95777130126953
76.63067626953125
68.21387481689453
75.95327758789062
79.4685287475586
59.86821746826172
82.77093505859375
82.14534759521484
78.20260620117188
87.30533599853516
79.00251770019531
84.23733520507812
86.57622528076172
46.60007858276367
85.7844467163086
82.92776489257812
76.51383209228516
83.34830474853516
72.65743255615234
76.16505432128906
76.06977844238281
43.899234771728516
76.24125671386719
74.38147735595703
68.90464782714844
78.71562957763672
70.72962188720703
77.13438415527344
79.51776885986328
53.90986251831055
80.76667785644531
78.5123291015625
73.74131774902344
82.6297607421875
75.30027770996094
80.4469985961914
83.20558166503906
55.299922943115234
84.32321166992188
81.91875457763672
77.04434204101562
85.85822296142578
78.51266479492188
83.62666320800781
86.31057739257812
48.99381637573242
87.04222869873047
85.753173828125
80.2625732421875
89.5307846069336
82.45858001708984
87.90791320800781
90.91515350341797
58.870216369628906
92.35811614990234
90.92989349365234
86.2035903930664
95.0314712524414
87.06755065917969
91.69538116455078
93.66241455078125
58.60757064819336
93.0868148803711
90.66676330566406
84.54244232177734
92.65955352783203
83.8695297241211
88.38880157470703
89.88812255859375
46.60488510131836
89.10847473144531
86.11318969726562
79.43464660644531
84.87921142578125
73.323486328125
76.3066635131836
76.06150817871094
53.96869659423828
71.36563873291016
68.04938507080078
60.09672164916992
68.70238494873047
59.3577995300293
61.1611442565918
66.11833190917969
51.05436325073242
65.55021667480469
66.55038452148438
60.783485412597656
69.61466217041016
61.92658233642578
68.40957641601562
70.76178741455078
51.47698211669922
72.9229736328125
70.06122589111328
65.2480697631836
75.00501251220703
66.3858413696289
73.27875518798828
72.74381256103516
47.02998733520508
71.91903686523438
68.86107635498047
63.60429763793945
71.58421325683594
66.02798461914062
70.2147445678711
72.71821594238281
53.885475158691406
73.10946655273438
70.87793731689453
64.6929931640625
74.47758483886719
67.8185043334961
71.70659637451172
74.50929260253906
55.26504898071289
73.6757583618164
72.26748657226562
67.04602813720703
73.92780303955078
66.17118835449219
71.58906555175781
74.60321807861328
39.93913650512695
78.52784729003906
77.51219177246094
73.22309875488281
81.8317642211914
73.89754486083984
79.30789184570312
81.8796615600586
47.80801773071289
82.5689468383789
80.28336334228516
74.90478515625
84.05159759521484
76.31602478027344
81.41097259521484
84.65178680419922
57.26175308227539
85.49102783203125
84.01480102539062
78.92182922363281
88.18449401855469
80.77604675292969
86.32411193847656
89.67919921875
54.3117561340332
89.82243347167969
87.0598373413086
80.46988677978516
88.13800811767578
78.98178100585938
83.01388549804688
84.41668701171875
55.571388244628906
82.55059814453125
79.0562515258789
71.29149627685547
79.58389282226562
70.66985321044922
75.27397918701172
76.5602798461914
50.84138870239258
75.8709487915039
73.18124389648438
67.588134765625
75.8971176147461
67.95600128173828
72.43421173095703
74.65213012695312
51.3685302734375
74.68814086914062
72.1980972290039
68.98162841796875
76.08788299560547
66.31309509277344
71.11357116699219
69.66177368164062
49.253883361816406
63.07370376586914
57.49284744262695
54.41545104980469
63.5185661315918
54.16548156738281
54.1260986328125
64.63284301757812
55.59952926635742
68.318603515625
69.4512939453125
67.17948150634766
75.00515747070312
67.5545425415039
75.65241241455078
80.52813720703125
50.991207122802734
85.58724975585938
85.48658752441406
81.23406982421875
89.44281768798828
80.18843841552734
84.92253875732422
87.1668472290039
50.7066535949707
86.68598937988281
84.2934799194336
79.16761779785156
87.99978637695312
80.3101577758789
86.21498107910156
88.91516876220703
44.19430160522461
90.31416320800781
88.409423828125
83.08758544921875
91.44705963134766
82.53479766845703
86.8382797241211
88.05420684814453
44.99428176879883
85.47242736816406
81.97654724121094
75.75161743164062
83.0319595336914
74.04722595214844
79.74903869628906
82.28436279296875
48.861331939697266
84.5080337524414
82.97451782226562
78.96986389160156
87.27394104003906
78.67308044433594
84.20299530029297
86.19274139404297
47.1502799987793
86.06909942626953
83.44094848632812
77.78778076171875
86.6146240234375
78.65194702148438
83.4300765991211
85.8804931640625
44.07167053222656
86.75638580322266
85.29133605957031
80.12555694580078
89.33523559570312
81.5817642211914
88.25823211669922
91.49757385253906
45.498260498046875
92.16580200195312
89.00012969970703
82.21771240234375
88.77860260009766
78.60552215576172
82.03253936767578
82.92851257324219
40.855464935302734
79.90597534179688
75.57764434814453
69.40185546875
75.78069305419922
65.75215148925781
68.46142578125
71.39146423339844
44.25547790527344
67.63788604736328
66.919921875
61.347442626953125
71.4151382446289
67.49858856201172
72.9093017578125
77.04264831542969
57.03162384033203
79.47852325439453
78.76412200927734
74.48199462890625
83.06742095947266
74.75302124023438
78.83584594726562
80.04861450195312
44.02016067504883
77.83908081054688
74.08460235595703
68.97172546386719
75.28950500488281
64.95865631103516
70.89678192138672
73.11505126953125
51.47384262084961
73.42474365234375
71.46251678466797
63.287879943847656
74.15126037597656
67.31826782226562
73.80976104736328
78.40583038330078
54.45566177368164
81.98486328125
81.54431915283203
77.6446533203125
87.68232727050781
80.45281219482422
85.70268249511719
87.48117065429688
42.28302001953125
85.57312774658203
82.52718353271484
75.72896575927734
83.54637145996094
74.55127716064453
79.30677795410156
80.67176818847656
46.04730224609375
79.40219116210938
75.71063995361328
70.3125228881836
77.81410217285156
67.2619857788086
73.58123779296875
74.53237915039062
54.63313674926758
76.13168334960938
76.22603607177734
73.03663635253906
83.6101303100586
76.79861450195312
82.60863494873047
85.23995208740234
50.41899490356445
84.84733581542969
82.62750244140625
75.96012878417969
84.93985748291016
76.4789810180664
81.10823822021484
83.58685302734375
52.22886276245117
83.6304702758789
81.14998626708984
75.85684204101562
84.17974853515625
76.01322174072266
81.1858139038086
83.67576599121094
45.34391784667969
83.64374542236328
81.0610122680664
76.60493469238281
84.60578155517578
76.49850463867188
82.00640869140625
84.63443756103516
54.742496490478516
85.28734588623047
83.187255859375
77.9974136352539
86.81393432617188
79.1175308227539
83.96875
87.32247161865234
50.288021087646484
88.0208740234375
86.3507308959961
81.39611053466797
90.47799682617188
82.69049835205078
88.22288513183594
90.78437805175781
52.372589111328125
89.22080993652344
85.1436996459961
78.25630950927734
84.40247344970703
74.14876556396484
78.13240051269531
79.99555969238281
51.72370910644531
81.04939270019531
79.78239440917969
75.45496368408203
85.3438491821289
78.07185363769531
83.97040557861328
87.71000671386719
41.86441421508789
89.469970703125
88.3879165649414
84.17628479003906
93.50736236572266
85.89149475097656
91.88618469238281
94.40318298339844
49.556087493896484
93.93749237060547
91.0146484375
85.02019500732422
92.7464599609375
83.69774627685547
88.505615234375
90.2909927368164
46.87834548950195
90.28365325927734
88.31959533691406
83.78564453125
92.2334213256836
84.08528137207031
89.36359405517578
91.70844268798828
37.684627532958984
91.86455535888672
89.6868896484375
84.41666412353516
92.80480194091797
84.18415069580078
89.14154052734375
90.25592041015625
55.82537841796875
86.0939712524414
81.23958587646484
73.12113189697266
78.62297058105469
65.6809310913086
68.57278442382812
68.24256134033203
46.3625602722168
67.62994384765625
69.44916534423828
64.305908203125
73.67158508300781
65.8669204711914
72.9603500366211
75.50550079345703
51.668922424316406
76.46202850341797
73.97199249267578
68.27466583251953
73.84188842773438
60.16574478149414
68.4107437133789
70.87369537353516
53.14753341674805
71.45758819580078
68.60214233398438
63.06287384033203
72.39554595947266
66.6163101196289
70.16577911376953
73.1314697265625
48.965065002441406
73.61216735839844
71.87445068359375
66.54888153076172
74.12667083740234
67.5320053100586
70.75261688232422
74.65814208984375
54.026363372802734
76.49260711669922
75.73851776123047
70.35034942626953
79.67009735107422
71.6423568725586
76.96292877197266
77.99212646484375
45.463356018066406
75.62234497070312
73.16216278076172
68.39954376220703
76.64617156982422
69.21827697753906
72.86720275878906
74.13735961914062
46.52631759643555
74.11712646484375
73.4696273803711
67.99675750732422
76.94050598144531
68.0790786743164
75.04130554199219
77.88787078857422
40.07550811767578
79.21239471435547
77.64351654052734
72.28915405273438
80.98534393310547
72.90660858154297
77.9532470703125
79.38135528564453
57.59683609008789
78.5206527709961
76.01245880126953
71.63949584960938
80.5707778930664
