61.36354064941406
70.53886413574219
73.35814666748047
54.18757629394531
74.61664581298828
73.90275573730469
70.83352661132812
80.45785522460938
74.07647705078125
78.955322265625
79.89051055908203
48.7039794921875
76.20539855957031
73.20406341552734
63.05118179321289
70.25092315673828
59.6206169128418
63.44939422607422
61.52254104614258
41.005516052246094
54.086204528808594
52.02931213378906
41.27067184448242
59.64270782470703
54.35860061645508
63.808982849121094
69.82526397705078
50.428993225097656
74.94711303710938
73.86597442626953
70.46260833740234
79.51628112792969
69.49337005615234
75.25484466552734
75.95365142822266
57.928504943847656
70.77012634277344
66.94023132324219
64.52401733398438
68.63700103759766
58.74228286743164
62.117218017578125
64.91104125976562
45.50138854980469
65.06382751464844
61.16984176635742
55.177391052246094
65.98181915283203
53.69438552856445
62.1249885559082
64.47101593017578
44.544071197509766
63.99134826660156
62.05361557006836
55.248939514160156
65.0994873046875
55.73117446899414
64.2059097290039
65.68082427978516
54.15673065185547
64.19525146484375
62.15386962890625
58.33623504638672
67.27220153808594
62.99275588989258
62.56853103637695
67.5315933227539
47.646236419677734
68.05120849609375
66.16558074951172
59.361698150634766
69.08382415771484
61.33898162841797
67.12055969238281
69.84148406982422
49.898963928222656
68.53080749511719
67.37088012695312
62.505638122558594
72.33706665039062
65.36564636230469
71.49718475341797
74.20697784423828
54.4671516418457
76.32836151123047
75.7693099975586
72.13275909423828
81.40611267089844
73.35540008544922
79.06047058105469
81.0972671508789
46.212074279785156
80.5850601196289
77.07367706298828
71.01651000976562
76.86564636230469
66.18132019042969
71.04663848876953
72.77688598632812
46.92563247680664
74.99339294433594
73.35539245605469
66.42797088623047
75.42893981933594
66.0439224243164
74.56717681884766
77.17813110351562
44.17854309082031
77.52210235595703
75.6241226196289
71.36597442626953
79.56041717529297
72.4006118774414
77.4783706665039
80.35761260986328
48.666263580322266
81.3602523803711
79.71099090576172
75.3570556640625
83.95178985595703
76.6090087890625
81.95447540283203
85.01586151123047
54.19944381713867
86.75098419189453
85.31753540039062
80.21454620361328
89.76708221435547
82.58018493652344
89.0990219116211
92.42914581298828
56.77680587768555
93.60022735595703
91.71172332763672
85.18804168701172
92.92206573486328
83.13916778564453
85.9356918334961
85.81875610351562
50.189964294433594
79.73136138916016
75.4019546508789
69.46575927734375
77.667236328125
71.30958557128906
75.83829498291016
79.43096923828125
53.58748245239258
79.22621154785156
75.47859954833984
69.2792739868164
74.98538208007812
65.89904022216797
67.93904876708984
69.43905639648438
48.90094757080078
69.50133514404297
67.49024963378906
59.66172409057617
70.2205581665039
60.11787414550781
67.85350799560547
69.63762664794922
46.37350845336914
69.47929382324219
67.25399780273438
61.9049186706543
70.71161651611328
63.3708381652832
66.84939575195312
70.60295104980469
42.448707580566406
70.35807800292969
67.70796203613281
63.611549377441406
70.89046478271484
63.111000061035156
69.20195770263672
71.7813491821289
40.517051696777344
74.18461608886719
71.42485046386719
66.5803451538086
75.01602172851562
65.97037506103516
72.19896697998047
74.47352600097656
45.31964111328125
74.28937530517578
72.31909942626953
68.06719970703125
74.87679290771484
66.5905990600586
71.88514709472656
74.24605560302734
49.030364990234375
73.6067886352539
70.79129791259766
65.05590057373047
74.46426391601562
67.90855407714844
74.68116760253906
78.69990539550781
45.890777587890625
80.35118103027344
78.2944107055664
72.70738220214844
81.47113037109375
73.54871368408203
78.96046447753906
81.72721862792969
48.70478820800781
82.13025665283203
80.18754577636719
75.3446273803711
84.12370300292969
76.69115447998047
82.09315490722656
84.94232940673828
53.63549041748047
86.03777313232422
84.54554748535156
79.5655288696289
88.80460357666016
81.10223388671875
85.82304382324219
88.01799011230469
54.635868072509766
86.14279174804688
82.72738647460938
76.15296936035156
83.62696838378906
74.79959106445312
78.72765350341797
80.01160430908203
47.63151550292969
77.38316345214844
74.00047302246094
67.0157470703125
75.10872650146484
66.03350067138672
71.3568344116211
73.5663833618164
44.292728424072266
72.74017333984375
70.40763092041016
63.642616271972656
72.89713287353516
62.760562896728516
69.82270812988281
72.4923095703125
42.14781951904297
72.42733764648438
70.10408782958984
64.57797241210938
69.27867889404297
58.228294372558594
57.710365295410156
60.37797546386719
41.726539611816406
60.33106994628906
57.243247985839844
52.274105072021484
61.48519515991211
50.69132995605469
63.38650131225586
65.5273208618164
41.85924530029297
68.32022857666016
66.47509765625
62.08594512939453
72.9460678100586
66.38384246826172
74.8042984008789
79.13619232177734
51.98371887207031
83.23974609375
81.49493408203125
77.19697570800781
84.43073272705078
75.83518981933594
80.16220092773438
82.30438995361328
47.050907135009766
82.62007141113281
80.18438720703125
75.0638198852539
83.93494415283203
75.9983901977539
81.97512817382812
84.97057342529297
51.82590866088867
86.91275787353516
85.36612701416016
80.5616455078125
89.73739624023438
81.85801696777344
87.12030029296875
88.88692474365234
43.82429122924805
87.17994689941406
83.92395782470703
77.17556762695312
84.833984375
75.62678527832031
80.94795227050781
82.6650390625
38.15571975708008
82.18670654296875
80.09476470947266
74.95266723632812
83.23477935791016
74.82808685302734
79.6381607055664
81.85211181640625
49.01035690307617
81.90528106689453
79.87097930908203
74.38274383544922
82.84764099121094
74.65802764892578
80.20574951171875
82.93649291992188
46.19047164916992
84.02600860595703
82.29976654052734
77.94686126708984
86.96510314941406
79.6630630493164
85.99253845214844
89.1008529663086
48.166038513183594
89.05414581298828
85.54825592041016
78.6812744140625
85.4978256225586
75.39543151855469
78.63836669921875
79.48360443115234
44.80173873901367
76.89710235595703
73.10469055175781
64.48751831054688
72.34828186035156
63.217586517333984
67.7372055053711
68.5513916015625
47.05164337158203
67.57682037353516
65.45940399169922
61.44978332519531
72.31460571289062
65.93644714355469
71.70318603515625
75.93961334228516
48.781429290771484
77.80856323242188
75.46795654296875
68.41215515136719
76.41387176513672
68.02398681640625
72.92589569091797
75.69853973388672
54.683292388916016
77.03388214111328
75.00318908691406
69.83506774902344
78.12046813964844
69.73928833007812
74.80938720703125
76.50308990478516
50.34774398803711
75.51519012451172
73.46044921875
67.5307388305664
74.78643035888672
65.14893341064453
68.70772552490234
68.98578643798828
45.509605407714844
68.9290542602539
67.66459655761719
60.57097244262695
71.55850219726562
64.231689453125
73.5960464477539
78.1723861694336
52.47520446777344
80.42522430419922
78.40533447265625
72.38401794433594
79.5545883178711
70.20555114746094
74.75823974609375
75.56708526611328
50.13486099243164
73.9587173461914
70.56449127197266
64.22686004638672
72.15946197509766
63.57416534423828
67.01289367675781
69.55175018310547
49.70499038696289
74.45527648925781
73.89969635009766
70.22273254394531
80.0870132446289
72.97576141357422
78.53507995605469
81.23091125488281
45.30602264404297
80.98128509521484
78.38958740234375
72.62992095947266
80.745849609375
71.83358764648438
77.194580078125
79.40658569335938
41.54499053955078
79.7340316772461
77.44142150878906
72.78619384765625
81.01714324951172
73.11033630371094
77.77906799316406
80.08063507080078
47.855552673339844
80.33911895751953
77.79395294189453
72.63297271728516
80.94538879394531
72.80521392822266
78.45606994628906
81.16651153564453
40.021141052246094
81.88079833984375
79.99797058105469
74.41654968261719
83.26538848876953
75.50798797607422
81.0593032836914
84.10128784179688
47.50617980957031
84.9676742553711
83.31429290771484
78.91629028320312
87.48567199707031
79.50146484375
84.40196990966797
85.78799438476562
51.607669830322266
82.19697570800781
77.6076889038086
70.80951690673828
77.30842590332031
68.23456573486328
74.1549072265625
76.67952728271484
48.494285583496094
79.20992279052734
77.88713836669922
72.69224548339844
82.87275695800781
75.12155151367188
81.7614974975586
84.9066162109375
42.67303466796875
85.62406921386719
83.75271606445312
79.0781021118164
88.7927017211914
81.49169921875
87.60066986083984
90.59453582763672
52.83627700805664
90.60247039794922
87.91940307617188
82.03369140625
89.77293395996094
80.89388275146484
85.46610260009766
87.37255859375
49.43019485473633
87.31202697753906
85.22351837158203
80.42030334472656
88.70352935791016
80.57810974121094
85.44266510009766
88.09578704833984
52.632415771484375
88.33909606933594
86.2495346069336
80.92523193359375
89.26046752929688
80.46416473388672
84.87645721435547
85.63680267333984
52.10536193847656
81.1529312133789
76.24657440185547
67.94641876220703
74.21692657470703
61.40362548828125
65.91903686523438
64.25148010253906
42.7848014831543
60.794090270996094
61.84801483154297
57.7930908203125
66.85104370117188
58.07027816772461
65.76335144042969
68.19401550292969
49.600440979003906
68.47127532958984
64.12266540527344
52.82728958129883
51.61526107788086
51.863243103027344
65.5181655883789
69.26469421386719
49.455570220947266
70.6338882446289
69.30082702636719
61.792293548583984
72.18323516845703
64.49759674072266
69.5681381225586
72.57719421386719
51.44742202758789
72.920166015625
70.5937728881836
66.6585922241211
74.83204650878906
65.7605209350586
70.80613708496094
73.17811584472656
44.935298919677734
72.14144134521484
69.85769653320312
64.83695220947266
72.78377532958984
64.55821990966797
69.88459777832031
70.52854919433594
46.98400115966797
68.87504577636719
67.15776062011719
64.47230529785156
71.88465118408203
64.93607330322266
69.84870147705078
72.62591552734375
37.67817687988281
72.08993530273438
70.37467193603516
66.39854431152344
74.50263977050781
66.78751373291016
72.50634002685547
75.46910095214844
34.31995391845703
76.97976684570312
75.32256317138672
70.10173034667969
79.45909881591797
71.80426788330078
76.79421997070312
78.91612243652344
51.64556884765625
77.2480697631836
74.26744079589844
67.40131378173828
76.43402862548828
