66.73873901367188
72.91261291503906
76.2679443359375
52.56993865966797
79.58729553222656
77.86734008789062
73.81153106689453
83.99241638183594
76.00822448730469
81.31959533691406
81.41609191894531
47.81499481201172
76.68783569335938
72.55665588378906
60.93310546875
70.05307006835938
59.54058837890625
62.191802978515625
62.1411018371582
52.420108795166016
60.69805145263672
60.42438888549805
55.439369201660156
68.14149475097656
61.7125244140625
72.05182647705078
76.43667602539062
56.267066955566406
80.49113464355469
78.94235229492188
73.86052703857422
80.6295394897461
71.26641845703125
73.73692321777344
74.0370864868164
54.001564025878906
71.75962829589844
66.80394744873047
61.05221939086914
69.1500244140625
60.77799606323242
65.58750915527344
66.29029083251953
52.78926086425781
66.55632781982422
63.09881591796875
60.09377670288086
63.18144226074219
62.20919418334961
65.47083282470703
62.76481628417969
48.469722747802734
63.68324661254883
66.11014556884766
58.86595916748047
67.38251495361328
60.43671417236328
63.38039016723633
67.65493774414062
49.87942886352539
68.56271362304688
66.22478485107422
55.38400650024414
68.8037338256836
61.934635162353516
68.7269058227539
69.59397888183594
48.1524543762207
70.294677734375
67.84526824951172
64.0887680053711
72.77812194824219
65.7269515991211
70.25737762451172
72.40478515625
54.752967834472656
73.33990478515625
71.8021240234375
68.83857727050781
76.29386138916016
69.23079681396484
75.71836853027344
79.57369995117188
53.99346923828125
82.9321060180664
82.67823028564453
77.9747543334961
87.34502410888672
78.81441497802734
84.44094848632812
86.2721939086914
51.9781379699707
85.28993225097656
82.76305389404297
76.42601013183594
83.49434661865234
73.56464385986328
75.97874450683594
76.58370208740234
45.376346588134766
75.14738464355469
73.56959533691406
70.2115478515625
78.16695404052734
70.2118911743164
76.49479675292969
79.18881225585938
31.835926055908203
80.18925476074219
77.96630859375
72.48418426513672
81.9108657836914
73.8190689086914
79.45343017578125
82.19972229003906
51.22321319580078
82.81536102294922
80.94122314453125
76.00572967529297
84.69893646240234
77.25493621826172
82.57990264892578
85.11339569091797
51.55644226074219
85.90322875976562
83.97645568847656
79.01909637451172
88.29916381835938
80.30561828613281
86.38546752929688
89.05691528320312
57.15349197387695
90.72483825683594
89.18775939941406
84.44570922851562
93.50738525390625
86.31013488769531
92.18253326416016
95.05592346191406
55.12062072753906
95.43893432617188
93.10420227050781
87.19912719726562
95.1452407836914
86.08631896972656
90.90535736083984
92.31792449951172
64.69432067871094
91.21145629882812
88.07381439208984
82.2027587890625
87.41297149658203
76.30773162841797
78.20266723632812
76.79161834716797
51.43535614013672
69.5118637084961
63.13985824584961
62.39643859863281
66.42668151855469
59.14785385131836
58.82973861694336
64.14676666259766
54.394283294677734
64.80921936035156
64.49849700927734
61.173667907714844
68.87167358398438
62.06676483154297
67.6073226928711
71.39680480957031
43.358524322509766
73.45460510253906
71.53388214111328
67.1818618774414
76.6473159790039
70.54298400878906
74.25526428222656
76.7430191040039
47.23688507080078
72.27129364013672
69.22086334228516
55.07583999633789
67.69375610351562
58.4803581237793
66.7818374633789
69.86872863769531
45.98723602294922
68.1056900024414
68.39450073242188
62.90427780151367
73.09515380859375
63.166236877441406
68.87007904052734
71.89983367919922
30.24478530883789
71.7060546875
69.8386001586914
65.09620666503906
71.0497817993164
63.294227600097656
69.51504516601562
72.77080535888672
51.318756103515625
77.1804428100586
75.94862365722656
71.60264587402344
80.71404266357422
73.17982482910156
78.38298797607422
80.85990142822266
43.46958541870117
81.66207885742188
79.50283813476562
74.43458557128906
83.05043029785156
75.75640106201172
81.26443481445312
83.93115234375
45.50161361694336
84.99800872802734
83.09161376953125
78.15229034423828
87.68563079833984
80.09077453613281
86.19886779785156
89.35039520263672
50.277984619140625
89.4610824584961
86.6578140258789
80.37489318847656
87.6530990600586
78.40725708007812
82.37934875488281
84.07804107666016
53.483665466308594
82.03868103027344
78.72883605957031
71.60891723632812
79.34608459472656
70.96953582763672
75.87439727783203
77.49504089355469
46.46339797973633
75.78787994384766
73.21699523925781
68.8833236694336
75.28199768066406
68.00401306152344
72.6941146850586
74.65523529052734
51.96044921875
74.79804229736328
73.2169189453125
67.45518493652344
76.48832702636719
67.21914672851562
70.62353515625
71.55968475341797
50.86310577392578
67.64027404785156
61.89848327636719
49.1049919128418
60.42766571044922
56.5510139465332
56.74087142944336
61.26456069946289
50.923095703125
68.49861145019531
66.64657592773438
62.83222579956055
74.17243957519531
67.73741149902344
73.97686004638672
77.9586410522461
57.2404670715332
84.18433380126953
84.36320495605469
79.83223724365234
88.99324798583984
80.00969696044922
85.41635131835938
87.13379669189453
47.35514450073242
86.40078735351562
84.01557159423828
79.34326171875
87.64514923095703
79.60687255859375
85.53326416015625
88.35248565673828
30.432151794433594
89.4178237915039
87.66107940673828
81.94920349121094
90.1553726196289
80.83982849121094
85.22200012207031
86.251953125
37.64421081542969
83.87144470214844
81.30034637451172
76.03305053710938
85.13927459716797
77.75987243652344
83.77562713623047
87.23743438720703
46.92460632324219
87.98866271972656
85.44091033935547
79.91809844970703
87.71942901611328
78.5909652709961
83.82520294189453
85.69879913330078
54.22908401489258
85.2811050415039
83.4000244140625
77.36412048339844
85.74376678466797
76.71194458007812
82.8936996459961
85.5013427734375
55.49558639526367
86.0045394897461
84.24790954589844
79.77579498291016
88.57866668701172
80.72151184082031
87.60295104980469
90.77474975585938
56.705528259277344
91.42478942871094
88.28782653808594
82.45683288574219
88.79144287109375
78.58294677734375
81.71550750732422
82.14390563964844
51.06098937988281
79.2109603881836
75.48531341552734
67.9397201538086
74.81083679199219
64.27572631835938
68.74765014648438
69.89762115478516
52.91781997680664
66.79325866699219
63.38737487792969
64.15916442871094
71.30184936523438
66.02549743652344
70.69657135009766
74.05453491210938
46.608585357666016
77.4906234741211
76.51033020019531
72.35459899902344
81.47714233398438
73.95528411865234
78.95065307617188
80.4078140258789
56.25975799560547
77.82601165771484
75.1678695678711
67.10392761230469
73.76582336425781
64.68731689453125
70.0846939086914
72.16020965576172
53.43515396118164
71.06249237060547
70.238037109375
64.43242645263672
75.40369415283203
70.5087661743164
77.14108276367188
82.07603454589844
49.38963317871094
86.16131591796875
85.2379150390625
80.80774688720703
89.51895141601562
80.55757141113281
85.66272735595703
87.02814483642578
53.69929122924805
84.88712310791016
81.72242736816406
75.95878601074219
83.29093933105469
74.11520385742188
78.68140411376953
80.2955322265625
48.97218322753906
79.37062072753906
76.64793395996094
70.27880096435547
77.57630920410156
67.35565185546875
73.98680114746094
74.88638305664062
40.07658767700195
75.16738891601562
74.54359436035156
71.40583038330078
82.23384857177734
75.7491683959961
81.90525817871094
84.80794525146484
52.88993453979492
84.57913208007812
81.86544799804688
76.4329605102539
84.26824951171875
75.7930908203125
80.65677642822266
82.83819580078125
53.76126480102539
83.1055679321289
80.74299621582031
75.69786834716797
84.02951049804688
75.5907211303711
81.10999298095703
83.26202392578125
34.3958740234375
83.33328247070312
81.10821533203125
75.63046264648438
84.28651428222656
76.17048645019531
81.56217956542969
83.93283081054688
45.496253967285156
84.68883514404297
82.59852600097656
77.48773956298828
86.12108612060547
78.05567932128906
83.83342742919922
86.32733917236328
49.26405334472656
87.4130630493164
85.59398651123047
81.0246810913086
89.64871978759766
82.0590591430664
87.6485366821289
90.40157318115234
34.07877731323242
89.53053283691406
86.01889038085938
79.1153335571289
85.33619689941406
75.04256439208984
78.38459014892578
79.81105041503906
48.824073791503906
80.74480438232422
79.45294189453125
75.22360229492188
84.55685424804688
77.57209014892578
83.82412719726562
87.30709838867188
53.91916275024414
89.25138092041016
88.08731079101562
84.14281463623047
93.2073745727539
85.71206665039062
91.4029312133789
93.9074478149414
43.75728225708008
93.19780731201172
90.34003448486328
84.28373718261719
91.96587371826172
82.95394897460938
87.48146057128906
89.50724792480469
51.57545471191406
89.50929260253906
87.695068359375
82.97638702392578
91.7928466796875
83.39900970458984
89.04679107666016
91.39364624023438
31.484010696411133
91.3008804321289
89.04438018798828
84.01736450195312
92.43618774414062
84.24747467041016
88.72199249267578
90.10377502441406
52.10298156738281
86.37639617919922
81.79743194580078
72.49092864990234
78.67347717285156
67.97998809814453
70.30352783203125
68.95905303955078
48.211456298828125
68.90985107421875
68.08653259277344
62.08209228515625
73.99176025390625
65.7940444946289
71.31280517578125
75.12722778320312
47.054473876953125
76.02071380615234
73.513671875
68.25409698486328
77.36473846435547
67.83039093017578
73.36077117919922
73.9232406616211
49.76728057861328
71.4107437133789
66.42815399169922
61.262821197509766
71.0079574584961
64.93453216552734
68.1193618774414
71.2555160522461
49.90478515625
71.57723999023438
69.6702880859375
63.67378234863281
71.80562591552734
62.143699645996094
70.91484069824219
74.07586669921875
48.37724685668945
76.4897689819336
75.32292175292969
70.7685775756836
79.57969665527344
71.697021484375
76.75732421875
78.91958618164062
49.965126037597656
76.3896255493164
73.44038391113281
66.18132019042969
76.31771850585938
67.07955932617188
72.39996337890625
73.32378387451172
50.03518295288086
73.25350952148438
70.06310272216797
67.03656768798828
75.7009048461914
68.09095764160156
73.99237823486328
76.7264633178711
44.166019439697266
78.19935607910156
76.1011734008789
71.89752197265625
80.02517700195312
71.88441467285156
76.29840850830078
78.15937042236328
43.16353988647461
77.23499298095703
76.09922790527344
71.0080337524414
80.19513702392578
