63.503421783447266
68.51797485351562
72.53398895263672
44.458900451660156
75.01482391357422
74.81874084472656
70.21629333496094
80.04077911376953
72.25513458251953
78.36636352539062
79.86144256591797
49.40813064575195
76.47557067871094
71.68448638916016
65.27226257324219
70.47028350830078
60.18743133544922
56.704219818115234
59.605995178222656
53.598934173583984
54.47594451904297
45.27159118652344
55.659027099609375
62.25919723510742
59.513912200927734
63.096046447753906
69.98489379882812
42.0312385559082
75.58824157714844
75.10729217529297
71.3287582397461
78.88628387451172
68.01304626464844
73.10276794433594
73.50023651123047
53.081199645996094
69.95899200439453
66.9937973022461
59.91523361206055
65.75059509277344
56.27880096435547
63.3956184387207
65.16990661621094
51.61601257324219
64.56552124023438
58.38563537597656
41.10304641723633
62.287532806396484
53.855369567871094
59.47341537475586
61.861045837402344
44.334659576416016
62.27119445800781
62.194210052490234
59.941619873046875
64.9419937133789
54.77265930175781
61.70615768432617
63.898075103759766
54.359954833984375
66.66731262207031
63.48361587524414
59.29712677001953
67.77079010009766
59.6936149597168
65.2222900390625
66.79487609863281
51.46118927001953
67.67530059814453
66.4035873413086
61.404781341552734
68.45056915283203
60.076507568359375
67.08751678466797
68.28621673583984
42.79151916503906
69.15396881103516
67.83948516845703
61.89295959472656
71.60911560058594
63.1650390625
70.46292877197266
73.8477783203125
49.18571472167969
76.61981964111328
75.55426025390625
71.89754486083984
81.41828918457031
73.81066131591797
79.11286163330078
80.9814682006836
50.6781120300293
80.09114074707031
77.34398651123047
69.91542053222656
76.31591033935547
65.71839141845703
70.81939697265625
73.49303436279297
39.73674774169922
74.26172637939453
72.54805755615234
66.8951644897461
75.8477554321289
68.54679107666016
74.4110336303711
76.98516845703125
46.21720504760742
77.5597915649414
75.99041748046875
72.34490966796875
79.68090057373047
71.73596954345703
77.71001434326172
80.4232406616211
46.29212188720703
80.79186248779297
79.08975982666016
75.04426574707031
83.32257080078125
75.53092956542969
81.23094177246094
84.23817443847656
45.888221740722656
85.52096557617188
84.08052062988281
79.26099395751953
88.62580108642578
81.28595733642578
87.36601257324219
90.68106842041016
48.66859817504883
92.37362670898438
90.51994323730469
85.04669189453125
92.34217071533203
81.9515151977539
85.2344741821289
84.28890228271484
56.797279357910156
80.36256408691406
77.10186767578125
70.41343688964844
80.07682800292969
72.15129089355469
78.07102966308594
80.69856262207031
45.340415954589844
79.47015380859375
75.38684844970703
68.90021514892578
73.76980590820312
61.77533721923828
68.81269073486328
68.49256896972656
53.444435119628906
68.44763946533203
64.12616729736328
59.38237762451172
67.49713897705078
59.26186752319336
64.6279525756836
66.77348327636719
45.0743293762207
66.16353607177734
67.02165985107422
55.65705490112305
67.6435317993164
60.529659271240234
66.7590103149414
68.39972686767578
50.894020080566406
68.02714538574219
64.82319641113281
61.0635871887207
68.94419860839844
60.1390380859375
67.10485076904297
71.25310516357422
48.30706024169922
72.9924545288086
71.63856506347656
66.40652465820312
74.2988510131836
66.58539581298828
71.20886993408203
73.33323669433594
51.4915885925293
73.92857360839844
71.25674438476562
67.27056121826172
74.43070983886719
66.59048461914062
71.48213195800781
73.57154083251953
40.90946960449219
73.22576141357422
69.39561462402344
64.10061645507812
73.08039855957031
66.12173461914062
73.1329345703125
77.04991912841797
42.757957458496094
78.74763488769531
76.53372955322266
71.6811294555664
79.94425964355469
72.19745635986328
77.41124725341797
80.10809326171875
49.681419372558594
80.64441680908203
78.55470275878906
73.71427917480469
82.34648132324219
74.63218688964844
80.3935775756836
83.16844177246094
34.87893295288086
84.4809799194336
82.9534683227539
78.33502197265625
86.93094635009766
79.2016372680664
84.85816192626953
87.19974517822266
51.94495391845703
85.915283203125
82.56141662597656
76.2667465209961
83.70272064208984
74.17717742919922
78.41899871826172
79.82691955566406
46.26577377319336
77.24279022216797
73.3647232055664
66.4154281616211
74.4020767211914
65.65379333496094
70.38101196289062
72.48810577392578
46.14290237426758
72.23068237304688
70.52201843261719
63.81072998046875
71.95956420898438
63.241249084472656
70.35807037353516
71.48294830322266
41.161678314208984
71.56564331054688
69.35785675048828
63.48115158081055
68.97982025146484
58.98637390136719
58.5675163269043
59.19318771362305
32.926734924316406
55.68952941894531
58.28329086303711
49.74406814575195
61.472259521484375
53.21534729003906
61.28364181518555
61.98306655883789
44.492374420166016
66.46047973632812
66.52625274658203
62.6649055480957
73.09803771972656
67.03897857666016
73.66442108154297
78.19041442871094
55.75048065185547
82.69209289550781
81.82710266113281
76.88387298583984
84.40653228759766
75.46912384033203
80.35275268554688
82.21985626220703
37.603755950927734
82.37713623046875
80.19473266601562
74.59297943115234
83.94923400878906
76.30393981933594
82.17206573486328
85.21942138671875
47.983551025390625
86.75164031982422
85.14625549316406
80.35990142822266
89.06766510009766
80.63159942626953
85.26919555664062
86.64918518066406
45.63199234008789
84.56195831298828
81.18740844726562
74.78648376464844
82.29778289794922
73.21904754638672
78.09974670410156
80.1092300415039
43.08782196044922
79.88705444335938
78.16702270507812
73.67667388916016
82.10565948486328
74.42552947998047
79.37235260009766
81.79108428955078
50.70175552368164
81.58019256591797
79.34115600585938
74.41157531738281
82.3974838256836
74.35773468017578
79.6995849609375
82.35179901123047
48.01939010620117
83.61205291748047
81.87273406982422
77.20104217529297
86.47537231445312
79.20159149169922
85.39787292480469
88.52650451660156
48.376014709472656
88.24761962890625
84.86418151855469
78.1413803100586
84.44444274902344
74.75419616699219
78.29048919677734
78.75814056396484
47.9417839050293
75.34317016601562
71.32376098632812
63.9283332824707
71.10492706298828
61.60796356201172
65.50326538085938
66.05085754394531
37.97627639770508
67.09282684326172
65.71879577636719
60.78354263305664
70.61479187011719
64.53485107421875
71.47512817382812
75.45450592041016
48.40849685668945
77.82102966308594
75.33456420898438
69.63749694824219
77.4118423461914
68.03768157958984
72.9011459350586
74.5904541015625
44.4804573059082
74.81837463378906
72.5793685913086
68.00395202636719
75.20960235595703
66.9941635131836
71.72294616699219
74.3282699584961
38.919654846191406
74.28166961669922
72.0928955078125
66.70348358154297
73.10247802734375
63.61407470703125
66.79764556884766
69.6336441040039
44.785797119140625
69.93018341064453
68.45861053466797
65.03895568847656
75.8983383178711
69.6453628540039
76.75596618652344
80.58041381835938
51.98020553588867
81.2481918334961
78.38397979736328
71.8887939453125
79.08252716064453
70.08055114746094
74.62810516357422
75.95507049560547
47.82243347167969
74.40383911132812
71.24967193603516
64.33859252929688
72.50399780273438
63.28560256958008
68.60316467285156
70.0365219116211
49.44412612915039
73.00513458251953
72.41493225097656
69.12877655029297
79.62184143066406
72.76158142089844
78.36741638183594
81.19917297363281
47.9547004699707
80.98075103759766
78.40235137939453
72.76318359375
80.884765625
72.31859588623047
77.28873443603516
79.36214447021484
48.56772994995117
79.66604614257812
77.48663330078125
71.79997253417969
80.49222564697266
71.74285125732422
77.70856475830078
79.71369171142578
40.613441467285156
79.6882095336914
77.45498657226562
72.08374786376953
80.97998809814453
72.25961303710938
78.09664916992188
80.81613159179688
41.49480056762695
81.56179809570312
79.1572036743164
73.95295715332031
82.89329528808594
75.07505798339844
80.76798248291016
83.44923400878906
48.60002899169922
84.65151977539062
82.91436004638672
78.13265228271484
87.13766479492188
79.02420043945312
84.40018463134766
85.8223876953125
48.953678131103516
82.75069427490234
78.06946563720703
70.85421752929688
77.22235107421875
68.8043212890625
73.34618377685547
76.1787109375
41.92509460449219
78.43937683105469
77.10870361328125
73.14134216308594
82.28857421875
74.47945404052734
80.87521362304688
83.53083801269531
53.09817123413086
85.00364685058594
83.90550231933594
79.38528442382812
88.89115905761719
81.53317260742188
87.73805236816406
90.49943542480469
52.17843246459961
90.34742736816406
87.50135803222656
81.84640502929688
89.39405822753906
80.21829223632812
85.22486877441406
86.96632385253906
48.13185501098633
86.94264221191406
84.99036407470703
79.90414428710938
88.25477600097656
79.89307403564453
85.4033432006836
87.77729797363281
49.828495025634766
88.05369567871094
85.90141296386719
80.72486877441406
88.8833236694336
79.95629119873047
84.75696563720703
85.33766174316406
51.32581329345703
81.21697235107422
76.16461944580078
67.39091491699219
73.54043579101562
63.109405517578125
65.21626281738281
63.90714645385742
44.298309326171875
63.29914855957031
61.73172378540039
59.62275314331055
67.15841674804688
60.698944091796875
66.22404479980469
69.20418548583984
44.423828125
68.80814361572266
65.90998840332031
56.6834716796875
49.91858673095703
57.224483489990234
63.45888900756836
67.98292541503906
43.91925048828125
69.26892852783203
68.44627380371094
59.12740707397461
71.64816284179688
62.31386947631836
68.3961181640625
71.61622619628906
47.78115463256836
71.78934478759766
69.2900390625
63.92368698120117
73.34494018554688
65.35393524169922
69.8707275390625
72.54576873779297
40.78520202636719
72.15747833251953
70.04310607910156
64.75403594970703
73.66856384277344
64.7081527709961
70.52214050292969
71.26506805419922
47.46254348754883
69.29149627685547
66.61932373046875
63.45543670654297
71.8989028930664
64.95512390136719
69.7036361694336
71.92023468017578
45.24086380004883
71.69976806640625
69.87246704101562
65.55553436279297
73.62825012207031
66.08154296875
72.26837158203125
75.15656280517578
40.25225067138672
76.40940856933594
74.77213287353516
69.83294677734375
78.64205932617188
70.82306671142578
75.43560028076172
77.1242446899414
50.1392822265625
75.49354553222656
73.0771713256836
68.443359375
77.00404357910156
