68.2851333618164
74.8541259765625
77.67008972167969
52.17683029174805
81.97417449951172
80.80496215820312
76.4684066772461
85.30272674560547
77.40525817871094
81.4285888671875
81.00098419189453
62.79940414428711
77.32487487792969
73.0044174194336
66.08673095703125
69.1653823852539
59.493587493896484
57.830711364746094
62.44987869262695
50.95525360107422
62.260074615478516
63.44841766357422
56.845130920410156
71.10384368896484
63.664974212646484
73.06120300292969
76.46617889404297
55.97439193725586
81.01808166503906
80.33882141113281
76.66449737548828
83.2434310913086
73.52787017822266
76.63238525390625
77.29214477539062
44.58529281616211
74.8821792602539
70.72207641601562
65.45050048828125
72.4548568725586
66.4597396850586
66.38272094726562
68.34465026855469
52.29667663574219
68.00044250488281
63.9242057800293
59.88137435913086
64.67005157470703
53.44131088256836
65.97147369384766
64.5137710571289
38.40801239013672
65.50587463378906
64.59172821044922
63.03340148925781
70.17693328857422
64.23161315917969
64.64481353759766
66.12027740478516
58.559959411621094
70.33033752441406
68.09752655029297
58.4073600769043
70.30575561523438
62.69029998779297
70.89498138427734
71.33921813964844
54.330284118652344
71.9388656616211
69.99755859375
65.35369110107422
74.13615417480469
66.26383209228516
71.5809555053711
75.28067779541016
44.08123016357422
75.5383529663086
74.11253356933594
70.4618911743164
79.11691284179688
70.5934066772461
77.90158081054688
81.29932403564453
53.45576095581055
85.06671905517578
84.73421478271484
80.03359985351562
89.06678009033203
80.31536865234375
86.14008331298828
88.0031509399414
56.171043395996094
87.14787292480469
84.57005310058594
78.17303466796875
84.88622283935547
74.45895385742188
77.60909271240234
77.83381652832031
57.554744720458984
76.91500091552734
75.5295639038086
71.65208435058594
80.2251205444336
74.2363510131836
77.45967102050781
80.52759552001953
45.815101623535156
81.89704895019531
80.09989929199219
74.43550872802734
83.45213317871094
75.91314697265625
82.01019287109375
84.16110229492188
46.906394958496094
84.76646423339844
83.1885757446289
77.60871124267578
87.07306671142578
79.01910400390625
84.7994613647461
87.4249267578125
53.60653305053711
88.35189056396484
86.65192413330078
81.59920501708984
91.00591278076172
83.77371215820312
88.85737609863281
92.24971771240234
58.87630081176758
94.18084716796875
92.82811737060547
87.56227111816406
96.64704132080078
88.19583129882812
92.80807495117188
94.04475402832031
58.15547180175781
93.47152709960938
91.693359375
86.66621398925781
95.39128875732422
87.33761596679688
92.60070037841797
94.69206237792969
61.36507034301758
93.97818756103516
91.13658142089844
84.97518920898438
91.03736114501953
80.38710021972656
83.52240753173828
83.60322570800781
44.02167892456055
79.53520965576172
75.53007507324219
70.47355651855469
76.8600845336914
69.0256576538086
72.2938003540039
74.65790557861328
47.524959564208984
75.58779907226562
73.3914566040039
69.08869171142578
77.25868225097656
69.61188507080078
75.37661743164062
79.0799789428711
54.5327033996582
80.40241241455078
78.55709838867188
75.18364715576172
84.17436218261719
77.22486114501953
82.55284881591797
85.34996032714844
58.673091888427734
83.24362182617188
78.46133422851562
69.7117691040039
75.9288330078125
64.36388397216797
70.42494201660156
69.21435546875
56.42927169799805
63.407955169677734
60.42271041870117
62.5963134765625
63.68552017211914
60.08745193481445
60.988975524902344
62.128482818603516
58.56595993041992
65.79505920410156
64.62896728515625
56.150901794433594
64.84314727783203
59.52134323120117
69.3376693725586
74.83985900878906
52.13639450073242
80.79463958740234
80.98851013183594
76.71314239501953
85.6668472290039
77.67778778076172
82.6903076171875
85.23621368408203
55.450592041015625
84.98519134521484
83.16310119628906
77.8984603881836
86.34632873535156
77.85859680175781
83.6759033203125
86.30303955078125
53.41373825073242
87.35880279541016
85.681396484375
80.29170989990234
89.60968780517578
82.26396942138672
88.02955627441406
90.98307037353516
58.825599670410156
91.72377014160156
89.56521606445312
83.44303131103516
91.21534729003906
81.82418823242188
86.01211547851562
87.46697998046875
47.54665756225586
85.30972290039062
82.1986312866211
75.44648742675781
82.8885726928711
73.55667877197266
78.81693267822266
80.52183532714844
54.57478332519531
79.70845794677734
77.02252960205078
72.70589447021484
79.11570739746094
71.06720733642578
75.44952392578125
77.8025131225586
20.67847442626953
78.42940521240234
75.50751495361328
70.48216247558594
78.40245819091797
70.17581939697266
72.81761932373047
71.50689697265625
41.65074157714844
66.83753204345703
64.42142486572266
56.92866516113281
63.69472885131836
50.43629837036133
62.952571868896484
62.413963317871094
59.04607391357422
70.09868621826172
70.25483703613281
63.5340690612793
75.67701721191406
69.17315673828125
77.66565704345703
81.93203735351562
61.421756744384766
86.58263397216797
86.5069808959961
82.12329864501953
90.64472198486328
81.16281127929688
86.46961975097656
88.4557113647461
46.03999710083008
87.59565734863281
85.4841079711914
80.49993133544922
88.82369232177734
80.96460723876953
86.68202209472656
89.53206634521484
40.82939910888672
90.75898742675781
89.27202606201172
84.85787963867188
94.00123596191406
86.46580505371094
92.17864990234375
94.70504760742188
51.42577362060547
94.29105377197266
91.15108489990234
85.2987289428711
92.72692108154297
83.67286682128906
88.3428955078125
89.9579086303711
52.707759857177734
88.82520294189453
86.03759002685547
80.07048797607422
88.06536865234375
79.22913360595703
84.21954345703125
86.46548461914062
42.69911193847656
86.3697738647461
83.83979034423828
78.78030395507812
86.79553985595703
78.4871597290039
84.4101333618164
86.74073028564453
51.30116271972656
87.38610076904297
85.75624084472656
80.97513580322266
90.00472259521484
82.3331069946289
89.06221008300781
92.41854858398438
56.91535568237305
93.29188537597656
90.37168884277344
84.54072570800781
90.8543930053711
81.02472686767578
83.96139526367188
84.74137878417969
59.477455139160156
82.22032165527344
78.23075866699219
71.83660888671875
77.62928009033203
67.80765533447266
72.67230987548828
72.56889343261719
54.90497970581055
69.35906219482422
66.1982421875
64.40682983398438
72.51675415039062
65.31485748291016
71.55479431152344
74.69682312011719
39.15039825439453
78.17848205566406
76.97817993164062
72.77568054199219
82.85275268554688
75.36766052246094
80.27299499511719
81.52081298828125
52.7523307800293
80.11090850830078
76.85490417480469
71.05874633789062
77.51154327392578
69.30433654785156
72.67842864990234
73.82371520996094
51.50598907470703
72.7349624633789
67.8669204711914
63.17665481567383
70.91023254394531
67.72926330566406
76.47022247314453
82.26748657226562
53.14332962036133
86.90668487548828
86.20417785644531
81.20663452148438
90.4268798828125
82.14591979980469
86.54672241210938
87.96646118164062
48.44203186035156
85.8468246459961
82.41578674316406
76.74339294433594
84.21332550048828
75.35575103759766
79.88775634765625
81.31989288330078
53.33631896972656
80.30043029785156
77.61397552490234
71.74182891845703
79.11430358886719
69.85476684570312
74.8995590209961
76.47317504882812
45.74399185180664
75.84576416015625
74.81436157226562
72.47500610351562
82.16355895996094
76.40196990966797
81.28841400146484
84.6800765991211
50.02294921875
84.70024108886719
81.83049011230469
75.71234130859375
84.26700592041016
76.16606903076172
80.61071014404297
83.36957550048828
54.45301818847656
84.2762451171875
82.69819641113281
77.74871826171875
86.2662124633789
78.08261108398438
82.92376708984375
85.5089111328125
52.21617889404297
85.27611541748047
83.1908950805664
77.80071258544922
86.10558319091797
78.11221313476562
83.28755950927734
85.85359191894531
44.0263786315918
86.20267486572266
83.68311309814453
78.71749114990234
87.58174133300781
79.74454498291016
85.0329818725586
87.95728302001953
56.86663055419922
88.7587890625
87.02103424072266
82.25176239013672
91.15174102783203
83.31035614013672
89.19637298583984
91.90933227539062
50.3099250793457
91.0553207397461
87.37724304199219
80.16107940673828
86.4472885131836
75.84712982177734
79.86177825927734
81.7347183227539
54.668373107910156
82.21429443359375
80.81898498535156
77.41826629638672
86.58781433105469
79.31583404541016
85.30844116210938
88.66026306152344
45.923431396484375
90.78913116455078
89.52871704101562
85.33379364013672
94.71170806884766
87.27059936523438
92.89247131347656
95.40071868896484
48.03504943847656
94.87530517578125
92.00547790527344
85.92904663085938
93.541748046875
84.54369354248047
89.39328002929688
91.12877655029297
52.24919128417969
91.1739730834961
89.4454116821289
84.74842071533203
93.28266143798828
84.92857360839844
90.58210754394531
92.91104125976562
55.028865814208984
92.7735595703125
90.65444946289062
85.80587768554688
93.94986724853516
85.6854019165039
90.3891372680664
91.76056671142578
54.42448043823242
88.03193664550781
83.19186401367188
74.90608978271484
80.22805786132812
68.84607696533203
72.25298309326172
71.64820861816406
52.032859802246094
69.93315887451172
70.6417236328125
65.49368286132812
75.03138732910156
67.56377410888672
73.62519073486328
76.72380828857422
45.143775939941406
77.22796630859375
75.28002166748047
69.1394271850586
76.63988494873047
67.33938598632812
72.77888488769531
73.5960464477539
43.28142547607422
72.54769897460938
69.01943969726562
64.93882751464844
73.38594055175781
66.33248901367188
69.40930938720703
73.4530258178711
51.8528938293457
73.94590759277344
71.92625427246094
65.3529052734375
74.21063232421875
63.78725051879883
72.79138946533203
76.47185516357422
47.90314865112305
78.66936492919922
76.97412109375
72.8963394165039
81.68099212646484
73.82817840576172
79.02232360839844
81.27639770507812
47.950225830078125
78.6093978881836
75.01053619384766
67.4421157836914
75.79606628417969
67.63226318359375
71.34052276611328
73.9000473022461
51.883087158203125
74.92916107177734
72.90267181396484
67.4156494140625
76.36978912353516
68.5997543334961
75.0679931640625
78.14466094970703
57.17024230957031
79.43854522705078
77.7396469116211
73.0569839477539
81.79338836669922
74.63493347167969
79.14805603027344
82.08280181884766
51.81991195678711
81.2232894897461
78.43451690673828
72.9661865234375
81.42720031738281
