67.07730865478516
73.6551742553711
77.2103500366211
56.00053787231445
80.86392211914062
78.04508209228516
71.4937515258789
77.90643310546875
66.80548858642578
68.6042251586914
69.37467956542969
52.248165130615234
64.66110229492188
54.21638107299805
51.846073150634766
61.49517059326172
59.137821197509766
59.03409194946289
65.95171356201172
44.34326934814453
69.95458221435547
71.55085754394531
67.68070983886719
77.84146881103516
71.86585998535156
76.63286590576172
77.0768814086914
52.17816162109375
73.56564331054688
69.76457977294922
63.404052734375
69.03990173339844
61.413150787353516
62.767860412597656
62.50384521484375
47.89677047729492
59.32664108276367
52.945953369140625
48.49012756347656
50.39525604248047
41.55220413208008
37.25088882446289
53.85807800292969
50.28466033935547
60.61064529418945
62.5523567199707
59.076602935791016
64.0501937866211
56.50821304321289
60.993446350097656
66.1697006225586
50.095680236816406
67.99551391601562
67.4499282836914
63.57463455200195
71.74994659423828
62.75202560424805
70.43372344970703
73.69811248779297
55.140480041503906
74.70466613769531
73.86611938476562
69.4346923828125
78.31027221679688
71.28167724609375
77.87660217285156
81.03582000732422
51.49601364135742
84.21044158935547
82.53934478759766
77.19551849365234
85.50273132324219
75.92259979248047
80.27047729492188
81.90276336669922
53.62565612792969
79.6561508178711
77.1937026977539
70.97286987304688
79.38795471191406
69.60798645019531
74.79973602294922
78.033447265625
53.680301666259766
76.91525268554688
74.57832336425781
69.40115356445312
78.32999420166016
67.96440124511719
74.60943603515625
77.97314453125
48.107810974121094
77.62864685058594
76.3837661743164
69.83904266357422
79.40750122070312
70.12503051757812
75.8702392578125
79.29553985595703
43.45736312866211
79.5694808959961
77.6238784790039
72.58442687988281
81.89043426513672
72.73076629638672
79.17993927001953
82.54303741455078
55.85740661621094
83.65119934082031
81.81519317626953
77.06133270263672
86.1714096069336
77.6895523071289
83.6281509399414
86.40792083740234
50.045387268066406
85.33876037597656
82.53459167480469
76.24259948730469
83.15917205810547
73.40047454833984
77.79914855957031
78.86186981201172
53.94499588012695
75.98502349853516
73.10179138183594
65.96964263916016
72.69434356689453
65.31086730957031
68.80439758300781
68.4726333618164
51.47940444946289
70.04450225830078
65.97432708740234
62.4819221496582
75.59066772460938
66.38618469238281
75.32646942138672
81.19320678710938
53.17951965332031
84.62248229980469
83.68791961669922
77.71046447753906
84.7326431274414
74.63121032714844
78.34425354003906
80.30905151367188
52.46497344970703
84.74285125732422
85.68985748291016
82.61788177490234
92.09939575195312
84.76362609863281
90.75433349609375
93.48026275634766
52.37273025512695
94.79598999023438
92.86116027832031
87.93087005615234
96.4274673461914
88.25975036621094
93.19447326660156
95.02848052978516
46.97462844848633
93.904541015625
90.9789047241211
84.9637680053711
92.49018859863281
83.56062316894531
88.0531997680664
89.2599105834961
52.175655364990234
89.00720977783203
87.7208251953125
83.93695831298828
92.78430938720703
85.0253677368164
90.55557250976562
92.79006958007812
45.825870513916016
92.7834701538086
90.44409942626953
85.0744400024414
93.55028533935547
85.2776107788086
90.7076416015625
93.07608795166016
50.60926818847656
93.48516082763672
91.25735473632812
86.14957427978516
94.86491394042969
86.68409729003906
92.4947509765625
95.18993377685547
46.94676971435547
96.14200592041016
94.31265258789062
89.58122253417969
98.17113494873047
90.0064697265625
95.19793701171875
96.82820892333984
36.829437255859375
94.71820831298828
91.6310806274414
86.09027099609375
94.5639419555664
86.1258316040039
91.18302154541016
92.83780670166016
42.47187805175781
91.32403564453125
88.1518325805664
81.99442291259766
89.58662414550781
80.39132690429688
85.31603240966797
86.83907318115234
51.46336364746094
85.51830291748047
82.16523742675781
76.20033264160156
84.326904296875
75.22482299804688
80.10235595703125
81.72698211669922
40.00489044189453
80.70027160644531
77.98499298095703
72.2502670288086
80.42254638671875
71.31180572509766
76.56546783447266
78.39622497558594
44.81746292114258
78.07425689697266
75.24192810058594
70.14106750488281
78.03235626220703
69.99269104003906
74.68762969970703
76.66329956054688
50.00201416015625
75.21087646484375
71.0930404663086
64.2288818359375
72.96114349365234
65.01127624511719
70.09654235839844
72.11485290527344
35.22294235229492
72.36652374267578
70.46198272705078
65.46967315673828
73.24520874023438
64.96614837646484
71.23701477050781
72.92333984375
32.282005310058594
73.8097915649414
71.29048156738281
65.0028305053711
72.70698547363281
61.86673355102539
66.07337951660156
70.59298706054688
44.11015319824219
73.08364868164062
70.76338958740234
66.73799896240234
74.20657348632812
66.8466567993164
72.88449096679688
75.34033203125
42.40707015991211
75.55204010009766
73.47257232666016
68.92223358154297
78.03691101074219
69.88460540771484
76.25312805175781
79.27881622314453
48.03251266479492
80.86896514892578
79.56076049804688
74.65556335449219
84.37554168701172
77.23789978027344
83.18270111083984
86.48641204833984
44.55668640136719
88.62560272216797
87.35276794433594
83.04772186279297
92.20520782470703
84.26849365234375
89.52727508544922
91.33563995361328
48.96234130859375
89.46985626220703
86.1953353881836
80.0555419921875
87.3778076171875
78.14754486083984
83.03954315185547
84.50468444824219
48.61293411254883
82.98108673095703
80.23151397705078
74.54566192626953
82.13134002685547
73.49451446533203
78.34182739257812
80.09221649169922
47.50447463989258
79.39769744873047
76.69869995117188
70.76953125
79.44095611572266
72.04430389404297
77.76126098632812
81.2921371459961
48.59366989135742
82.36891174316406
79.95509338378906
75.18955993652344
83.32294464111328
75.28800201416016
80.88361358642578
83.2158432006836
40.44379425048828
84.12937927246094
82.10950469970703
77.46597290039062
86.67362213134766
79.2298812866211
85.21441650390625
88.36425018310547
44.360618591308594
90.31639862060547
88.50727844238281
83.16934967041016
90.64378356933594
80.96269989013672
84.7436294555664
85.38797760009766
33.18741226196289
81.9903793334961
78.52565002441406
72.0240249633789
78.17705535888672
69.04674530029297
72.75947570800781
73.89930725097656
47.037986755371094
72.8880844116211
70.68871307373047
66.61063385009766
75.35357666015625
68.5029296875
74.27198791503906
77.33515167236328
52.29285430908203
77.20622253417969
74.42200469970703
68.51146697998047
75.66277313232422
67.05680847167969
70.4675064086914
72.51285552978516
40.53748321533203
69.94680786132812
66.49687194824219
59.291969299316406
66.97257232666016
59.81221008300781
64.98602294921875
64.7554702758789
44.54792785644531
68.19764709472656
66.48043823242188
60.654598236083984
71.35694122314453
64.8239974975586
71.51424407958984
75.24462127685547
47.00187301635742
79.2477798461914
77.78630065917969
72.7852783203125
79.19752502441406
70.26123046875
73.95628356933594
75.13139343261719
48.42251968383789
72.83802032470703
70.35453796386719
63.7666015625
71.77816009521484
64.01361083984375
69.67823028564453
72.81676483154297
38.663936614990234
75.56761932373047
75.03746032714844
70.4996109008789
80.63946533203125
74.2681884765625
80.76020050048828
84.14105224609375
40.720184326171875
85.55709838867188
83.495361328125
78.28023529052734
85.9291763305664
77.8735122680664
82.01615142822266
83.46402740478516
41.244571685791016
82.68330383300781
79.56417846679688
73.62987518310547
81.46968078613281
72.6824722290039
77.57889556884766
78.75384521484375
48.655494689941406
78.05595397949219
76.51773834228516
72.27912139892578
81.54925537109375
74.2943115234375
80.43704986572266
83.18069458007812
38.974952697753906
83.27794647216797
81.0108871459961
75.51034545898438
83.8398666381836
75.70553588867188
80.96768951416016
82.87681579589844
42.901153564453125
82.45641326904297
79.93018341064453
74.65850830078125
82.96285247802734
75.01224517822266
80.10932922363281
82.5726318359375
48.30867385864258
83.11097717285156
80.94007110595703
76.0458984375
84.19249725341797
75.99456024169922
81.3460922241211
83.36853790283203
43.48552703857422
81.812255859375
78.6872787475586
73.5835189819336
81.26780700683594
73.99137115478516
80.94510650634766
84.59077453613281
47.97665023803711
86.2215805053711
84.65990447998047
80.12023162841797
88.94862365722656
81.1207504272461
86.95989990234375
89.44625854492188
51.721336364746094
89.11660766601562
86.07438659667969
79.76690673828125
87.44743347167969
78.08761596679688
82.39085388183594
83.7313232421875
42.20069885253906
81.52239227294922
77.91910552978516
71.90913391113281
79.05506134033203
69.24462890625
74.22350311279297
75.37273406982422
49.703514099121094
72.3631820678711
68.56169128417969
62.52246856689453
71.21170806884766
58.38804244995117
66.60958862304688
71.01505279541016
43.55595779418945
74.30950927734375
72.69416809082031
69.25285339355469
79.73445129394531
72.64997863769531
79.66757202148438
83.04920196533203
29.428564071655273
84.62422943115234
82.30785369873047
77.25135040283203
86.42634582519531
78.78841400146484
85.17599487304688
87.97525787353516
37.97352981567383
88.09038543701172
85.13733673095703
79.0122299194336
87.05108642578125
77.76624298095703
82.96751403808594
85.07369232177734
51.55925750732422
85.36373138427734
83.00634002685547
77.70962524414062
85.67412567138672
77.29887390136719
82.28621673583984
84.17277526855469
48.377506256103516
83.02327728271484
80.43326568603516
75.41633605957031
83.61031341552734
75.46509552001953
80.63695526123047
83.18804168701172
53.24180603027344
82.5799560546875
79.32778930664062
73.13658142089844
81.43404388427734
72.92474365234375
79.07180786132812
82.01913452148438
44.32036590576172
83.08756256103516
81.29525756835938
76.41935729980469
85.13705444335938
77.47262573242188
83.15526580810547
86.14020538330078
52.289772033691406
86.55858612060547
84.33367156982422
78.865478515625
86.19281005859375
77.09553527832031
81.18659210205078
81.89761352539062
42.143978118896484
79.61727905273438
76.04826354980469
70.29821014404297
76.96011352539062
68.24586486816406
73.17230987548828
74.017822265625
52.67390060424805
71.8258285522461
69.01835632324219
63.36416244506836
71.98527526855469
