64.46633911132812
76.40058898925781
79.1541519165039
63.035667419433594
81.0538558959961
79.1449203491211
72.98348236083984
80.26898956298828
70.4353256225586
72.4523696899414
74.54176330566406
62.6175422668457
61.3320426940918
64.39519500732422
65.02515411376953
57.619544982910156
62.04006576538086
60.86872863769531
61.294864654541016
58.02370071411133
66.42420196533203
63.95381164550781
69.2439193725586
75.85533905029297
66.2280502319336
77.87635803222656
76.96575164794922
70.00523376464844
77.60181427001953
72.6580810546875
69.51844787597656
74.88341522216797
69.95079803466797
66.79254150390625
69.65104675292969
68.35407257080078
63.24387741088867
65.62240600585938
67.28067779541016
64.32483673095703
65.28858947753906
65.66476440429688
62.0555305480957
66.28260040283203
68.95906829833984
66.22503662109375
69.35212707519531
71.54153442382812
68.08414459228516
69.11642456054688
72.57805633544922
65.6180648803711
64.8924331665039
67.8865966796875
67.56111907958984
67.66778564453125
48.04386520385742
73.89030456542969
74.33343505859375
67.83458709716797
76.7223892211914
75.60005950927734
62.628440856933594
75.9867172241211
71.93788146972656
72.87549591064453
76.71222686767578
64.60991668701172
81.6877670288086
79.96739959716797
77.45619201660156
86.6607894897461
80.2842788696289
85.14057922363281
87.51189422607422
60.9703254699707
86.18746185302734
83.15631866455078
73.65948486328125
83.2283935546875
75.84564208984375
77.03144073486328
79.13179016113281
66.42684173583984
80.78700256347656
77.16661834716797
75.18270874023438
81.80813598632812
75.1535415649414
76.85159301757812
80.51580810546875
66.97370910644531
77.96366882324219
75.9725112915039
74.13866424560547
80.43098449707031
67.95765686035156
80.6912612915039
82.30271911621094
64.94940185546875
82.46815490722656
81.2222900390625
70.37763214111328
82.76184844970703
75.87499237060547
80.77330017089844
83.06666564941406
64.86750030517578
85.7367935180664
83.4500732421875
80.35074615478516
88.04896545410156
79.54869842529297
85.08832550048828
87.35318756103516
62.689117431640625
85.27730560302734
82.78295135498047
70.83328247070312
81.8458480834961
75.10077667236328
73.99098205566406
74.85762786865234
67.515625
75.07537078857422
63.153743743896484
71.7569580078125
75.12513732910156
67.64373016357422
73.5619888305664
75.61568450927734
69.5344009399414
76.65742492675781
75.89067077636719
69.89508819580078
79.32048034667969
77.27147674560547
73.8031234741211
81.9244155883789
74.22657012939453
82.31697845458984
81.92815399169922
78.55836486816406
81.34506225585938
59.32333755493164
80.21774291992188
81.49242401123047
69.55314636230469
86.39241790771484
87.4968032836914
82.52758026123047
92.68228149414062
85.29415893554688
91.31169891357422
94.46782684326172
64.05084991455078
95.42792510986328
93.46720123291016
88.39065551757812
96.26509857177734
87.29483795166016
92.58234405517578
94.03785705566406
59.916873931884766
92.72245788574219
89.81070709228516
83.25479125976562
91.1567153930664
81.92987060546875
86.43549346923828
88.02196502685547
63.225914001464844
88.05215454101562
87.77799224853516
81.92015075683594
92.44436645507812
84.32147216796875
91.17826080322266
93.17911529541016
67.70095825195312
93.83414459228516
91.32093811035156
85.7778091430664
94.3975830078125
86.78070068359375
90.82371520996094
93.50244903564453
68.92427062988281
93.77357482910156
91.34310150146484
87.56896209716797
95.61156463623047
87.18877410888672
93.7587661743164
96.51419830322266
69.10202026367188
97.03032684326172
95.47049713134766
89.18684387207031
98.3391342163086
89.42135620117188
95.11812591552734
96.05506896972656
71.26007080078125
95.19241333007812
92.80420684814453
86.36588287353516
95.11405181884766
86.27284240722656
91.03898620605469
92.54168701171875
44.33613586425781
90.86756896972656
87.76116943359375
81.37385559082031
89.10383605957031
79.87972259521484
84.90729522705078
86.21041107177734
55.69225311279297
85.58584594726562
82.59021759033203
76.75914001464844
84.42867279052734
76.36322784423828
79.489990234375
81.27128601074219
58.23325729370117
80.25440979003906
77.02122497558594
73.67308807373047
80.62136840820312
71.10306549072266
77.59756469726562
79.36835479736328
60.270137786865234
77.17124938964844
75.94775390625
67.78604125976562
76.6680679321289
67.3923110961914
74.84101104736328
76.0022201538086
60.64966583251953
77.00005340576172
73.32020568847656
66.5054931640625
74.3573989868164
69.78059387207031
64.58140563964844
70.26460266113281
64.50630187988281
72.25945281982422
67.5560531616211
70.49473571777344
75.90132141113281
67.63426971435547
73.65538787841797
76.53484344482422
65.01754760742188
74.27747344970703
74.553466796875
58.814300537109375
73.46837615966797
70.99569702148438
64.99116516113281
73.84756469726562
66.849853515625
73.84290313720703
74.07574462890625
68.95893096923828
76.30320739746094
66.45433044433594
74.79266357421875
76.01524353027344
61.704219818115234
78.84553527832031
76.46317291259766
72.52806854248047
80.18049621582031
74.76914978027344
76.56361389160156
80.40621185302734
65.23046875
80.80166625976562
78.75973510742188
77.47835540771484
84.80812072753906
76.11756896972656
84.91531372070312
87.66051483154297
67.17000579833984
89.53038024902344
88.94071960449219
81.86141967773438
92.53814697265625
85.1069107055664
89.89805603027344
91.31127166748047
67.62393188476562
90.21294403076172
86.57182312011719
81.15773010253906
88.13314819335938
79.24235534667969
83.04100799560547
84.87543487548828
49.43653869628906
83.12660217285156
80.81607818603516
74.7248764038086
82.42459106445312
73.04676818847656
79.1325912475586
80.8331298828125
50.80101013183594
80.33684539794922
77.96512603759766
72.53294372558594
81.52975463867188
73.53736114501953
78.65862274169922
81.8499526977539
51.3490104675293
82.19086456298828
80.14545440673828
74.9378662109375
83.49854278564453
75.82386016845703
80.6826400756836
83.29368591308594
55.6173210144043
84.43616485595703
82.41719055175781
78.89684295654297
87.1793212890625
79.75231170654297
85.65869140625
89.11906433105469
65.11848449707031
90.21620178222656
88.84176635742188
84.0529556274414
91.23419189453125
79.60444641113281
87.15003967285156
87.23493194580078
67.2501220703125
84.54215240478516
81.17964935302734
68.53931427001953
79.31043243408203
70.464599609375
73.46306610107422
73.72531127929688
64.81112670898438
76.49180603027344
73.77118682861328
67.85562133789062
78.04027557373047
72.36127471923828
72.65494537353516
77.48904418945312
64.12804412841797
76.84062194824219
72.70152282714844
71.82975006103516
76.72709655761719
64.39202880859375
73.2966537475586
74.10213470458984
60.290191650390625
71.0388412475586
69.43779754638672
54.09573745727539
64.79711151123047
52.44100570678711
66.7792739868164
67.31597137451172
58.1418342590332
69.04427337646484
68.84783172607422
55.773353576660156
72.3488998413086
69.2147445678711
73.19763946533203
77.84539794921875
64.05342102050781
79.25991821289062
74.68223571777344
73.19560241699219
78.51367950439453
69.61431121826172
72.37397766113281
74.48905181884766
61.20709991455078
69.12580871582031
65.78160095214844
66.50528717041016
71.70155334472656
62.513755798339844
72.804931640625
75.39044952392578
56.726051330566406
75.93854522705078
76.14456176757812
69.77240753173828
80.9635238647461
74.75247192382812
81.1542739868164
84.7466049194336
59.6812744140625
86.71053314208984
84.10807800292969
80.23339080810547
87.43362426757812
78.4687728881836
83.32931518554688
85.31752014160156
62.793155670166016
82.89690399169922
80.2825698852539
72.87907409667969
81.08563995361328
69.29312896728516
79.0536880493164
80.04788208007812
65.32356262207031
81.5869140625
81.31017303466797
73.27345275878906
84.6240005493164
77.57492065429688
82.50574493408203
84.55196380615234
60.64155960083008
85.31490325927734
82.68919372558594
78.30362701416016
86.0054931640625
77.84640502929688
81.87017059326172
84.3140869140625
56.9856071472168
82.37812805175781
79.75861358642578
74.11384582519531
82.89984130859375
73.3228759765625
81.68184661865234
83.46537017822266
62.655799865722656
84.34022521972656
82.72220611572266
75.07433319091797
85.05557250976562
77.77561950683594
81.089599609375
83.31578063964844
62.51931381225586
82.51731872558594
79.13860321044922
74.90547943115234
83.4813232421875
77.04955291748047
81.40638732910156
85.3525161743164
56.74497985839844
86.67481231689453
85.02418518066406
80.59208679199219
89.56681823730469
81.72193145751953
87.6987533569336
90.09654235839844
59.11912536621094
90.00566864013672
86.77852630615234
81.34492492675781
88.51204681396484
79.94392395019531
82.53692626953125
84.50183868408203
63.11515426635742
81.41751861572266
78.1802978515625
74.39822387695312
80.15853118896484
67.5750732421875
77.00558471679688
77.7356948852539
63.09051513671875
74.53018188476562
72.38098907470703
58.790611267089844
66.84564208984375
55.72365951538086
70.6538314819336
72.19477081298828
63.10139083862305
74.68501281738281
75.22002410888672
64.2123031616211
78.89635467529297
73.04801940917969
79.21236419677734
82.3238754272461
68.10047912597656
85.29564666748047
81.89572143554688
79.51940155029297
87.61106872558594
81.90363311767578
85.3675308227539
89.3496322631836
68.35487365722656
89.15719604492188
86.496337890625
81.83600616455078
88.48418426513672
77.82762145996094
84.76454162597656
86.00830078125
61.93611526489258
85.47960662841797
83.21421813964844
76.23600769042969
85.40390014648438
77.68070220947266
81.36386108398438
83.56916809082031
59.79985427856445
83.26516723632812
80.51609802246094
76.37352752685547
84.46363830566406
76.81733703613281
81.68727111816406
84.0293197631836
55.79054260253906
82.86925506591797
79.9054183959961
73.50175476074219
81.24861145019531
73.20001220703125
78.35454559326172
81.00240325927734
48.91592788696289
82.63766479492188
80.68343353271484
75.82929229736328
84.902587890625
77.9913101196289
82.19314575195312
85.42604064941406
61.65165710449219
85.51017761230469
82.83568572998047
78.71438598632812
84.9922866821289
74.14682006835938
80.72822570800781
81.30989837646484
62.629615783691406
77.72288513183594
76.30147552490234
65.50868225097656
75.64291381835938
65.45208740234375
72.96796417236328
73.4515151977539
61.193199157714844
73.38246154785156
72.43671417236328
63.680694580078125
73.91674041748047
