67.12612915039062
73.4386978149414
76.62187194824219
53.136131286621094
80.20857238769531
77.68372344970703
72.15206909179688
77.52872467041016
67.9262466430664
70.98448181152344
70.03089141845703
54.954078674316406
62.550533294677734
61.134029388427734
55.601348876953125
57.39515686035156
41.38479232788086
63.50175094604492
66.36195373535156
52.03776168823242
70.79127502441406
70.690673828125
68.89552307128906
78.08679962158203
68.22518920898438
76.65534210205078
75.91495513916016
52.08670425415039
72.45342254638672
68.57487487792969
62.239803314208984
67.8134765625
59.352256774902344
61.17499542236328
62.54169464111328
48.120140075683594
62.48807907104492
50.601158142089844
49.914180755615234
50.976295471191406
48.338863372802734
49.06733703613281
53.161075592041016
41.14591598510742
60.980281829833984
54.74000549316406
58.79287338256836
62.205928802490234
60.54386901855469
64.32102966308594
67.21327209472656
14.917990684509277
68.48930358886719
66.74676513671875
60.03249740600586
70.54395294189453
63.72530746459961
70.68125915527344
72.72709655761719
57.28815841674805
74.6768569946289
72.91229248046875
69.59774017333984
78.52555084228516
69.5204849243164
78.61499786376953
81.01634216308594
69.55390930175781
84.25152587890625
79.17786407470703
80.78955078125
84.75863647460938
74.32691192626953
81.3262939453125
81.09783935546875
65.40255737304688
79.47857666015625
76.66045379638672
71.41053771972656
78.69677734375
70.3818130493164
75.5169906616211
77.63875579833984
56.53933334350586
77.24430084228516
75.54330444335938
69.37421417236328
77.89115905761719
70.68955993652344
74.68830871582031
77.54443359375
51.068267822265625
77.83484649658203
76.13916778564453
69.83960723876953
79.16665649414062
70.79850006103516
76.021728515625
79.0019760131836
46.686981201171875
79.50637817382812
78.05949401855469
72.54134368896484
81.65518951416016
73.93032836914062
79.80460357666016
82.39156341552734
58.314979553222656
83.38488006591797
81.95359802246094
76.84725952148438
85.83818054199219
78.64981079101562
83.26412963867188
86.04946899414062
61.370113372802734
84.79720306396484
81.83084869384766
75.38111877441406
82.4515609741211
73.01305389404297
76.79148864746094
78.11453247070312
45.951438903808594
75.48880767822266
71.6467056274414
65.4159164428711
71.85572052001953
64.13194274902344
66.69869232177734
68.57057189941406
47.646766662597656
68.10060119628906
66.4544448852539
63.80177307128906
73.53450775146484
68.81722259521484
74.51284790039062
79.04173278808594
50.809871673583984
83.06977081298828
81.92742919921875
75.81108093261719
82.82667541503906
71.76344299316406
76.67696380615234
79.23933410644531
64.00454711914062
85.39315795898438
86.5588150024414
80.23463439941406
91.77542114257812
85.39576721191406
89.50887298583984
93.14954376220703
68.38021850585938
93.96188354492188
92.8366470336914
86.54622650146484
96.43240356445312
89.63043212890625
93.17730712890625
96.19342041015625
72.674560546875
95.03514099121094
92.68244934082031
85.55001068115234
94.0037841796875
85.56684875488281
89.40795135498047
91.01056671142578
64.80072784423828
89.73336029052734
87.51605224609375
83.96998596191406
92.28839111328125
83.90669250488281
90.1716537475586
92.34659576416016
56.50578689575195
92.35684204101562
90.07589721679688
84.94646453857422
93.07987213134766
84.8148422241211
90.17784881591797
92.57080078125
55.42597579956055
92.78709411621094
90.71501159667969
85.4991455078125
94.1725082397461
86.22344207763672
91.69652557373047
94.49725341796875
63.41992950439453
95.3045425415039
93.76216888427734
88.24275207519531
97.60610961914062
90.35115814208984
94.62252044677734
97.19937133789062
70.17025756835938
95.0038070678711
91.51232147216797
85.56463623046875
93.56219482421875
85.78766632080078
90.39404296875
92.95600891113281
65.97573852539062
91.4828872680664
88.7758560180664
81.71598815917969
89.99028015136719
81.45825958251953
85.33953857421875
87.17510986328125
55.42997741699219
85.77439880371094
82.89195251464844
77.10721588134766
84.58033752441406
76.13719940185547
80.62989807128906
82.24627685546875
34.52599334716797
80.91266632080078
78.52116394042969
72.17181396484375
80.60076141357422
72.38068389892578
76.49536895751953
78.42079162597656
40.45542526245117
77.91376495361328
75.60652160644531
69.56624603271484
78.16011810302734
69.12317657470703
74.26216125488281
76.80937957763672
42.405155181884766
75.06563568115234
71.96332550048828
65.69142150878906
73.21755981445312
62.79009246826172
70.29409790039062
72.48089599609375
45.25696563720703
72.20126342773438
71.0919189453125
65.5537109375
73.54927825927734
66.80683135986328
71.1078872680664
73.48916625976562
42.61422348022461
72.96417236328125
71.29693603515625
63.462642669677734
71.85208892822266
60.3310661315918
67.7729721069336
68.39019012451172
60.73921203613281
73.36791229248047
69.89421081542969
68.54053497314453
74.36331176757812
64.7030029296875
72.10436248779297
75.10281372070312
52.80076217651367
75.47126770019531
73.37201690673828
68.54964447021484
77.58079528808594
70.4162368774414
75.73631286621094
79.13765716552734
36.65452575683594
80.56172943115234
78.63272857666016
74.43653869628906
83.86174011230469
76.40930938720703
82.60323333740234
85.88990020751953
46.06365966796875
88.0822525024414
86.62811279296875
82.48143005371094
91.5493392944336
83.70299530029297
89.03446197509766
90.97885131835938
47.27056884765625
89.25818634033203
86.10918426513672
79.49589538574219
87.2095718383789
78.26480102539062
82.4174575805664
84.14541625976562
49.770103454589844
82.86951446533203
79.68004608154297
73.869140625
81.90436553955078
72.62777709960938
78.12506866455078
80.1673583984375
45.94456481933594
79.43775939941406
76.87884521484375
71.84541320800781
79.66129302978516
72.0365219116211
77.00493621826172
80.45819854736328
51.07316207885742
81.64134979248047
79.71725463867188
74.19457244873047
83.09235382080078
74.60230255126953
80.06576538085938
82.96469116210938
49.60990905761719
83.73078918457031
81.89252471923828
77.26996612548828
86.01354217529297
78.42125701904297
84.60704803466797
87.71224975585938
51.74235916137695
89.67192077636719
88.02896881103516
83.1159896850586
90.669921875
81.3454818725586
84.93456268310547
85.46756744384766
58.071266174316406
82.3804702758789
78.52122497558594
71.58333587646484
78.5361557006836
68.34937286376953
72.58895874023438
74.05014038085938
49.896400451660156
72.30242156982422
70.53573608398438
65.02719116210938
74.92059326171875
68.63451385498047
74.6425552368164
77.5655746459961
54.124759674072266
78.155517578125
75.86965942382812
68.89746856689453
76.40737915039062
68.2015609741211
71.84915924072266
73.37786865234375
46.168663024902344
71.09872436523438
67.2744140625
61.96187973022461
67.03458404541016
59.24522399902344
64.45264434814453
65.6650619506836
47.730838775634766
66.92647552490234
66.48159790039062
63.13883972167969
71.50483703613281
61.521663665771484
70.95685577392578
74.73697662353516
52.49462127685547
77.68663024902344
76.22733306884766
68.50377655029297
77.10249328613281
68.09490203857422
71.17979431152344
73.33389282226562
54.010738372802734
71.50877380371094
68.281005859375
63.3306999206543
70.79359436035156
62.7156982421875
68.53568267822266
71.75503540039062
43.922454833984375
73.95841217041016
72.91375732421875
69.94812774658203
79.50895690917969
72.30046844482422
80.3304214477539
83.56393432617188
51.927371978759766
85.24942016601562
82.89241027832031
78.22718811035156
85.80171203613281
76.76121520996094
81.60238647460938
83.47286224365234
54.236568450927734
82.21205139160156
79.1746597290039
73.18536376953125
81.13272857666016
71.8897933959961
77.05767059326172
78.71688079833984
48.133541107177734
78.10694885253906
75.13021087646484
72.1646499633789
80.86890411376953
73.81990814208984
79.65735626220703
82.3819580078125
54.84986877441406
82.1917495727539
80.33385467529297
73.8563232421875
83.01493072509766
75.4748764038086
79.60901641845703
82.037353515625
51.91472244262695
81.52860260009766
79.27735900878906
73.65852355957031
82.01947021484375
73.74433135986328
79.10749816894531
81.77236938476562
56.46704864501953
82.07707214355469
80.00238800048828
74.82750701904297
83.33442687988281
75.96090698242188
80.18067932128906
82.56509399414062
52.12472152709961
81.13581848144531
78.15767669677734
71.81787109375
81.0318374633789
73.9712142944336
80.15497589111328
83.92236328125
56.21031188964844
85.55244445800781
84.27717590332031
79.24041748046875
88.3769302368164
80.80648803710938
86.392333984375
89.23554229736328
56.40532302856445
88.90428161621094
86.21989440917969
79.63298034667969
87.50899505615234
78.54551696777344
82.36988830566406
83.9744873046875
54.434757232666016
81.79454803466797
78.69493865966797
71.7496566772461
79.4952621459961
70.60105895996094
74.44857788085938
75.59612274169922
50.95787811279297
72.54962158203125
70.61785125732422
60.36029815673828
70.57665252685547
60.2418327331543
65.45731353759766
67.67634582519531
48.40803146362305
70.54865264892578
69.6187973022461
66.94563293457031
77.13479614257812
70.30000305175781
77.71903228759766
81.362060546875
53.59883499145508
82.66777038574219
80.47889709472656
76.429443359375
85.10314178466797
76.80210876464844
84.41167449951172
86.63406372070312
61.70205307006836
86.55318450927734
83.36921691894531
78.28804016113281
85.23200225830078
75.96662139892578
80.88996124267578
83.19522857666016
61.00126266479492
84.01384735107422
82.60400390625
76.07801055908203
85.3438720703125
77.6351547241211
81.46692657470703
84.00238037109375
51.194061279296875
82.95152282714844
80.87806701660156
74.51614379882812
84.18850708007812
76.63406372070312
81.0867691040039
83.8510971069336
56.38979721069336
83.25858306884766
80.99797058105469
73.61233520507812
82.33671569824219
75.34931182861328
79.30236053466797
82.81616973876953
57.2136344909668
83.58737182617188
81.98849487304688
76.67446899414062
85.62834930419922
77.87704467773438
83.28248596191406
86.31219482421875
54.8050651550293
86.87812805175781
85.15998077392578
78.8404769897461
87.44779205322266
79.08808135986328
82.60218811035156
84.18480682373047
54.95136642456055
81.26620483398438
77.92864990234375
71.87776184082031
78.50154113769531
69.06314849853516
73.68108367919922
74.6181640625
45.84130859375
72.9530258178711
69.59835052490234
65.19204711914062
72.86026763916016
