68.87327575683594
73.35933685302734
77.35172271728516
64.93479919433594
79.04596710205078
76.70907592773438
73.62410736083984
77.75222778320312
62.06380081176758
72.08566284179688
71.2762680053711
59.441383361816406
68.01277160644531
64.50540161132812
59.918792724609375
63.063148498535156
61.30802917480469
60.428287506103516
67.71578979492188
57.1603889465332
69.02283477783203
71.68080139160156
59.09110641479492
76.02149200439453
72.21366119384766
74.90614318847656
76.04020690917969
61.78582000732422
75.17950439453125
68.95243835449219
66.65696716308594
70.79972076416016
61.938751220703125
62.39966583251953
66.82841491699219
53.596431732177734
54.918975830078125
53.09339141845703
50.96501922607422
39.4184684753418
52.26275634765625
45.952796936035156
56.25682830810547
47.07199478149414
54.343421936035156
56.90670394897461
60.21788787841797
63.587684631347656
52.96198654174805
64.84986877441406
68.51175689697266
54.98432159423828
69.63976287841797
68.29154205322266
60.495811462402344
71.21974182128906
65.69660186767578
70.48335266113281
72.38287353515625
57.02190017700195
75.35384368896484
72.79790496826172
71.33244323730469
79.16461944580078
72.96492004394531
77.69915771484375
82.18766784667969
64.61273193359375
83.42098999023438
82.05313110351562
77.55904388427734
84.57901763916016
73.76964569091797
80.7442855834961
81.5968246459961
55.19856262207031
80.20159912109375
77.67556762695312
69.01847839355469
78.4897232055664
70.05548858642578
75.32501983642578
77.5082015991211
52.453678131103516
77.82923126220703
74.8944320678711
71.25719451904297
78.87779235839844
70.45919799804688
75.8067398071289
78.42134094238281
54.90831756591797
78.75313568115234
75.91181945800781
71.62948608398438
79.98780822753906
71.68343353271484
77.92593383789062
80.35527801513672
50.183250427246094
80.90667724609375
79.39122772216797
73.82735443115234
82.95124816894531
75.04681396484375
81.07342529296875
83.95370483398438
47.3713264465332
85.37627410888672
83.48834991455078
78.94380187988281
87.14437103271484
78.3265380859375
84.14720916748047
85.9377670288086
59.08049392700195
84.66900634765625
81.1624526977539
74.72135162353516
82.12753295898438
73.95165252685547
76.0228500366211
77.68267059326172
60.294063568115234
75.94435119628906
71.3886947631836
70.82986450195312
76.14177703857422
67.21941375732422
74.1446304321289
75.69422149658203
61.0218620300293
74.28214263916016
73.79972839355469
58.41278076171875
73.5606460571289
71.12513732910156
59.825904846191406
72.9507064819336
70.21316528320312
71.94445037841797
76.35708618164062
72.23011779785156
76.20169067382812
68.12633514404297
73.60657501220703
70.82306671142578
68.87408447265625
79.40328979492188
81.67367553710938
73.0606460571289
89.19647216796875
84.64838409423828
89.42903137207031
93.130615234375
71.41007995605469
94.43401336669922
91.91798400878906
88.1940689086914
95.32344055175781
85.52430725097656
91.98920440673828
93.46337127685547
67.69025421142578
92.00663757324219
89.55284118652344
81.47175598144531
90.16820526123047
81.4195785522461
85.98680877685547
87.16753387451172
67.66478729248047
88.01570129394531
86.79364776611328
80.83537292480469
91.43038177490234
84.26007843017578
89.41567993164062
91.91403198242188
58.66925048828125
92.23870086669922
89.99356842041016
84.93173217773438
93.17929077148438
85.02133178710938
90.18251037597656
92.803466796875
54.728233337402344
92.85385131835938
90.8064193725586
85.99595642089844
94.51624298095703
86.2634506225586
92.46000671386719
95.11846160888672
61.54269790649414
95.96244049072266
94.30046081542969
88.58186340332031
97.70114135742188
89.31878662109375
94.79781341552734
96.10025787353516
71.65604400634766
94.95729064941406
92.12800598144531
85.17599487304688
94.24400329589844
86.10242462158203
90.29827117919922
91.9677734375
64.21238708496094
90.76931762695312
87.3341064453125
82.36819458007812
89.25199127197266
80.22859954833984
84.53266143798828
86.29661560058594
55.65976333618164
84.3510513305664
81.58187103271484
75.41678619384766
83.27960205078125
74.0274429321289
79.93452453613281
81.4541015625
53.393646240234375
80.5102310180664
78.06253051757812
70.81471252441406
79.61734008789062
71.49726867675781
75.29549407958984
77.64419555664062
50.61021041870117
77.3213119506836
74.41449737548828
69.9755630493164
77.54753112792969
69.69762420654297
73.09503173828125
75.707275390625
51.153385162353516
73.68286895751953
70.88629150390625
66.13208770751953
72.119873046875
63.68384552001953
69.46395111083984
72.16207885742188
46.75846481323242
72.59439086914062
70.83576965332031
63.121978759765625
73.6835708618164
65.71063232421875
70.2245101928711
72.74034881591797
51.77867889404297
71.6958999633789
68.47640228271484
62.7772331237793
68.54090881347656
62.6544303894043
65.76100158691406
69.49883270263672
60.08430480957031
73.01800537109375
69.36593627929688
68.09224700927734
74.59577178955078
68.33538055419922
72.00524139404297
74.5982437133789
51.13911437988281
75.15089416503906
72.85818481445312
68.58040618896484
77.54605865478516
70.02149963378906
75.77499389648438
78.68919372558594
38.225677490234375
80.58859252929688
79.15296936035156
74.1456069946289
83.92718505859375
75.6737289428711
82.87532043457031
86.05511474609375
56.60549545288086
88.22577667236328
87.13362884521484
81.39473724365234
91.37144470214844
83.45286560058594
89.10802459716797
90.81433868408203
66.62360382080078
90.19110870361328
86.5047378540039
80.91187286376953
88.06090545654297
79.8547134399414
81.9271469116211
84.35591888427734
62.7386589050293
81.94680786132812
78.64752960205078
75.35205078125
81.861572265625
72.71765899658203
78.79725646972656
81.04200744628906
62.237342834472656
80.0324935913086
78.6122817993164
70.39457702636719
80.60575103759766
71.89876556396484
79.2880630493164
80.91644287109375
58.140907287597656
82.30750274658203
80.06578063964844
74.27323150634766
83.09693145751953
75.96320343017578
79.17179870605469
82.2381820678711
63.466453552246094
83.14247131347656
80.72004699707031
78.71717071533203
86.23236846923828
78.40608215332031
84.990478515625
88.2986068725586
66.810302734375
89.09098052978516
87.93087005615234
81.99690246582031
90.0578842163086
79.04777526855469
85.71807861328125
85.62123107910156
64.44916534423828
83.04273986816406
79.03084564208984
70.77586364746094
78.65766143798828
69.84027099609375
71.760009765625
73.03446960449219
47.327117919921875
72.7621078491211
70.53665924072266
66.12074279785156
75.64777374267578
68.27404022216797
74.44319152832031
77.07186126708984
49.1367301940918
76.9576187133789
74.11723327636719
68.25239562988281
75.1296615600586
65.80647277832031
70.16873168945312
70.22506713867188
51.28064727783203
69.3332290649414
64.37200927734375
60.84852600097656
66.78616333007812
59.049774169921875
59.47389602661133
62.77793502807617
52.51746368408203
67.10787200927734
64.69681549072266
65.47875213623047
74.71674346923828
70.33062744140625
75.16356658935547
78.90074157714844
57.46570587158203
79.06265258789062
74.9853744506836
70.04182434082031
76.68708801269531
67.24261474609375
69.77503967285156
71.55203247070312
53.11644744873047
70.21953582763672
67.87738800048828
64.29888916015625
71.8392333984375
65.85700225830078
69.39305877685547
73.1739501953125
53.07258605957031
76.55996704101562
75.19708251953125
72.71011352539062
81.9281234741211
75.94757843017578
81.14897918701172
85.14714050292969
61.548397064208984
86.40451049804688
84.1227798461914
79.89261627197266
86.82816314697266
77.5826644897461
83.12098693847656
84.5680923461914
56.073543548583984
82.69027709960938
79.8938217163086
73.142578125
81.05882263183594
72.31148529052734
77.81539154052734
79.25955963134766
58.52321243286133
80.59979248046875
79.76541900634766
74.58129119873047
84.20542907714844
76.60002899169922
82.4490737915039
84.556884765625
55.09365463256836
84.79395294189453
82.47461700439453
76.9011459350586
85.15823364257812
77.49150085449219
81.50823974609375
83.17863464355469
52.335914611816406
82.20947265625
79.30776977539062
73.90156555175781
82.02980041503906
74.1800308227539
79.33558654785156
81.71499633789062
51.05463790893555
82.14845275878906
80.05342864990234
75.46456909179688
83.506591796875
75.28253173828125
80.42998504638672
82.17593383789062
49.604713439941406
81.02654266357422
77.70182800292969
70.81735229492188
81.15121459960938
74.9155044555664
80.32962036132812
83.68396759033203
56.474388122558594
85.90896606445312
84.07941436767578
79.5348892211914
88.6235580444336
81.2132568359375
86.18348693847656
88.9169921875
59.37459945678711
88.57034301757812
85.49109649658203
80.11703491210938
87.24908447265625
77.60604095458984
82.25419616699219
83.35596466064453
47.90839767456055
81.10881042480469
77.68778228759766
70.86927795410156
78.35614013671875
67.44463348388672
73.51288604736328
73.92140197753906
47.0977783203125
71.50154113769531
67.61920928955078
61.81293869018555
69.73688507080078
61.66714096069336
68.46595764160156
72.31904602050781
49.12464904785156
75.53780364990234
75.18242645263672
70.92692565917969
81.07685852050781
73.88011169433594
80.97254180908203
84.50122833251953
56.763065338134766
86.35066223144531
84.06658935546875
79.39461517333984
88.36199188232422
81.57841491699219
86.08489227294922
88.9023666381836
62.719791412353516
88.29175567626953
85.2203369140625
80.37356567382812
87.14081573486328
78.04998016357422
82.64334869384766
84.72899627685547
57.59238052368164
84.00355529785156
81.39653778076172
76.2654037475586
84.47002410888672
74.9597396850586
81.24937438964844
82.74996948242188
57.07476806640625
82.4583740234375
80.17188262939453
74.07266998291016
83.14582061767578
75.17048645019531
80.45380401611328
82.35926818847656
58.89064025878906
82.22073364257812
78.45650482177734
73.82037353515625
81.0107650756836
73.5718994140625
77.92141723632812
80.8348617553711
55.57410430908203
82.24337768554688
80.02189636230469
76.3481674194336
84.69758605957031
76.66841888427734
82.55550384521484
85.6066665649414
56.41680908203125
85.39876556396484
82.6305160522461
77.1045913696289
83.92079162597656
73.89778137207031
78.5962905883789
79.1678695678711
48.06521987915039
76.58262634277344
74.41647338867188
67.09061431884766
76.81957244873047
67.2269287109375
72.8752670288086
74.19197082519531
56.39280700683594
72.46553802490234
69.13614654541016
63.37255096435547
71.48243713378906
