68.18708801269531
69.03144836425781
71.78237915039062
72.55797576904297
74.81413269042969
75.40129852294922
75.60542297363281
72.44357299804688
72.25465393066406
70.1548080444336
66.769287109375
67.1188735961914
59.55194854736328
65.75038146972656
52.85445785522461
58.118751525878906
42.197200775146484
55.517391204833984
52.34040451049805
63.4156608581543
60.33917999267578
66.76106262207031
67.72077941894531
68.9086685180664
71.56291961669922
71.7896957397461
73.91693878173828
70.64254760742188
70.37753295898438
67.31474304199219
66.44100189208984
64.1900634765625
62.89304733276367
59.51070022583008
58.875396728515625
60.8066291809082
54.42790985107422
59.13203811645508
41.104488372802734
50.2265739440918
57.10869216918945
53.97969055175781
45.22331619262695
54.414710998535156
48.851837158203125
58.08999252319336
59.43353271484375
55.234954833984375
60.62392044067383
58.858917236328125
63.163150787353516
59.651344299316406
61.387210845947266
64.13200378417969
63.54269027709961
66.09561920166016
64.93630981445312
67.3194580078125
66.95053100585938
66.53543090820312
69.78385162353516
68.22284698486328
70.06029510498047
69.8275146484375
70.79363250732422
72.01567077636719
72.38096618652344
74.03367614746094
73.70348358154297
76.0716552734375
77.56958770751953
78.42691802978516
80.89364624023438
81.2737808227539
82.44503021240234
81.59810638427734
80.70175170898438
79.79186248779297
79.04869079589844
78.16845703125
76.48429870605469
76.4599609375
75.6717529296875
75.40118408203125
74.95790100097656
75.22926330566406
75.30277252197266
73.92753601074219
74.81380462646484
74.85941314697266
74.87393188476562
75.45389556884766
74.7251968383789
75.94593811035156
74.79376983642578
76.13883972167969
75.97640991210938
75.44930267333984
76.82543182373047
75.80924987792969
77.45314025878906
77.24625396728516
77.4400863647461
78.20365905761719
78.19778442382812
79.35358428955078
79.34119415283203
80.30690002441406
80.89354705810547
81.45152282714844
82.1606216430664
82.02580261230469
82.35819244384766
81.87386322021484
81.85798645019531
80.88340759277344
80.16307067871094
78.61402130126953
77.47163391113281
77.00704956054688
75.77959442138672
74.51448059082031
74.24002075195312
73.33970642089844
71.8036880493164
70.33787536621094
70.03669738769531
69.58635711669922
69.57876586914062
67.02165222167969
68.57749938964844
65.08712005615234
65.6522445678711
65.29808807373047
64.8619155883789
64.5534896850586
66.0455551147461
68.3582992553711
70.71891021728516
73.96269989013672
75.69082641601562
77.642822265625
77.33991241455078
74.91908264160156
72.96537780761719
70.90971374511719
71.81360626220703
75.2459716796875
78.89601135253906
82.58982849121094
84.6712875366211
86.17354583740234
87.08511352539062
87.62532043457031
88.4818344116211
88.8001937866211
89.2576904296875
89.03561401367188
88.93864440917969
88.56983947753906
87.98210144042969
87.61856842041016
86.89051818847656
86.50469970703125
85.7744140625
85.31700897216797
84.87576293945312
84.34603118896484
83.65109252929688
82.96302032470703
82.3114242553711
81.35350799560547
80.65589904785156
81.19023132324219
81.92070007324219
84.23787689208984
85.63987731933594
86.81436157226562
87.10160827636719
87.2170181274414
87.47335052490234
87.4379653930664
87.67220306396484
87.45585632324219
87.69390869140625
87.90454864501953
87.8685302734375
88.23313903808594
88.2701416015625
88.69456481933594
88.70159912109375
89.0228042602539
89.55685424804688
89.83380126953125
90.50376892089844
90.7940673828125
91.46196746826172
91.89021301269531
92.21988677978516
92.46808624267578
91.9918441772461
91.4621810913086
90.17391967773438
89.37532806396484
88.631103515625
88.55252838134766
88.56153869628906
88.07666015625
87.68224334716797
86.6960678100586
86.12745666503906
85.01119995117188
84.20777893066406
83.42716217041016
82.44029235839844
82.00169372558594
80.86408233642578
80.47314453125
79.94004821777344
79.20718383789062
78.38513946533203
77.6368179321289
77.77659606933594
76.84378814697266
76.71041107177734
75.9825668334961
75.24240112304688
75.35224151611328
73.56376647949219
74.69086456298828
73.37989044189453
72.87398529052734
73.13668060302734
71.40015411376953
72.81172943115234
71.3046875
71.38358306884766
72.40734100341797
70.14138793945312
71.68199920654297
70.18306732177734
70.90765380859375
70.2672348022461
69.94586944580078
69.54010772705078
65.87545776367188
66.86168670654297
64.91449737548828
65.12740325927734
66.4457778930664
65.21156311035156
67.98674011230469
66.82049560546875
66.91105651855469
66.77974700927734
66.51593017578125
67.25576782226562
66.88622283935547
68.84138488769531
68.20311737060547
69.5147933959961
69.36386108398438
70.17855072021484
69.2152099609375
68.6573486328125
68.96197509765625
69.1971664428711
71.16773986816406
70.89657592773438
72.0793685913086
71.36759948730469
71.60096740722656
70.25534057617188
70.47758483886719
69.0115737915039
70.09945678710938
70.66796112060547
70.0870590209961
71.80400085449219
70.77153778076172
72.75129699707031
72.94380187988281
73.60338592529297
74.85929107666016
74.68154907226562
76.23320770263672
76.731201171875
78.32976531982422
78.69799041748047
79.58161926269531
80.64469909667969
81.2751235961914
82.90164184570312
83.79732513427734
84.86785125732422
85.56285858154297
86.18303680419922
86.31090545654297
85.79174041748047
85.22744750976562
84.01766204833984
83.4479751586914
81.88329315185547
81.32933044433594
80.44625854492188
79.63540649414062
78.95870971679688
77.90618133544922
77.48230743408203
76.24288940429688
76.2099380493164
75.91395568847656
74.92362213134766
75.54976654052734
74.98428344726562
75.50715637207031
75.49494934082031
75.34591674804688
75.24143981933594
74.60671997070312
74.91737365722656
74.4738998413086
75.17591857910156
75.76888275146484
75.94725799560547
76.64527893066406
76.30986785888672
77.09278106689453
76.97469329833984
77.4369125366211
77.85348510742188
77.87300109863281
78.47096252441406
78.86338806152344
79.88916015625
80.12732696533203
81.11080169677734
81.77386474609375
82.58394622802734
83.8438491821289
84.51770782470703
85.79254913330078
85.73754119873047
85.35742950439453
84.399169921875
82.67637634277344
81.42101287841797
79.20756530761719
77.99291229248047
76.01113891601562
74.8306884765625
73.44511413574219
70.9622802734375
71.39877319335938
68.74185943603516
69.22339630126953
69.3731460571289
66.60535430908203
69.90682983398438
69.46403503417969
71.03660583496094
71.68061828613281
71.9131088256836
72.58641815185547
71.5121078491211
71.81169891357422
69.63441467285156
68.88865661621094
68.73445129394531
65.03382110595703
66.3611068725586
63.178955078125
63.24974822998047
62.10313415527344
59.80809783935547
61.71173095703125
58.87795639038086
60.762413024902344
60.8178825378418
57.73111343383789
63.9279899597168
64.78201293945312
66.68441772460938
70.85374450683594
71.30072021484375
73.54106140136719
74.280029296875
75.08980560302734
73.68502044677734
72.62715148925781
71.79412841796875
70.20674896240234
69.85590362548828
66.94033813476562
68.98457336425781
66.60906982421875
65.71410369873047
66.83650207519531
63.84051513671875
66.81747436523438
66.57711029052734
66.0886001586914
68.90390014648438
67.8288803100586
70.17686462402344
71.37350463867188
72.49358367919922
74.43292236328125
75.525390625
77.845947265625
78.8531265258789
80.1860122680664
80.90975952148438
81.07392120361328
81.3133316040039
80.92449951171875
80.5013427734375
79.64767456054688
79.42659759521484
78.67879486083984
77.79420471191406
77.50736236572266
76.18695831298828
76.26215362548828
75.0872573852539
74.76266479492188
74.34248352050781
73.99689483642578
75.86084747314453
76.77104949951172
78.35779571533203
79.36107635498047
79.50465393066406
80.40841674804688
79.68506622314453
79.8741683959961
79.67095184326172
79.80559539794922
79.82807922363281
79.2897720336914
79.51165008544922
78.88066864013672
77.89315795898438
77.83355712890625
77.36709594726562
77.80903625488281
77.19929504394531
78.00533294677734
77.68180084228516
78.16246032714844
78.5157470703125
78.51038360595703
79.15882110595703
79.169189453125
79.54676818847656
79.85503387451172
79.2921371459961
78.9911880493164
77.67705535888672
76.98999786376953
75.45965576171875
74.77185821533203
74.99333190917969
75.17031860351562
77.30085754394531
77.44366455078125
78.75743103027344
79.65703582763672
80.32255554199219
81.38862609863281
81.81494140625
82.87970733642578
83.15522003173828
83.91732025146484
84.25645446777344
83.86243438720703
83.74819946289062
82.99883270263672
82.51984405517578
81.53816986083984
80.59701538085938
79.34213256835938
78.3050308227539
77.5640640258789
76.55155944824219
75.7555923461914
74.63854217529297
73.55611419677734
72.59196472167969
70.6014175415039
70.87374877929688
68.6600341796875
68.7890396118164
66.56661224365234
64.10687255859375
66.07820129394531
62.42517852783203
63.121612548828125
65.71601867675781
66.92820739746094
68.2125244140625
70.83583068847656
72.53343963623047
74.5772933959961
75.3598861694336
77.66767120361328
78.6514663696289
79.4114761352539
79.24993133544922
78.96190643310547
79.45225524902344
80.62438201904297
82.05062103271484
83.05047607421875
84.06330871582031
84.59807586669922
84.65516662597656
84.31106567382812
83.345947265625
82.60123443603516
81.46290588378906
80.56903839111328
80.29612731933594
80.1253662109375
80.22667694091797
79.8759536743164
79.96287536621094
79.3193359375
79.15380096435547
79.09042358398438
78.6298599243164
78.27500915527344
77.74641418457031
77.76963806152344
77.27043914794922
78.03096008300781
78.41744232177734
78.23197937011719
79.26766967773438
78.25679779052734
78.09468841552734
77.12879180908203
75.92343139648438
74.14675903320312
73.47393798828125
73.85821533203125
74.16360473632812
74.43583679199219
75.69837951660156
76.21497344970703
77.32587432861328
77.59226989746094
78.63816833496094
79.60771179199219
80.07624053955078
80.2447280883789
79.74535369873047
79.1943130493164
78.1951904296875
77.53802490234375
76.01844787597656
74.38538360595703
73.4608383178711
71.11290740966797
71.33634185791016
71.12813568115234
70.79682159423828
70.89512634277344
69.20775604248047
69.45051574707031
67.73084259033203
67.0599365234375
66.18234252929688
64.9863510131836
66.08102416992188
64.3572006225586
