69.75801086425781
67.60527038574219
71.69816589355469
71.21353149414062
72.49015045166016
75.96282958984375
72.95114135742188
76.78803253173828
68.09561920166016
72.7193603515625
67.69434356689453
65.3259506225586
64.85362243652344
61.61110305786133
60.10194778442383
52.1059455871582
60.56101989746094
56.749542236328125
52.566463470458984
62.543190002441406
55.19724655151367
64.03878021240234
65.94609069824219
65.57196044921875
70.39147186279297
69.28705596923828
75.05679321289062
70.06181335449219
73.45540618896484
66.96278381347656
70.53094482421875
61.78297424316406
64.17623901367188
61.60064697265625
57.386783599853516
58.97478103637695
56.77003479003906
57.67668533325195
55.64665985107422
54.28181838989258
57.74966812133789
44.05418014526367
46.62627029418945
45.02204513549805
55.34794998168945
54.74276351928711
58.90414810180664
54.09019088745117
55.15310287475586
54.61446762084961
61.981388092041016
60.11070251464844
63.53262710571289
61.7171745300293
61.18229293823242
64.57319641113281
64.41588592529297
65.6013412475586
63.615055084228516
69.07420349121094
63.04804229736328
69.33053588867188
66.15081787109375
69.80340576171875
68.39856719970703
70.59803009033203
71.73416900634766
71.5147476196289
73.52169799804688
71.44965362548828
76.38089752197266
73.88674926757812
79.04983520507812
76.68598937988281
82.45045471191406
79.97694396972656
84.37458038330078
82.26813507080078
82.86079406738281
81.1218032836914
79.91828918457031
79.6922836303711
77.37860870361328
78.46630096435547
75.98228454589844
77.7423095703125
75.09353637695312
76.90950012207031
75.52479553222656
75.7658920288086
75.2127914428711
76.16436767578125
76.58265686035156
75.59245300292969
76.9029769897461
76.17574310302734
77.51050567626953
75.56446075439453
77.83138275146484
76.4549789428711
78.11781311035156
78.00321197509766
78.40249633789062
79.30516052246094
78.9825210571289
80.78349304199219
79.70948791503906
81.9601058959961
81.24073028564453
82.70366668701172
82.1383285522461
82.74769592285156
82.37033081054688
81.65438842773438
81.49300384521484
80.23116302490234
79.46353912353516
78.26638793945312
76.86039733886719
76.65577697753906
74.1932144165039
74.34069061279297
72.59500885009766
72.8916244506836
71.4450454711914
70.53024291992188
71.26171875
65.49707794189453
71.6174087524414
63.515907287597656
70.41743469238281
65.01952362060547
66.83931732177734
69.52254486083984
62.313228607177734
69.97697448730469
74.8835678100586
66.70159149169922
81.19774627685547
76.25211334228516
81.6422119140625
80.66700744628906
77.94135284423828
78.95861053466797
69.04661560058594
76.63790893554688
69.38268280029297
79.34707641601562
76.5422592163086
83.94739532470703
82.92578887939453
86.06350708007812
86.25586700439453
87.03794860839844
88.02689361572266
87.17858123779297
88.53750610351562
86.57508087158203
87.6636962890625
86.02686309814453
86.34644317626953
85.60236358642578
84.9154281616211
85.14666748046875
83.8004379272461
84.34732055664062
82.84656524658203
83.9504623413086
82.15296936035156
82.42406463623047
81.3506088256836
80.5742416381836
80.45581817626953
79.49090576171875
80.61276245117188
82.18476104736328
84.75878143310547
85.88352966308594
87.31029510498047
86.82398223876953
87.91730499267578
86.9672622680664
88.17281341552734
87.0720443725586
88.17364501953125
87.60291290283203
88.40304565429688
88.18924713134766
88.66507720947266
88.73892211914062
89.30138397216797
89.64555358886719
90.08277893066406
90.48751831054688
90.93324279785156
91.63268280029297
91.84536743164062
92.51819610595703
91.98409271240234
92.31253814697266
90.38823699951172
90.69449615478516
88.31443786621094
89.68036651611328
87.99371337890625
89.23560333251953
87.02803802490234
87.7569580078125
85.45907592773438
85.9911880493164
83.83451843261719
83.89299774169922
82.36459350585938
81.7994613647461
81.41357421875
80.20356750488281
80.58015441894531
78.25243377685547
79.75444793701172
77.19243621826172
78.30447387695312
76.2741928100586
77.26927185058594
75.5800552368164
75.94248962402344
75.0959243774414
73.99616241455078
74.65531158447266
72.74545288085938
74.23213195800781
71.30719757080078
74.01683807373047
70.5035629272461
73.41119384765625
69.95134735107422
72.825439453125
70.14878845214844
71.63569641113281
71.04715728759766
70.43833923339844
71.69698333740234
69.32926177978516
71.98169708251953
67.50048828125
71.7698745727539
64.15900421142578
69.56922912597656
60.85812759399414
67.88894653320312
60.74161911010742
67.10115814208984
65.03665924072266
66.71472930908203
66.15003204345703
66.36763000488281
68.07936096191406
64.43087005615234
69.73900604248047
65.60980987548828
71.5915756225586
65.94237518310547
71.70594024658203
69.3906478881836
70.58313751220703
71.99114990234375
68.8057861328125
72.0201187133789
70.8747787475586
73.2809829711914
73.4445571899414
73.48812866210938
72.62203216552734
71.01700592041016
71.70240020751953
71.4586410522461
71.1078109741211
70.83905029296875
71.44865417480469
72.5960922241211
71.80294799804688
73.01724243164062
72.92057037353516
74.31108856201172
74.14558410644531
75.43412780761719
76.99803924560547
76.74658966064453
78.2347412109375
78.39672088623047
79.92217254638672
79.72686004638672
81.90359497070312
81.53754425048828
84.31167602539062
83.85645294189453
86.19639587402344
85.58314514160156
86.66422271728516
85.67005157470703
85.1046142578125
84.26914978027344
82.41385650634766
82.7588882446289
80.2395248413086
81.39057159423828
78.1366195678711
79.89344024658203
76.66925811767578
78.57557678222656
75.61431884765625
77.49198913574219
75.62349700927734
77.08061981201172
76.04826354980469
76.13815307617188
76.35076904296875
74.6109390258789
75.93360900878906
73.9715805053711
76.48129272460938
73.75402069091797
76.43180084228516
74.05592346191406
76.95600891113281
75.51185607910156
77.02449035644531
76.50379180908203
77.06597137451172
77.71248626708984
76.81072235107422
79.01920318603516
77.23468780517578
79.90670776367188
78.22728729248047
81.3816146850586
79.83364868164062
82.82765197753906
82.07391357421875
84.54269409179688
84.62609100341797
85.89025115966797
86.42594146728516
85.00150299072266
85.16431427001953
81.62349700927734
82.31670379638672
77.79303741455078
79.29271697998047
74.40650177001953
76.18069458007812
72.30555725097656
72.97409057617188
69.1307373046875
69.7468032836914
68.23324584960938
66.81837463378906
67.72937774658203
67.30489349365234
68.38703918457031
68.52875518798828
70.5208511352539
70.71421813964844
71.57061767578125
69.71772003173828
71.48322296142578
69.93350982666016
68.67634582519531
64.2478256225586
66.5944595336914
63.96360397338867
63.259361267089844
62.957252502441406
60.671268463134766
58.683250427246094
57.107421875
57.37326431274414
58.972721099853516
61.7140007019043
60.813575744628906
66.45267486572266
64.27127075195312
69.66167449951172
69.41751861572266
73.24583435058594
73.72700500488281
74.4446792602539
74.77571868896484
72.685791015625
72.83361053466797
69.18894958496094
70.6915512084961
66.74610137939453
68.13639831542969
65.38031005859375
67.1624984741211
63.48765563964844
66.35823059082031
63.5665283203125
67.07746887207031
63.99198532104492
68.50276947021484
66.15972900390625
70.91576385498047
69.54266357421875
73.48895263671875
73.3643798828125
76.29925537109375
76.6387939453125
79.15641021728516
79.49694061279297
81.20603942871094
81.23181915283203
82.28755950927734
81.79519653320312
81.91680145263672
80.97001647949219
80.7179946899414
80.01065826416016
79.56861877441406
78.91089630126953
78.20502471923828
77.9830322265625
76.7359619140625
77.09955596923828
74.90133666992188
76.23494720458984
75.13441467285156
77.13676452636719
77.00501251220703
79.60909271240234
78.86000061035156
80.45303344726562
78.88386535644531
80.03720092773438
79.51179504394531
79.91243743896484
79.24578094482422
79.50992584228516
78.9291000366211
79.20623779296875
78.79358673095703
78.53025817871094
78.56253814697266
78.3080825805664
78.80673217773438
78.48612976074219
79.02261352539062
79.02111053466797
79.34413146972656
79.71912384033203
79.67878723144531
80.24436950683594
80.03311920166016
80.84324645996094
79.8289794921875
80.56877899169922
78.51892852783203
78.62699890136719
75.5810775756836
76.22982025146484
73.20679473876953
75.4712905883789
73.8416976928711
76.80318450927734
76.16970825195312
78.55477142333984
78.53690338134766
79.88229370117188
80.69584655761719
81.24300384521484
82.25794982910156
82.83564758300781
83.70166778564453
83.689208984375
84.60662078857422
83.66353607177734
84.10025787353516
82.70316314697266
82.72396850585938
80.98628997802734
80.96556854248047
79.60009002685547
78.75255584716797
77.67195129394531
76.32357788085938
75.96681213378906
74.64004516601562
74.15464782714844
72.03416442871094
72.10488891601562
68.9421615600586
70.37832641601562
66.68350982666016
67.91806030273438
64.24223327636719
66.80396270751953
62.33917236328125
67.52490234375
63.985374450683594
70.24532318115234
69.92465209960938
74.14842224121094
74.1500015258789
77.10263061523438
78.39772033691406
79.33193969726562
80.93649291992188
79.57671356201172
81.20184326171875
78.94344329833984
81.90288543701172
81.04434204101562
84.25413513183594
82.84107971191406
85.32024383544922
82.59844207763672
84.24352264404297
81.2076187133789
82.16414642333984
79.71564483642578
81.03520202636719
79.62086486816406
80.27816009521484
80.25502014160156
79.75274658203125
80.36309814453125
79.60652923583984
80.07843017578125
79.19908905029297
79.81319427490234
78.79159545898438
78.30522155761719
77.31698608398438
76.51564025878906
76.71084594726562
76.4686279296875
77.75980377197266
77.15185546875
78.77489471435547
77.06057739257812
78.60317993164062
75.53848266601562
76.26716613769531
71.99474334716797
73.64656829833984
70.5647201538086
73.06370544433594
72.07756805419922
74.69697570800781
74.24495697021484
76.57553100585938
76.30623626708984
77.81262969970703
78.13995361328125
79.19224548339844
78.48318481445312
79.01673889160156
77.48458099365234
77.26876831054688
74.78240203857422
74.70524597167969
71.75797271728516
71.37823486328125
69.2339096069336
70.36080932617188
69.8710708618164
70.44303131103516
69.74405670166016
67.7154312133789
69.59265899658203
65.72730255126953
66.48089599609375
60.5526237487793
66.4063491821289
61.369842529296875
66.678955078125
