71.16475677490234
69.40267944335938
75.14160919189453
71.4320068359375
76.07809448242188
75.38306427001953
74.92840576171875
72.90522766113281
68.14903259277344
71.68206024169922
59.88914489746094
68.3144302368164
60.10441970825195
61.06953430175781
60.04271697998047
56.07255554199219
59.77254104614258
60.441566467285156
60.82868576049805
66.19182586669922
62.68390655517578
71.73422241210938
64.71639251708984
74.87110900878906
71.86919403076172
74.58042907714844
72.58081817626953
68.10034942626953
70.88015747070312
64.82823181152344
68.30012512207031
56.04069900512695
63.2924919128418
57.92644119262695
57.03624725341797
51.18574905395508
58.38510513305664
43.814971923828125
56.145267486572266
53.48500442504883
61.37221145629883
51.36989212036133
58.863037109375
54.5272102355957
58.96007537841797
54.878929138183594
58.56388854980469
63.06306838989258
61.35462951660156
64.1640396118164
61.06355285644531
65.18380737304688
58.826656341552734
68.613037109375
63.17423629760742
70.25480651855469
66.51979064941406
71.4726333618164
69.41075134277344
71.92406463623047
72.6631851196289
72.82392883300781
75.44036102294922
74.9427490234375
78.08930206298828
77.5364990234375
80.16085052490234
77.84146881103516
79.15727233886719
76.37622833251953
76.53451538085938
75.03948211669922
74.34774017333984
72.93048858642578
72.64329528808594
72.84485626220703
71.22014617919922
71.6411361694336
70.6067123413086
70.59712982177734
71.2159194946289
70.93521118164062
71.54640197753906
71.40144348144531
71.26097869873047
70.62268829345703
71.2120361328125
70.51761627197266
71.83448028564453
70.46732330322266
72.99818420410156
71.70928192138672
72.95098114013672
72.69542694091797
72.17115020751953
72.79717254638672
72.90425872802734
73.36312866210938
72.73895263671875
74.37666320800781
72.9364013671875
74.8431167602539
73.98944854736328
75.04624938964844
74.17533874511719
76.07617950439453
76.38838195800781
76.77298736572266
77.94002532958984
77.64705657958984
79.4174575805664
78.85551452636719
80.95960235595703
80.2443618774414
81.96075439453125
81.1995620727539
81.36371612548828
81.26268768310547
80.33028411865234
79.50699615478516
78.38075256347656
77.49766540527344
76.2914047241211
75.2732925415039
73.70597076416016
71.71183013916016
71.32388305664062
69.7997055053711
68.53424835205078
68.461669921875
65.14646911621094
68.82072448730469
56.86891555786133
67.21654510498047
65.99134063720703
62.02558517456055
71.18681335449219
64.3436508178711
75.8463134765625
73.77456665039062
79.0157699584961
80.6881332397461
78.7676010131836
82.10006713867188
74.8980941772461
79.96166229248047
70.82494354248047
79.46784973144531
74.42221069335938
83.71440124511719
82.1803207397461
86.90705871582031
86.15729522705078
87.88448333740234
87.9649658203125
88.83251953125
89.3473129272461
89.67578887939453
90.39203643798828
90.37618255615234
90.61710357666016
90.47859191894531
90.14228057861328
90.06177520751953
89.15108489990234
89.1510238647461
87.9472885131836
88.09622192382812
86.59906005859375
86.5586929321289
85.21610260009766
85.12443542480469
83.86075592041016
85.27027893066406
85.34457397460938
87.06407165527344
86.90741729736328
87.65232849121094
87.42282104492188
87.38378143310547
87.51424407958984
87.3337173461914
87.672119140625
87.35507202148438
87.8215560913086
87.53519439697266
87.93671417236328
87.78309631347656
87.96951293945312
88.24185943603516
88.39783477783203
88.85099792480469
88.7721939086914
89.62444305419922
89.39486694335938
90.51934814453125
90.27839660644531
91.595947265625
91.1801528930664
92.36463165283203
92.20133209228516
92.54450225830078
92.27835845947266
91.30852508544922
90.87039184570312
88.91234588623047
89.25238800048828
87.94368743896484
89.20671081542969
87.74315643310547
88.65960693359375
86.66146850585938
87.17011260986328
85.01277923583984
85.2502212524414
83.4839859008789
83.62406158447266
82.52490997314453
82.0975341796875
81.49026489257812
80.12641143798828
80.20862579345703
78.75279235839844
79.57213592529297
77.35548400878906
78.39263153076172
76.52758026123047
77.14936065673828
75.80061340332031
75.90077209472656
75.12641906738281
74.56061553955078
74.47254943847656
73.66913604736328
74.53229522705078
72.64537048339844
73.8173599243164
72.00196838378906
73.60887908935547
70.94571685791016
72.67843627929688
71.54344177246094
71.78827667236328
70.89344787597656
69.91192626953125
69.61756896972656
68.96245574951172
67.5106201171875
66.49836730957031
68.9908218383789
67.1044921875
68.86717987060547
67.6252212524414
68.77604675292969
67.73481750488281
66.99797821044922
69.5545425415039
67.10297393798828
69.9835433959961
67.37049865722656
69.76062774658203
67.35755920410156
66.67593383789062
64.18071746826172
56.61790466308594
49.53855514526367
63.347835540771484
56.656314849853516
66.73957824707031
61.9113655090332
66.56452941894531
66.4102783203125
68.70794677734375
67.92503356933594
68.69404602050781
69.2125244140625
69.2233657836914
70.57608795166016
71.17488098144531
71.7249526977539
71.76617431640625
73.24229431152344
73.83244323730469
74.03404998779297
75.80635833740234
76.10546112060547
77.21768951416016
78.04548645019531
78.98311614990234
80.16600036621094
80.90179443359375
82.65168762207031
82.46662139892578
84.63345336914062
84.25869750976562
86.5278091430664
85.67913055419922
86.7764663696289
85.91468048095703
85.18267822265625
84.6670913696289
83.01290893554688
83.22006225585938
80.65656280517578
81.99928283691406
78.93712615966797
80.44098663330078
77.52172088623047
78.93577575683594
76.5380630493164
77.5464096069336
76.37599182128906
75.84378814697266
76.2943115234375
74.3396224975586
75.9697036743164
72.82366943359375
75.39102935791016
72.59217071533203
75.18108367919922
72.5616455078125
76.6607666015625
73.50582885742188
76.86817169189453
75.31617736816406
77.55266571044922
77.44091033935547
78.12407684326172
78.55964660644531
78.06045532226562
79.43507385253906
78.06100463867188
80.34869384765625
78.43082427978516
81.54176330566406
80.1396255493164
82.53358459472656
81.94232940673828
83.82493591308594
84.29910278320312
84.94459533691406
85.79949188232422
84.40882110595703
84.6743392944336
81.71964263916016
81.86306762695312
78.23855590820312
78.67372131347656
74.63945770263672
75.39187622070312
71.22140502929688
73.00543212890625
67.41079711914062
68.50318145751953
66.22501373291016
67.66827392578125
65.49043273925781
67.90135192871094
66.2471694946289
69.32767486572266
69.33846282958984
71.05651092529297
72.0804443359375
71.68474578857422
72.24443054199219
70.09321594238281
70.62800598144531
67.36406707763672
69.02041625976562
64.47106170654297
67.778564453125
60.77248001098633
66.03619384765625
56.54840087890625
65.5898666381836
57.643287658691406
64.05720520019531
57.741031646728516
65.20397186279297
61.93376541137695
66.25493621826172
64.26685333251953
67.30365753173828
67.6358642578125
68.44574737548828
70.27108764648438
70.87814331054688
73.78369140625
73.18829345703125
77.83269500732422
75.37014770507812
78.6861343383789
74.06803894042969
76.1146240234375
71.64321899414062
72.15228271484375
70.4257583618164
69.63998413085938
68.89349365234375
67.7255859375
68.92798614501953
65.51536560058594
69.67063903808594
66.40081024169922
70.95325469970703
68.58043670654297
73.67241668701172
71.87803649902344
76.39089965820312
75.7490463256836
79.13145446777344
78.75846862792969
80.61106872558594
80.37364959716797
80.36543273925781
80.19841003417969
79.19404602050781
79.67742156982422
78.14697265625
78.80172729492188
76.87683868408203
77.2969741821289
76.0181655883789
76.02984619140625
75.10581970214844
74.09510040283203
74.48396301269531
72.87313842773438
73.51290893554688
71.49248504638672
73.66854095458984
73.17524719238281
75.56658935546875
76.23870086669922
77.34485626220703
77.00146484375
77.5569076538086
76.98802947998047
77.56843566894531
77.45651245117188
77.02852630615234
76.96054077148438
77.12834930419922
77.43383026123047
77.32862854003906
77.49029541015625
77.20184326171875
77.86046600341797
77.72234344482422
77.79618072509766
77.952880859375
77.9996109008789
78.27500915527344
78.30345916748047
78.46148681640625
78.18196105957031
78.6841049194336
78.26835632324219
78.35533905029297
77.11980438232422
77.15890502929688
75.3534927368164
74.61215209960938
74.3412857055664
75.19955444335938
76.5860595703125
79.0866470336914
79.51531219482422
81.33821868896484
81.47354125976562
82.99148559570312
82.74104309082031
84.10064697265625
83.65742492675781
84.57946014404297
83.82244110107422
84.09799194335938
82.91383361816406
82.69657135009766
81.45679473876953
80.55307006835938
79.3237533569336
78.43663787841797
76.98883819580078
76.29329681396484
75.03018188476562
73.74653625488281
73.06425476074219
71.70165252685547
70.69661712646484
68.53567504882812
68.33583068847656
66.43494415283203
64.3075942993164
63.44027328491211
61.76113510131836
65.11773681640625
66.53170013427734
68.63106536865234
68.98149871826172
71.22109985351562
72.15457916259766
74.55496215820312
74.87184143066406
77.98330688476562
77.65258026123047
80.90985870361328
80.10363006591797
82.77715301513672
80.42606353759766
81.82330322265625
78.4505844116211
81.20298767089844
79.38426208496094
82.42040252685547
80.77018737792969
82.41095733642578
80.72087097167969
81.44796752929688
80.27001953125
80.90718078613281
80.48101806640625
80.98687744140625
81.06859588623047
81.03797912597656
81.38579559326172
80.82981872558594
80.93577575683594
80.41510009765625
80.21391296386719
79.58087158203125
79.03651428222656
78.29058837890625
78.31463623046875
78.38555908203125
78.1169662475586
78.50662231445312
78.21461486816406
78.41986846923828
77.47039794921875
78.30399322509766
76.29191589355469
77.05880737304688
75.50123596191406
77.14453887939453
76.22197723388672
77.99249267578125
77.36549377441406
78.73809814453125
78.47515106201172
79.63062286376953
79.44786071777344
80.30767822265625
80.70787048339844
81.49028778076172
81.8669204711914
81.93206024169922
82.28471374511719
81.73773193359375
81.69104766845703
80.18267822265625
79.71868896484375
77.90689086914062
77.47319793701172
75.0974349975586
74.76264190673828
72.67510986328125
72.65154266357422
71.21182250976562
71.01592254638672
68.54972839355469
67.2554702758789
67.69110870361328
67.24040222167969
64.64437866210938
66.15509796142578
